-462.9457750461513 959.117411669144
-480.6791894407814 972.7139953956421
-499.3690187242688 986.8467880772379
-517.9095214340493 999.8228481125814
-537.6771289524758 1014.3013876562641
-557.7652045187226 1028.4930610500917
-579.6251934307363 1045.0165717061054
-601.847883006429 1061.2158714044374
-623.4259712491506 1075.3553172659042
-647.8742181714236 1093.4806799522187
-673.7570358978148 1112.9476432331355
-700.592189516455 1132.8700649185412
-726.7965803348483 1150.690110678618
-755.5688937805855 1171.474134051274
-785.3494262752391 1192.648430447612
-817.8295956842829 1216.6802178152163
-850.8346272882434 1240.200160057753
-885.5047320319237 1264.8388709828107
-920.7169560743009 1288.9283482014328
-961.1756152725496 1318.9258647116735
-1004.0736946798048 1350.675762591469
-1048.2622915790896 1382.5234783009494
-1095.589727947921 1416.8147895949564
-1144.897618175453 1451.8989096683606
-1198.7264506500933 1490.8467045648351
-1253.3938825405887 1528.899203744259
-1315.3007003320952 1573.7169592102325
-1382.7064636869325 1622.8206417464557
-1449.8462974398822 1669.2713122197554
-1527.9306230934997 1725.8195186673229
-1609.8928199993468 1783.999469762968
-1700.537399556523 1848.868992846583
-1801.4422839910883 1921.6559779130528
-1910.091368949073 1999.1938280882764
-2037.109331853071 2092.0290557440007
-2174.5041899115936 2191.1413756435077
-2299.0194482209827 2273.059298984892
-2319.766548053659 2250.4459919160936
-2329.4267052524337 2217.301789305369
-2335.744446558098 2181.4476570325965
-2371.821192518169 2173.3736978995794
-2389.64007634652 2149.2827421069105
-2412.8661016692477 2129.2254872172293
-2424.5857977233013 2099.1028344219976
-2442.0497456444277 2074.1285012742064
-2459.258365839234 2049.0117837752273
-2476.984828703232 2024.3880948014937
-2494.4656359233986 1999.6125102622443
-2511.6995011289073 1974.6874730014365
-2527.893215674452 1949.0048461066174
-2545.421381208828 1924.3988651225463
-2561.103587337521 1898.4447358105747
-2577.3317086363077 1872.9541541793951
-2591.6779319040616 1846.166161882913
-2610.667869467055 1822.7093227753974
-2627.795171866393 1797.9289570824742
-2640.5341783995873 1770.2034495231376
-2686.418109629547 1764.3564663226114
-1835.9138416481528 1181.0628120657773
-1832.6219210714532 1154.5790983767101
-1841.760870133349 1136.1394708598277
-1852.427140025897 1118.6642440408452
-1030.4641138769198 609.0588723693746
-873.4383896511821 505.1597563974687
-839.8832781183542 475.2063542685087
-856.5909974561606 474.0177877222119
-862.7962243262801 466.84438016143594
-869.8262033505073 460.06344776002567
-867.9213318806292 448.59955602581107
-863.199986341308 435.8609681771993
-863.697384733244 425.90589054972554
-869.490158901828 418.58316207520085
-874.316432884986 410.76364881434387
-875.4362075889946 401.22368629257016
-877.3669471028304 392.1074344251318
-878.2869231132859 382.5912710559367
-880.0261459152798 373.48357729021836
-885.3685530264445 365.9050769145735
-888.7906544029321 357.5124790073874
-891.2019571105075 348.7234888022332
-894.4612472586815 340.2764716409934
-896.639909973959 331.62157927657665
-47.998651057966924 17.237444608048207
-61.380008404338184 21.38912266277824
-49.26381070726514 16.64562869340622
-62.72436758754475 20.534208305716742
-62.91596823191317 19.939431823421973
-65.01410878755341 19.92901549400196
-62.323411853525855 18.460561609436294
-59.6109948077963 17.044920006409026
-63.6258090620338 17.542987807144407
-58.95654556029811 15.656491803609539
-60.071021717684005 15.345108334369526
-60.21361238894885 14.775685536496255
-58.40400536053503 13.746714438242885
-59.507063243619434 13.413031876495221
-59.6313868511134 12.849035069329531
-57.79133676319316 11.881136104060039
-61.82674109481135 12.101821581694445
-58.989091976761316 10.967544290186115
-60.075123725355915 10.58203710932723
-61.159055208400545 10.176933035832274
-61.25266632752574 9.59744068847494
-61.3407867853314 9.017088030872937
-62.41410882278373 8.571990425666053
-60.5085806681806 7.7273323677890895
-63.558325331775414 7.505949708077978
-59.64988201844984 6.472370136589436
-61.69876995156499 6.104243316240038
-62.749826831544524 5.608853056657363
-61.8032901343506 4.934909175383216
-62.844778583485976 4.419706414754601
-63.88196205190852 3.885218706652073
-63.91588300213958 3.280228659225575
-58.94844373639418 2.465964528773585
-57.96967162142176 1.8754125158292771
-57.984829296314764 1.3264884007170419
-58.99469939658663 0.7908496104702101
-56.99955830074986 0.22439589884396
-57.99911281246597 -0.32080050942326827
-62.99291365033489 -0.9448967358669473
-62.9814448685807 -1.5289219293117577
-64.96331446458987 -2.1835232480575018
-63.94104181211893 -2.7464835664642853
-61.91537115648283 -3.2383351517368446
-62.88057510684221 -3.877276651565651
-60.846699000086296 -4.321946412543478
-55.81982440259974 -4.488563652542984
-1121.4864935740695 -100.71764855743186
-1113.532424863267 -110.48320586466126
-1111.4592578966299 -120.75726908088282
-1108.2982979728338 -130.88499803460945
-1104.053318177321 -140.83774572765432
-1087.830497741905 -149.09328684618592
-1069.5721650601843 -156.76856741218947
-1048.3026631362154 -163.65367842342656
-1033.9053547187475 -171.30008022152484
-1030.2925432696752 -180.59145960677222
-1029.5465168805024 -190.37586396186126
-1026.744334182535 -199.78005962573593
-1027.775444058297 -209.9491285782603
-1029.6837821274914 -220.36403704693876
-1031.486909862839 -230.83274200513986
-1035.1315568206257 -241.8091397654519
-1038.6606733469473 -252.87349731133557
-1042.0729367417455 -264.02460966817904
-1046.3340738131612 -275.5158906080633
-1054.3293944379338 -288.16406442188384
-1060.2546363220215 -300.4398544761634
-1067.9609163865093 -313.41423240000927
-1080.3008113353706 -328.01090992242916
-1098.1846679278447 -344.6613339616291
-1125.3628586143086 -364.75668116078657
-1154.1557840414641 -386.0225720908472
-1167.5213098601662 -402.6400266024254
-1192.92539737847 -423.89267071915697
-1206.7626677784046 -441.5301390124437
-1184.8101222941057 -446.07283498261404
-1167.542086294477 -452.05030331937587
-1135.4006342989662 -451.8289495301347
-1131.1366380504558 -462.4001579367291
-1115.7355287729258 -468.22455065256855
-1100.3113557339298 -473.83427529354765
-1084.880296140638 -479.1980207031347
-1073.0893541685177 -485.96629303913005
-1059.4528536763355 -491.7150097740246
-1055.7372498310312 -501.9759549213594
-1051.922348438106 -512.2102818730413
-1026.529075271279 -511.70993504395915
-1042.2137965586785 -531.6863758483431
-1051.4083583424456 -548.7590218006842
-1065.6673363306215 -568.8735608885319
-1681.7829349269507 -917.9663173496573
-1674.0464771724387 -934.054276938202
-1668.7622521676174 -951.5637370877798
-1662.4327921707304 -968.552121217763
-1654.2127960575326 -984.4821102282765
-1650.967442926114 -1003.4592679316928
-1656.8580527518823 -1028.2613447131234
-1667.4971989057744 -1056.4701092039454
-1687.8298118482235 -1091.4808867938964
-1945.5223690165171 -1283.9406963159781
-1916.0788195610583 -1290.2487966394317
-1836.4090126832846 -1261.580729931939
-1745.1599019450987 -1222.9382309188693
-1720.6941605392956 -1229.8116139823892
-1642.1083206543044 -1196.8727013504406
-1551.4479782566493 -1153.038668372989
-1535.8755682245005 -1163.7934691907615
-1540.8135552610884 -1190.2531612743924
-2065.4969942121897 -1626.4572441046241
-2042.4830724652393 -1639.3364202301357
-2009.3467060948947 -1643.6976043985694
-1810.3989821025812 -1509.2728466390488
-1773.421418732944 -1506.6205466471085
-1754.040945410168 -1518.4664506746944
-1728.5945212150848 -1524.7904712534087
-1727.7268387326308 -1552.8325636471407
-1715.4234373507265 -1570.8591377293567
-1705.8587321345894 -1591.5197095858318
-1697.5072906838852 -1613.515726007979
-1687.5026635443535 -1634.0550053565248
-1674.606884465588 -1652.9672660099645
-1665.0279398805806 -1675.3286123674454
-1656.569760552872 -1699.0896469644565
-1715.5454123761463 -1793.6632733250572
-1745.4837081339356 -1860.3461034546785
-1722.8286593386947 -1871.8433189135346
-1704.1347925904513 -1887.5310881367488
-1685.298539243113 -1903.0325361446212
-1665.010204938549 -1916.836460799536
-1645.260779723991 -1931.1877088211818
-1626.6716955227396 -1946.8713863491791
-1607.9331127418668 -1962.376137479319
-1587.7940560628263 -1976.1414512963283
-1568.7766600515265 -1991.272153894986
-1550.2263742820192 -2007.0112576865195
-836.0871272819847 -1104.1663441680146
-826.655535995292 -1113.7367843473323
-812.4109614023617 -1116.7584473794188
-1472.1429276643414 -2064.967602779245
-1451.1339766151568 -2077.3459466138715
-1432.282215813595 -2092.812379135812
-1412.1534910319851 -2106.4468941243636
-1392.4438373648359 -2120.723734903887
-1371.5085531962927 -2133.133912465275
-1352.0615299164645 -2147.8765372618486
-1331.4086146379534 -2160.7394801011633
-1310.633336809375 -2173.4038410852054
-1291.2621183102951 -2188.4522251620688
-1272.2225789006943 -2204.194798500184
-1253.4912590250624 -2220.6439749648666
-1234.561253735203 -2236.9361883557976
-1214.0095183123615 -2250.428823457207
-1192.8461412334937 -2262.848223665115
-1171.556175247078 -2275.068598579049
-1151.9385881473636 -2290.6622381174093
-1130.8074203530373 -2303.395445440168
-1110.834093370647 -2318.639389168875
-1090.6722197299591 -2333.7116593763944
-1070.3232592957536 -2348.610040132358
-1050.1260593965046 -2362.0881142278263
-1030.0343427317914 -2377.4587804614166
-1009.3563788144112 -2391.73905360653
-988.8799620719466 -2406.765551650718
-968.2089797286144 -2421.6183373052154
-947.3448892222206 -2436.295068513775
-926.289174943545 -2450.7934152805306
-905.7326423866656 -2466.988524601456
-884.6160998605342 -2482.0715855646745
-863.6213254642682 -2497.9205764402
-842.4050872883184 -2513.593974553321
-819.7338295779514 -2525.2844292565273
-799.6137502559166 -2545.356920041209
-779.1860311158191 -2565.2738896488186
-742.1228667855119 -2529.3773246777664
-685.6545308244787 -2421.810658238968
-650.253633956107 -2382.8701625407284
-609.0489232614535 -2318.3331100327373
-563.0078522567952 -2228.9959978199136
-478.65576009853265 -1973.7906837667706
-425.0205392397131 -1828.2468490946137
-404.60045601144805 -1818.5344294225854
-384.61132107782635 -1809.5784403276828
-408.32249430501315 -2015.045592696238
-392.5769878781911 -2036.506643394145
-377.18022774491993 -2061.7834696685027
-357.4145847505958 -2064.2867568745287
-340.53773689711045 -2084.365143094893
-318.1482883359016 -2070.7019743625433
-295.0519824143411 -2049.8744663206494
-275.7067929887688 -2053.5748742862647
-257.05979592840185 -2063.0465969815727
-267.84003234503234 -2329.6537762237144
-246.75410020981673 -2342.0370223439345
-225.83837276242693 -2358.2107686523736
-205.15285704388904 -2380.1750576893983
-183.38273336506205 -2392.983655001337
-160.45064634148267 -2391.6238395886176
-125.03450317812377 -2172.4047442902993
-103.34488883497649 -2151.519424488584
-90.90238573945963 -2346.2397056283216
-73.06718300456825 -2506.9354173507895
-48.7767472721673 -2494.5231666443883
-24.770888732403517 -2485.8765864522334
-0.9269963679433422 -2454.9998249852756
22.35944942283969 -2427.8970437441344
45.22016077636224 -2405.575011729911
68.22255663199162 -2403.0317689882077
94.52084747056634 -2488.2053390734145
117.65680587025999 -2472.2018275279243
139.69511568164734 -2442.007631981254
161.03211298705835 -2409.625211228278
181.91374999631398 -2379.055145969147
202.5674544452225 -2352.2940773635387
222.43894681846788 -2322.3716143068687
244.2727882961644 -2316.154529580878
268.6393864618679 -2332.581591293516
294.08677547126723 -2354.70634442873
319.71589554504567 -2374.5731713585556
175.80644299998912 -1217.3709765719286
187.62119919081854 -1216.6179702824545
197.6569678808275 -1204.8953162196945
207.99937006878395 -1196.0486035487809
218.19042866817995 -1187.114963614559
232.6038310715693 -1200.6766666221297
512.3579246684791 -2515.3485557730182
541.2544714893154 -2532.8133758910903
571.8425835070009 -2555.808494329737
602.9207463240975 -2578.447318378251
634.9589417656089 -2602.6655840257117
667.5162136868171 -2626.5037796403826
699.3102137079385 -2645.120266642664
733.9055577297546 -2672.0448410034924
760.5839353312892 -2668.733234573281
749.0218592676399 -2535.685756228332
748.1433954442457 -2446.1491082624448
766.4315732448216 -2422.656319731189
784.3385492265469 -2399.0391910506996
507.2819003565657 -1502.6846221248927
522.650946690349 -1500.5855483522698
533.1652023687075 -1486.2623816080172
554.3012576569578 -1499.850364456373
889.7564485696591 -2338.4476607845445
916.1107245226266 -2340.0662683810106
936.2285775361668 -2325.623583171749
943.9201986483183 -2281.441574659259
963.3694422417133 -2266.7792829816694
997.8219748532434 -2286.782960077316
1029.475116405879 -2299.030661974977
1056.444456760202 -2299.9752411234
668.5221853295501 -1419.4502765937955
673.8196500386142 -1395.8750227802773
668.0880239526921 -1350.8173052826157
664.7204364839349 -1312.2453053147522
673.5683533069555 -1298.7203984781931
685.5007347939587 -1291.3298349364281
694.9668271650561 -1279.436246610254
704.268293990859 -1267.4802444532243
713.4048124007669 -1255.4638878292863
723.883127131232 -1245.9832335367555
735.2666487673778 -1238.1368887204635
746.0475225512473 -1229.331970663395
756.2003281170014 -1219.584381564367
765.6999441055024 -1208.9104994154159
776.1509839117309 -1199.8460943691287
783.742972728807 -1186.5205235048454
793.9469061162254 -1177.3055297026654
802.34525343065 -1165.5329657702978
812.8907768249536 -1156.9808057841424
822.7634507640506 -1147.5209384088953
831.9391646178841 -1137.1711508717135
839.7959968641343 -1125.1482940710416
848.7107379440628 -1114.6708407859444
856.2752534713795 -1102.5464572037429
865.548429216515 -1092.7314018919853
875.9690443899937 -1084.3957917985856
886.3093887041965 -1075.960811319257
895.2821896196366 -1065.8957739619145
904.7940928506731 -1056.517226334965
914.8662462844086 -1047.807592742807
922.5481377927122 -1037.0385400047574
931.6247258607693 -1027.5428799640656
941.9616029212813 -1019.4372656627629
950.8573082169293 -1009.7719442579377
960.3469286343991 -1000.7511062509379
970.4501434320089 -992.3560445287737
979.0685998895937 -982.4427091236571
989.7240710812365 -974.5600356686003
999.5987042174515 -965.8687439433952
1009.3973811861877 -957.0778060609629
1019.8512258636601 -948.8690516105947
1029.5013878989728 -939.8738704284148
1038.3276845483688 -930.1137669663981
1047.0614550846021 -920.2707804098292
1056.4592396866012 -910.998833633067
1061.9579651661775 -898.4020704674003
975.7413441921115 -809.7856687013987
883.3017194754648 -719.0960105380137
870.5146574142183 -695.1260541995287
860.5046553234469 -673.9293272789632
854.9319492845477 -656.6394460375676
849.1105594701505 -639.5156431208608
845.4564238135449 -624.3432032403424
845.6423767588452 -612.2295081337155
843.2289681692596 -598.4320406196563
841.452081873503 -585.3062394257792
840.3294690098135 -572.8310252715759
839.0469019850208 -560.4295640571962
840.9527525759866 -550.2939831897779
844.4261157900856 -541.2518221416616
846.9568987166557 -531.6615574933593
848.5301583197219 -521.5482436188505
846.5608883607673 -509.3904811613863
851.3316840429464 -501.37646907747944
869.0229724782243 -500.8074213758331
885.0360253398319 -498.9661650359397
893.2094861972222 -492.5208764786466
887.2563827410144 -478.3723563139185
879.3473876643178 -463.4481328130906
847.2333358359065 -436.3538411064605
844.9901889309573 -425.3323178532582
855.2495682837693 -420.4249944406567
861.8848251283487 -413.63093237024214
872.0901735620163 -408.445503312954
874.9973765914627 -399.7794278824985
880.5590913410917 -392.3157996519524
890.6439254940204 -386.7743502103025
899.7810718082055 -380.6875658800494
909.8067766660251 -374.84347284243535
926.2988374864393 -371.44914008686453
932.5588314169294 -363.77881459245407
939.6913238988421 -356.3779114777478
964.5949761141003 -355.44413352232766
999.919797224368 -357.77702430253765
1016.4781198397443 -352.9139156891641
1021.6597190365991 -343.94101020096076
1031.515853872174 -336.4521410399399
1051.8105482828084 -332.11981350262437
1071.1574495623402 -327.14174030090135
1067.4841206420638 -315.03436666027426
1070.4104015177813 -304.94355596166014
1078.0626868428146 -296.15003501139614
1096.2780003773448 -290.0526605439959
1103.812711774065 -280.9243622863363
1088.9303300276447 -266.2174606330037
1079.7117516042795 -253.18675606677922
1084.980768602844 -243.64057905443866
1091.143238669865 -234.22730990437054
1113.8786237843606 -228.1302511204051
1136.5942988541524 -221.62445671053027
1160.2678475023417 -214.89188456589676
1187.8534561943047 -208.42304720746495
1197.660315647036 -198.50886207986272
1165.8874583817299 -181.95173642532305
1146.774602043719 -167.89583707605811
1128.4928973825588 -154.35277955747284
1107.0834317328154 -140.79160196081497
1088.5000028397244 -127.998999284839
1070.7696943540955 -115.67740338042373
1053.9006255458567 -103.80015160900457
1038.8809388712627 -92.60342785212623
1022.7538992594939 -81.55036204396023
1006.5125083793229 -70.80657085301821
990.1611360010564 -60.373212214502814
974.7028343566523 -50.30292930942178
961.1424169823425 -40.61101177440373
946.4877511101856 -31.143811558370377
930.7416745495218 -21.930236130787584
918.9070507981111 -13.070271363590319
906.9891658123984 -4.4331815809571085
894.9911494119233 3.980260584990647
882.9161384944182 12.169321513763881
871.7670093891421 20.15642182311862
860.5466603021632 27.936453654559898
850.2571123847513 35.55056735334063
838.9025775399015 42.923948990156994
830.4799527757284 50.26975271098784
819.0012864667618 57.25288434471443
810.4561857745161 64.26329387623196
800.8561768843233 71.03086615145246
788.2155598950488 77.33195419317113
779.5051992133821 83.83104675062513
769.7496563569011 90.05812866383945
761.9307565202321 96.36141483242591
752.0800926850837 102.25719625921624
741.1969471386333 107.833601221373
733.2406763448439 113.67546152690977
724.2538096507268 119.21585132191443
717.1984143155764 124.94172442872234
710.0997461914488 130.54635367883648
702.9594531891588 136.0294349469954
695.7791850817875 141.3906843003587
688.5605932713764 146.62983800635547
683.2574948265737 152.18145669993595
677.9110916513458 157.64692136569158
667.6632625442099 161.84797758644177
661.2752847000669 166.8502257860189
654.8525199309685 171.74742251358703
645.5017451868359 175.7512360148546
637.0963390193117 179.86732557135048
630.6021332420023 184.3636340242728
623.0684978171025 188.64423401720842
618.3740141243447 193.69454988652816
611.7374129936364 198.05639990632233
606.0227527454249 202.62631407311724
598.3863328362539 206.4528921443821
593.5591213921329 211.1576884989019
588.6968995987615 215.7891572873986
581.9294714704697 219.6408209648193
576.0747862118401 223.7450350085623
570.1951508484539 227.75752446167164
564.2917826816537 231.67819059626925
561.1300862062851 236.67282555064705
557.0069101598048 241.23080656132447
551.0204390184806 244.91932505190553
545.9245551108587 248.93047247577172
537.1791169586367 251.17244336021278
527.5395016423375 252.83803947775377
521.5082034092089 256.10582534745123
518.1430131274522 260.6296566916454
511.18301537255354 263.2810756484858
507.75846477578773 267.6888892885454
500.7760422279039 270.1561687812379
494.66876760118964 272.9978211633202
491.16582811235224 277.2221659512587
487.62740790957855 281.40453275557854
484.0539890018075 285.5446300168119
479.5896456412107 289.1258753445252
476.80409467202867 293.6968765649154
473.1285946567489 297.7084696781901
468.5787920683515 301.13604172161894
464.8428952702627 305.05259008367653
458.58271759312566 307.25541675437313
455.62483312193325 311.62479272774567
450.16539841482546 314.2484909590203
446.32658984442867 317.9568763179106
440.84033020388733 320.444696111088
435.3475125452733 322.8568464825287
429.84908063217523 325.1934314829771
425.92935612574814 328.6764116731008
422.0775913669812 331.9932331627373
418.28070115509905 335.16750296112946
415.2356633657159 338.9326538845643
406.00514168363026 337.55566196770474
402.93902975873266 341.2098156517352
398.32548505695235 343.52992293851725
393.70303057942147 345.7946264946567
391.3083375071532 350.0039785450844
386.65177297862687 352.178089114704
381.2548020758441 353.6167076003465
378.77161044528845 357.7332345766642
372.6412176027796 358.3678598082114
369.3884458073413 361.71974801500244
366.1055251478473 365.0421132639616
362.7927235707637 368.33468438922154
358.75504973709013 370.8784359977511
355.38982165732267 374.1043633297751
352.67774924848237 378.03095797173097
340.4662834868275 371.61634760686616
345.1212099703883 383.59790201273927
341.64162815787296 386.7001395262713
338.1341621299196 389.77081522440494
334.5990981600104 392.8096784837509
330.3951807338642 395.04939507337207
326.81274487306655 398.0181274622199
323.2036351053596 400.9543742805178
317.7065839846807 401.505325609493
312.22610933707625 401.98987132542544
309.1879642450565 405.58945100433476
303.7140483806215 405.9640092622172
300.03409661691234 408.6912537200586
298.66756313529936 414.6307836266164
290.86966355872164 411.595479592811
288.8485230285789 416.6719701926307
286.7592592948313 421.7453345428728
285.15654497570847 427.6467524225067
280.1869840225921 428.531508741567
276.8437696906888 431.8871695054726
273.46274832571135 435.21733108660624
268.47103593561326 435.9670891978644
266.48299951685345 441.86288706848944
261.83203535404 443.47377065883023
257.6746262661426 445.90221683526505
253.0024729906116 447.42122061949055
249.292608995276 450.64198106737507
245.06873342388153 452.9528848545006
240.8234381649754 455.2241993022782
236.5570942691463 457.4557258915208
232.72108448033674 460.53978855067015
228.40540005917555 462.69533520861
224.06975237208957 464.81044100999975
219.7145203667202 466.8849210887219
215.34008470243333 468.91859412945956
210.9468277170476 470.91128238354435
206.1348715069961 471.9464108866538
203.67209575475442 478.45342240480016
200.3393833469879 483.10778453689676
196.18853500054064 485.8868785369097
191.63748113724182 487.69978042169885
187.06967762618424 489.4700559920244
182.8337785223064 492.134950426462
177.54594405223395 491.94149830096774
174.923106191481 499.24233286083006
169.9262935096778 499.9090465015239
166.81011917729057 506.2246380215587
163.2865014600442 511.5725935201562
158.20160150247443 512.1213267205851
153.97935996069785 515.494283873346
149.153355712259 516.9112849220573
144.31431504654228 518.2831064897324
139.46266090913292 519.6096286753587
135.8497357249099 525.7317275031745
131.652179134425 529.8902751788877
127.15664008072847 533.0433273978581
121.94481092852243 533.2339665546513
118.87865591575653 543.1425827236004
114.00037454711665 545.2090558704222
109.28933599942395 548.2124050373222
104.71840322344045 552.1576369356245
99.90606865407362 555.0808746895244
94.58709831632365 554.9975502937812
89.9942783169858 559.8124952787362
85.46856716280416 565.5785745828224
80.84222377279254 571.3086161222056
75.7231816358367 574.0270026426859
70.43866196839419 575.7068654272782
65.12921838821826 577.3380161674266
59.7953005358581 578.9201344173706
54.43736187682246 580.4529038878967
49.475858461581986 586.9183413640177
44.39743019151034 593.3412746408175
38.94152786644303 595.7285937467053
33.61211126720605 601.0609170260208
28.232180789699385 607.344172580801
22.625837469244733 610.5809295079689
16.93343409672127 612.7660718493576
11.256541382716392 617.8974755378915
5.484549411599015 622.9758580537064
-0.38204248048948936 627.9998837926191
-6.33269814846788 631.9682720945415
-12.358083246739033 635.8799240253356
-18.428813506799145 638.7342004564431
-24.66909841915957 644.5280719900304
-31.067706552512362 651.2593934904639
-37.481080093119914 655.9300028471431
-43.91865513191259 659.5393481297414
-50.57912906227606 665.0795078058725
-57.26252650881724 669.5558251989352
-64.03462685066349 673.9648110725784
-70.89475055635062 678.3051926261163
-78.0688168500854 684.5628238778584
-85.36688379093918 690.7448842748126
-92.65616972971148 695.8583434945785
-99.90788860951021 699.9052891596046
-107.54517756303031 705.8541172104448
-115.30320133669237 711.7205714053165
-123.01187535393136 716.5173260444641
-131.1779120206752 723.1993884108974
-139.1050469100851 727.8260684560172
-147.52471721349818 734.3278952968336
-155.97536438037994 740.756833047396
-164.62568177474 747.076558928335
-172.9592007500793 751.3495290980715
-182.087383807606 758.4485379101878
-191.36347864472216 765.4417149861843
-200.53468463476528 771.3590864561298
-210.09395907707597 778.1365743616733
-219.7975205255559 784.8019176650996
-229.644099885014 791.3530106014646
-239.63240129592631 797.7877614059695
-250.05773067347988 805.0590856144843
-261.2510812056097 814.1086368347285
-272.32103178188896 822.0688874110535
-283.56264246225993 829.8922989158416
-295.3064910094704 838.5195742304849
-307.57739475352184 847.9387632586662
-319.7003966374353 856.2637773430956
-332.72296085299774 866.3021593654344
-345.96108667338143 876.1706035400714
-359.4127228093927 885.8659575143062
-373.0757778785734 895.385092549735
-387.3413606285349 905.6443398743434
-401.83124289125783 915.7137392419462
-416.95349622619756 926.5019060880287
-432.31241574599653 937.0858953115561
