-444.9004982247458 946.6676009452171
-460.1644321043895 956.017622968345
-478.434217490618 970.4765321913458
-497.01637276601855 984.6744259919163
-515.9075861484635 998.6067106496259
-536.0391674347043 1014.0369869861302
-556.5062322249122 1029.174821638594
-576.8211303228045 1043.1401553066214
-599.4160524797177 1060.2944855225987
-621.8838486365718 1076.2478705228482
-645.2126766194682 1092.7312578715507
-669.9390680990822 1110.5812194677765
-696.1068094483323 1129.7629440903358
-721.6287899540586 1146.8552173266864
-751.3167886731711 1169.454181683846
-780.3960050635269 1189.920617218177
-812.1508770461761 1213.2645848755033
-846.1051089222049 1238.5903861469876
-880.606464725092 1263.3812782704892
-916.8069007459629 1289.2591309525724
-955.9194718493598 1317.8019438972008
-996.8382018624512 1347.3268346276025
-1041.4069671775508 1380.1856863169012
-1086.6803146618026 1412.3207474672763
-1136.9692586675226 1449.2290725917085
-1189.2958441005 1486.8730259189178
-1244.3248526153427 1525.9805572692615
-1305.3062492260703 1570.3310465412596
-1369.1686825468284 1615.9520781053445
-1439.2307581696741 1666.5589772757355
-1514.9876457991782 1721.238342901954
-1597.9065831456712 1781.331959950117
-1684.7849087352383 1842.9619668614964
-1784.5476966784677 1915.5452274168772
-1891.327976499837 1992.2066873969259
-2011.5230240139258 2079.236428081682
-2146.8551448699995 2177.6999304186083
-2284.9189726019285 2274.4936334586096
-2313.393891748064 2259.8594428908063
-2325.1918541768787 2228.9737192864095
-2319.133168105562 2181.622641199128
-2365.7102639926943 2184.448430803441
-2383.3669235425045 2159.2170126607325
-2400.0105918799727 2133.183104860889
-2419.389949336236 2109.6569088481674
-2436.2592808820996 2084.004970319369
-2456.690114533761 2061.4370427330778
-2473.8235342995476 2036.1269904270935
-2489.141837848413 2009.4212876031306
-2503.392398560782 1981.987764550552
-2522.8760404866325 1958.757893242167
-2539.7571779703544 1933.5194534702932
-2553.982526757936 1906.3426378841632
-2570.342208831573 1880.8418140553001
-2587.2606328692113 1855.7851216143556
-2606.3892734689434 1832.3020916721218
-2622.8345824022704 1806.9210700400579
-2638.204130339293 1780.8335033519259
-2666.660722033943 1763.4425404762726
-1831.3739810424033 1186.2518036070162
-1832.4143402524176 1162.393085680269
-1839.1140550103885 1142.3154085729764
-1847.307003218203 1123.2545730425416
-1055.263255613606 628.0154945156797
-873.6544904301334 508.771885378176
-860.19615181839 490.06385338732457
-848.2101740081345 472.63146394319773
-859.681618231349 468.38927749803264
-864.9699381602558 460.68102422288155
-864.8670408344965 450.14442313348883
-865.5338492867791 440.1047099711741
-866.9839661852527 430.53780597955443
-872.8298233445645 423.1643882468092
-874.0940336305697 413.5802465924121
-875.2551933964485 404.01032961119387
-878.1374412724067 395.27665531314955
-881.848565178617 386.92648926173877
-885.4802899038631 378.5414854302902
-884.4163368043304 368.20068331496776
-885.0898755785229 358.66545993222553
-885.6623415682561 349.15070775788723
-884.1931810403742 339.1333345480864
-888.2990794554765 331.1023186849542
-891.3917905939028 322.68355344175177
-882.139672186735 309.9267635333868
-899.2307025355334 306.4051951541474
-902.0892719196725 297.8841141911318
-902.9621144633792 288.72724125690576
-908.5192620771401 281.0582687536677
-910.1795319203785 272.16395733675097
-915.5959182826253 264.3730591875729
-919.9827665525719 256.2356517861555
-929.1265634977826 249.33477295154958
-60.03068586365831 15.502153229108988
-1073.4383035391038 266.3948357140037
-1096.3392310977954 261.0924938712231
-1110.4595994397619 253.37813246624873
-1114.7610485734126 243.287493684952
-1127.781581152445 234.9738394232244
-1133.8775819801235 225.07249739341432
-60.924985665445924 11.495482663429538
-51.18730254658057 9.157513745816972
-61.13158076942573 10.34068820877886
-62.21420226814746 9.919326395377599
-62.30526191017941 9.330291437246022
-63.3810740655191 8.879158197778763
-65.44543577106175 8.53785316902505
-63.53772710298182 7.678361451964196
-65.59526157401686 7.298058579944937
-64.66650157055838 6.575984688620396
-65.7216029121162 6.0556511344461565
-67.76916312277197 5.5982613050057015
-62.83239570924173 4.592390383804655
-66.86496952371132 4.251570367894117
-67.90074028314748 3.6728012470798936
-65.93443561777185 2.941122194996101
-65.95930994284987 2.317203457417402
-66.97795135107509 1.7187300000343522
-67.9910831367038 1.1011874944043123
-68.99843564396684 0.46462746944870653
-71.99973227001182 -0.1963492974758616
-70.9948887952062 -0.8519183976800125
-69.98413311025831 -1.490339828913518
-69.96726160989395 -2.1406314051372712
-68.94514277222167 -2.7508704291493906
-69.91539347922236 -3.4406038199000264
-68.88210988069824 -4.031741358695172
-70.83707965619266 -4.807093277877761
-70.78934904955209 -5.465167988331093
-67.74668091966194 -5.86406210484784
-66.69383112967331 -6.397881621804099
-65.63699643679527 -6.912647738466362
-60.602505192774196 -6.95243585801238
-1109.4826736879872 -137.7395977420991
-1099.2340202188532 -146.85220050614762
-1079.0133815725692 -154.3700825527057
-1058.7495710941978 -161.52506216637795
-1039.4347026129724 -168.47699844157268
-1033.8818269785938 -177.45243825714212
-1031.2041618243195 -186.87422678422757
-1027.4584821718051 -196.07413754294626
-1026.5725076253448 -205.81031701013342
-1028.5300862137074 -216.16396959998585
-1031.3602173478039 -226.78646800964648
-1035.0559517804124 -237.70396859107
-1037.6648319500002 -248.47675250247772
-1040.1624586534645 -259.3184521162736
-1046.4198210330565 -271.23155817335555
-1052.5448446843807 -283.2831620981613
-1058.5354977425552 -295.471826100089
-1065.3504042822083 -308.07388090478423
-1074.8957296380422 -321.68800165051374
-1090.9661365617465 -337.57501222030146
-1111.595066554724 -355.31029820594676
-1149.0802875102236 -379.09694387507494
-1164.441770741448 -396.2011642493258
-1167.3152947920526 -409.3213927276992
-1212.3697369042673 -437.81345461129627
-1195.1258769798744 -444.18367616683776
-1177.8694548166889 -450.27163735886825
-1149.4356181140563 -451.6887864567345
-1134.998037303683 -458.2089646840045
-1123.2486921546204 -465.7986427341057
-1105.9371498723976 -470.8577497844946
-1090.4636528173896 -476.43364898394344
-1077.7217208110778 -482.98746618520966
-1064.9536943616718 -489.34408023948487
-1055.7809390558434 -497.2078124148509
-1055.5613639167734 -509.2879411552576
-1033.691002657926 -510.77579330274807
-1028.841552443772 -520.4748408569709
-1046.9899358708728 -542.082165529457
-1056.8678368554388 -559.8628183943861
-1077.932524364275 -584.0697500450281
-1682.9378717707818 -932.4677580268558
-1668.8731209060643 -945.2970466034751
-1662.5053144287967 -962.4536765455302
-1655.9621845437596 -979.5740111707025
-1654.3790170475172 -999.7595050575369
-1655.114837227466 -1021.5771510705875
-1659.8156139974894 -1046.1625722277283
-1668.403722150208 -1073.631696586558
-1946.5846151957412 -1278.6904769658868
-1921.1830857330244 -1288.0312694547965
-1905.683154745532 -1303.7839981067098
-1779.3596559414423 -1242.086637400126
-1735.0169322013949 -1235.5631286884782
-1707.1385908832153 -1240.0717041837822
-1576.4814023739605 -1167.9684875753414
-1539.8952516539484 -1163.4528842774953
-1539.975487695474 -1186.4280413480992
-2039.9051678993885 -1602.380387416598
-2051.2835918290803 -1642.7475843515301
-2021.025108866941 -1649.9510627074271
-1895.500776678843 -1577.4133274477879
-1784.4936030536899 -1513.6652802586375
-1754.2927705827865 -1516.646918396293
-1738.450848882682 -1531.7563925177797
-1724.712183327376 -1548.7065198681498
-1711.5461321041173 -1566.2087465211766
-1703.3227710710482 -1588.3741805855586
-1695.772249240674 -1610.9864924030944
-1687.001260916118 -1633.1352502678483
-1674.4034677648679 -1651.7496865860105
-1663.7202681962137 -1672.3982388154798
-1653.494838142098 -1693.7071235126327
-1662.3854665785566 -1735.1897765110289
-1741.191322555043 -1852.0304474438376
-1725.039475535937 -1869.8060882997197
-1706.022612519296 -1884.4762788564983
-1686.882533316326 -1898.9542698001694
-1667.6211699848654 -1913.2390424142793
-1648.8903999242916 -1928.0895853246836
-1630.6706266369108 -1943.523168738563
-1611.6708860431297 -1958.0125012575772
-1593.1711335857183 -1973.0944577260352
-1574.5302525664795 -1988.0016307219012
-1557.5902923984731 -2005.1018630049796
-836.288555505105 -1097.7346910484266
-828.9123487030738 -1109.5626697792036
-819.6145352545626 -1118.928511389109
-1479.850450172329 -2060.6823251352344
-1459.8145945430547 -2073.7013646036635
-1440.2327307644687 -2087.3489601009987
-1421.0834294838596 -2101.640046831615
-1401.240328645666 -2114.92187595121
-1381.2731011344606 -2128.0163580391927
-1361.1835157157218 -2140.92233314144
-1340.973351993807 -2153.638658002427
-1321.1649538216252 -2167.0180351795652
-1301.7359447047672 -2181.073939659907
-1283.1680760878687 -2196.6828830099616
-1263.9252845383241 -2211.2670293532433
-1244.5215031971022 -2225.6833171141006
-1225.917811896099 -2241.6847500208146
-1205.708351153616 -2254.887219343448
-1185.3588855913556 -2267.9076948477464
-1165.3259023080327 -2281.63527791143
-1146.0322957350422 -2296.9760506222674
-1126.1149456611608 -2311.256396239621
-1106.0301531204 -2325.3649821884874
-1085.6853958519707 -2338.241052850144
-1065.0174854735228 -2352.1185675122024
-1044.9911366411786 -2367.6438761649474
-1024.7654520566286 -2383.0005808373553
-1003.9555461730945 -2397.2639114849835
-983.3442188134449 -2412.2726104912304
-962.5378715955508 -2427.1056519534345
-941.5379856422749 -2441.7606806549834
-920.6969446265016 -2457.1717758747404
-899.3055991627639 -2471.467062154481
-878.7242186814788 -2488.4060656377255
-857.5775120003079 -2504.2303829542843
-835.5789492469361 -2517.978717061641
-813.0902274166406 -2530.58259736361
-792.5148399023735 -2549.670611772139
-770.7861607168157 -2565.722061028324
-727.9298827485039 -2509.5591417222568
-677.3240475213302 -2421.0386479049284
-631.3353409393555 -2342.41151108873
-592.9324967410806 -2286.3672177295557
-541.389679039624 -2172.5602904014822
-439.98035574748474 -1840.1307797426564
-420.87272207625927 -1837.4142569959884
-396.2933658668878 -1809.1035261062018
-402.378341758763 -1924.3824126413826
-408.84077862121393 -2052.6807393592408
-388.3432879434008 -2051.5685439948893
-369.14050432889667 -2057.1425055313516
-353.2115496055623 -2082.254931852783
-333.8383980380005 -2088.486754565473
-310.5193144563805 -2068.82617813811
-287.4662942114892 -2047.9226376238712
-269.1156880843059 -2059.491623296126
-279.51965502526076 -2310.151025897346
-260.38307471156367 -2338.5486213469567
-239.51641062553975 -2354.8505024822825
-218.72957058840487 -2374.9489204928623
-196.8414793482632 -2385.8938434071174
-174.5465058656425 -2393.6444007600826
-145.10363522875542 -2290.408246370808
-116.35908113568568 -2152.857766838594
-95.81906082397914 -2155.871681613451
-86.69090965302411 -2487.4898363980365
-63.36289548319059 -2508.199781412156
-39.11300242453997 -2494.693402613102
-15.078935959576249 -2472.954028220162
8.507162304274754 -2442.9851878776362
31.5699547368381 -2416.793813703998
54.44871118788981 -2404.383567122762
78.25239169494637 -2427.7391876381657
104.18003325833848 -2490.82225794421
126.54690599154992 -2460.7482359201167
148.225436928166 -2428.4806402043755
169.29753408983825 -2396.0263656627612
190.1618096686753 -2368.3780285553094
210.42251391769705 -2339.5562326297177
230.5451559798962 -2314.5463769503963
254.1193496569973 -2325.1546950966303
277.91781755585123 -2335.522572505989
303.98081531803734 -2361.5157555939745
328.37235022305566 -2371.3725138849413
182.57610273762037 -1231.540079213479
191.55526676798752 -1211.9552713584133
201.99750408885072 -1203.1612561672166
212.1139293752132 -1193.2944653206964
222.79772184379786 -1187.276368475855
237.45642770257916 -1201.7651371806098
521.897142276748 -2514.4079567332274
551.700416045351 -2535.6757779604604
582.624388083578 -2559.526093324746
614.0553311814873 -2583.013946971172
645.9891130955725 -2606.131820488364
677.6718670981037 -2625.9674104115934
710.3116046538061 -2647.364429823392
744.4963267320152 -2672.2277633993954
767.0074047941648 -2654.405515551631
748.8082596813596 -2501.32108899137
757.0499648672943 -2443.407323942209
774.015151342244 -2416.044193613321
793.0397424456019 -2396.1769481617616
513.2286392923216 -1503.8342208535328
524.9340238111548 -1491.3099177050456
542.2445919610141 -1494.6808363289579
864.5268810246058 -2313.761714608025
901.3370206090409 -2343.6536807471402
923.7142391153258 -2334.924625005183
939.225523446577 -2309.3082115877264
950.4759915953045 -2274.383518538798
972.5827480900746 -2266.1065284133397
1012.3575299513776 -2297.8801603980014
1039.2346700582623 -2299.025946036472
1090.2002221413845 -2351.5797829635453
672.2227899338064 -1414.3806138001219
672.1471285487859 -1380.0156657022492
661.2081824409252 -1325.2036596211046
667.0293077432212 -1305.4608008713242
676.7053265347511 -1293.7039464419577
688.5774703915972 -1286.2900401033621
697.9679242665036 -1274.3821156525653
707.193835738501 -1262.4127212181704
717.24900076908 -1252.1193516976552
728.1827965686595 -1243.4752972140002
740.0440697014848 -1236.452900396802
750.2723853027034 -1226.7580641072598
759.8532026888377 -1216.1328506226268
769.2995929488274 -1205.436906805482
777.5190614048206 -1192.9962737377543
785.0172189958527 -1179.6766361507791
795.7036817107769 -1171.286323198523
806.8713347475219 -1163.6213512834631
817.9651567855633 -1155.8499047388327
826.6423696222049 -1144.7298339544514
835.1819025314428 -1133.549817910073
842.9825626249967 -1121.5121038625457
851.2380849885695 -1110.2228256818505
859.9710129538095 -1099.6662479494398
869.2035726584485 -1089.8262014091003
878.9576661375056 -1080.6860881579391
888.6164905745987 -1071.4591605277749
898.8249859145444 -1062.9099889904692
907.988815675647 -1053.7728932782131
917.2431247889581 -1044.3969791355144
926.4013806999492 -1034.9403276697783
934.7889198974195 -1024.6651527386964
944.4269472177114 -1015.7887287074188
953.9806912612653 -1006.8216528763564
962.7546712355725 -997.0453565480784
972.1305338240447 -987.9059799429184
982.8358307488227 -980.0906742726773
994.1948325704543 -972.860542364735
1003.3408247546298 -963.4252380858098
1013.125095777161 -954.5897235496086
1022.8319092543937 -945.6552677434898
1032.460268442859 -936.6225462196069
1041.2622224685188 -926.8273755451556
1049.9712513692498 -916.9494922284933
1057.8271901381497 -906.3391395081792
1063.2799317326303 -893.7319434677565
952.0859342658415 -785.0403644228364
880.1524915654493 -711.8676784284645
868.8192482293377 -689.2271859889221
861.8739740638908 -670.5499629642192
855.4495831321151 -652.6729737924579
848.7654851139187 -634.9780714948622
845.856281858901 -620.4257815724905
843.5605697373019 -606.5695056499944
841.8966510223559 -593.3885986411784
840.0596374542304 -580.2937234886028
839.7072376153117 -568.4080885213215
840.0391356474546 -557.1339610728082
841.0719666509011 -546.4494001405671
845.3529332522108 -537.9427648383081
845.3048168222695 -526.7596858692485
850.2432566613539 -518.7508115674569
851.6716585237211 -508.64465599026425
850.3952682510859 -497.0441506910263
880.2269085527115 -503.38513035223497
890.1793258926846 -497.976673904758
893.0892621181922 -488.5852739176478
881.7926780381076 -471.63722600997295
870.1774610387299 -455.09909503336706
847.7056698088783 -433.2425387400007
848.1639792953102 -423.4641238947455
859.2998493522748 -418.97466379622267
866.8139355408188 -412.59374831938175
873.3767534253425 -405.68712892598455
877.1535259681776 -397.455270290373
884.5114985853888 -390.8048219638925
892.7400983083302 -384.44650716638455
901.8490674666785 -378.35467422708314
913.6991280466617 -373.25983363706575
927.390888962606 -368.71416987844043
932.6829159441744 -360.6973500122674
948.2023879231342 -356.484546000056
977.8135728694521 -357.157691660528
1010.3464253361427 -358.3072715009819
1018.3994887345191 -350.41615451527076
1023.5472506763823 -341.4557447647043
1038.131797950088 -335.50464987078436
1066.0554147744795 -333.4889093058607
1068.1875002514416 -323.1585745521481
1068.2999793921126 -312.2565516219182
1068.3021341285842 -301.38107143002964
1083.6335995499383 -294.7324582166752
1103.7702459278275 -289.0886441983209
1102.5614019555805 -277.71812133482484
1090.5450390236726 -263.8096242764018
1081.2882772967878 -250.8299451432086
1085.5518883759946 -241.08317577822004
1098.5315399611052 -233.1468543872784
1120.2780672735528 -226.77312888839649
1145.9279143730078 -220.7673324129477
1169.5944430466604 -213.9388669558958
1196.1879599753968 -207.19643918247868
1191.1754689192721 -194.8076031497545
1164.2923653498283 -179.18506630883513
1144.1515590367912 -165.0854625752369
1124.8415049627738 -151.5143185084577
1106.3714882390514 -138.44540444415966
1087.7569006403228 -125.7375246668985
1068.9878268910654 -113.53425015702308
1051.0944072357397 -101.66881074227749
1035.0665279658135 -90.32321232549079
1018.9197672389696 -79.28750172432008
1002.6585306853339 -68.5628969919405
988.2837690619161 -58.26827446195076
973.8054123944562 -48.24954705759534
958.2281782566428 -38.46762788313931
942.5545197642872 -28.982361392990857
928.7881771279601 -19.837389629711538
914.9344369715993 -10.9533576341978
901.9969811236793 -2.333676020534267
888.9794662534844 6.0422330036234255
877.8850663160584 14.205996594738576
867.7163753167004 22.187654388134348
856.4766831740833 29.94480220540701
844.1697676111618 37.44867756433183
835.7927277711668 44.939027635589625
826.3521412521532 52.21243767515186
815.8520650030082 59.24025683880125
805.2937383458413 66.0756761674034
794.6798469155106 72.71822953249556
786.9979012584433 79.46888331168033
778.2658990610447 85.97203242161834
765.5103305260842 91.84189598350665
758.6644899038345 98.25065780418274
747.80442745265 103.98816414484087
738.8826309280649 109.82466805240554
731.8932643592414 115.81558438126407
721.8984485920081 121.18840670811613
714.8218374792849 126.90839476858419
709.6678036040416 132.8744088521768
700.5404970857807 137.9819261454463
692.359810110945 143.13243288345325
687.0768010181781 148.77657578606545
681.7491767402105 154.3342477029814
672.4852706424604 158.88536990213058
663.1966697290808 163.27638304499683
658.7291583077484 168.74802515930446
654.2176127457827 174.15026607274856
647.7551752090517 178.87770400441389
636.4011562401519 182.31173395093882
628.8762022070048 186.68348158767125
623.2381436476786 191.51557718001814
617.5655350999658 196.25699951006305
609.0093166964751 199.97162842986603
602.3332803273482 204.18280880156422
597.5207396095796 208.94488683961862
592.6724689284293 213.6336691026954
589.664355689726 218.9450790244447
582.8725830631536 222.79037661731965
576.0616285799946 226.52593687647413
568.3058790735382 229.77690878426597
562.3880778956727 233.66781943778827
559.2074256716367 238.64420184387677
555.9831135228054 243.58115172871496
549.9793885910333 247.24819943739368
542.1405003959716 249.9853552318727
532.4919482841921 251.7405907129508
524.659948184018 254.20648845287857
519.5171487520018 257.87968542052795
515.2437555744369 261.9310450129001
509.1664562850127 265.0009807418874
503.96048916011574 268.44892505930585
498.7353911595179 271.82165036097234
492.61868632006843 274.6321719833458
486.4941682041461 277.3507243606117
483.81888405058174 281.99164426636787
480.24022316220385 286.09496335503127
477.48158123434007 290.6756604567268
472.9809326608818 294.1734817063604
469.30127992250374 298.1481320805143
464.7500446689322 301.5350659214041
462.6780717616638 306.5191705438808
458.8965304232538 310.3707047475643
453.4378443537909 313.0417245476827
447.15281068757866 315.06088918524694
440.8709380152448 316.9886685885762
436.2059889740915 320.0083361150687
431.52375855230565 322.96787116506096
427.7156637606635 326.3484502395791
424.7476050379832 330.202168397631
420.17700081503887 332.7871511733571
415.59450300466483 335.3165803719011
411.000741601593 337.7904533922481
404.86277454923214 338.9249677794447
401.7819432461036 342.57155468804586
398.6682683940113 346.1901381838029
394.772909813878 349.1179595453143
390.8572595369176 352.00369695116933
384.71077814021925 352.8195249454698
381.5051472236321 356.28334600690334
376.0943743577754 357.65069771556927
371.40863220622856 359.64514166425
366.0056137750376 360.8821008101649
362.7278521361176 364.17647546858217
358.72117785835786 366.72621471052815
356.0836459710951 370.67564941864174
352.03152328076266 373.15252460170467
345.92492660768767 373.38578595263357
346.5726775052288 380.93618784103023
343.1143974091859 384.0540460541084
339.62806952577745 387.14050988006113
336.7666273464793 390.9529878459525
332.5724126217915 393.21824774916143
329.0036603638506 396.2090249693816
326.039874017635 399.9424965548981
321.78576684534175 402.0931736000443
317.51947344316386 404.1996833056354
311.40962282074935 403.8861805195105
308.9521290275568 408.2800288641852
304.0557901768728 409.4509451203129
298.574726270778 409.75862752641336
296.0209661462259 414.0683368743075
292.26519830216364 416.72779348322445
286.78523162644797 416.8815550260824
286.36018991617044 424.43119775904177
280.85578576064063 424.500915905694
278.6389650536328 429.5396688943181
275.8172473266432 433.7290007333534
271.78388683981547 436.26771465952237
268.20806698966805 439.646941080756
263.5671957533727 441.28033416718597
259.4240114046727 443.7287260328187
255.25808479049385 446.1382186599676
251.55824372370915 449.38118564826783
246.8594675421755 450.8396647199463
243.0995511316315 454.012784224849
239.30181540108958 457.15494216484507
235.0110634431226 459.37544564259485
230.25261690752532 460.66119047216944
226.36813112686195 463.69544877012953
222.01670844654953 465.79456970917965
218.06761702193208 468.75954860288016
212.84257078846386 468.9595292348347
208.84719691639992 471.84621259491155
204.42022802269105 473.78093078463064
201.5255351647323 479.36151146766906
197.7863247600281 483.0782232081267
193.6248970004326 485.83783226666475
189.06759421380397 487.62941340551265
185.90475873091012 493.12110143574483
181.9675704732301 496.7180319819989
178.9847968318068 503.1107656402085
174.2664122592576 504.7645169366469
169.21527365477897 505.4257523731238
165.09281187113064 508.8903255795727
160.3209231929974 510.41375528736
155.82569965685988 512.8492481484692
151.5806472982519 516.2047145897089
147.01362006832784 518.5633958489602
142.41568931194251 520.8817249988756
137.53252121940255 522.1923071120779
133.6197949048124 527.3345716047791
129.38620904476034 531.4773832525949
124.63183710347417 533.6393025070521
120.93981905525817 540.6381046197922
116.08177307310703 542.7246281128246
111.19523936039523 544.7674905348009
107.0438464062417 550.6928499141395
101.75156098973939 550.678327007838
96.9013252124891 553.5829957396302
92.49473181588097 559.4047949260967
87.83310230341861 564.2041706153519
83.23366337972026 569.9545221159241
78.26322184434716 573.6862104901446
72.9781425868598 575.3904680341619
67.66787775713941 577.04597591513
62.33287762868986 578.6524106633677
56.9735963361677 580.2094529741164
51.6788317200818 582.7128781415831
46.81560229348284 591.1491346368515
41.589230421115126 596.5520395682001
36.14485176476286 599.912118306426
30.74226921312545 605.2197228144731
25.11887727128914 607.4808984689395
19.423688359376783 608.6901677623172
13.820291886598461 614.8446954574539
8.141729933456936 623.946882541848
2.2746848778406585 627.9958804074328
-3.6505565994889633 628.9894064581008
-9.655241281939558 633.9264754810195
-15.704008617758447 636.8063945292427
-21.944217543684417 643.6260182096397
-28.270867121605423 649.3849074872256
-34.60218987850158 653.0839826971812
-41.06805753188879 657.7191001107976
-47.767797619699195 664.2847563436658
-54.432671001255606 668.7885198832804
-61.09614232479218 672.2293220271106
-67.82928198481407 675.6035734847949
-74.84996413534262 680.8982911338064
-81.97642790144137 686.1201536673586
-89.33590703297506 692.2594135976741
-96.81832426090232 698.3202790176659
-104.42284978629031 704.3009785897716
-111.83667409813985 708.2242288475214
-119.49894805692476 713.0560997658519
-127.08758746773096 716.8212783613722
-135.67696639381444 725.421092049419
-143.74783782313068 731.0003824357241
-152.01096692220312 736.4758420582286
-160.60061215842558 742.8374272842874
-169.54324969048545 750.0773869970949
-178.63560928866988 757.2141831041371
-187.63781037708821 763.2745588036404
-196.52138420143152 768.2632007011356
-206.02864609796342 775.0846385957086
-215.68091082737953 781.7945668170585
-225.4769159575372 788.3908677618468
-235.69934722880296 795.8302694142238
-245.78791653595113 802.1903141305786
-256.31815808656347 809.3837173029312
-267.93714369638093 819.300730518303
-279.1248298746726 827.1749085576974
-290.4834349673987 834.9103987911164
-302.34877602095224 843.446037182363
-314.3993763833491 851.8315749781533
-327.69856419785435 862.8688492596455
-340.8681299987578 872.798898917242
-353.8797807685571 881.6286637599744
-367.0865671876461 890.290094402038
-380.87630921220756 899.7011932196639
-395.27280069022197 909.8480164480814
-410.70663196206243 921.629569003935
-426.3955565747016 933.20031575935
-442.7610660611672 945.4621295326317
