-459.3821381029743 956.393774128596
-476.61489814644625 969.1430435518034
-495.19398410560854 983.3534044816311
-514.0832445828937 997.2975572210756
-533.7458533174508 1011.8554066992112
-554.2033682767313 1027.009068407249
-574.5106585400819 1040.989194575929
-596.6049037973295 1057.2883186553133
-619.0572705179682 1073.260963521381
-642.8791506956504 1090.624773971708
-667.5990351510561 1108.4888489585176
-693.2365053547148 1126.8327948917631
-720.3428004513247 1146.4825554006231
-746.800769993147 1164.0350552872721
-778.5844726336964 1188.7166268601231
-808.6761196279572 1209.5734510741668
-842.0477190994509 1234.0954739238825
-876.5242292528701 1258.91273547163
-912.7009804526717 1284.8162982624137
-951.2035940204373 1312.5748446174805
-990.9041818238686 1340.5215039095679
-1037.2351638711466 1375.8169263492857
-1081.8803810540005 1407.1815238591114
-1130.9097537279129 1442.543631549171
-1183.8224904935473 1481.006519567573
-1237.5593396616814 1518.5940474057388
-1295.3035681282045 1559.1400406616276
-1361.675569039477 1607.8832808015065
-1428.4260384763422 1654.7492416081607
-1504.7662213898336 1710.2522091680403
-1585.6152384022807 1768.1768338450988
-1675.1081006074735 1832.839832412866
-1770.0471162357233 1900.3531793605102
-1875.3541784328368 1975.6575374883419
-1994.0538677698603 2061.352267913483
-2128.5717653950965 2159.2142643940647
-2276.446001612156 2265.995940363536
-2314.919431126766 2261.1598854109657
-2324.6257761205056 2228.1191622074743
-2320.8036031791 2182.7658224076413
-2365.5710143085707 2183.125002436443
-2385.711109210941 2161.0977542414644
-2403.7477619078145 2136.5047851861164
-2421.53293306359 2111.76401477259
-2439.825274345126 2087.5281149404263
-2453.2804010719988 2059.2776096767557
-2469.5080557421848 2033.502142271912
-2483.9121593981317 2006.3472741263188
-2501.159389126064 1981.585907849199
-2519.739917360919 1957.9049386673466
-2539.687026544545 1935.2619479546759
-2553.8235090371813 1908.2267906852728
-2568.4829787012604 1881.6883876247682
-2585.3059804263667 1856.7934692829094
-2602.7056292350658 1832.3243183312554
-2619.8736925759213 1807.6921294702279
-2636.808642856285 1782.89909444096
-2667.681028690537 1767.3363938890066
-1830.3115040534922 1187.8904823801909
-1832.1520192472037 1164.6716182548598
-1836.2650146122412 1143.1097043202394
-1846.1120968047474 1125.2173683476356
-1066.5826417564479 636.3689718267515
-910.1891672675405 531.4806485553553
-867.4068645966389 495.58685540541535
-840.6180470908864 469.81943223445353
-864.3168768625768 472.42071966682533
-867.8526860870908 463.77550091765465
-870.4160125659857 454.64267845059356
-872.8844219689113 445.5028461008972
-865.4135956470916 431.44907981032054
-869.4448449807659 423.26665535613813
-872.4955277274636 414.61735865201643
-873.6460537863051 405.1068657818779
-880.1618793456457 398.08424503707886
-880.2178011359281 388.1502577139836
-883.8399649026109 379.8301152369984
-886.4610496469073 371.09002608383764
-888.0699358217297 361.9568884405832
-884.0082228370293 350.6144063733225
-883.5441804964977 340.820599598634
-885.729975840928 332.2625616840229
-888.8269845455161 323.8866955336771
-881.4745010027945 311.8135726389639
-894.7831210353299 307.0491268677929
-902.3861246087116 300.16709032415747
-906.1312367634507 291.942086314288
-907.8920506890347 283.0777707550686
-910.5237802389062 274.4948917911812
-917.8749736986505 267.28548905187813
-922.2826168358213 259.15010068002965
-927.5835163399933 251.21667980915097
-935.7195202900969 243.96306963979384
-1021.3999570882218 256.02954450644745
-1099.606212171735 264.62648800399586
-1105.9528556981195 255.13384913251852
-1112.2179224742952 245.54488984086572
-1120.357114492027 236.2730115927323
-1128.4198456079955 226.86923995559158
-1136.4043500141663 217.33419719151394
-1143.3249383653292 207.4899643643422
-1151.1460703557302 197.70362845572637
-1153.9481759848081 186.98825401969626
-1165.5477836845248 177.59325423025504
-1159.2525426165353 165.45253832171414
-61.4579749758272 8.180300231079444
-64.50983354716313 7.9675200481270965
-65.57574247465477 7.471412108681855
-66.63794511959587 6.9558802633260415
-65.70510584773207 6.232099609146583
-63.768249932901675 5.441534755469748
-65.81104962904197 4.990565771911404
-67.85083998645372 4.50150120878056
-66.89192296647248 3.8040296854140645
-68.92260839547679 3.2671167661645426
-67.95109741790318 2.578441332012714
-67.97240965259968 1.936885649483292
-68.9874834181377 1.3142038016133357
-67.99686155433012 0.6533136775407994
-66.99999905651964 0.011243948012977898
-65.99716297312557 -0.6119473005926794
-67.98830826174849 -1.2609281127255336
-67.9736283666026 -1.8936331954734749
-67.95306059075399 -2.5261742515743837
-71.92228946377227 -3.344290401467929
-71.88804956449275 -4.013518383293502
-70.84969962376515 -4.617365398390398
-71.8008924267082 -5.350873454705911
-71.7479827377609 -6.018884702497821
-70.69317964668387 -6.59350828024657
-71.62352403456508 -7.353285311347388
-71.55198580093861 -8.019559086525886
-70.48155181612141 -8.564511287364457
-69.4072580369847 -9.090243769416869
-68.3293693930986 -9.59673269094639
-67.2481509160429 -10.083957475769049
-61.22626563429824 -9.76444552846453
-1036.2984984895143 -175.1754036055805
-1034.6232781839537 -184.81253269161527
-1032.8584387337248 -194.4336533024369
-1029.0421841358798 -203.64965816042533
-1031.0187719099633 -214.03105374984918
-1031.913728106246 -224.2544486646106
-1034.657785825404 -234.95588145622648
-1037.2916115286557 -245.72772056136563
-1040.7850148334733 -256.8083972499478
-1044.1615105532073 -267.97525982680605
-1049.3523070749884 -279.7422664460976
-1057.3052965601148 -292.42864063892216
-1062.228243718035 -304.4604379023636
-1071.8115842234788 -318.0313316708853
-1086.969235262635 -333.5669072203688
-1108.6015578715305 -351.5275037387767
-1140.4456576648338 -373.34126735926804
-1161.5549206257074 -392.25778050945854
-1172.0201524459505 -407.9825514168112
-1202.059695990086 -431.02376648651494
-1200.8105437505944 -443.2313594697489
-1180.7406434194124 -448.35313423406797
-1157.886221872549 -452.04921988397956
-1136.9230927875406 -456.1040244137444
-1128.946824324471 -465.1022122584371
-1111.6913868183012 -470.0970755854604
-1095.358875954962 -475.21040904706837
-1081.7691111585755 -481.2811965402199
-1069.9814208751436 -487.97106367284607
-1059.069262382823 -494.9073625193946
-1058.042981901587 -506.43266921556113
-1048.812116109821 -514.0205687530795
-1029.6996860113225 -516.5486972475915
-1047.9966780982832 -537.9469887404927
-1058.9004523993076 -556.0088415740719
-1088.940452237683 -584.7261679456379
-1683.9400587911734 -924.4386828764685
-1670.0637687756723 -937.0763086444974
-1667.3761256277685 -956.002539581633
-1660.1662100631931 -972.4320824429917
-1656.2274198993666 -990.8636301598152
-1654.64917587964 -1010.8694795871662
-1655.3871167419027 -1032.5185197975532
-1673.5792733326489 -1065.5460646407378
-1952.0792381284066 -1268.452067706155
-1937.734028277291 -1284.8392256061704
-1909.1723100481847 -1291.5440722427084
-1812.3416643495302 -1250.6884870593376
-1738.5190882151112 -1223.694152928622
-1714.9128043600658 -1231.0138396630211
-1597.7176348348232 -1169.486365605781
-1546.7347146921184 -1154.3447155708259
-1533.5777151813186 -1166.8197767861352
-2024.4627835219862 -1570.157456478302
-2063.161472237264 -1631.0318021043504
-2040.941782145211 -1644.4444782034843
-1983.873658911339 -1629.0286386303146
-1794.593259476332 -1501.6774064499057
-1769.178616845239 -1508.5198115031726
-1743.7923530016108 -1515.020867715394
-1728.1726800475537 -1529.7984141504578
-1725.0531693180797 -1555.802224907025
-1714.2355073075414 -1575.1128929337276
-1703.9377886643028 -1595.039815290454
-1695.5885932716503 -1616.9812374814576
-1685.0744105874046 -1637.993965429516
-1672.1819158210478 -1656.8414650777695
-1664.0079956261195 -1680.5660922713942
-1661.1067890075649 -1710.0234605153746
-1732.3008313997357 -1817.7609384987304
-1741.4808391674098 -1862.7250164242641
-1718.1888599932633 -1873.3902533628839
-1699.5345160148704 -1888.9847614192392
-1680.7390988956524 -1904.3938882078544
-1661.149936126024 -1918.8603101081917
-1642.0851575195431 -1933.8886564262218
-1624.1647933359216 -1950.264783071284
-1604.8162114714025 -1964.9259343289696
-1586.586070273639 -1980.9564966484375
-1565.1078268883778 -1992.8857193057356
-839.4941848093374 -1090.2410346667868
-836.2645986608424 -1107.7930858362586
-825.0425939117755 -1114.932158577969
-1486.0230955015472 -2048.8280454044943
-1468.6887189857787 -2066.199033666387
-1448.8716343571978 -2080.143261209454
-1429.4858450307713 -2094.7234229980486
-1409.397897888924 -2108.2916224816436
-1388.6333909697555 -2120.830569725889
-1369.3772870130263 -2135.690718669921
-1349.4321867195206 -2149.529430699978
-1328.3004562785386 -2161.4779429478863
-1308.0944550502556 -2174.9328487718362
-1288.25974084491 -2189.060720975598
-1269.2722232701417 -2204.741259929353
-1250.5930832536296 -2221.129879164697
-1230.751847480737 -2235.610406560757
-1210.7479176721588 -2249.9143272250462
-1190.5828594828724 -2264.0398527202624
-1170.2582579044506 -2277.9852084257354
-1150.2241476106894 -2292.642451463652
-1130.456459479547 -2308.0225720778744
-1109.6371162254532 -2321.42940239303
-1089.0872605057837 -2335.5551671934463
-1068.6279352224376 -2348.2832742372098
-1047.9529014129466 -2361.9590844085733
-1028.305133702962 -2378.207213848308
-1007.6669782516052 -2392.451307956189
-987.230456638718 -2407.4426318159503
-966.6001142768289 -2422.260972537852
-946.5010238329221 -2438.7685031349797
-925.1167494568526 -2452.3050380966856
-904.5930243085066 -2468.471685146984
-884.1809242223853 -2485.4110511626136
-862.8763110966206 -2500.29387707691
-841.3688469627562 -2514.995519550793
-818.7352819214567 -2526.6595611868634
-796.8538057669006 -2540.9826863311773
-777.3858248957548 -2563.7301494601857
-744.9085215085632 -2543.1498765475712
-679.4366729880103 -2403.8239967599507
-644.2761184685913 -2364.8063944371947
-604.3354243674333 -2304.0622159253066
-560.2254762270145 -2221.4473695737684
-476.31829790287867 -1967.1545132711117
-425.32413097180375 -1832.2828339568866
-403.6071749719792 -1816.70642876364
-386.5839232305072 -1821.4271520705156
-409.37377171826944 -2022.9950852706386
-393.77996790964124 -2045.440377247179
-377.07833787997566 -2063.8352470828854
-359.55203298182863 -2079.1398066456795
-341.6083232630528 -2093.3095216611914
-318.5737671314869 -2075.695246151432
-294.7653043801968 -2049.915709324081
-275.9944585173075 -2057.5721272576907
-272.17787649344643 -2186.1217266079943
-267.09013486364813 -2324.707048180161
-247.46087160954727 -2350.0068333990525
-226.7088823533162 -2368.173153015233
-204.51855016312837 -2373.2037760460375
-182.78813475641994 -2385.005764729358
-160.2496759819992 -2387.628329817617
-125.54340391622078 -2179.387036240495
-103.83511984844135 -2149.49349100807
-83.17676186728133 -2148.390473420806
-73.11948247984195 -2509.9351667487113
-48.85494646619081 -2498.5224021820945
-24.78569746083278 -2483.876339353749
-0.9944460660955194 -2451.999798343593
22.248419863970323 -2426.898021716932
45.14180919279587 -2408.5770108225315
67.99790660763627 -2401.037335131834
94.50144332824092 -2493.2096737356205
117.46222925411263 -2473.2122077772974
139.53590271859423 -2444.019994159726
160.79537839602364 -2410.643243262362
181.35272902401735 -2376.0892634064785
202.1199425873061 -2351.328885717288
222.14438054500346 -2323.4043716478363
243.85169548518476 -2316.1989013487164
268.41111983404215 -2334.6210550642763
293.4690879139749 -2353.7756678237074
319.18455267164285 -2374.644651592276
178.370949150143 -1237.208068394026
187.314933788105 -1216.6651616529332
197.17518291585128 -1203.9609409121629
207.4937685608682 -1195.1214733274642
218.02226316136804 -1188.1625700071497
232.0445184818039 -1199.7663695247288
510.95098658975934 -2512.573399784164
540.1956766073556 -2532.0169096936775
570.7309707263687 -2555.03232054973
601.3011514992071 -2575.744926270015
633.5028491811236 -2600.9619643661454
665.5039298020397 -2622.8878205935616
697.9821835310618 -2644.436777741758
730.9333024090414 -2665.6017158287946
759.7005411396718 -2670.0245481628235
749.58418513684 -2541.7756685814625
747.3064356087086 -2447.4505288764894
765.8818821355617 -2424.9276159540286
784.4053324426488 -2403.225389853298
806.0969999637123 -2391.815968390859
521.4231082346032 -1501.0126389204609
532.1212262791774 -1485.5742999066538
554.3434640115662 -1501.9668185108676
888.1301862367452 -2336.9263514914383
915.6567453406974 -2341.3177325412457
934.3935270514331 -2323.1282221617435
944.8422043056116 -2285.3888529007295
961.2984806125085 -2263.3131093978322
996.6066854750624 -2285.131093496916
1027.9279174529995 -2296.436412470578
1057.4712345702228 -2302.8049392114235
662.0523138284642 -1405.9170436958136
676.8430969694436 -1402.1884402906808
669.4558508152071 -1353.4876666631608
665.2641394244685 -1313.0908669227051
673.7136500334844 -1298.6450314687843
684.7613493039411 -1289.4579847747837
694.7398304259845 -1278.4215142196547
704.5696113913021 -1267.312772248394
714.744519623463 -1257.0028924661333
724.7864925632624 -1246.61483233509
735.7167994288205 -1237.8694563798772
746.5460355597663 -1229.0292985889296
757.2733903265505 -1220.09549310836
765.756090477947 -1207.6910241845512
774.0705645514458 -1195.2366966818772
783.8715436746265 -1185.2368552391365
794.671199463273 -1176.816759204084
804.8138888089175 -1167.4753121073984
813.6995974358317 -1156.4121086934213
822.4471817990227 -1145.2862669004833
832.8294969932529 -1136.5192602582524
841.3228946169539 -1125.255876231424
848.4639593580578 -1112.3443305336923
858.5053333122868 -1103.3460892550258
867.2088592246079 -1092.6910791629784
877.0453477027322 -1083.5254764300623
886.7858143240642 -1074.271808954143
896.429475672745 -1064.9310753025698
905.9755586526041 -1055.5042809596282
915.064855559448 -1046.3060308150607
923.5121878216945 -1036.18011896812
932.5225072149334 -1026.7281887323318
942.1160654080298 -1017.9323746202854
950.9405587127644 -1008.3194205186447
960.3605617071073 -999.3515855381476
971.0952702673552 -991.7247481354755
979.6523544423391 -981.8606135473516
989.5357310265713 -973.3257609976781
1000.0646029517745 -965.3863423121903
1009.8055240024892 -956.6471678179256
1019.4704311308299 -947.8101286913534
1029.7970802011753 -939.549878191219
1037.8232638572167 -929.1780631271671
1046.496794518443 -919.3984223733603
1055.0781730618999 -909.5378214941718
1062.803135831111 -898.9513304220408
1006.5510329004128 -835.2957668796796
883.286634433733 -719.114539854903
872.0239543858694 -696.4411123542543
862.7767262259698 -675.8937199610585
854.0150047805055 -656.1915662439995
851.3499396250103 -641.5288616270442
846.8771631442936 -625.7859622464166
846.2337841723376 -613.117755839256
843.7972716765412 -599.3589611503489
841.9984360754117 -586.2718086745779
840.854926334728 -573.8353360142777
839.5527400857065 -561.4723471504025
840.6024204056766 -550.8289850834996
843.2097009369147 -541.2960375301844
847.4054324304616 -532.827395211003
848.9620037708223 -522.7547380497191
846.9788589445732 -510.63471533078183
850.8720569863459 -502.15609389892336
869.4017361765099 -502.1519900720002
886.263857796369 -500.8596353908921
894.4254921232033 -494.4563065025721
885.8308949220226 -478.9077422653015
877.908508547191 -464.03194999961653
852.8563070698323 -440.72227024647617
850.7268064306301 -429.50308592644734
854.7403530977068 -421.45928485015895
860.4798981878192 -414.24551272727183
869.7795555693023 -408.6618708830896
875.413761750149 -401.27265760135384
880.0728582044879 -393.40534344589577
889.245083378085 -387.4831372949053
898.3834015268271 -381.4226839886266
908.4101388742894 -375.6062028113944
922.1172401981763 -371.12773451912597
929.3016265077905 -363.8715253629707
937.3653999424996 -356.8684729569676
958.5095980748453 -354.6030885347708
996.6328131231927 -358.05591156431336
1016.0182583118059 -354.23565429957006
1021.2091090133051 -345.27663643555644
1031.072665755603 -337.8078713287104
1046.6047461434218 -331.997749013549
1070.7218716834034 -328.56456519044997
1067.0624187452543 -316.4597833872856
1069.038665928686 -306.1050975554236
1077.662034922604 -297.6046681194228
1098.7826847915403 -292.3108133516347
1101.4910952849943 -281.9332669407136
1101.1882999278587 -270.81419479412915
1084.2283315135674 -255.82205757773505
1081.7162110036336 -244.4811625707437
1089.8388191763456 -235.53417632332838
1111.5997281978828 -229.2837636432044
1137.2629295787797 -223.4144780579179
1161.9291976387601 -216.89753266127067
1189.5258211524138 -210.4574085454726
1195.403317357413 -199.88724034037736
1167.601075788151 -183.93403115887128
1149.499292054313 -169.98640406406963
1132.2306094428563 -156.53385269857205
1110.8447905828273 -142.91204020303766
1094.2696896681941 -130.29906474520175
1072.5867889418828 -117.46735796527038
1055.719418244906 -105.72374350465174
1040.728419069635 -94.38939421787738
1024.6224083458703 -83.26415984989299
1009.3982196868166 -72.52057703221332
992.067959802933 -61.94483943353276
977.6255136395016 -51.858992287747334
965.0805820480747 -42.13632819491391
950.4416031055963 -32.58464494304225
934.7099902717025 -23.285920344142237
920.8887332537324 -14.315759369874328
907.9826529922226 -5.612652243376322
894.9954701790107 2.8475180511297404
882.93052389494 11.076550663752498
872.7905148503761 19.123733610763797
862.5780950960598 26.982028471797673
852.2959125484734 34.6507929658915
839.9491198470308 42.02946666564023
830.5346396160257 49.35800236920373
821.057349030294 56.51397706183961
811.5196536196951 63.49686440266279
800.9277843586615 70.21883110907966
790.2820565950595 76.74810110929879
782.5682558543745 83.40218779529911
770.8264108128534 89.45750048695783
763.0095778352259 95.7986645612062
754.1511851154853 101.86751194030893
744.2570295831679 107.63583936607479
738.2750314081609 113.83750699694289
730.2688813585243 119.61338102139587
718.2787276312233 124.56592404213502
711.1790537635228 130.20504401911776
704.0372685842203 135.72223268304427
696.8550320383608 141.11720066248145
690.6122100161963 146.59732390649296
683.3520700425721 151.75621360765308
676.0563821038387 156.79211783973213
668.7268116370402 161.70482799767757
662.3347682624342 166.73828219922274
656.8749340152846 171.91951914316058
651.3764801640422 177.01322292163155
642.9695220085254 181.14688451123988
633.5281967740727 185.04600479932486
625.0289782224733 189.07082372003097
621.2831023628597 194.4435823532892
614.6374522422919 198.83863382427563
607.0165406149603 202.80759211589276
599.3764598246446 206.6491214790816
594.5456315930668 211.36814318529957
586.8626851981606 214.98183346972505
583.8437579194978 220.2327549172441
576.117018478176 223.6362694640944
569.3078248902754 227.2830845415108
565.2574092079232 231.95918032176795
560.2483356880203 236.19018260461888
556.1279965667413 240.74395409783926
551.0581096897129 244.8345558641598
545.0511676526623 248.4355543002438
537.2142381968356 251.09731635083955
527.5730884403282 252.76794961690396
521.5404340610825 256.0401836418996
517.2805877545271 260.1188065717875
512.990598404848 264.13944413554736
506.9018936825117 267.1693660977689
499.9223418174077 269.6324389827733
493.81801789808173 272.46975098019567
489.4472828348399 276.1980400466163
486.782889690327 280.8672610055058
481.4899298726059 283.9867029127827
480.464282690333 289.6119352838618
475.96905812079996 293.1457925872355
471.45034627094367 296.62024711911914
468.5914258276392 301.1163822192676
465.6896279496524 305.58496432271386
459.42209271506465 307.79918896142425
453.98053183786914 310.4861940766538
449.34981173083423 313.66980520519314
443.88540723717233 316.2131326208475
440.84033020388733 320.4446961110881
434.54203492891656 322.26420818923754
429.8445327567387 325.19944289488103
426.01897287339665 328.5602452395848
422.2354032227233 331.79250182206397
418.4283111716292 334.98320616123164
412.27328936452506 336.23612964188516
409.9761429070781 340.6002968980431
402.2901718449813 340.42857934805573
399.9436970887203 344.71588179108596
396.8009675004248 348.3288563853515
392.88009750210085 351.2466782572324
387.4601463249671 352.77561566785624
381.3116684767594 353.555386726705
378.08953830481397 356.9990210413084
374.11547073544824 359.72018925325
369.40867984658837 361.6990838445693
364.696884164438 363.62230773255715
361.3841388222059 366.91484598981907
358.04166917996844 370.1772050394541
355.35842928658263 374.13418279405164
348.5403588421472 373.6851860298816
345.8124310517861 377.56822235200576
344.3800822542741 382.9195201952225
338.90737763278776 383.7783076022758
336.7231016408781 388.347206532179
332.5390485402543 390.623579928225
328.98274699517066 393.6233633557738
326.6679997967611 398.13693361553794
321.16199139218924 398.7467558300674
317.5324873969993 401.6430248958327
313.8768659552952 404.5062583175712
309.5895773017213 406.54064203489116
304.0940343582345 406.92851739308327
302.756314338119 412.89540337523505
296.66331936633736 412.37710283494954
290.6048197111053 411.78251390834464
288.56583926562166 416.86779248213384
286.45838263295707 421.94975414059707
282.06571764860837 423.6979241480604
278.211535507373 426.23859692738966
277.0293077413211 432.9558437674267
273.0913712205787 435.4504598285138
268.5187383202696 437.11175592849315
264.926714277693 440.46547658360873
260.7880025361099 442.9284566758225
256.62639479537154 445.35254966636273
252.4422564256883 447.7375427309028
248.2359547753571 450.08322647791135
244.00785913850982 452.38939496703625
239.75834072269134 454.655845727185
235.4877726162689 456.88237977430083
231.1965297556765 459.0688016288328
226.8849888924978 461.2149193328975
222.5535285603886 463.3205444671327
219.05156611982682 467.19633065816254
214.66440491198546 469.22829546371474
210.6658746606923 472.1322794021242
207.03063854514028 475.9194414011593
202.171977661344 476.91769882077244
198.45776907474283 480.6396923828452
193.94555001333399 482.4781068919349
190.14482765964877 486.1367549509937
186.64802718812967 490.70104335203854
183.42904057815826 496.1801961712865
177.75804039874973 495.05361232254074
176.07366099907577 505.1960667922728
171.01208839390532 505.8763343181366
167.5100391531801 511.2576520531503
162.71229386758282 512.8047478566763
158.1937580964558 515.262782373538
153.0743695752406 515.7637418228841
148.51056654241998 518.1366727276206
143.38268953223175 518.5416129323698
139.0326898712473 521.7948937534418
134.88267074816423 525.9806699222343
130.90566836529402 531.1051741320505
126.61418505413252 535.227846942849
121.37255925827193 535.415447908535
116.562416780427 537.5064678627654
113.34584976803467 547.3880875031554
108.40552780392794 549.4071728158924
103.62168338297685 552.3645053158992
98.84626348004501 555.2705792638699
93.93606722682325 558.1505310164613
89.29361586155802 562.9623878789492
84.27402455201663 565.7578004639495
79.76159878701012 572.4701628547465
74.61537707460577 575.1804460376017
69.30581159983706 576.8515445749347
63.86143217941504 577.479625164381
58.51190637081364 579.0512557734878
53.22955082226319 581.5690972870378
48.06838293441852 586.0319364693959
43.1171051065623 594.4383191275859
37.759730706508954 598.8106568331696
32.270168048594236 602.1358951716095
26.76531305903418 606.4096124047276
21.148019043680844 609.633300673879
15.497521093115063 613.8043880911641
9.754396843559276 616.9228896241558
3.960192358361687 620.9873725579971
-1.9251035600250364 629.9970587044699
-7.905087145259391 632.9506375675957
-13.919039681047778 634.8474307535295
-20.094872671590753 640.6849429261722
-26.422830976610246 647.4610675578737
-32.72978967975698 651.177979409254
-39.228438357375204 656.8296047104162
-45.767557185983186 661.4184233215973
-52.31826796909641 664.9449592535565
-59.2030681739443 671.3948143371315
-66.01968709208609 675.7828060229581
-72.92431221898678 680.1014958720409
-80.14821597058015 686.3361155270304
-87.37080274306213 691.5022363145566
-94.69791552579096 696.5926390617907
-101.9847173127631 700.6162412010128
-109.96928508584286 708.5165886115219
-117.6237830117888 713.3678193400622
-125.20751155849642 717.1520613156802
-133.41683985770882 723.8065672832643
-141.7627205021545 730.3693114280118
-150.12564032640805 736.8624648579855
-158.91559693852005 744.2223008279675
-167.20280796634324 748.5534189409398
-176.03951844750588 754.7417359234682
-185.00698644055026 760.829425671869
-194.1040949919934 766.8145801348193
-203.83866332064886 774.6294593776119
-213.7368337284179 782.3282980359016
-222.97950420943963 787.022325415558
-232.8921919771537 793.5302306251958
-242.94648941471823 799.9206231127338
-253.74020710294616 808.0995652141845
-264.70860002129535 816.1454264251965
-276.1675460998643 825.0039311913486
-287.48947662415935 832.7729587530847
-298.9812880206484 840.4012074084104
-311.6733573450386 850.7030729468843
-324.2319533678611 859.9038553322465
-336.62877428972945 868.0104079561456
-350.31692415924294 878.7457269583775
-363.8567832227684 888.3739310125998
-377.60781146325706 897.8242259606996
-391.5678511893663 907.0935000951899
-406.13962979500064 917.0930166073558
-422.1735872175757 929.6292068646746
-438.47804109642726 941.9437390185467
-455.0502293263682 954.0326455578025
