-471.6873539450474 967.1023938179036
-489.12101417446974 979.6864975556916
-508.4292111825129 994.5796786664846
-528.5276156023316 1010.0784917746314
-548.4937872145798 1024.4015645180395
-568.779232683001 1038.4344873262523
-589.86892922153 1053.0449403226082
-612.2808906801686 1069.0819009355175
-637.070929501316 1088.2378557945542
-660.2257694086871 1103.5841306437435
-685.815067871678 1121.9994174152523
-713.9314438452011 1143.4185119583758
-740.9026425885443 1161.872314071263
-770.4705625795584 1183.266289639969
-800.5107078681613 1204.2004013404146
-833.2629735645726 1227.9775310999491
-868.8152958647745 1254.5261980809346
-904.9457501690308 1280.5066142941275
-942.231588069556 1306.7213300638828
-983.058381285374 1336.36717221899
-1027.5326290881872 1369.3504650596642
-1071.5046767546405 1400.0166883622971
-1121.6877774875832 1437.0614217335894
-1180.7649700929603 1483.445342910001
-1235.150075456223 1521.8424002177383
-1292.9187385418234 1562.4164411345075
-1358.0151889334534 1609.6678994830072
-1426.0789202061435 1658.0916480531705
-1505.7296939606033 1717.3916526888408
-1585.298755468852 1773.828868834
-1672.8059851766875 1836.294131112184
-1769.122986152455 1905.3093869151592
-1875.1451934631552 1981.3668270746903
-1994.568175765307 2067.8072425214727
-2129.1157915218423 2165.6950261503393
-2277.020086275784 2272.5027011417656
-2313.5322385490217 2265.438717157088
-2321.9911108542606 2230.864693591657
-2318.3600710421897 2185.360972699305
-2358.1254759577396 2180.8686892243386
-2386.1640212437055 2165.064725065297
-2397.9211610966545 2135.5315743778815
-2416.526188204046 2111.417102735512
-2434.889681220668 2087.141883122734
-2451.479525538002 2061.4211447125435
-2470.886589071313 2038.1188542250259
-2484.6302324005906 2010.2309838028536
-2501.9844786907515 1985.3739366654754
-2520.6692856653517 1961.596888329334
-2536.7432366568974 1935.8240496686387
-2553.3560096202023 1910.5219412863066
-2568.9109003059925 1884.4874067738037
-2584.2019146392918 1858.3297512483134
-2603.3149537636427 1834.932219868244
-2618.92531011959 1809.0658418131193
-2636.7637711846205 1784.7500707293052
-2659.3768832103633 1763.5746633035797
-1829.8129631707636 1188.6582855523409
-1831.703965296204 1165.3761553756635
-1838.411518714517 1145.3379797499879
-1846.6116685296838 1126.3189360256788
-1059.5356567361075 632.5663539145796
-935.0986425099366 546.3328003845952
-871.6437389786452 498.25013025520377
-837.0445813286191 468.0142827611106
-861.6185643854989 471.10237688454913
-867.8040370256341 463.86652533030656
-867.7252045986924 453.31442653434
-869.3061155492278 443.7148605452746
-864.5186488056778 431.00290702871735
-870.3587738851784 423.6739367970243
-870.7180487531862 413.69805362781693
-875.5030537584798 405.85638206091625
-878.3951462908749 397.1372142882513
-875.7103520560007 385.97976540481386
-879.3254475327832 377.67149392199366
-881.9391901403397 368.9434440325531
-885.3927114859572 360.5769632790544
-888.7668666291702 352.1781605695716
-887.3957602612319 341.9499446854616
-888.7205083287832 332.83157613998895
-887.0698340218975 322.86701529943144
-888.1923328304023 313.81265095800035
-893.0070334885245 306.06280097395916
-900.6014011041851 299.195782605936
-903.3856053580513 290.68100734631275
-907.0440915369679 282.4376320674648
-912.5424576487801 274.7276159914112
-917.975833998414 266.9388847562604
-921.4175861429675 258.5316846084192
-930.5742865114656 251.6495525203186
-939.6825618087648 244.61742176819095
-1043.8084504867093 261.22771425048813
-1097.7613940300942 263.7440459557414
-1105.0746215767037 254.49180880158994
-1112.3105597722733 245.12490411847637
-1120.446250192474 235.84995321098472
-1128.5054299140438 226.44313779516307
-1135.5040634129875 216.7176088198502
-1142.4192082134573 206.8800442404662
-1149.2493720253367 196.9311577667925
-1155.9930686323128 186.87168130578024
-1163.6374650566836 176.85262202312774
-1172.1852108776332 166.84673026391224
-1179.6558182292074 156.56356701985123
-1182.0736830514847 145.54314768170286
-1182.4012905130514 134.26536483051305
-1187.5945798582309 123.51159415760198
-51.769509507543205 4.890591513139634
-65.76312196230772 5.58675127159247
-65.81292935142154 4.965715475618481
-66.8547034994426 4.4100589567051856
-66.89335458139324 3.778771341057306
-67.92494093956967 3.194119339657183
-66.9527710900646 2.5152422073054166
-66.97353122213828 1.8831132831747277
-69.98780045804035 1.3068232648398783
-65.99718858930807 0.6091783870961471
-66.99999852581195 -0.014054934979049518
-69.99674096953409 -0.6754655016713904
-66.98779261938236 -1.2789214137786404
-67.97265290047602 -1.9283302806857252
-68.95092559240429 -2.6018954534584013
-64.92799594574039 -3.058650432775773
-66.89335458139324 -3.7787713410572894
-69.84858405772728 -4.601663300439045
-69.80247460626605 -5.2549537430488495
-69.75025509513706 -5.907784200807171
-70.68752909666188 -6.653813208122129
-71.61686198964159 -7.417889103823952
-69.55698458507403 -7.862944450507963
-70.4729526853312 -8.634983486438825
-70.38908082822377 -9.293938893589734
-70.29904756371288 -9.952080769107248
-72.18040614661118 -10.908206475413628
-69.11319748224884 -11.107021823138389
-69.99206082755198 -11.92104949709813
-67.90908679794862 -12.221126391158927
-66.80928628670692 -12.669619799379687
-75.51415747892943 -15.053638106698559
-1031.688231395736 -215.72063693475914
-1033.5323256022773 -226.21877007699487
-1038.194438893608 -237.43905965612768
-1039.8183674815873 -248.07007608320438
-1042.3043965461184 -258.9933299153323
-1045.644817190841 -270.23492794591317
-1052.72884199465 -282.59862921217916
-1058.708866544076 -294.85002272504255
-1063.5902511128502 -306.9605475263951
-1073.1277762904538 -320.6193627245643
-1088.2343093290317 -336.25449885342135
-1109.8090088561516 -354.3288922198223
-1143.485196224249 -376.9053011248196
-1161.6845537463146 -394.9911360869076
-1173.981392647306 -411.4652958851963
-1204.881836729331 -434.99512585746686
-1192.3231117758712 -443.11352622674843
-1175.9824411883467 -449.6068260343661
-1144.7348415848865 -449.98015785323776
-1135.8387235914497 -458.79777025411363
-1123.1835391836403 -465.95572462081884
-1105.9338573701832 -470.86548304405096
-1089.6138594542945 -475.88090661962616
-1076.0348107935017 -481.86106499757074
-1064.2568977225444 -488.4652041343227
-1056.9742733871672 -497.0205080252423
-1053.2285532081762 -507.2185078514111
-1032.3432383235945 -508.9876602507708
-1031.1579267973932 -520.3252156131797
-1046.733668938513 -540.4004314492356
-1057.602914021244 -558.4729861450534
-1074.3853397045386 -580.1182136668034
-1685.3108464347438 -930.2431676123224
-1669.658683405229 -941.8751939240767
-1663.4664672280314 -958.7905466825862
-1657.1039342171339 -975.6718460640838
-1657.427140435414 -996.6399922479966
-1653.2423934415374 -1015.0810748544654
-1660.7201019555375 -1040.965293831062
-1677.124672515022 -1073.002252020647
-1960.183619311514 -1279.8285739046512
-1924.948585329962 -1282.3969525214015
-1905.5501752980485 -1295.1040612327554
-1782.5325038039537 -1235.7746044009837
-1738.354883884449 -1229.1311149243124
-1710.6785073727735 -1233.4747846684422
-1584.7787474353565 -1165.1460516507027
-1543.5177145444552 -1156.9762594312217
-1536.7132325664008 -1174.2522901213874
-2025.1641879327458 -1577.4026156675102
-2059.0322801825573 -1634.6336192450647
-2035.2591826319162 -1646.7070351196246
-1942.7714966440324 -1601.862326115296
-1793.8729002968673 -1507.205698496561
-1757.8127633772629 -1504.8887961932571
-1746.819610855496 -1523.7274189075463
-1731.8906948310444 -1539.169783083608
-1720.532081753158 -1557.822311965695
-1711.9164633639998 -1579.1082997892497
-1703.0536811424972 -1600.3678199548344
-1693.221127068067 -1620.9066027536392
-1681.6990191741431 -1640.0272585871019
-1669.4570734261429 -1659.5870209143654
-1658.3992116914665 -1680.485957888706
-1661.7005270125926 -1716.412642264695
-1743.6585229390425 -1835.9408910370826
-1735.534356163974 -1862.8033977246498
-1713.562052171963 -1874.9146896208933
-1694.1874625040375 -1889.75470415981
-1675.3462926474144 -1905.1466609457036
-1657.0189038728251 -1921.108365555702
-1638.5394495439873 -1936.893768973427
-1619.2711116854896 -1951.7318122274992
-1599.8689175046065 -1966.3785105626632
-1580.3347640658585 -1980.8326616564327
-1561.2866944184025 -1995.8807223459164
-845.9007612530417 -1102.9741167006252
-831.6903183056775 -1106.2310854593632
-821.64816863895 -1114.9525940470562
-1483.6792910546108 -2054.22777736445
-1463.9325616955437 -2068.3465509453495
-1444.6213567818627 -2083.097245816846
-1424.5998620700598 -2096.8405358991813
-1404.4476310298426 -2110.391397749399
-1383.6204907496426 -2122.910817151234
-1363.7583693183747 -2136.9108802460823
-1343.2250727234978 -2149.877067184762
-1323.0902308874327 -2163.4990734757066
-1303.8446770509745 -2178.6486770761917
-1284.430148725821 -2193.6278611113976
-1265.3451404818281 -2209.302531447204
-1246.5661668376647 -2225.685016280527
-1225.6681056978618 -2238.401593699177
-1206.5281715607123 -2254.44866236301
-1185.3395115685291 -2266.7894128733
-1164.4799692607105 -2279.8215722267773
-1144.8184062670864 -2295.3465569870027
-1125.4037876072819 -2311.6027588751454
-1104.0661458799837 -2324.0841089602845
-1083.4334206154197 -2338.183274059921
-1062.6317334792177 -2352.100082692689
-1043.6002724769448 -2368.257264590578
-1022.9543978021792 -2382.6903491677595
-1002.8994876291443 -2398.7898235804655
-981.8765358777976 -2412.870379505003
-961.0441931970628 -2427.697480890526
-939.6590184210013 -2441.4128960706503
-917.7492577652217 -2454.0041360746286
-897.3914350720728 -2471.098867358262
-876.4584802257385 -2487.0845446909093
-854.9787254464297 -2501.94871630775
-833.9237128573956 -2518.527395351128
-810.798471529916 -2529.2176336892703
-789.6183935830534 -2546.381509616208
-767.6104012177618 -2561.454717917595
-721.7632468434352 -2494.687719035395
-679.1417057863134 -2434.0286652916925
-623.7273297977209 -2320.640691288379
-592.819695076138 -2292.5943402900207
-545.8676851869387 -2197.2083356542803
-450.2472886817172 -1889.0847993234086
-418.4235768884123 -1832.8452499608109
-395.1782558305088 -1810.3709968177122
-396.26118028300994 -1902.1635253049924
-403.6073886078018 -2034.3493003565516
-387.5348365831484 -2055.7920007711073
-368.62771011174516 -2063.3297388778583
-350.7774160667053 -2077.595775019184
-332.374357665171 -2089.7328265514384
-309.04665358707473 -2070.057768736571
-285.8480322885476 -2048.1491406723208
-267.47388812688 -2059.7054933097324
-275.0368043202714 -2288.532227491956
-256.8383131324412 -2323.849840438767
-236.5860140457505 -2345.0961724325816
-215.77011170357477 -2364.1741177196377
-194.69330280254084 -2384.0634466900915
-172.25037296867777 -2389.800370117168
-145.03713175406662 -2320.471768932463
-113.87476604290305 -2150.9878050929706
-93.62938523417169 -2157.9697723139384
-84.62525938749941 -2481.5574878437933
-61.52831028488127 -2504.2442506739408
-37.55565702766088 -2496.7175596421034
-13.621617360617554 -2468.9624240843523
9.776334955220578 -2439.9804145268963
32.6751537339955 -2414.7789410893206
55.46370595798097 -2405.360633526999
79.21587855693099 -2430.7095352148626
104.84478441298546 -2488.792593042135
126.89112632212922 -2455.7238529730294
148.25614620425065 -2421.4656956299555
169.47463403428807 -2394.008844682689
190.0235345446432 -2364.3762510055717
210.02358941033145 -2334.5719290463508
230.3651516675907 -2313.5593566833695
253.7994320040777 -2324.1836950452966
278.1649429526502 -2340.528415660051
303.5019346591282 -2361.577349073743
327.4849944893444 -2369.4762244817553
181.8959015392392 -1229.6189983093248
190.95034895544703 -1211.0383826426778
201.15398384246146 -1201.2747707266255
211.3636241625769 -1192.4120170397734
222.15843281117387 -1187.3961557672667
236.54884230002298 -1200.92491239316
520.4644992850014 -2515.7260790841306
550.3332976523081 -2538.0193579827433
580.6733916464804 -2559.9694162692203
611.7114159797919 -2582.5423798187703
643.4711995258828 -2605.7246238581547
675.7273731772518 -2628.533529772632
709.508444780651 -2654.826127411161
740.9096341871831 -2670.111217527954
759.1150712394644 -2637.947935160416
741.6365641817275 -2487.8085148718183
752.9144210775411 -2440.499103571536
770.6527966503457 -2416.0691767859216
789.2464137144287 -2395.323380764884
512.5853911718947 -1507.2226832015087
522.6136936917812 -1490.0053446769355
538.1050162853546 -1489.798305626818
555.2042311251828 -1492.049684742668
897.5889900095133 -2342.950064558291
921.190374206461 -2336.996425857207
935.7445814004287 -2308.562989909467
947.1458047568929 -2273.6059079205916
968.9775498554856 -2264.3876673123045
1008.8204358898375 -2296.1588203195
1035.7986946387146 -2297.2855861178286
1077.5839909578926 -2329.8716150104196
668.8833682129232 -1410.431153842021
678.9255616205072 -1396.7351509066702
661.5724330991546 -1328.374162562365
665.2349047266027 -1304.1313283306201
675.9000809545255 -1294.124831909838
687.3773621908127 -1285.7979475592579
696.837405790496 -1273.860914657158
707.5966488805361 -1264.4793325685619
716.2531749471043 -1251.5372105447736
727.2516626014799 -1242.8616251390913
738.6629235985308 -1234.9486164617826
749.9892876371666 -1226.9311587980376
759.6405957031193 -1216.2656639730524
768.6184225779585 -1204.6853201038728
776.8980237211039 -1192.2073899864247
786.6709509641843 -1182.1796880800762
796.3229904520427 -1172.074526161846
806.4234691520664 -1162.7150073860516
815.8398776635923 -1152.4535973365066
825.7192576117993 -1142.9294412206814
834.3042222427612 -1131.712182822073
842.7499939477582 -1120.4358293543874
851.0562331764268 -1109.1020187392824
859.2226189904994 -1097.7123899342246
869.1206091579164 -1088.6130472931932
879.5545115266931 -1080.200380139278
888.6293040118769 -1070.1490363736107
898.8846511698606 -1061.5495202256172
907.7497280084363 -1051.337924408993
917.1624184415125 -1041.8047313189338
926.7825332694823 -1033.2560844372515
935.7629338216874 -1023.7757233327172
943.9655168856486 -1013.4861138322569
954.1227104445373 -1005.3088348432881
962.8191463075198 -995.5924324258691
972.119198739319 -986.5136914622241
982.7507368757636 -978.7594133238994
992.6070887804326 -970.1933659342525
1003.1108147344413 -962.2207092776612
1012.8240660357523 -953.4507912099115
1021.7264679062198 -943.9046693283599
1031.2797607744185 -934.9470867471903
1040.7548469047042 -925.8932706550825
1048.6440883725224 -915.4286296164006
1058.7070690650526 -906.8491285278307
1064.107968685308 -894.3009733755342
939.7466401904732 -774.8549878852929
877.0027295246671 -709.4013056136023
867.1706079748045 -688.0873030834153
860.1737499386865 -669.4782445430308
852.1103077741878 -650.4552431835558
847.7695432887627 -634.6398990545446
844.8201661531073 -620.1474718653913
844.1091645989568 -607.519315116854
840.7848596427635 -593.229988954957
841.3798158160845 -581.9011991199982
839.3533359490586 -568.9305558951695
838.8241605550587 -557.1561968327204
838.9865820373324 -545.9876511069775
844.0730835258321 -538.0907262415824
847.3887838245729 -529.0871847326405
848.9036467327786 -519.0256241880451
846.8724904926939 -506.9279878313111
851.5921165487872 -498.9587828989052
872.7195277284944 -500.3964687338967
886.9703077570722 -497.5667524637518
892.4770208382049 -489.7027335800386
883.8154219751465 -474.21440285897455
871.4006186526578 -457.07435041989083
843.615323073787 -432.454837728878
851.1650743585569 -426.4059288895877
856.050581407156 -418.79159742343234
862.6728566187521 -411.98488134061665
871.9618824356974 -406.35757108634647
876.6692946539856 -398.52220491571506
881.3063992256474 -390.6341391685112
891.3806366385559 -385.07344835218476
901.4278522913855 -379.35712345142537
913.2966550892111 -374.2435300748146
924.2196366950476 -368.5689394770999
932.3192495507466 -361.63630475538895
945.9840690903654 -356.7003518742792
976.5395081697394 -357.7297708936223
1015.6759220417539 -361.2290428310453
1019.9858837128616 -351.9514128775348
1025.1594555094277 -342.94181835934467
1036.9127260177568 -336.02380663045955
1064.8467617930535 -334.00205672846977
1071.7799959695803 -325.0963553155376
1067.123917527852 -312.7147976032001
1065.2170399103763 -301.2667553590597
1087.3090952214334 -296.45898780227236
1099.7313655865862 -288.721186519213
1098.5295163779158 -277.3479793445453
1094.295759889258 -265.31639581524405
1083.115179182702 -251.80450477309458
1083.4916528429032 -241.13448160674446
1101.3696372882628 -234.22408513968108
1120.1923589509522 -227.19612441214983
1144.8703264967032 -220.97044034741947
1163.6268229436157 -213.2172997815772
1194.1608489756284 -207.18075869589438
1188.1685677788603 -194.60589544598102
1164.256005789986 -179.42116090904136
1145.1135647666965 -165.42044549362194
1122.8393011277933 -151.39651199036516
1105.3656805506496 -138.42944867620878
1085.7622293659406 -125.57619711674094
1068.005310990189 -113.31661703717583
1050.1153747710262 -101.40364721994773
1034.0747293953907 -90.18566419253935
1019.9200821793695 -79.32229174215914
1001.6632546401424 -68.45965456907616
986.2888622816787 -58.12297427964067
971.8088726961279 -48.130187503074616
958.2287161330993 -38.45422704869146
945.5533058228226 -29.067952241803912
929.7879491162572 -19.85874311693405
915.9342886205093 -10.971733192233721
905.9969348663916 -2.35669529286621
894.9794550775943 6.06423853524949
880.885071959257 14.229898078861988
869.7164987958784 22.208370544434413
859.4761112364224 30.013567164150835
849.1666978429698 37.62870280073995
837.7923615978365 44.999542756788856
828.3514530751273 52.28642451272611
817.8509638347538 59.32791041798294
808.2887892033048 66.25883524674659
798.6693341089351 73.01571580139554
788.9950211026886 79.59809467046263
778.2743115699484 85.89584361494391
768.4986362737798 92.11865199480889
759.6672100973901 98.29409902353106
748.8072693170085 104.03688489187418
740.8747519105109 110.02546060589327
732.8963758446104 115.87451088930473
723.8878361633892 121.41828797461348
714.8404653317822 126.80342709974792
709.6882359560798 132.76523545547434
700.562679329908 137.86925810382994
693.363147342577 143.21852501403498
688.0801851701732 148.86792393319726
681.7772242311235 154.21029965506327
674.4617544089308 159.2179067806984
667.1128335613392 164.10200272318698
660.7009032404276 169.11036768123677
653.2877287835065 173.7559881583586
643.9181364701747 177.745417732153
634.5318472746366 181.57459842785627
628.0269263386665 186.03005078106932
623.355872927396 191.13203731170793
619.5981172282627 196.4641777199903
611.0440200059903 200.18542807836644
604.3704863183995 204.40233674608848
598.6167210181725 208.83970244532378
591.8926282667596 212.84763706338754
586.084701898641 217.09380967770852
579.3155834921664 220.89240530885343
574.3896249589828 225.31213624542957
568.5048982263672 229.28406113951266
562.5969947989873 233.16436572329889
558.5073476235116 237.73628803897398
553.4655022133103 241.8510654509676
550.2211688160062 246.70967834024677
543.3004701670039 249.85715742462241
533.6566899597279 251.61585256344011
524.929837888219 253.64870450023608
520.69434639981 257.7564696128394
515.5364817074815 261.3544260743859
511.24517366597325 265.3382226578916
506.92493271352237 269.2640202355131
499.94058341797603 271.6991222873084
492.0822617556751 273.53984657709236
489.4509573053621 278.22070446475516
486.77512823687744 282.87625303296767
482.3354619522809 286.4847328275623
478.7262689260832 290.5531955427637
474.23354309434114 294.0519454181313
471.40741362446965 298.5616358139273
468.53840093048433 303.04416650631094
463.95785286236645 306.3969823078268
459.35612299897474 309.69009067671306
452.2625525580243 311.22272338905515
448.4553047603945 314.9473600973052
444.618224621355 318.6277362919843
438.33009634081566 320.4929432013305
433.65027206465464 323.4631996661305
428.9538094266834 326.37345078657444
424.2414262839964 329.2236507672564
421.17065190966457 333.14303530163767
417.3627677109614 336.3098573170969
409.6673258912818 336.2628170004622
408.91193533096646 341.8772135487879
401.236093855336 341.67030451549635
396.6196576545014 343.9736140491392
394.2430289799268 348.2074584220341
391.8222026488788 352.4263916215426
386.4075783351748 353.92821787072273
380.26672550986 354.6790344381928
375.59429304572126 356.72528229925734
371.6348924841356 359.41133355572555
368.37019824335795 362.75666368262506
364.3692497302251 365.36427007992023
359.651608247992 367.21481544816913
357.0100745081973 371.17220625964364
352.9529668589806 373.6578691603369
349.56023061702564 376.8337102369848
345.4654976522167 379.2394888878349
340.6891815256023 380.8567730675341
339.21169469958903 386.17538266833213
336.35947211892903 389.9837246807556
331.5273048863817 391.4826255592604
329.2529396198615 396.00189614657126
325.02680767936107 398.18786306185126
322.0387505749268 401.8905860158211
319.0102575641945 405.5717637716244
314.1081584564748 406.8563195909363
306.79331346215935 404.8973484908356
303.1200219368815 407.65457473329604
299.42195195291544 410.37847737022713
294.5352349189169 411.44257848606094
290.80326776965836 414.08870964382544
289.31667941803363 419.9950702216905
286.0674197218371 423.4222849280494
283.88440076522903 428.49229514912724
279.99871928437045 431.04143327424146
276.0901493890342 433.55533604182614
272.15901058413834 436.03379795362525
268.20562421948927 438.4766164084855
263.6147025498455 440.08668305182385
259.99160674064564 443.3963964946236
255.83188412253284 445.809429090856
251.16017663915648 447.3114861822662
247.44562332889768 450.51821660768974
243.21981923270596 452.81355935131825
239.4376527189004 455.9546144743611
235.16133706321233 458.17479803088503
230.4161564366075 459.4609829495654
226.54732834206985 462.4946572892171
222.6418657755961 465.49607904252156
218.277016847256 467.55870638483754
213.8930613527868 469.58040664526555
209.49038303545564 471.5610028571681
205.864209786232 475.33559421643383
201.40803827935244 477.24082193004284
197.31441873256915 480.02918677954193
195.4152926869324 488.353215801924
191.2005972555332 491.0919787668369
186.5976533903412 492.85932653163627
181.97837596674026 494.58353256098985
178.016198432169 498.1478024600315
174.00319775784084 501.68106120327656
169.93960893569832 505.1826692541836
164.8958108855524 505.7997346306106
161.05955263430937 510.1811643967622
156.27933267052077 511.6656820425391
151.4854330191161 513.1054117654684
147.77493329458068 518.3469582140732
143.1840525874238 520.6710353809225
138.30647347240622 521.9878536859135
134.89919665269326 529.0729692041145
130.1813645565164 531.283175267393
126.3495395623064 537.3451347620012
121.75625036398873 540.4548228088095
116.9051551389819 542.5478639732448
112.22701971354375 545.5768470584285
107.69471680115213 549.5469479244878
102.54853266072072 550.5304700460576
97.74120555303642 553.4353229936079
93.26470574207514 558.2631052316141
88.60465864758409 563.0712339180054
83.71588103163752 566.8515248838065
78.76350760801503 570.5894407271153
73.62053399139809 573.2922613945015
68.55146238614283 576.9416755658419
63.202746284403595 578.5580462340051
57.82958580848909 580.1247615860045
52.52222419294676 582.6374652953806
47.57431632374812 590.0853196160094
42.34836184190564 595.4961093485892
36.96282116716654 599.8622757361594
31.550553926655123 605.1781246434153
25.955817033795906 608.446625072494
20.30208952724771 611.6631631550388
14.566133042620178 613.8271969929198
8.876697759147353 621.9366561289766
3.0207714582687952 626.9927231952512
-2.925324972038322 630.9932190394821
-8.91861008372172 632.9371678090761
-14.99599242425451 636.8234607889472
-21.2136266330622 642.649968524914
-27.50030908218368 647.4161976660642
-33.878985781237894 652.1205519859305
-40.410365223155424 657.7598364011983
-47.05136421280893 663.3333770629317
-53.88149918874669 669.8363860265976
-60.48034251364076 672.2850051647981
-67.2292868227829 675.6635427439459
-74.26431080291454 680.9624161001605
-81.52328166210823 687.181165739458
-88.77920605544736 692.3310281737807
-96.13971915681434 697.4045844418065
-103.74994284074943 703.3896141972393
-111.63709654779143 710.2803380879827
-119.3344992948087 715.1113740376791
-126.9592171774314 718.8750636749711
-135.2153404902638 725.5072788718953
-143.22306981097162 730.0843459997766
-151.73286629702042 736.5331881763988
-160.45303214624823 743.8923473696144
-169.20493512508685 750.1537775211928
-177.63030296487096 754.3689253068476
-186.14984124808868 758.4914215752947
-195.9999207648746 767.3643404929387
-206.0331946123042 776.1181113193071
-215.71696130967567 782.8219418254191
-225.27017719199634 788.449964974244
-234.94819328608872 793.9668421739051
-245.6280460421002 802.2392803880523
-256.48406956910503 810.3801096135508
-267.2040216971906 817.4362426445547
-278.0791742646304 824.3615546835632
-290.09360214964676 833.9872313122321
-302.31338895098736 843.4587214920296
-314.39044171121384 851.8348725901211
-327.36160899497105 861.9271297251431
-340.18623132702055 870.91809489499
-353.95375703689774 881.5989665825754
-367.57058043294035 891.1721878515909
-381.00841957259854 899.6452546502932
-395.0364043640304 908.8604068981871
-410.08548821685696 919.7167457179096
-425.7890514959198 931.2785209732934
-441.74584162141576 942.6248518950617
