-457.9954795036461 954.8408981365562
-475.6454211549573 968.5052572569357
-494.2357809115323 982.7161303584917
-513.137280865287 996.6599876518468
-532.8126670145333 1011.2169212730075
-552.8090431125671 1025.4887429186963
-575.0540881925629 1042.9735354518925
-598.1700679269436 1060.997912267633
-621.1786924807258 1077.8093671925178
-644.5584175336468 1094.2780480236827
-668.3047941429212 1110.3984429589173
-695.5558740613267 1131.2762819306272
-722.7292574459892 1150.8881007428868
-750.875044104602 1170.9259874735517
-780.5593888848196 1192.2046973669233
-811.8240147211844 1214.686284240494
-845.8369924501374 1239.9841862713033
-882.1141583027674 1267.2058284753114
-916.664613241296 1290.5870706121245
-954.6691231682125 1317.47328825644
-996.829558302653 1348.576965432132
-1041.468438728375 1381.3918673326123
-1088.0348517883435 1415.063659802596
-1137.1808916074938 1450.3339683544564
-1188.3386559674998 1486.3580452681501
-1245.9642279588045 1528.5146851263878
-1308.3262686312066 1574.322512959001
-1369.724685436602 1616.7916644099826
-1441.1915630173169 1668.8294935935498
-1519.0483881740083 1725.6572644606888
-1598.7736939762735 1781.897492969071
-1688.4684085352587 1846.3689862479848
-1789.0671294242063 1919.5350495403386
-1893.262542213566 1993.127679365029
-2019.1762675718114 2085.7459577989766
-2150.5170218244166 2179.7065258523776
-2288.0637381284664 2275.5863706441883
-2311.6686006675145 2255.9007692467094
-2322.8270186804934 2224.214612236843
-2321.9327545026395 2181.5646411618854
-2367.4966197717304 2182.5122577821717
-2384.6649493958116 2157.783371685645
-2405.8098271971703 2135.6891335963483
-2422.97948339365 2110.104126116397
-2437.5994388678714 2082.4372681142254
-2457.278094690465 2059.1795369404767
-2474.417257984279 2033.8309254678868
-2492.8538310929744 2009.5979142119647
-2505.5621514009554 1980.8569623945625
-2524.2724543566665 1956.9579903963627
-2541.958704868989 1932.2771392170355
-2554.5929985094817 1903.8515204622277
-2571.7618696955847 1878.9001797806793
-2589.500321849895 1854.376737111229
-2607.0049348735556 1829.6858390294567
-2624.2741280509904 1804.829715192603
-2639.647750816166 1778.6929897009084
-2667.280289751217 1760.6907326116823
-1835.7277835350917 1186.8864750924326
-1833.4052941746033 1160.8294565923698
-1840.95376417039 1141.2472292132286
-1848.29593586361 1121.6265570456424
-1055.8249322455015 627.0707395890691
-881.03346370404 511.99710529812774
-866.7335102383922 492.72915707296517
-843.4086635415014 468.92091685393876
-865.3981192108497 470.4371321083446
-865.4140767625446 459.84614355372435
-867.9697795292903 450.67999936082725
-871.321419778961 441.95925540073927
-860.2483081365704 426.1136566083844
-875.0619182929775 423.14375707720717
-874.5215758457847 412.675433458554
-875.6784685054677 403.09207359599446
-879.4693818733099 394.75258877856413
-881.3485512228024 385.5758437162102
-881.2930371977677 375.61493924860605
-884.8225908841534 367.22334166152086
-887.3450273281773 358.4240539862751
-888.8494835398304 349.2443207998904
-885.5889458403444 338.2842281357313
-884.9376898754126 328.66591706163865
-886.1082496626586 319.6500741119569
-890.0191161855147 311.6327531315593
-896.6981236088145 304.53485041359585
-900.4724151727825 296.4007920247448
-904.1729392618947 288.2226498846092
-906.8436221612997 279.7063548533961
-910.3924008513625 271.4510572314872
-920.5926972288735 265.0907124153311
-922.0815905187611 256.15335333817484
-931.2117880172551 249.28017542056344
-947.0723018853181 244.00421103260706
-1060.953444300261 262.7294978250692
-1101.3204551490944 261.75800860755226
-1106.6586137188401 252.05497948244297
-1113.8655677940153 242.70042621082456
-1120.9940207126267 233.23251387089869
-1128.0424768423973 223.65189567555575
-1135.009445932423 213.95924295102063
-1142.8778342210744 204.33124099399495
-1149.6789927137047 194.40733965774353
-1156.3941405714393 184.37351125376458
-1162.0328468902326 174.08234473426967
-1172.5314849564113 164.39561060415522
-1178.9836122550573 154.0085777936307
-1185.3436380745775 143.514667111501
-1192.6039589047912 133.02555094649836
-1197.7816319798847 122.20950082380647
-1211.8227086676652 112.13707128939599
-1203.8546236638251 99.99022493839172
-54.85165335369007 4.036845843801881
-65.86463176553369 4.224959454320399
-67.89846740505078 3.714582620599089
-66.93142290567128 3.0306150897437343
-69.9550381343459 2.5085134287485946
-67.97623528846543 1.7976195390534608
-65.99042533516804 1.1241726218029142
-69.99796304698098 0.5340124282107951
-70.99988801464133 -0.12610276915962185
-69.99562451680123 -0.7826547789247412
-70.98514986071127 -1.4520672341049952
-71.96801351041827 -2.145933681233833
-70.9455535513905 -2.780005627113418
-68.91879304295828 -3.34663495199064
-69.88279171987917 -4.049126008904491
-66.8486280668621 -4.501213789450201
-64.80945269684274 -4.973413428994567
-66.75270378236506 -5.751220543834542
-68.6868993791713 -6.5658094455746525
-68.62246454323575 -7.2081453933971
-72.52605325337726 -8.304914177057258
-72.44517961272949 -8.983092500879877
-73.34916958135784 -9.79281990670757
-73.25433931472983 -10.478634050410683
-73.15309683439936 -11.163530961886062
-73.045451002482 -11.847450689663262
-71.94585163022847 -12.361004538513447
-70.84312300611728 -12.855034917888636
-70.7197528420437 -13.517268879483451
-70.59019232566538 -14.178319626301677
-66.54031653132795 -14.013788777867507
-65.42973043624526 -14.420484563296785
-1042.7222042945373 -240.06333470803295
-1043.3476697649419 -250.50876231394713
-1043.8687016878218 -260.9868457156057
-1049.1238766249342 -272.75463606595247
-1054.2495523609768 -284.6434284270058
-1060.2068754526097 -296.9215068717899
-1067.9467463279366 -309.8931219107222
-1077.4512444634813 -323.61059284902194
-1093.4764661152087 -339.60891927656274
-1115.9602653008046 -358.07357661485975
-1152.4312917742384 -381.70422808708855
-1167.735716277966 -398.9352039226244
-1179.9872346025718 -415.4890205227754
-1208.9513747397252 -438.44335268644306
-1190.74362322935 -444.4891716776008
-1176.2639696009815 -451.66699438695065
-1141.2918748378734 -450.535077911867
-1132.393431202746 -459.31374567812804
-1120.7008520396002 -466.71790220401215
-1103.4352115531644 -471.62562897347186
-1088.9239051433592 -477.4575675464116
-1075.3125513280013 -483.4706991705542
-1065.3171782489467 -490.94634098616297
-1055.2762708825528 -498.2780269209281
-1055.9946553237125 -510.69001158016926
-1034.1689395576125 -512.0650392814212
-1034.7103669386393 -524.3800687952454
-1051.9788527564986 -545.4956400862623
-1063.6414634024777 -564.1656116168687
-1089.9896300962496 -591.2043693027317
-1680.0076819514559 -931.565987240891
-1666.9149519330913 -944.6960056133928
-1661.5120596111772 -962.1734125232435
-1653.3459269358352 -978.1044146126136
-1653.5860377872725 -999.1382364993289
-1654.428070392588 -1020.7858540835374
-1661.7784631937188 -1046.7990921210824
-1687.2911811030178 -1084.9352377778052
-1942.1492820779936 -1274.513697895764
-1926.048860090449 -1289.751832153877
-1884.2368313814839 -1287.3133120050713
-1768.802752436573 -1232.7501056470462
-1730.356345366438 -1230.038990459288
-1706.6891934006107 -1237.2857378671965
-1554.3777464702425 -1149.0860808825814
-1539.6232099907465 -1160.493158643251
-1537.4781021947347 -1181.4745385625865
-2045.979526526561 -1602.7379002925431
-2053.636302264423 -1639.805457370388
-2030.5298359784765 -1652.5351993834265
-1893.4500952565852 -1570.492514077297
-1791.6875864170881 -1514.4542227082698
-1752.5117200294858 -1509.5269693381745
-1736.8836728325339 -1524.452723782462
-1727.8383382479728 -1545.218003027561
-1714.8606599691213 -1562.5789314112324
-1707.5722757278384 -1585.2750307645833
-1697.8298386935487 -1605.9087268091666
-1688.6277626901883 -1627.1328400201164
-1677.3126408933886 -1647.3686001315086
-1665.7647391441467 -1667.53615667668
-1657.484088042793 -1691.2038605339542
-1683.5581771661687 -1750.906297920288
-1747.7538132425975 -1852.718437403795
-1727.2868430911817 -1866.367906304676
-1708.063145722334 -1881.2765055209522
-1689.3774230893187 -1896.7350691006093
-1669.8943079295116 -1911.2553467144617
-1651.589503436954 -1927.0952524815361
-1632.4909833357956 -1941.994384473685
-1613.258559502842 -1956.7045817370629
-1594.5228529557398 -1972.0022493399667
-1574.399475111734 -1985.5533971081957
-1556.6180033713613 -2002.0580390138937
-837.8387580130744 -1099.0678848784132
-826.7195059492497 -1106.2078730885207
-817.9042131211869 -1116.4625825161415
-1479.123102804764 -2059.9735063221583
-1458.2576031640228 -2072.3515056124816
-1438.9935992249152 -2086.9888407439375
-1419.023215640173 -2100.618507362587
-1398.9237456456226 -2114.057083871867
-1379.240882361103 -2128.142520702917
-1358.8807079192204 -2141.2004160388533
-1338.3969181410962 -2154.0635295901593
-1318.83064405332 -2168.4394693663703
-1299.1118025283465 -2182.6379737674206
-1279.2419997652078 -2196.6574393921123
-1261.2027688330238 -2213.9719004287103
-1241.002689650121 -2227.6472620864297
-1222.0913314028219 -2243.773111905497
-1201.5752948009424 -2257.092335489186
-1180.9162768037406 -2270.2241623196574
-1161.0219739904326 -2284.9501035933718
-1140.9540312995985 -2299.502750261716
-1120.2780418654468 -2312.980135866739
-1100.3032441107662 -2328.080275892419
-1079.3048033714895 -2341.19310212106
-1059.1919194459908 -2354.747646305293
-1038.2910444704125 -2368.406153296461
-1018.7968420155056 -2385.5584240800376
-998.3016970291004 -2400.7069212439947
-977.2349211346253 -2414.7540058803097
-956.3571167763871 -2429.5477079471307
-935.6432048542451 -2445.0962748346083
-914.3710061385925 -2459.532813998036
-892.9083504810922 -2473.785495478768
-871.9178594280985 -2489.7395940962024
-850.704025718668 -2505.5176432478083
-829.268304631326 -2521.1168316708145
-806.398642798698 -2532.7228882948125
-786.3257551741743 -2553.678876983119
-759.6527004219101 -2553.3945591587876
-715.6687883469023 -2492.281522096988
-675.3228959501739 -2439.241682614798
-619.0526657738778 -2321.892072642106
-582.2241954000507 -2270.5398006400956
-530.1714692335993 -2152.6744327024203
-435.3687803537955 -1843.2824051385205
-415.34210685713117 -1836.6218811370727
-391.46833374112106 -1811.176839427324
-398.8116428732643 -1934.3149364849376
-398.8323607586276 -2032.2336844004185
-383.8286045363736 -2059.5389295518694
-366.9492569829108 -2078.862487708047
-348.42055572504324 -2090.158873470687
-328.62455301116137 -2094.374823941076
-302.228612864597 -2053.8826318867254
-281.80885177450506 -2050.7276199099515
-262.9970551531765 -2059.2737916510173
-274.6416936804469 -2326.8478549514866
-253.6217309771788 -2340.2974207515035
-232.6648513940821 -2356.54218441465
-211.50980288923222 -2373.594869239854
-189.73349893510667 -2386.4696099849757
-166.54514443220162 -2382.1852813889304
-132.795997687537 -2200.997551792862
-109.00904878815412 -2147.2347396785244
-93.36364450855912 -2251.064688071864
-79.91297420857472 -2503.725008173449
-55.83333789781314 -2496.375700566561
-31.92692469294069 -2490.7953893243925
-8.05358929256143 -2460.986822333575
15.24780540648824 -2430.9521806136554
38.16494144273174 -2412.6981653834514
60.88719166202899 -2400.2278537446214
85.99235987496316 -2462.498997775052
110.38080525491657 -2481.5463078152047
132.55004789853749 -2452.420535879215
153.7290079956642 -2416.1143168527165
174.66531136727951 -2385.61439235367
195.1986648837374 -2356.9307332265
215.2005842595441 -2328.0748932399815
236.09130175042603 -2312.9820356496048
260.2667632512259 -2329.5057870601504
285.0199986440782 -2347.7624667697814
310.27520600325795 -2366.748464991503
172.0728464887731 -1221.943916675905
183.28133963809276 -1217.279323138476
193.4665882790213 -1206.5880321052732
204.30325862548034 -1200.7431775842035
213.80607245650097 -1187.9124392735037
226.25365567859473 -1191.7123324410434
242.5151127312927 -1214.0141762339222
529.1175811750849 -2523.1168394054657
559.1837964299731 -2545.2994876458374
589.4972300114257 -2566.160948929131
620.4924654150968 -2587.6456674674555
652.920741779456 -2612.6506664600543
685.3787662899858 -2635.3339345742916
717.5458145274614 -2654.7368992150846
747.7138976224783 -2665.098108382166
758.5933210085162 -2607.909540862426
742.2008760319012 -2463.6287990721084
757.9443174170272 -2431.6104564044044
776.2116917151756 -2409.036406874057
795.3806517491978 -2390.1319249830167
516.4232470693596 -1503.7975362017119
527.0086543522463 -1489.5173306268828
547.5245870680529 -1501.2730686174177
872.5196339384623 -2322.5138295372735
904.6289538307656 -2339.1687531879898
927.8980231202942 -2332.188941464531
940.5149370955078 -2299.0623421517375
953.7424863642719 -2268.6772070313787
979.9503197471063 -2269.467199769044
1018.4196158047695 -2297.3877526756482
1045.509618822699 -2298.37652201488
1105.693607656263 -2369.7397844464017
670.6320874663076 -1401.8447143890735
668.719687351677 -1363.8823188780898
657.6098033535593 -1309.112045064628
668.8390259929371 -1300.0378291837585
680.4205279025567 -1291.753809829414
690.9554076743414 -1281.6070476575824
699.9089123800377 -1268.7507692100103
709.6618680201325 -1257.5834099884494
720.264378547123 -1248.0786133077222
731.2578466149197 -1239.3477969335768
742.6664385842446 -1231.3775054793693
752.9399573943547 -1221.5999429268927
762.5611920310637 -1210.8928228411312
771.5050710058625 -1199.2730820844097
780.295958330983 -1187.593877305004
790.0478559004639 -1177.5178917481805
799.1129663588456 -1166.5395265472862
810.3322931162119 -1158.774168996281
820.3142474580243 -1149.2730465026034
829.5996158102168 -1138.8790442569136
836.9712634952294 -1126.0053748020919
846.5891432622703 -1116.283038709473
854.2616329684128 -1104.1073600144784
864.256413851112 -1095.0277855457437
874.1555702897995 -1085.8582038789943
882.6891533194794 -1075.0538863759996
893.663797486026 -1067.2530239183468
903.2712880793922 -1057.8194459034091
913.4366702802209 -1049.0540736241305
920.4695979986692 -1037.5474539317074
930.8934384907677 -1029.5539840993454
939.2153965768249 -1019.249939334331
949.4795618089659 -1011.0675356805076
958.2900666861044 -1001.3371800201676
967.6997339397702 -992.2465545079498
977.7280917080291 -983.7767931217813
988.394301319385 -975.9086561350733
998.2807761829778 -967.2308369275204
1008.0914308210309 -958.4532680862467
1017.0940661110789 -948.8944412744931
1026.0060674306965 -939.2510578090381
1035.5705850109389 -930.1922185549081
1044.3052189534362 -920.3752548100235
1052.9467941204607 -910.4762757762799
1062.257108372141 -901.1430717221643
1043.0452757379587 -868.0469761255581
898.5879235614042 -733.5800867182833
875.8106566021568 -701.312835888592
865.0900455697256 -679.4256493952595
857.2047656641039 -660.2454011371444
852.227595772992 -643.6863560795628
846.2115615774818 -626.685721117531
844.8067924009929 -613.3820045560072
843.2269114186915 -600.1611249150466
842.293511263344 -587.5973458786781
840.3731247966995 -574.5406957904992
839.1127596660098 -562.1296794919242
840.2016240229502 -551.4401427074355
842.0049856950938 -541.321165358057
846.2311706035587 -532.8159212138193
847.8182186324301 -522.704761940173
848.4339456712987 -512.0945614167678
848.9252887442022 -501.5195451132218
863.1448422302544 -498.98895912766363
884.3548432395346 -500.1724814889142
888.1619031062514 -491.3180577494395
896.2785132141729 -484.8152501217259
879.5986597944411 -465.11417704454357
849.302739123708 -438.88592745378253
844.4094466108223 -426.48409873570284
854.666663633799 -421.6086978147756
861.3026184408334 -414.84189695227747
870.6016594815984 -409.26366868790956
875.3267582505615 -401.4624095610485
880.8948998989858 -394.01671960965786
888.2335753088233 -387.30106596045516
895.5235677894973 -380.48198319180585
908.3076743945303 -375.85391927715716
921.0832264293729 -371.0184496631623
929.1921764426615 -364.1509292007225
939.1219597548193 -357.8755994843287
961.2062935235662 -355.9599152863813
996.5100729445202 -358.3973695775501
1016.8360044065824 -354.9275139270788
1022.0282779262366 -345.9757204185451
1032.8430278861786 -338.82780249989867
1046.4723377472317 -332.4148708012982
1072.4979898165395 -329.59378307165
1065.968733059582 -316.63016302833444
1060.2525152643193 -304.09472845757205
1077.5266584757733 -298.09444857969817
1093.8142820589037 -291.53784722393254
1102.3235890198182 -282.7131144649412
1097.1699263302137 -270.403684805798
1084.0976051623006 -256.3754716843338
1084.5136933679464 -245.71131210714682
1087.757204140433 -235.6974010051629
1111.4729004379867 -229.89778509583232
1135.1739355124587 -223.67193863593218
1155.9056416529759 -216.4674284848001
1186.4467137225045 -210.6399665236144
1193.3090834648017 -200.28337754390657
1172.424987157667 -185.4417684566904
1154.3366378937624 -171.45240277151268
1134.1095529996896 -157.54530077042588
1113.7248329154768 -144.03470605167868
1094.181059627483 -131.04124828647906
1074.4931756995247 -118.42894652554358
1057.651534900719 -106.49990949363732
1042.659856083202 -95.23352620037033
1026.5660704118472 -84.03632000021273
1009.3580047382673 -73.07816548589591
993.0342349925826 -62.51406347931742
978.5996816288069 -52.37044124310836
965.0625213081744 -42.54797252877653
951.4284007415474 -32.98481866527882
934.7019568868665 -23.606181221504023
922.8841361372463 -14.624338146005426
910.9811082707041 -5.8668879211687655
899.9960444262879 2.668336004915206
884.9322937163441 10.946941944214972
875.7923367050879 19.07309541322813
862.5805442677985 26.90361779888862
853.2967841606356 34.64964849919173
841.9469152961539 42.12353051788229
832.5293867776032 49.50575877317657
822.0506339490355 56.645875613223076
812.5090434612265 63.671455878774175
801.9126456505471 70.43513857259096
791.2617749938541 77.00521692440897
779.5647922187857 83.27505468555097
769.807432409408 89.56292205614284
761.9858834963826 95.9245190357356
751.1405292458338 101.7443134739661
741.2436271559656 107.51225604863801
734.2702120582687 113.56168228722714
727.2490987562462 119.48953242116131
717.2263533410924 124.78124086992624
710.119820401753 130.43711386174573
702.9708649524869 135.97044909814971
694.8011888957674 141.18182570369396
688.5523897150066 146.6683558841295
683.2383350817469 152.26745376055445
675.9322812988264 157.326256861861
667.620233508466 162.0253801418204
659.2801864315305 166.5822192756669
654.78281128338 172.0129938342841
649.2771063215487 177.1108105303467
640.8470732261 181.3036920129917
631.4611520926884 184.9886845127958
626.7945903590977 190.1408464706384
620.1792354420127 194.62198212576226
613.535897487473 198.994227288736
605.9178235705995 202.93987060079604
600.1711733199945 207.411578065693
594.3947251159708 211.79214044508254
589.5284342166955 216.42602720100774
583.6927029410137 220.63279115628626
577.8307361391777 224.7479485398164
569.1583097777001 227.6572388723706
564.1831800264016 231.94253464014952
560.0995842612188 236.5427143465
556.8972101341873 241.4839484205087
550.9107774695135 245.1658933618953
544.9051499424297 248.75565836020326
537.0701743565265 251.40530586415682
528.3331999001465 253.49562103372088
521.4007082376825 256.3246017245381
516.249115120726 259.94393845032715
511.07619566892964 263.4883720784922
505.8829095787659 266.9578277483584
500.6702160088743 270.35224208729466
492.81307129218544 272.2210072047404
489.31976384846087 276.4238931555782
486.6571471426282 281.08507810803167
483.08900881987813 285.21221845746317
480.342733633037 289.81348872324986
476.70138168824707 293.8635613622692
472.18036085281466 297.3376982908587
465.9544731343798 299.67053403039574
460.5632752594899 302.4606908050223
459.31445026924405 307.9597957101903
454.7015242340042 311.20334808493516
450.0686922072363 314.38697857078625
445.416677037076 317.5106042595257
439.1287840731225 319.39773167394435
433.648827185136 321.78982998372726
429.7581071513085 325.31364763520827
425.8397077019519 328.79255366312077
420.41539223755615 330.87142211097927
418.17990484968425 335.29325549421515
414.3497659499542 338.43651023082333
410.4970640892482 341.53793401920615
407.3851359166691 345.24390079211685
401.21173833434693 346.3078702870201
397.30591462232604 349.2692517329818
394.1244656506956 352.8553607011713
387.95480329406877 353.71750112351015
381.8021252362689 354.4970199664144
375.6674202417201 355.19429805239116
372.43316606274414 358.58407217343114
368.45426734803794 361.2443118901951
365.87316819382977 365.2749988649778
362.5479632402695 368.57560194664563
358.49822023301874 371.12669816352206
355.1202890616045 374.3602279847613
351.7131938230385 377.5630136689738
347.6022584815156 379.99693406467065
344.81263274018164 383.8753030643996
339.33531654502485 384.7343797287783
337.79880375772024 390.0614928185724
334.8979039396761 393.8684982793261
330.67401085643036 396.1195508228815
325.80301689907475 397.5530080120904
322.1869487527618 400.4891634656115
319.1641574005282 404.1772391300762
313.650535893318 404.68177786235253
308.75954294748357 405.9156866134408
303.87204406208076 407.094314425457
301.9430714926848 412.25159984839775
295.8605763315149 411.72262431494323
291.5411620194667 413.56952359710823
290.05630790986294 419.48461025608407
286.24295986082836 422.0959226646382
281.2986293404501 423.0071880372532
277.45371872915615 425.53899229490395
274.1245775391508 428.87843964109703
271.28854999079647 433.0398626499541
268.39952459725737 437.1849668000562
264.84971130371764 440.51178238764214
260.69817897062353 442.9813308497331
256.0245484821598 444.5451951989878
251.83550070977623 446.93162853198953
248.1069089975628 450.1543754176728
243.8654969808218 452.4661527476909
239.6025466714524 454.7379680965231
235.77625254093223 457.8586667714772
231.01353906535962 459.1609138074555
227.57029576295986 463.10664051205197
223.20806800023334 465.22484712190857
218.82612641679384 467.301964897882
214.42485802737377 469.3378103881474
210.41163731248164 472.2456382895248
205.9642809120183 474.2021878781194
202.27822586849672 477.9587004538085
197.77753849166265 479.8385616727556
195.49359585209248 487.24455254093783
190.54231124776527 488.1286998572812
187.01114620861532 492.7025788381261
183.4107472204714 497.2529515287248
179.7412465559372 501.77891973110803
175.67442385402165 505.3350342134984
171.55657874151748 508.85886087451155
166.7668548691579 510.4486419974582
161.9624020853067 511.9933401039094
157.72890969207324 515.4052687423265
152.8782746962437 516.864811266834
148.01413743355923 518.2787040963573
143.13692750645683 519.6468223553487
138.50356375297977 521.9355926048005
134.5819805364857 527.0898315419081
130.33738895139203 531.244920014614
125.56824501248119 533.4197370218743
121.64964040939718 539.4537653851944
116.36379202697596 539.5956522296142
112.69890401807982 547.52164983051
107.74082893944299 549.5379093196772
102.75479371806533 551.5092495760682
97.56728881717693 552.4505626324093
93.099927110022 557.2767746569999
88.47279402570409 562.079678263932
83.90962930561761 567.833755697734
78.56159051056817 568.5983437334739
73.97181816561344 575.2635657829143
68.79068595865233 577.9202726374443
63.348384801799426 578.5421178643808
58.09944272205936 581.1027919012145
52.80789366948227 583.6157351941367
47.79712635301693 590.0673137129303
42.52684491271062 594.4808385993364
37.177694035794765 598.8470748581651
31.750100329833014 603.1649286298447
26.287669310768703 608.4323778713684
20.62759846401648 610.6517028401765
14.976779697826505 614.8176120361898
9.249362384459817 618.930892180606
3.4569020411992653 624.990439789504
-2.441042411159502 628.9952633461932
-8.400771882395462 631.944164489063
-14.48433097155466 637.8355620034888
-20.711630207669604 644.6673780905473
-26.98575850242298 649.4395805908729
-33.19877777486983 651.1542376075386
-39.687717160109926 656.802013628627
-46.2858765185119 662.3847957455795
-53.07169569122559 668.8978958828155
-59.630276735671906 671.3570064402599
-66.43551105702386 675.7420535016242
-73.32852642960863 680.0580322381776
-80.30862142694119 684.3036791692006
-87.6268799988097 690.461823638117
-95.20332462308872 697.533029311667
-102.6314382218384 702.5430861438443
-110.31607330442282 708.4626764838732
-118.12113210556474 714.2992357199465
-125.52843913055507 717.0959565981714
-133.72556219569282 723.7495934475169
-142.05892127751525 730.3117573238628
-150.12717497325366 734.8209518886557
-158.81713641375708 742.1981657086833
-167.59142948073017 748.4665074434563
-176.7263715913336 755.6082249315195
-185.77457909662405 761.6717178427149
-194.9534080789625 767.6308804877494
-204.5170142547985 774.4506381173061
-214.49165406745038 782.1216851202945
-224.08260137860916 787.7486831213337
-234.08197020232498 794.2226584693979
-244.22393491109264 800.5770853681377
-255.10879205238078 808.7171966871825
-266.1695632990067 816.7219622204462
-277.4046520573293 824.5887817675863
-289.1402516924622 833.259812334196
-301.0647515915615 841.7814534361703
-313.5220339524298 851.0892633715523
-326.89145200416385 862.105549574186
-339.77055698618835 871.0803456658263
-354.3375057238443 883.5999841768925
-367.647754319183 892.2220176301757
-381.15279200485554 900.6700556512931
-394.8505061821728 908.9411849881608
-410.367187793189 920.6860329030247
-426.5570540335899 933.1265078509907
-442.59453680224465 944.4358506499033
