-474.50013304118 966.8395025772904
-492.870692206286 981.163839918745
-511.2843881244826 994.2395458138715
-530.9204782960301 1008.8228019458693
-551.8257756806426 1024.8825851259535
-572.5993513422292 1039.7590984658218
-594.6844183259757 1056.0750175059989
-617.1286620757738 1072.0639973642271
-640.4349274864936 1088.5826122327003
-663.5929052683426 1103.8969408769644
-690.7602425171438 1124.8334487192567
-718.3820044404129 1145.3520400715995
-746.4526898062819 1165.4460012720308
-776.0612968780983 1186.7825679069792
-807.249549011948 1209.3238464613216
-840.0584876668414 1233.0311177334088
-873.9576181008125 1257.0437867328067
-910.1205123891249 1282.9690771521177
-948.0230460651803 1309.9394276565986
-988.8912598129612 1339.5219581124957
-1033.4096511076834 1372.438884977213
-1079.2461796775976 1405.4222439008536
-1128.879634301532 1441.593483357649
-1179.2914890000195 1476.9467099296837
-1233.627335989585 1515.34801148094
-1289.4310653862697 1553.6178833988845
-1358.3385092324445 1605.467375668587
-1426.3791535345756 1653.8737891272078
-1502.0558557514812 1708.6407481394929
-1582.2286949769127 1765.840694058118
-1671.705701774307 1830.530263791143
-1769.3560113246224 1900.9966610148012
-1873.300728462205 1974.8489513739964
-1989.2204464148754 2057.6797650667136
-2125.1151560302205 2157.0047690282586
-2272.269441646692 2263.104192157009
-2313.6191566326997 2261.0597953309853
-2324.095985858146 2228.6717677841334
-2326.88500126514 2189.436272396922
-2365.143534619821 2183.588116070899
-2383.487706499654 2159.083683641053
-2399.6674860907897 2133.569065251629
-2416.701385545621 2108.175375319111
-2434.989426302273 2083.950933634506
-2453.035592086046 2059.569222910233
-2470.838544705149 2035.0326498607685
-2486.063368431507 2008.4583461309298
-2504.1420390892695 1984.2624947485742
-2522.7751003117937 1960.5179910541044
-2540.387659648298 1935.992391179946
-2553.7567910492985 1908.316077637452
-2571.6701928099965 1884.1062654246962
-2586.105215700294 1857.3948996720471
-2603.536135218228 1832.8817726773684
-2620.7347079599167 1808.205074236396
-2637.699399077091 1783.3670065660497
-2667.767532255 1767.2058153610938
-1832.9028287900153 1189.4083488077422
-1833.9295216087814 1165.6034959503968
-1837.217910270358 1143.4711846748996
-1845.376162500156 1124.503365435692
-1060.6465193969586 632.6562738890027
-927.5322518885058 541.4424454239227
-863.1378886271264 492.9797006128209
-842.4395849350559 470.6596920647132
-863.5218858697847 471.79015740463535
-868.8222834170182 464.0827941628935
-866.9623301134561 452.6149778390534
-869.4177844268863 443.49601590346253
-860.1428319922953 428.57357428132934
-870.4476309980369 423.49134783358375
-875.3127159304361 415.6785408587791
-878.2931351532803 406.97072221797674
-880.275971021927 397.8318926901203
-884.9100124586937 389.9016156036733
-882.1216860118252 378.7628955793516
-883.8152709286512 369.6411325506333
-884.4892350204192 360.14412827782394
-884.1332019447235 350.29913105654543
-884.6035549875216 340.8526815259618
-886.8475462458986 332.1301397308425
-889.8889118842552 323.89307572940845
-889.1374088088602 314.13956811688945
-896.795259936999 307.3471355886214
-899.6586702539261 298.86163527113575
-902.4417925391547 290.3494637135006
-908.0087593635067 282.7031887318316
-910.6388645136761 274.11285711772547
-917.0286594651769 266.6147740083066
-922.3948808789648 258.7502342574403
-925.7634093664644 250.28605610017516
-924.2154268785588 240.52202543568293
-1041.8883386481186 260.66202214565715
-1101.6729222584665 264.58603962131247
-1108.0212899928758 255.06434663144012
-1114.2877284000908 245.4462432732783
-1118.5138272056101 235.32067131864665
-1127.5502788242582 226.12025279336964
-1136.5121094020208 216.76998219903405
-1141.4612198467498 206.55818450492353
-1148.2898691425034 196.60970582525272
-1155.0319845267381 186.55056880166634
-1162.6747530031007 176.53163662408681
-1170.2307779739335 166.384873959511
-1177.6983256042176 156.11103058087315
-1183.090617159751 145.4668057962346
-1188.386549157646 134.73459014366708
-1195.5742482058972 124.12178304755255
-1203.662542070271 113.47900606249999
-1214.6451138680459 102.94778946865185
-1221.5465200759718 91.91898220869926
-1232.3387989446878 81.03138043723969
-1238.0413945557807 69.66710390405069
-1246.6355314234734 58.34253844763677
-59.95822361766544 2.238620247837013
-66.97397703045812 1.8671905965029563
-66.98862741130166 1.2344219496604534
-67.99725923613217 0.6105213953985911
-65.99999275682279 -0.03092085604963937
-67.99665733084571 -0.6742342556906779
-66.98744135675118 -1.2971894525560248
-65.97294437000524 -1.8896060838691693
-65.95244819144801 -2.5049106879021
-66.92509544703191 -3.167270024116734
-66.89263996611179 -3.7914005808070472
-67.85219042043552 -4.481099770029546
-65.81310292514922 -4.9634144863908505
-67.75678834235147 -5.7460972433282
-63.717874562265365 -6.002704496093134
-65.64845724842381 -6.80294501681969
-64.58847536582445 -7.302660468506581
-67.49528011741701 -8.269653068382699
-69.39800564414371 -9.160612021879256
-69.30953748449636 -9.80754881125733
-68.22625236755134 -10.304294632782764
-71.0892178090312 -11.415914825370843
-70.97963890908322 -12.078528897848443
-71.84810461198768 -12.91703772793414
-71.72449042238384 -13.586665288045115
-70.6138869839136 -14.059835170551526
-72.43743514510311 -15.126730962074392
-69.36237885281213 -15.161147709819383
-68.24303948373979 -15.584850400973798
-70.04025990928513 -16.684183882940943
-66.96985222913031 -16.614418208545544
-66.81196159907893 -17.238381225718488
-74.37559180831406 -19.931666843569488
-1063.6600713492787 -295.7080530138591
-1069.5037493738416 -308.1083090007394
-1076.1661849519182 -320.9288743102337
-1091.281963928172 -336.55263363264885
-1110.962318074016 -354.00385283158914
-1144.658937200057 -376.53806910860436
-1160.9831764356181 -393.9467781737304
-1171.4169319748703 -409.71132701279083
-1205.1766049943685 -434.1777870576152
-1195.448580415141 -443.314438726537
-1179.1151993653712 -449.812568327699
-1150.6632200848055 -451.2982981843232
-1133.418356652648 -456.7787525737279
-1125.4123401070262 -465.8015293392961
-1108.1595096625958 -470.7424998280432
-1092.736391905235 -476.2259734684035
-1080.0469286395926 -482.6879239593456
-1068.241584823729 -489.3719612455213
-1059.1216101037091 -497.1533113752
-1058.9621002634794 -509.1407174893405
-1034.4470462777301 -509.2428776598449
-1037.707353277627 -522.8837814978991
-1047.024481160851 -539.8367677824939
-1057.8839489841266 -557.9404542437749
-1078.1775857857826 -581.5136228061568
-1679.5841122806582 -926.1323932216135
-1670.0339565941042 -941.2096386154584
-1667.281264550931 -960.1818499000327
-1659.1482874916246 -976.1413627716066
-1656.0054759968984 -995.1230393616087
-1654.3572847541654 -1015.176326743697
-1660.952986939856 -1040.5936647777414
-1675.6423135968103 -1071.608061225712
-1946.1444820450602 -1270.2352754531598
-1928.4301982024688 -1284.3854447403191
-1897.3877521302973 -1289.3237444745741
-1778.4837390061327 -1232.8388337859765
-1737.5555526589526 -1228.529487405183
-1712.274872283765 -1234.6804289959473
-1577.4627165627608 -1159.9031760687765
-1545.012756416271 -1158.316270502576
-1541.3324305410897 -1178.0892744449786
-2032.009885260723 -1583.2598732370827
-2056.3629614210417 -1633.1709558082653
-2034.8791464120793 -1647.1766327559553
-1902.2338028020922 -1569.2872775489807
-1792.6541987297978 -1507.1014975032126
-1755.7887147670417 -1504.1775124953504
-1739.474684106744 -1518.456065663983
-1730.5191168826016 -1539.2074538878317
-1719.8456507672188 -1558.5801030223251
-1711.9001402139281 -1580.6004902996624
-1700.7797762753944 -1599.8666046307171
-1693.0587945477844 -1622.5217774206926
-1681.5198133215047 -1641.642810542906
-1669.2720922697745 -1661.1910431883773
-1661.7181295152363 -1685.6398957192441
-1667.0568237265582 -1723.7533310966276
-1746.837930932231 -1841.1956015199478
-1731.8580670445572 -1860.7610366763083
-1714.6406668500058 -1877.9926473722326
-1695.2505277039988 -1892.8303273984473
-1675.733564589746 -1907.469009055545
-1657.3973604967373 -1923.422727696241
-1638.263784075027 -1938.4364250055182
-1618.994705095696 -1953.2601324125008
-1600.2227608874584 -1968.6686149623354
-1580.0575838888838 -1982.3327247450725
-1562.240688999005 -1998.9429780851465
-842.9819400982807 -1100.1715541987708
-829.4088927346078 -1104.1928675067377
-821.172518900549 -1115.3029607252586
-1481.6469713570693 -2053.2282513808404
-1463.0791246419033 -2068.9503316989226
-1443.7764060565187 -2083.6829627643747
-1423.2023627563615 -2096.5807961165506
-1404.1748324195428 -2111.7739083527736
-1383.8953430088916 -2125.1187448230517
-1363.4890380799952 -2138.268842553641
-1342.9577875980576 -2151.222996513781
-1323.34629906066 -2165.6866284766256
-1303.067649356491 -2179.113512692845
-1283.1581409885462 -2193.213666110719
-1265.0847828578544 -2210.6038750037274
-1246.7957971439 -2227.8485676150226
-1226.3723614515275 -2241.436109075564
-1205.802953953581 -2254.836631828749
-1184.6261787632204 -2267.162282808368
-1163.7784809500859 -2280.179740125219
-1144.5742488453473 -2296.5856807182504
-1125.1623214505696 -2312.8324086253992
-1103.8286404102848 -2325.3039226324763
-1082.779387913369 -2338.4862191404827
-1062.4017228287082 -2353.3012087980987
-1042.1483991229413 -2366.711371123545
-1022.3712330746565 -2382.9406332893413
-1001.9939534541202 -2398.0844683291252
-981.0442290633329 -2412.1293954971675
-959.9178887743499 -2425.992301473975
-939.3346498824129 -2441.5377153610148
-918.5424213703486 -2456.910421676602
-897.5426324970869 -2472.1078501655625
-876.0044191417703 -2486.184276686684
-855.2495863708134 -2502.9129319679805
-833.9413236524528 -2518.521564073811
-811.1922026715836 -2530.141539583275
-791.2598475442165 -2551.1073779173435
-768.1303923990373 -2562.342814744526
-725.118188991357 -2505.1681803810884
-668.2055034311227 -2393.4757999997328
-628.2886895924628 -2335.982517599433
-584.5155945982924 -2258.5903833301436
-537.4454141114722 -2161.175936116851
-435.8816944541499 -1826.71594629263
-419.3947134993424 -1834.674923328055
-395.7478925297138 -1810.2465593278419
-401.81558174295105 -1925.5215496764959
-402.9965282340412 -2027.3339138462884
-385.5696221632014 -2040.8981029108058
-368.62631562075234 -2058.250626000602
-351.22088349601194 -2074.478221383941
-334.1703452000012 -2094.509770898411
-310.10328019944546 -2069.899745303995
-286.39573068763445 -2044.033631191986
-268.2524259109258 -2056.5788669518374
-278.91512468004066 -2309.216826810492
-259.05777842207937 -2330.646705839179
-238.81814724498193 -2351.906012694061
-217.19048881315877 -2362.035624534292
-195.55600823860937 -2373.9591082497145
-173.71445654429536 -2385.683819701915
-145.29029987903857 -2296.4084411883396
-115.57433992851821 -2150.897155130874
-95.21818148595767 -2153.896352639678
-86.27155584858407 -2470.4941243912044
-63.33568815882483 -2500.1979102873934
-39.27169741959033 -2493.690785518883
-15.264192057690117 -2474.9529297424683
8.332924085988234 -2441.9857825909176
31.4269436487965 -2418.795846534572
54.16773496553342 -2399.388642235497
77.79331772775642 -2418.7493048509405
104.089300449453 -2492.8277954026316
126.32354924914428 -2459.758394823585
148.05562493535066 -2428.490998938436
169.34122787116314 -2399.0307518960835
189.75630605922993 -2365.400926758666
209.9903899061142 -2336.58298293621
230.1852166546593 -2312.5723266600003
254.28248726873406 -2328.154723524282
277.99069114737443 -2337.528005315745
303.9432855032452 -2362.5288314002632
167.80484295738722 -1212.4427964568251
182.05025188159698 -1228.5852456341183
190.69028179771524 -1207.0299152994958
201.41686419090348 -1200.2167499329041
211.50565974156586 -1190.3555586030946
223.0834338881344 -1189.2576598553733
237.75994039974452 -1203.7438310293057
522.7371334391731 -2519.340169434012
552.5857723876586 -2540.600118900008
582.8891796015856 -2561.516973260843
614.1059268815173 -2584.0297812852295
646.0474015949306 -2607.1476281354758
678.2376784374453 -2628.9196738485157
711.680940009637 -2653.209234046007
744.0411529325365 -2671.316484945732
760.4385501759537 -2632.362667150234
741.465281679638 -2477.4231039658393
755.3996723209991 -2438.684140075817
773.5411833127622 -2415.145966131052
791.9297881244572 -2393.384258885554
514.2325809851263 -1505.6048129085452
524.9771508704989 -1490.234542299934
542.5228769987277 -1495.643650049377
864.5592389208524 -2313.749623964658
900.0648158326961 -2339.8573305439063
924.0081172965416 -2334.808343134421
937.760784509697 -2304.5061750916957
949.0876484899893 -2269.5445876835606
972.8535613514232 -2264.9019731913017
1012.7573759937906 -2296.611089708088
1040.5792635672474 -2299.5153394212975
1088.3382284707798 -2344.7270417788686
669.5167379699957 -1406.8089200662669
677.3222617233926 -1388.6178573581387
660.2539412137727 -1321.2091935464573
667.0125190076387 -1303.2230428775745
677.6640410823439 -1293.2020133853594
689.1299576254423 -1284.8594870658644
698.0926044577216 -1272.0329066503882
707.8515850229506 -1260.8973525154602
717.9590277195148 -1250.559408631213
728.9456756586382 -1241.8688344340442
739.831649815421 -1233.0827749714908
750.6161313930659 -1224.2023620678517
760.7674226133628 -1214.3812946065257
769.7213218016005 -1202.7938671127306
778.5229216487801 -1191.1469516677812
787.1719100808559 -1179.442403841602
797.3573129489218 -1170.1612348248746
808.0081256463191 -1161.6143374156165
817.9894362252496 -1152.1554939433734
827.2769177959121 -1141.8024791013968
836.4410647634489 -1131.3776315525192
843.6747727054214 -1118.4873168259244
851.9578966566768 -1107.1480218671447
861.3360380476431 -1097.3264006485897
870.6041665251693 -1087.426956272933
880.3941211615199 -1078.2254826446251
890.7275573485402 -1069.7048277818992
900.3312787188355 -1060.3228699601393
910.4915413770524 -1051.611217646921
919.9057115684511 -1042.0525331401202
927.521830523424 -1031.247910980903
937.179470356611 -1022.4791637691704
946.7542149280696 -1013.6199763796758
955.555783146915 -1003.946784094897
965.651638077311 -995.6334234438929
974.9726451429801 -986.5076488415589
984.2074140705399 -977.2946158086519
994.7875074479285 -969.3909505589257
1005.3058646240397 -961.3745984539595
1014.3029212121688 -951.8773996794235
1024.6814473983504 -943.6508524648414
1033.5109591409475 -933.9722144344331
1042.2490549230317 -924.2109648300259
1050.894961843826 -914.3679670522494
1058.6873638896739 -903.7948138489915
1059.4742949191673 -887.3771567972286
918.6556643254681 -754.8461898974736
881.3359738951491 -710.4019292754554
867.5829119487345 -685.9561872995639
858.1911838781692 -665.5102492928163
851.6768526524803 -647.7241223360185
845.7066249043462 -630.718086464071
845.1433501444473 -618.0143345478485
843.6037784912565 -604.7947295696903
840.2546249615433 -590.5092422906996
840.8298601137203 -579.177128641266
837.1225313722788 -565.0892561966367
837.395692597024 -553.8812634671358
841.728578811078 -545.4374387706465
845.976783819105 -536.9611543110761
846.7429176082031 -526.3415540125515
849.0929416997376 -516.795100940098
853.0566641610059 -508.2748545132809
858.6629965028678 -500.7333206775
879.8366744105228 -502.05221477674166
885.3926220134819 -494.24275906086035
890.001709415617 -485.8939773626339
883.0637145867495 -471.38039414071085
862.633892552928 -450.1019522496913
849.9020808747027 -433.33872770022555
844.9328733456168 -420.98033153571424
856.970950785383 -416.90501257480287
864.4901530466691 -410.49454964146196
872.8717929210285 -404.39934856874964
879.3924997204189 -397.35856783951823
884.9427260114091 -389.82736137872087
893.1857453152091 -383.4099951301665
902.3087423981494 -377.25711841113105
917.8782686588336 -373.6047161424252
927.8799351229114 -367.4817355955282
933.1814131118283 -359.40569030360564
947.7783644559556 -354.7677717453965
978.3469272769265 -355.6940959417184
1009.0154109764826 -356.07288637575306
1018.9617373653136 -348.7778344239517
1024.1140891781222 -339.7518687908359
1039.659451291898 -334.0242885471494
1067.6009617866698 -331.891829354351
1066.8623732513943 -320.62544587166303
1067.9272418502608 -309.96032990383577
1066.9600542345593 -298.76452712426635
1084.2208548047456 -292.5647586543303
1103.394330730227 -286.5675329000031
1099.264512077757 -274.42035727411144
1094.0317483716926 -262.1441083731949
1081.8433532676893 -248.42495645671667
1081.215093178796 -237.53509694857212
1106.90260700454 -232.22320858724026
1127.6813241168652 -225.46580946572288
1152.3592032950316 -219.08278476694517
1177.9993460633104 -212.43008420281026
1192.7712654032646 -203.46181073679358
1178.8458501314033 -189.6271647944173
1157.8454741137605 -175.0281636602557
1137.6665509955185 -160.98390834478192
1118.3188930840288 -147.46814358129276
1098.8191903463871 -134.33311924655973
1080.1666309772384 -121.69243741203667
1062.3697510924205 -109.51945929298826
1045.4365692049685 -97.78742132271081
1028.3617664169783 -86.57989011168908
1012.1746448169275 -75.68017170782937
996.8729265744373 -65.15649056629996
981.4642768983094 -54.92607006220773
967.9506808870302 -45.08302751961709
953.3407240313031 -35.46073749191952
937.6371392693833 -26.08821693269089
924.8425133420859 -17.068260458923664
911.9623197192619 -8.290199772185792
898.9999665709157 0.24516421532728896
886.9588230407824 8.546708729690753
878.8413680487796 16.69879654794056
864.6521288075257 24.529495482252337
855.3909671273994 32.28456840120591
843.0644995466025 39.72718973494973
833.6699234830478 47.1111311663093
823.2139377211013 54.25691422960633
813.6952760445093 61.286195369346565
804.1179398313642 68.14204899592038
793.4887471747805 74.73023556096506
782.8075517568162 81.12543936706577
772.0770346957237 87.32727234637716
763.2850163247633 93.57875749391933
755.4357000527336 99.80432398366406
746.5472116386773 105.75093755856739
736.6255291370808 111.39043865393386
730.6137324716357 117.48861189011171
720.6096079302913 122.8120228583171
711.5547954970839 128.13576005589957
705.4115567110267 133.86013468738923
698.2432552353996 139.28516259197414
690.056917767248 144.38299845052893
684.7674629708924 149.9817377429914
678.4592064086263 155.2710701946021
671.1396944531322 160.22331456238334
662.8169873783698 164.81092573813754
656.404100176357 169.7576427489113
650.9228732515588 174.85826568376768
642.5141470564931 179.06582820925698
633.1235516571126 182.85395357247123
624.6940894578737 186.71179554703582
621.918780427526 192.40070309522935
614.3296560963602 196.5300832964966
608.6180315561767 201.15936882155108
600.0351926809069 204.7285215703636
595.2136432647472 209.47963832197692
590.3564204232332 214.15717794430037
585.4644912304927 218.76089574743543
579.6054819873169 222.93157077957818
570.0012574946518 225.53839241804397
565.032459952952 229.86587219401622
560.0333483883808 234.1188772672945
556.8426579735883 239.08629040768815
554.5233414419044 244.41739667238315
546.6861260436075 247.25347235465256
537.9388870272572 249.54108644444867
528.2955865898692 251.25439934390414
522.2652184433233 254.5585229458008
518.0097336963789 258.6637117877314
514.6140511450907 263.16606613322693
509.40788666099627 266.69946570545955
501.5372266203962 268.7404143665803
494.55164322485035 271.1358924664906
490.18329864305235 274.889675563518
484.92112848791163 278.08721499919824
482.2309636491262 282.72654225953954
478.63863956075295 286.8258229647944
475.8649293932786 291.40447658457475
472.1996660022408 295.4259220640129
467.6584906795953 298.8654146857459
459.7452449526915 300.0588438013278
458.50973449686956 305.5647613381003
453.90361226480843 308.8244011942036
450.9199954932877 313.1647452449484
446.2632013079167 316.3197040312377
443.2080294328236 320.58640433785297
435.2845106214535 321.260633774264
429.78586735607706 323.61722485211527
427.45449549446334 328.3346681079746
421.9234111586399 330.5701667063398
418.0588332449726 333.84399342485125
415.0234006210526 337.6100960234117
412.7240495842528 341.98663554995136
405.79417840367904 342.47932021318184
399.64779363328546 343.5267690356123
396.5255697385147 347.1260182463226
391.8780631634639 349.3659737456586
388.70336350114053 352.894736717481
384.762609605256 355.7158054539513
375.7058931911183 353.6963129882244
372.49270312178487 357.0786833752833
369.2490637439665 360.43186446845147
365.2659858665391 363.05062948429827
362.6715001317279 367.04956476231115
357.9453301923839 368.87821919092113
351.14623002832127 368.47974861163976
349.8502880132887 373.82987571490185
346.45612344190755 376.97765786529806
343.03363791473106 380.09462408587837
340.2463594659166 383.9289190334459
334.13546115444956 383.9719958526967
334.54788738232475 391.53890106606696
330.99423766747054 394.54760755950605
326.7777764952311 396.7521704903866
323.1773102255932 399.6904128889642
319.55042592002627 402.59598271012317
314.66824721645133 403.8909434410807
312.218591250846 408.3081572505466
306.71357345419455 408.71479525331404
300.63390580801644 408.2502353687218
297.51621379717443 411.7621917172508
293.781235125678 414.4352613955901
290.5931513159251 417.89546588624273
286.2395398737739 419.67955133988863
284.6573251397215 425.57514876258796
280.2495529626839 427.29520014179406
276.37484320500545 429.8115238606436
271.944317114349 431.4467387629792
269.60907322610745 436.44008481595665
264.61643699736567 437.14887769593923
261.57162152816096 441.3040752260606
257.4158910230158 443.7409819352128
253.2374592684445 446.13875557192176
249.0366947561556 448.4971846789335
245.29118815778483 451.69484501391224
241.03859792868315 453.97840731534205
236.7647507472187 456.22193371604504
232.47002351969087 458.42522636167655
228.15479499378944 460.5880909460664
223.81944572519265 462.71033672835483
219.03738458477807 463.88751239310164
215.50837889268814 467.74046075472836
211.51633619442634 470.65575479631224
207.08717721083832 472.6213082742322
203.03246812094767 475.46484295762224
200.09475820989317 481.0437482567718
196.3192943248102 484.755334860596
191.75839916418556 486.5775543014586
187.89638878935114 490.2243844199521
183.63361964800808 492.90434542106715
180.01765221632982 497.4280298601201
175.66992185506157 500.0400769492747
171.6115575515396 503.5607940603941
166.24780342964837 503.25109821521204
161.81928873522656 505.742541015906
157.65440200019822 509.1503604338898
154.3001391985666 515.3983576257331
149.45333446958895 516.8246325553002
144.5933496008388 518.2053292385265
139.7206131895106 519.5403259131548
135.33680237354298 522.7656740101673
131.38773514447087 527.8951250519428
127.81897494794109 534.9414076730811
123.23632150362577 538.0676621599323
118.60618487191945 541.1548511379419
113.92889624193319 544.2023581362863
109.59620922988114 549.1708940962186
104.24773500397103 549.1934174282699
99.26303020235422 551.1323351383463
94.25108730987134 553.0259781790608
89.91370912696554 558.8126026773479
85.24066303822559 563.5903027597296
80.20504824149066 566.3489650706357
75.77937568663664 574.0195869659358
70.4869693180928 575.7009528881729
65.05742065205854 576.3397713312011
59.82768525783287 578.916788560057
54.46171474795643 580.4506194558778
49.24019166751492 583.9275670188439
44.25646511934805 591.3462313189625
38.94152786644303 595.7285937467053
33.492065203619525 599.0645053484612
28.029567077926288 603.3492714584348
22.526242699528204 608.5832468856187
16.87158795741731 611.7673982158539
11.177045733736318 615.8985903934721
5.41483636408608 620.9763921013022
-0.44281432833725853 626.9998436327321
-6.393270803279858 630.9676109662333
-12.399004653341045 633.8787460418644
-18.460180617542285 636.732456948417
-24.7298487876318 643.5250069569487
-31.081365573332043 649.2564583537825
-37.543100576496734 654.9248167531164
-44.04778559090495 659.5307366488219
-50.718645102201386 665.0688829279242
-57.41234499295773 669.5429953650546
-64.10003438232778 672.9540739100881
-71.0654981969406 678.2873247864953
-78.13714140670423 683.5485258069018
-85.43715077972247 689.7285649200292
-92.59596912335624 693.8486769477236
-100.12322389221217 699.8745173510963
-107.6212721889078 704.8309455269689
-115.54207690144871 711.6818309225687
-123.26238038029723 716.4742741948122
-131.262034951172 722.1677631828198
-139.37986066834245 727.7734911633382
-148.00960035310436 735.2504051024483
-156.58593909471148 741.6500816947486
-165.1808614480623 747.9781300354149
-173.5510975589333 752.2393346110596
-182.71774577236383 759.3255068676843
-191.78963023055823 765.3350493320071
-200.9904199803281 771.2404625511626
-210.84148424557566 778.9703900156428
-220.04436665943732 783.6941219005328
-230.19255681909948 791.1936468305882
-240.21250551205895 797.6132848665568
-250.67055686284817 804.8684811334517
-262.2048525063462 814.8525113921693
-273.00283257600245 821.8427181678251
-284.6033599697439 830.5931178946358
-296.39210462148316 839.1970688211726
-308.36732916532117 847.6518095913242
-320.8779472715628 856.8910916533023
-333.2295634027268 865.0358709755499
-347.2351004412128 876.7421428342433
-361.1126041217314 887.3340335772215
-374.4480701683739 895.8959999615919
-388.37017777250855 905.2036262725366
-402.90269181062496 915.2428207485447
-418.480612425127 926.9104471437846
-434.31277260264443 938.364756133884
-450.825066993035 950.5055281116073
