-451.7781857923969 947.8377871989122
-468.88075899768575 960.6830038268367
-486.3753494116849 973.2332811225999
-505.9679217780205 989.0993186387457
-525.4366957927052 1003.795436687398
-546.1693202618358 1019.9745455670569
-567.2511527706602 1035.8509205867208
-587.7012589569856 1049.674344842425
-610.4468769363233 1066.6750256937157
-634.5721459941209 1085.0655240714343
-658.5824913078136 1102.2364093708725
-682.4491206421707 1118.1964039178126
-710.9039605107591 1140.592634962245
-738.2273578880073 1160.019555035902
-766.5216413796043 1179.8701510321878
-798.0155284409932 1203.456362468969
-830.018197619425 1226.5524006827434
-863.0913917352811 1249.9736995282963
-897.8275687994774 1274.5142826597196
-934.8493950356745 1300.9460436933705
-975.4003761623405 1330.8245963245363
-1020.1846646531864 1364.8586923218336
-1064.4789455139346 1396.574586106142
-1112.5242766115591 1431.5232215894814
-1162.5588394947972 1467.256264158552
-1217.129555271744 1506.8392899324092
-1273.8138976316502 1547.066305689728
-1338.4287787509618 1594.7828705536087
-1406.6478557227113 1644.4566914305462
-1479.198868519365 1696.7532841786488
-1556.8361792244946 1752.3119331493685
-1643.6960149342292 1815.4515720584052
-1735.9414071697793 1881.5173214385795
-1839.8405495125028 1956.9319743847848
-1954.2947937365825 2039.9404057898576
-2083.03549699443 2133.843274062359
-2229.922705375045 2241.8047925840556
-2304.2656262641135 2273.4398878390543
-2319.7661014259133 2246.135845107152
-2316.1096403346037 2200.8319186046697
-2351.302150705633 2192.624727600933
-2372.2685854384954 2171.40455892992
-2392.0966506519558 2148.045300718701
-2410.9446501628477 2123.8443666735902
-2428.7921581471915 2098.8255412307876
-2446.3820083704804 2073.6595837121426
-2466.019866248868 2050.267060474297
-2479.234028798561 2021.632911892576
-2492.1270233561363 1992.933490977078
-2513.3546961069346 1970.9602156200967
-2528.8404842374334 1944.4962857464616
-2544.8489690383435 1918.5183670698802
-2559.7880266163893 1891.8177128865696
-2577.6889434786763 1867.3533973695994
-2595.3560589910226 1842.7197093043171
-2611.966913730981 1817.3477492144025
-2629.1562385203233 1792.3898776353496
-2644.4439214993035 1766.1586412452832
-2687.0862387946686 1757.8647687692928
-1833.9056155709447 1174.935825131464
-1835.6938782063341 1151.5715286146094
-1844.0213827235277 1132.4668383923697
-1853.008808251271 1113.823305799984
-950.7290814558676 559.2166071157782
-881.472299836789 507.24312180693175
-839.2049098473342 472.3389876858862
-854.178203794481 470.1112593444599
-866.5423321421168 466.21924735654284
-877.1388752812569 461.2032019298343
-878.822942360457 451.45790056317423
-869.6754882720242 436.341088024972
-868.4033746203494 425.39931705162513
-873.3175325205667 417.54100085163964
-875.4419310151892 408.35943165353325
-877.4708214257653 399.17534686700367
-875.7477823063037 388.36815238326466
-875.7349033662496 378.42354449228657
-881.1425549916735 370.8420118901654
-881.8583138051671 361.29615881255563
-881.5435047113252 351.4001270649653
-880.1881235666679 341.18157501862316
-882.3779860605451 332.6531071788392
-884.528501647903 323.99587925236915
-886.5943096010101 315.32765527797966
-891.4112725042731 307.6279298963482
-897.109979854008 300.18275108063955
-902.7472419951721 292.6575081389681
-904.5055770092584 283.85500023629714
-910.0058493234675 276.20708571120053
-913.5228533413335 267.9178911963672
-917.9265352192132 259.8593387593579
-925.1533908913644 252.53158876111
-927.487479311634 243.81955565571675
-1006.3291260428074 254.45174410469144
-1089.3330276275244 264.5648406720953
-1103.4601583314882 257.03050203243794
-1110.708763489911 247.7297775938794
-1117.8795975465766 238.31534862258428
-1124.9711620353298 228.7878593563902
-1131.9819637671073 219.14797216940752
-1138.9105150386056 209.3963675293781
-1144.770161584514 199.3621758151872
-1152.5149440659654 189.56081795725822
-1159.1878757171426 179.47832401261886
-1165.7726651134114 169.28701448833573
-1172.267855097559 158.98765959963143
-1179.6641433862928 148.706115572574
-1185.9769225599505 138.1837152316767
-1192.1956841935717 127.555676432771
-1200.309562310773 117.01689888781492
-1210.3223464827688 106.51205379882812
-1219.2459852458035 95.7508614164376
-1223.0854469466035 84.48662300877844
-1230.8135199050485 73.39672485162423
-1236.4430780770526 62.06862875353154
-53.95516591425359 2.2000161738877253
-64.96806618184158 2.0372473074843525
-66.9838713196972 1.4700282399489737
-67.99465559476893 0.852531846184351
-66.99967124977931 0.20988668727461807
-66.99868206545244 -0.4202398034696215
-68.99166405483989 -1.0725161742902336
-67.97892022369207 -1.6930461366747411
-64.96186521146217 -2.2262228657125016
-66.9362921380224 -2.921094797044763
-63.91024073571545 -3.388381487214489
-62.87768397536158 -3.923883012343497
-64.83308497143533 -4.655222130752347
-64.78669394464879 -5.261586046279977
-66.726466735292 -6.04802753168095
-62.68684485011309 -6.273713632120108
-64.61351352606111 -7.07770229788721
-66.53045140807096 -7.918272250832828
-65.46161488402646 -8.412905370643625
-68.35186008710235 -9.435211848876774
-70.23916220822898 -10.366295977160698
-70.13910270900583 -11.02298830515259
-70.03290368385596 -11.678715751646394
-69.92057442875895 -12.33342091847918
-68.81899625831933 -12.804130349126783
-68.6961909385212 -13.447429142339338
-70.52644017875534 -14.492109429356567
-65.49972825359282 -14.0991346793161
-66.34054866424765 -14.93089424403604
-66.19795416558308 -15.550912008347325
-66.0495651237864 -16.169568545842523
-63.957294688824575 -16.29308000615144
-1052.7339918479388 -278.69722353820487
-1059.7230839969275 -291.183765419779
-1063.6846171192867 -303.0033585685092
-1071.3536976121802 -316.05419568914004
-1083.6529882752832 -330.7343359889459
-1104.3530839217551 -348.37948566542906
-1135.274758583821 -369.84756660338667
-1157.3575105943396 -389.05602767579984
-1171.619141473442 -406.08938342812513
-1200.7297674182428 -428.8041809914315
-1201.3581995468667 -441.7448091166559
-1182.208069215712 -447.30311991004316
-1162.1284632594247 -452.17964890327386
-1134.6344303382693 -453.7496110091453
-1125.7534069932137 -462.350804739401
-1111.2656801212966 -468.5345111990707
-1094.007866414838 -473.2977796508811
-1081.3290445496916 -479.8088133968059
-1068.624503360245 -486.1251596225707
-1058.6158129678406 -493.5144988087361
-1056.6840116114633 -504.6383849893951
-1051.9416327432468 -514.4509707459713
-1031.0125356183044 -516.1609743073516
-1043.0739307207605 -534.3975814417034
-1053.1122900672547 -551.9741882636384
-1073.4887732920824 -575.4527379514847
-1682.8064001921623 -922.3468000011146
-1672.4045234299542 -936.9909871557079
-1664.479440009309 -953.0121687503771
-1658.1272472368355 -969.9768203265447
-1653.3200744854992 -987.9315418100908
-1650.882783445517 -1007.443316183686
-1654.1660022353758 -1030.6967726002808
-1667.28348650979 -1060.538436649874
-1691.7291095192006 -1098.3358411730778
-1932.3566844520706 -1280.2818611748746
-1911.2445522020557 -1292.0500229008023
-1830.8106905366603 -1262.6591841889392
-1743.7343939366156 -1226.7087524765218
-1718.4295930975834 -1232.9739387215266
-1628.5975748419762 -1191.634985731299
-1546.1027002316405 -1153.5195881893078
-1532.1164401848007 -1165.4373486873733
-1524.3644294876449 -1182.0973251440876
-2061.6609042877903 -1629.704978126793
-2041.731973472528 -1645.057612516953
-2003.148585934105 -1644.9497690416551
-1802.9344294333346 -1508.8500399853842
-1770.552678753215 -1509.9907985679297
-1742.836254260158 -1514.5965769261536
-1726.4185972678317 -1528.7625149145215
-1724.737644161473 -1556.1520037619498
-1711.6523996395765 -1573.4900898347214
-1701.3131534586548 -1593.453656015313
-1695.8710614801025 -1618.133907572037
-1683.968050606299 -1637.6973482720246
-1670.425472923302 -1655.7725506267348
-1661.6155047958814 -1678.7131721118797
-1658.092874030485 -1707.3745989352558
-1723.8451056504211 -1809.2426735308584
-1740.6807220026526 -1862.104085181149
-1716.7846616120562 -1871.9643227512584
-1696.8723249059717 -1885.9992876372469
-1678.8337770322946 -1902.0741702403407
-1659.9883861499204 -1917.220529268186
-1641.006830914571 -1932.1805249229992
-1622.5310027531589 -1947.7212698702115
-1605.1734185631035 -1964.6341380365045
-1585.1395355145137 -1978.2713800054914
-1566.2272879153413 -1993.2779742397584
-839.8067144569521 -1090.0003130059272
-834.2098716447654 -1104.332327721336
-821.2742621065057 -1109.0124374421662
-1486.8252622128102 -2048.245990999569
-1468.41048369659 -2063.9427442082656
-1449.8314772319973 -2079.4743777280078
-1430.525631664994 -2094.013471100286
-1410.5181090369983 -2107.5423279447295
-1390.382649700873 -2120.8800266424264
-1370.1210799815476 -2134.025357438425
-1349.7352376424071 -2146.9771280259124
-1329.7511148462454 -2160.585793845078
-1309.114151080532 -2173.1518905591247
-1290.3897582680502 -2188.9667132592317
-1271.9822910524274 -2205.4879394929862
-1251.9029703278825 -2219.2437795078363
-1232.6429412785224 -2234.568275823371
-1212.7297471782833 -2248.8467178331425
-1192.65626130371 -2262.9483074902655
-1171.508449703545 -2275.0931744157638
-1151.136068932008 -2288.82715616618
-1131.0490116954518 -2303.2768251217094
-1112.0876208441034 -2320.2564779707654
-1090.787094235219 -2332.5540754824715
-1071.1888786095587 -2347.116185096766
-1049.9737070589022 -2359.9669943634776
-1030.2017816538364 -2376.29633864913
-1009.4356458486668 -2390.620144834826
-988.4898186301119 -2404.76358057598
-967.7372052090832 -2419.6530126557636
-947.1527678205415 -2435.2968267564197
-926.3577233222051 -2450.767505995071
-905.69814143883 -2467.001191040298
-884.8129162834027 -2483.0630485708693
-862.7234563140106 -2496.114828673875
-842.0535526820591 -2513.711760408405
-819.2747063681052 -2525.433419337254
-798.4451971261497 -2543.627580284933
-777.6332363094301 -2562.6101049100157
-742.7508099632738 -2534.403723619996
-682.903251715933 -2415.3142960691066
-640.6453669840103 -2351.285289743021
-602.9704135176703 -2299.2511129544614
-561.7034911256465 -2228.2937840548
-456.2337136334842 -1885.5903050621046
-424.44953313774533 -1830.4326247691147
-403.7233871635674 -1819.7536719724392
-383.03258340329825 -1807.8689222538771
-403.9726257373157 -2000.6216827913513
-392.7930322192212 -2045.6301312407454
-373.2646984422551 -2049.283402776886
-357.7777131406764 -2076.4017212427434
-339.8822536236746 -2091.5642599909984
-315.38894249933526 -2065.0546760192938
-292.9895888058149 -2049.160096442296
-273.96049826350855 -2055.8262682900054
-275.9236864039414 -2233.0172680212886
-265.36378393661687 -2329.937136957742
-244.6848307160919 -2347.281264275212
-223.69903195045922 -2364.4415287979587
-202.15395803576328 -2378.4244316880186
-179.76095501289745 -2384.233000160188
-154.45177854789426 -2346.923230125645
-120.99945929968712 -2151.6003650420735
-101.04477272302805 -2152.6297763213606
-91.8663978979323 -2457.283370907242
-69.81688321482068 -2508.028429427818
-45.618684256103265 -2493.5827509121773
-21.702416531568336 -2478.9050012287057
1.919526340732439 -2450.999248351298
24.98654584688958 -2420.871056567582
47.75706863503455 -2404.5257874257427
70.6883791011309 -2403.960930019466
96.88291144628359 -2487.1137290983884
119.67907262410614 -2467.098887271411
141.52256952100888 -2436.8939989905534
162.73344391633086 -2405.5017826289654
183.28155272294268 -2372.9323362522305
203.91553040877727 -2348.1625702787505
223.61380812478546 -2318.2402517461237
245.714160172673 -2316.0020620652817
269.97681048332777 -2332.427173954473
295.32163216691896 -2354.5517903784294
320.7110373921239 -2373.429887419232
177.61587578318532 -1226.2029198586065
188.23336181624083 -1217.5352978453463
198.0529433167951 -1204.8302916359441
208.3338969626861 -1195.9903792992404
218.2833549921296 -1186.0811004873908
232.63174672601613 -1199.6526457334235
511.6934821465795 -2510.3812021939434
541.4669981064347 -2532.7679502792207
571.495184707615 -2553.836771184879
601.7463092240432 -2573.5870646502794
633.3734344813304 -2596.8764107083193
665.4989034758535 -2619.793925001056
699.1402366304342 -2646.1995256450978
730.6985134717594 -2662.5552918972708
758.7981061465423 -2665.0828193713646
748.8076610173237 -2537.834330054223
747.8552696137133 -2448.3285105783907
765.4489649240654 -2422.9669585235115
783.2480741665088 -2399.395435169963
805.7776271428075 -2390.868339243319
519.1260901366534 -1494.4002484406349
532.1316141519119 -1485.5705790099912
551.5943779403872 -1494.4539612261588
887.113393898293 -2334.1034309486486
913.9009861978396 -2336.635612890169
934.4747489090578 -2323.095551984755
944.5559850964029 -2284.425089824257
961.0182873519722 -2262.345652497664
998.3337673722825 -2288.741726129068
1028.0724360055453 -2296.371717803027
1062.6407747052604 -2313.6357932772835
666.4214583385557 -1414.9128735953718
675.6563963254777 -1399.4300390174812
664.2577268595029 -1342.6710961018882
662.6804829296775 -1307.673727481014
672.4680743413854 -1295.9115282269809
683.9673828182573 -1287.615089706836
695.3693836499091 -1279.217503117568
704.243096166311 -1266.3501338500691
713.4282967842946 -1254.3002293499992
723.9553311688398 -1244.7845911932777
735.3875228030907 -1236.9018519290582
746.2158073129737 -1228.0598393059872
756.942119782988 -1219.1241230073485
766.4943900395301 -1208.4069471986365
774.8232307882695 -1195.9406176858565
783.5352274883151 -1184.2603376305542
793.7737974001274 -1175.0094291370524
803.9069916843437 -1165.6712867361143
813.9340810108832 -1156.2470807612744
823.2708825527908 -1145.9258501058212
832.4845847839704 -1135.5322171110163
840.9756754645672 -1124.2668336640172
848.7206131860436 -1112.1485156008193
856.9247752723467 -1100.774695169015
866.8544091469162 -1091.6956688301696
875.4300169883171 -1080.9733046453252
885.7901212291695 -1072.5002849103646
896.0682224356414 -1063.9279772339055
906.2633691007491 -1055.2571752071433
915.3501572360411 -1046.0564466834257
924.5182761023262 -1036.6228615811938
933.5899205686296 -1027.1094684660734
941.884830918521 -1016.7836374005973
951.4410396791352 -1007.8471848520918
961.6057638935573 -999.5415723453867
970.2982624463236 -989.7056541687763
981.011156817154 -981.9170587174201
990.2364907982312 -972.612817256489
1000.8136036800197 -964.609833398464
1010.6012081682339 -955.8065693689837
1019.578747482355 -946.2241688322658
1029.2048026806297 -937.2307475425283
1038.7518562295002 -928.1398500117144
1048.2189250490628 -918.952166964629
1056.8468922580355 -909.0163069629347
1063.8521598759578 -897.7096311877575
981.3817003387406 -812.3828889386103
884.2061104152865 -717.9836727281968
869.0422399706708 -692.1608087336057
861.3522152491905 -672.8457187835205
855.7577517055482 -655.5628653270905
849.1152700491832 -637.845794976578
845.4364065256703 -622.6855406390625
844.7908104617912 -609.9938414109686
843.9815170761627 -597.3702359791779
841.3664644527757 -583.6766848986142
840.2228065295291 -571.2106751345265
839.7516223657353 -559.3730532785036
839.9697994381195 -548.1420765019644
842.5789569632256 -538.5728374906804
845.9301531560496 -529.5339233527749
849.1859331925858 -520.4798275320928
852.3463099638913 -511.41154454210175
848.5128283415843 -498.2790183619668
874.8549344985042 -502.7025398619127
885.663348350271 -497.85181870611507
889.4471771792602 -488.98744258707274
888.7385948768471 -477.7286991340665
870.1923543386253 -457.22452520681856
844.1507555753415 -433.60177797326907
843.7254433452463 -423.39505931442744
854.8566406485934 -418.95599284292575
862.3701394592659 -412.61815588871764
871.6519103427438 -407.02204755497627
876.3541274736885 -399.21478336833945
881.900403942124 -391.76099541266046
890.1368427809965 -385.4301507716792
900.1745599433426 -379.75618708693787
911.1087365298754 -374.3071869720566
922.9479477198719 -369.05702242292693
930.1084391518835 -361.80421697161984
941.8905504766817 -356.2178980943176
967.7286198208536 -355.61540796150234
1008.7061616235154 -359.93454891515245
1016.7738922381478 -352.0608641455158
1020.9903692142371 -342.7939118067528
1035.5828272299434 -336.8815933624704
1061.5992403303057 -334.32925826214773
1065.6554540387406 -324.61431465276695
1065.7855417534365 -313.7230928531304
1065.8052724072274 -302.858252832832
1081.1463244798592 -296.2492617099507
1099.3569519222021 -290.143571805968
1101.0697733326208 -279.5377510341872
1093.9367048185254 -266.79296439521477
1081.7935734416055 -253.06849756625445
1082.1758575197823 -242.43847343465114
1093.2101413448333 -234.12728773214266
1115.940113703769 -228.03215261629106
1139.6319668699887 -221.72049992736646
1160.3519059698103 -214.4375300926315
1189.8991942051885 -208.3360449606434
1184.9011349031332 -195.985459933299
1165.9433843297347 -181.5930189674825
1148.8005021849604 -167.86424925988015
1127.54090764657 -153.93343231263668
1107.1149075689423 -140.54387727187716
1088.525042918452 -127.78587926442438
1070.7890922714043 -115.49770505331216
1053.9006255458567 -103.80015160900457
1037.8958782365676 -92.3912654937915
1021.7712896262523 -81.29226098162864
1004.5337186621102 -70.43442390530542
988.1820764412123 -59.96818990376525
974.7200125734148 -49.96896125478433
960.1594017943195 -40.18610637987675
945.5023346811574 -30.681184991464583
931.7524820657284 -21.478178795107514
918.9143063135872 -12.549806859822842
906.9917490895019 -3.8687315189763685
893.9882569720435 4.582182458991578
880.9071763679344 12.788534844652434
869.7513821273117 20.797434640627767
859.5232697803027 28.63125400985786
848.2265207820001 36.23216032840513
838.8610726182551 43.72757534726391
829.4304454961916 51.050328931253325
817.9420752487262 58.05825985858765
810.3833250133152 65.17565910954356
797.7837241423676 71.7086430880862
787.124144453374 78.2085750959829
778.4019743688614 84.73114125667425
765.6551466234012 90.62668728966159
758.8188086245543 97.05161347248237
748.9577927662259 102.94767921008697
738.06438273879 108.52173483873646
733.0609217648511 114.82893790881707
723.0721597400367 120.23165892924743
714.0322289099252 125.63031512307984
707.9049686035204 131.41748523864243
701.7324193510916 137.10073534326403
693.5567918271521 142.27781454052607
686.3240899639794 147.5237049938599
681.9815025594891 153.30437099672568
672.7233770350715 157.8741840534067
664.4116152717473 162.52140010468656
658.9797614887764 167.7667247942672
652.5415995058272 172.6686448501192
645.1056292452399 177.19968147855963
634.7788412770125 180.7092213115129
630.1425377345516 185.92843283763537
624.5083759762576 190.78335445079398
618.8393605368861 195.54755393585938
611.235511867839 199.59997252419848
603.6113099075342 203.52490400860205
596.9129795339982 207.65089661218593
590.1914019211423 211.66744931225637
586.2621151958688 216.6142476525168
582.2923761650898 221.50527907933375
575.4892546556797 225.246793042321
569.5959678759917 229.2518994019725
563.679078528156 233.164955406358
558.6601702854616 237.37694525083728
555.4456834563805 242.31403741771607
549.4498307302949 245.9855351650789
543.4349202211652 249.5645958148228
532.8785834695759 250.92113358475444
525.949212110513 253.83740126374315
519.9096480496137 257.08745178426506
516.5327212984755 261.6007412604014
512.2293654350208 265.61264500402825
505.24680113940616 268.1597843420922
498.26281507668784 270.5977958370215
492.153016249248 273.41252457919217
487.7742541138025 277.12321632032854
484.2344130020167 281.2775022368344
481.519671099768 285.8999936061056
478.76080435314844 290.49628606081404
474.25821534123673 294.01215141783706
470.5771845737594 298.0035458826522
466.8632746630254 301.951457639993
463.1169803034204 305.8556237093595
458.50966679945464 309.15673282568673
453.8817433876312 312.3977641075628
450.8704905876484 316.7282758410642
442.94150133302946 317.5339767597191
437.4602164109302 319.9883733164412
432.7741868452079 322.9651733553776
428.8670719009708 326.48741880673987
424.2414262839964 329.2236507672564
421.2614869168862 333.0281664372762
416.68971194884165 335.551313446977
413.6531342726669 339.2876132522362
409.0481658008738 341.71420522849337
402.90985888204443 342.7895062799488
395.2740087648148 342.472565317272
390.67629527520603 344.69266355703024
388.30238014066543 348.86281197211906
385.14715870870657 352.34310854422904
379.0338427851595 353.068472146006
374.3900248316408 355.08887522219476
369.7406573740667 357.0544024159246
367.22552883136666 361.0684297671608
363.254598682344 363.65106425821057
359.26698310958983 366.1915275471754
356.6508655737057 370.1299232506425
351.2434435761056 371.1455824131538
349.9315972927637 376.4888806009217
339.7875007389158 372.23709425794914
342.4314627864117 381.98127348596336
340.96239763387666 387.2991652453671
336.15519862235294 388.8388900806688
333.9366629641968 393.3729847464572
328.46225372707084 394.0577976344756
326.169412603447 398.5454983837132
321.31690365295066 399.90554813215635
317.08574118752506 401.9958118383298
314.0674646576725 405.62375133059163
310.4044443986888 408.43369216745737
303.7268476816926 407.20265470321027
300.64068691582975 410.7264020863256
297.5156544475111 414.22751641901965
286.8635035737385 407.0790222025691
290.01230759081005 419.5150312513884
279.4905387838449 412.17598029278236
282.9687676992213 425.4993260943948
278.58190280502583 427.19096833796846
276.3422677489373 432.2082265012718
271.379385023372 432.9829435258812
267.87632864287673 436.3327543891399
263.76700479568774 438.8290865258497
261.1557150280627 443.8723831330141
255.97791980632155 444.57204654772033
251.79174709995988 446.9562798444047
247.58336913178775 449.30109651474584
243.3531570344402 451.60628977171154
238.63539910221067 452.98691625181476
235.28648037590577 456.9860743527296
230.98464244297688 459.1754511681674
226.66243420594265 461.32433376078995
222.75276647966535 464.33415233606894
218.38247691171802 466.4055035887795
214.40844866135632 469.3453069357683
209.58450809043177 470.42463154950946
205.55596900215707 473.28928110362295
201.8818083707025 477.0406014680249
198.91738658445297 482.61358591984464
194.00412083607654 483.5322130930069
190.9093613642783 489.0589082549089
185.9534178364281 489.8952198123093
181.6907898367529 492.5580746353641
178.40627351285247 498.00823444121613
174.70690223712558 502.49527192870926
170.61939186996287 506.00891604587764
166.17064121345794 508.53939670266277
160.78440556985134 508.1706159603776
157.1759598198378 513.4829282991916
152.0633154740082 513.9773809099504
147.7793189774614 517.3057827654334
143.18053059864192 519.6348098977697
138.80758440651078 522.8895241934279
134.38609119019338 526.1077631955463
130.3931092258616 531.2312463197289
125.85717130462965 534.3790531366261
121.71376581347549 539.4393007665482
117.27541538491676 543.4910090758589
112.77164543300728 547.506672092982
107.6251492444521 548.5415456007953
102.83577766501078 551.4941548484738
98.06631326941262 554.3933605318027
93.36229575560833 558.2467928535212
88.59463264021977 562.0604870183854
83.76365804663538 565.8335882489182
79.00688125667543 570.5557928144219
74.16891795480865 575.2381868490763
68.89436300008711 576.9008292131432
63.59515200988242 578.5150444377742
58.17177871686603 579.08552404711
52.924546654002135 581.596932902391
47.96049892465161 588.0474390241816
42.80822814919908 593.4580487302587
37.55874363034937 598.8232967887186
32.265690901322536 605.1404177467081
26.594217955249512 605.4161771635679
21.023976544853987 608.6369955977384
15.471173054416466 614.8053698564452
9.788820593147932 619.9227201767936
4.0055031253377065 623.9871440540365
-1.8619755184952667 630.9972528047714
-7.786544700126077 631.952031187204
-13.815924674374271 636.8501552370008
-19.90671211525614 640.6908168631421
-26.191933188435495 647.4704492375328
-32.55614496629279 653.1891743016978
-38.97066084250341 657.846705238765
-45.47528949007697 662.4409392887744
-52.06940380867279 666.9705969433805
-58.75236063455551 671.4344049271434
-65.42700080151837 674.8357634018207
-72.48797106659916 681.1537961801637
-79.6730181445992 687.3981453129841
-86.85693855369873 692.5748134498389
-94.01106882919368 696.6856672399631
-101.53581835134685 702.7022680991732
-109.18148265848305 708.6384154450669
-116.785679729953 713.5055045407939
-124.49058484298519 718.2917890978927
-132.65533383374748 724.9631455497976
-140.57749980919814 729.5799932477554
-148.9224618702869 736.0863402825058
-157.5402052768778 742.4702578025057
-166.50873081969462 749.7325140080391
-175.40256078103633 755.9166234919396
-184.428144851285 761.9988578644416
-193.3399201990219 767.0076109514401
-202.8699978446395 773.8499621855104
-212.80937125410006 781.544734168451
-222.6404197406318 788.1574991698774
-232.89635671764307 795.6131516180765
-242.73303455666593 801.0303826540617
-253.58998681433792 809.1947346513717
-264.31479305767976 816.2730487838465
-275.51299959264816 824.1684215349807
-286.88394383791916 831.9240366571948
-299.765709894412 843.3063021058832
-312.2004071576988 852.6399625695286
-324.8381417876021 861.812730028965
-337.676972132862 870.8216019892836
-351.82594724783996 882.4502834965606
-365.46641877786305 892.037161078889
-379.7071557336446 902.3654890811515
-393.3824009497491 910.6669460472422
-408.46391315545503 921.5320025098059
-424.1994912259941 933.1022407237097
-440.61237269656027 945.3622253013432
-456.8635156554754 956.4913632976094
