-474.27206910055673 1011.3135045430159
-493.58684018604214 1027.6049976499523
-512.9700181220381 1042.6436402279908
-534.4795565914732 1060.9786065636679
-555.004687562767 1076.3321033878694
-576.7994217027376 1093.159836036518
-599.4349530225611 1110.5501956664723
-623.8985892497553 1130.2351747898158
-649.2771866819173 1150.4260666615714
-674.5911998819186 1169.3702206922635
-702.3504688637071 1191.3827340057144
-730.0675991435588 1212.1164550820847
-760.3329312220624 1235.8377052425883
-793.7691427550591 1263.3267779992232
-826.16972132647 1287.7669010979212
-860.1959688543931 1313.3784280117638
-895.8884762743969 1340.122322058229
-936.1050371462271 1372.0890493803458
-978.1446164276911 1405.0541303997954
-1020.8867991302794 1437.3444762343968
-1067.2561960555447 1472.9987141817364
-1117.357838013143 1511.923100501674
-1171.295039080962 1554.021856803928
-1226.7317453090895 1596.02575951985
-1287.3794587658708 1642.6268989480518
-1355.878203843067 1696.8141608152903
-1426.1406413110008 1750.624708839975
-1505.8394891697942 1813.255754949327
-1589.425603199241 1877.5852182776496
-1680.2328994735037 1947.3061915186486
-1782.3963019611015 2026.7373837661823
-1892.2072630776354 2111.107925605947
-2015.2259104906882 2206.1297626583478
-2157.912106139884 2318.0389000564523
-2226.4824495471403 2346.9130580101523
-2247.1311161131616 2324.3688921933235
-2245.7965549157952 2279.5608862077684
-2278.5351632110473 2269.566811092109
-2301.9874225878843 2250.069978077835
-2320.944294828109 2226.179143803313
-2341.1118433252705 2203.5018350439727
-2358.5038917671413 2178.9860927778423
-2376.1398988113806 2153.7892611109014
-2393.510278573434 2128.454262220197
-2409.106895291601 2101.669090760594
-2423.651234340876 2074.129864371551
-2443.2515774173557 2051.0050534914835
-2462.631288034361 2027.695031111489
-2481.0106259879485 2003.573625733501
-2494.450429090164 1975.56094737973
-2515.480276643211 1953.6079386148579
-2534.726776057839 1930.2217931459159
-2551.351984789949 1904.851450824549
-2569.337964877546 1880.5207848462917
-2591.1545709088114 1858.9349073214944
-1790.670933273903 1259.0546488250495
-1791.8494813290583 1234.6057817217547
-1796.8701127169732 1213.0464945848087
-1804.9797869327986 1193.710169498455
-1821.2775152946508 1179.7661684766786
-840.2046917545146 532.9925665088596
-818.8977593892062 508.6280169901554
-827.1119277486604 502.90144061823366
-842.1657229125336 501.15555983268274
-840.8408001141556 489.6077500033946
-856.7513264701142 488.0298808389706
-844.7522037338106 470.61950053824864
-850.0643700789767 463.0492055086939
-853.5435211887014 454.480425801588
-855.162466616539 444.9642184381985
-856.6778709557962 435.45840836369695
-859.8814989727653 426.85337965670413
-858.4995532176936 416.04629204575366
-861.5103436554526 407.4419317825106
-866.2512521869835 399.65581202390047
-869.097977440395 390.99578720110884
-869.1109702073225 381.1130035373848
-869.9345426095133 371.6582994832442
-871.5804417681528 362.60658229992396
-862.010320404704 349.0533018262106
-876.4533490390671 345.2441555742879
-881.4843051898359 337.8186195341995
-886.5012487196992 330.19923685316735
-891.4526965987952 322.515255029489
-893.5073357791009 313.7732316641001
-899.2628356870351 306.3108753409066
-904.9567788968818 298.767850225857
-910.5881556105285 291.14465624808594
-919.9772570264679 284.6240442303781
-977.2270002004443 292.2796436278803
-1078.8909448102463 311.64616026265077
-1088.5214631051033 303.3496734125907
-1097.1250327111497 294.63988629945993
-1102.7560482178812 285.0440283866373
-1110.244361992669 275.85042443957093
-1118.6296130078051 266.77291635772957
-1126.9418438631335 257.56179947803014
-1134.2023619714987 248.00403645560567
-1139.4246046206256 237.92345488650557
-1146.5188521775349 228.15679170585295
-1152.5472053609567 218.09158492396944
-1159.4715910730183 208.10965737947694
-1167.2956452616831 198.18394625476313
-1174.0476370071801 187.97113086284352
-1180.7103632909461 177.64863640726875
-1190.2530378517606 167.63563429251963
-1197.7281426263648 157.19827085816866
-1206.1043774089458 146.75568402954337
-1213.395767636367 136.0577490705749
-1217.6077731127627 124.92922338419879
-1231.6744744818768 114.66031968293365
-1240.6719885079724 103.72086063889712
-1186.744349012283 87.96505037463693
-1207.4785532709222 78.0739610290192
-1260.0812935506622 69.56388174685071
-58.93831672883913 2.697187641051522
-64.95715127947729 2.359766440795067
-65.97613442526112 1.7747355577306552
-67.98961836032291 1.188189891238876
-70.99769645587348 0.5719247849586903
-71.99993306747184 -0.0981747400029597
-71.99592786274154 -0.7657487727168656
-71.98561261317712 -1.4392972957644434
-69.96985742258308 -2.0540331699845717
-71.9460800959599 -2.7859574342983664
-69.9191755584869 -3.362869194822768
-67.88794860038364 -3.9021064608322904
-62.85961181740154 -4.20347501070152
-63.81463734329249 -4.867449100304968
-60.77725976777782 -5.208137394506377
-60.72587326732033 -5.776531478434986
-63.65290094635742 -6.656440573851072
-67.56207840884525 -7.704905001169511
-67.48703561239118 -8.336667454795304
-68.39735139718437 -9.09957811385133
-71.27918996002788 -10.162533081976253
-71.18099131420546 -10.82896465628215
-71.07656194222908 -11.494448332672281
-70.96591098517429 -12.158925858986008
-70.84904812871417 -12.822339071134465
-69.74367827446223 -13.297343371828259
-69.61621806453849 -13.949271751264456
-69.48266409864667 -14.599979101171279
-69.34302806724195 -15.249408462812443
-68.22271202142969 -15.673594496511456
-59.32083257837623 -14.214036098457631
-1076.0072884840115 -268.49453463578175
-1088.9352840783065 -282.56848212300275
-1107.4860648473539 -298.46878592060983
-1129.6850768929958 -315.8173950960685
-1163.1803651569942 -336.94574951057257
-1174.3450539532218 -352.1217037553987
-1192.9674394359693 -369.9049721828393
-1218.0242199029433 -390.20251117826786
-1199.1293696297398 -396.55737906560614
-1179.277106553872 -402.2704388317979
-1142.443324262074 -401.67679899269945
-1139.5755450988418 -412.68823221976885
-1128.168490297056 -420.5375815558717
-1112.046427497026 -426.4196795307431
-1096.84443351783 -432.4040803009961
-1085.373048975363 -439.5524366420055
-1071.0472494134483 -445.48601495881627
-1066.822924150765 -455.50943843833926
-1061.5888444364605 -465.09152364675543
-1038.0259614593099 -466.4183780003479
-1055.4051952232523 -486.17267909228343
-1062.5559850009708 -501.59722760260235
-1077.6116160394056 -521.116306573629
-1100.45812588271 -544.954964358261
-1700.033737980535 -861.8127927386145
-1690.102624686647 -876.7947981297032
-1684.4566880794805 -894.0104395275862
-1682.1517363028925 -913.1054353431283
-1679.6362516672589 -932.2355185709029
-1681.2582076370993 -953.8657343949873
-1688.6769919917892 -979.1190002842159
-1706.953241523597 -1011.220367304815
-1984.0028882489648 -1200.6221468137949
-1965.8524560140515 -1214.967127614374
-1947.6080482605314 -1229.077658388925
-1806.5387893896211 -1163.8808368689138
-1768.8090369825356 -1163.1868253590712
-1737.0658552235823 -1165.7899530431564
-1602.2967594394704 -1097.2734821774252
-1573.9030841192102 -1099.6495268038987
-1573.294700298578 -1121.3241217473244
-2081.9970704646066 -1513.5270722972864
-2103.862317615738 -1559.7834300044785
-2081.167152483182 -1573.4116700422192
-1943.5624245987908 -1498.2259848526421
-1831.1486286049283 -1439.1440858921287
-1795.7220782713262 -1438.74362469792
-1785.2503525827424 -1458.0487572791228
-1772.268564981696 -1475.3644070458388
-1759.881463131878 -1493.2117183188727
-1752.6102498777468 -1515.5349920155134
-1745.0745360459568 -1537.8526794345385
-1735.785763002879 -1558.8254504454667
-1722.5680723325718 -1576.3832770555669
-1716.4871377001934 -1600.6501510666837
-1708.8222280719403 -1623.3839942685308
-1720.6884853815202 -1665.9100024537493
-1805.2198585854476 -1781.1449301414907
-1786.8778364457537 -1796.7257992300724
-1769.7995508579447 -1813.5505368704275
-1752.562855484049 -1830.212948696844
-1733.7997830350646 -1845.2539967027747
-1713.5534425441435 -1858.633530189616
-1696.5635905425324 -1875.5033946238086
-1677.4164590756043 -1889.9743444878457
-1658.804181998156 -1905.005166865809
-1638.1091163805702 -1917.572038498389
-879.3160805051479 -1049.2684263643237
-870.6199460820618 -1059.085411798344
-861.1889628794662 -1068.053168252681
-845.4632091596492 -1069.093523484951
-1545.6010927284772 -1992.8876692268777
-1526.072428897265 -2006.6250127414446
-1507.0200179901203 -2020.972950184405
-1489.603244790801 -2037.5618206839065
-1470.259781590348 -2051.563348921476
-1452.5091071101606 -2067.836138034647
-1434.0149441173958 -2083.1327706240863
-1414.242834780033 -2096.6063541526664
-1396.5495088913926 -2113.2293934202244
-1377.0377651338172 -2127.1866381197638
-1357.3868828426832 -2140.9637666916797
-1337.5985243454868 -2154.559395252026
-1317.674365705188 -2167.9721552555584
-1298.6386466942072 -2182.9195279057444
-1279.941027439302 -2198.5647514407265
-1262.053281159758 -2215.789140580369
-1242.0072030750896 -2229.377067144451
-1223.2520780055343 -2245.4183026009077
-1202.8941917111854 -2258.655919689295
-1183.3186219781728 -2273.483239190401
-1165.8364009126815 -2292.5988498442034
-1145.8739012919075 -2307.1083638048003
-1124.8683848249484 -2319.6454722265885
-1104.5837373082286 -2333.799213144564
-1085.413851784876 -2349.387318079656
-1065.4377796726117 -2365.095841112215
-1045.26065289329 -2380.6365047006007
-1025.2771398137734 -2396.926320639683
-1004.6933203288078 -2412.127760315916
-985.0397113288852 -2429.9343133313514
-964.0371419681861 -2444.793731361771
-943.1985595100214 -2460.406770706466
-922.1497134049866 -2475.84407951452
-899.871803279357 -2488.281884687255
-880.4204391601353 -2509.011927095819
-859.3668767923614 -2525.809290321053
-822.106571140358 -2493.9961478895357
-748.7481108627677 -2346.432455128303
-708.9517043380173 -2297.0858671186456
-667.0218666066022 -2236.6577363263796
-619.117474356458 -2150.659794794723
-507.1183174509836 -1826.922825985182
-482.4519280314209 -1804.622990305389
-459.0044817643367 -1784.9268572466078
-472.18835739588513 -1911.5436576598966
-474.92852973266497 -2004.5056476962018
-457.35158207998165 -2015.7674792418243
-443.41823104869445 -2044.4667452354531
-424.9261918493531 -2053.496221442934
-408.2351568236651 -2072.1698908953285
-381.8459051305897 -2040.5807273261698
-360.6349512959298 -2034.280814416678
-342.71705755312666 -2046.5018979864462
-363.6939951291254 -2306.5020437682288
-343.45107072614275 -2321.7343435494654
-322.12926678890625 -2330.845712499659
-302.06690963178625 -2350.671304565039
-281.5377194694273 -2369.3316594592566
-258.835159234365 -2370.9131912290927
-224.9357259133964 -2259.832940552866
-191.8347805336686 -2133.3924667012398
-172.1339706762707 -2143.0982003023614
-175.05596187596998 -2474.816439700464
-152.01086344179566 -2485.3556480704488
-128.70133220934838 -2481.664958669389
-103.84287602068147 -2454.8046067049313
-79.60680274896845 -2430.6967636782847
-55.77051668053672 -2403.3530014272114
-32.70905364478165 -2393.776538820962
-9.996247038996328 -2422.9793798225223
13.411363356282868 -2477.963707428526
36.61112673774139 -2448.7263271748016
59.10752697611677 -2413.2762585859846
81.23728687774539 -2386.6177957982177
102.60268976267746 -2353.7647902994604
123.82661486913358 -2329.711563573923
144.7263587889462 -2307.4657702925288
167.9534736957749 -2322.9362089117994
192.06010987117904 -2345.148591069715
216.05879977637477 -2361.135234381799
239.57480608894727 -2368.9164004429203
134.9875753830631 -1218.546000154365
146.00558571434345 -1212.2389900263938
156.01232499872205 -1198.8916358238944
167.43981640765244 -1197.34911695853
177.8165388203637 -1188.7746962826666
190.72014539165644 -1196.900090292329
427.76890916650353 -2529.0786386252403
455.9227379589325 -2547.5239855616733
485.58025213021546 -2571.55610841785
516.1269945283879 -2597.2132999657715
547.2067774904189 -2622.5189689816452
578.3884778468298 -2645.511438019883
610.949552519153 -2672.0444689931055
640.8181708359743 -2684.576702559723
660.1159087983398 -2653.1119439163026
646.5331227903577 -2496.6449329319835
660.6990134715021 -2454.636595017231
679.7746057953217 -2432.8136972065527
699.8858381960972 -2415.6541171062854
454.14390754896544 -1513.3252496526175
467.9636809760986 -1507.0149280240394
481.70445009249175 -1500.5788292392674
501.3447037189492 -1512.052409162116
807.143926510392 -2360.8353779747936
833.1638903452416 -2362.3850092279163
848.0132633369781 -2332.6374568724927
861.3156620114543 -2300.015506550721
883.7812044561183 -2292.5487525132576
924.2474479413813 -2330.411048500638
949.66383774 -2328.8116272659186
1005.6681889300605 -2399.79905279049
614.390269843284 -1427.3894340094776
622.0426584901835 -1407.6874408115123
613.6801355856861 -1353.3634734200323
616.9829266300703 -1326.5372472143379
628.0051892292827 -1316.92463045578
637.5823826806237 -1304.5277709942777
647.4270934308773 -1292.963324573302
657.5647920535571 -1282.2205521093326
668.9504667206494 -1274.0589755086792
680.2400229300433 -1265.7971840718142
691.9144225457417 -1258.3125334642396
701.5468026687828 -1247.2341735476975
711.0302212988885 -1236.0873854221043
719.8573158429513 -1224.0120280566614
729.5485123819356 -1213.5958833488621
740.6763928034478 -1205.663087742041
751.7191964135071 -1197.6285942408986
762.6759972420359 -1189.493305248443
772.4502047551894 -1179.5849614053523
781.5486006050304 -1168.767635115004
789.9466622481063 -1157.0588882174823
798.1919671649753 -1145.2971594976157
809.1824954530326 -1137.5586530163632
818.9230783174582 -1128.0961802076354
829.1517980297665 -1119.355303656531
839.2881723043829 -1110.5221131656804
849.3313724731534 -1101.5975761288103
859.280579930483 -1092.5826673320116
868.5092590669138 -1082.698326827487
878.2605842084 -1073.511688909776
888.5562122835818 -1065.0055669395604
896.8254757872388 -1054.1157744664447
905.2505532316214 -1044.2439541954952
913.7361154747747 -1034.159712654225
923.4504333172995 -1025.4946597647847
933.082583703685 -1016.7383596524995
943.9978424897572 -1009.3523038932856
954.1667372717932 -1001.1267839210481
964.2643878670502 -992.7991691633222
975.6966890559644 -985.7915453914326
986.3722679567807 -977.952324505544
996.986645934706 -969.9992926945179
1006.0920508520793 -960.5518128722973
1016.5674718965199 -952.3862530937321
1024.769681171149 -942.0780756138961
1032.8679399340897 -931.6999617131634
985.4488802089286 -872.207833314382
863.0104734268879 -749.441073571164
849.4892101454711 -723.7569217951726
841.7002174839718 -703.5266476029424
833.606454240919 -683.5087998320745
829.1074265771982 -666.8409669437954
825.1542093060674 -650.9389609360302
824.9302772924704 -638.2311788107565
824.540590813963 -625.5859765852819
823.1839910520439 -612.4084559145379
821.6527998809287 -599.3126700211088
819.9484430396329 -586.3007340579422
822.9857181491358 -576.8184356645955
828.390087773428 -569.0297553544386
831.2320296397487 -559.5152481398375
834.8032093407857 -550.548455337334
837.4393773065204 -541.0215239123738
842.5054405995405 -533.0980984398409
851.7467722141781 -527.7607753733967
868.656793893489 -526.9643008996763
876.1683647767987 -520.2787681275786
871.5263397207328 -506.46405516382083
868.4411206843708 -493.7722348456563
844.2202904407964 -469.5190104863247
831.9204685999807 -452.456996768078
837.9172656231216 -445.52851308381037
849.1102565537752 -441.43037074399626
857.6790200683115 -435.6956489737542
862.6314954953384 -428.0606300274251
868.4160507625035 -420.80703746260843
874.1402995510698 -413.4824502935595
885.2511168342531 -408.60183570770624
898.1704593923806 -404.36966487964963
912.9189681553784 -400.73427303154284
920.322280897534 -393.7104256729311
929.5199980925337 -387.3520016032654
954.431756242947 -387.2467206768879
992.4435004474733 -391.84805527087406
1009.1516734482301 -387.52277349419955
1015.5595553220089 -379.070955883148
1031.2985414291093 -373.94159764085055
1049.859543583628 -369.54558412512
1066.534974463526 -364.1869688032317
1059.4676466862165 -350.69118270234605
1064.6210919285286 -341.32965095477346
1074.4673968092657 -333.3838826247006
1093.8360427153204 -328.1565352951055
1093.0297520466374 -316.749050733962
1093.069054894324 -305.65510176084
1077.5479168899515 -290.4246663183525
1079.2617339884218 -280.03412211426166
1088.6376318955547 -271.5733904874307
1116.4266713240906 -267.3864012178079
1139.3577143835378 -261.58172465736385
1164.2298565252345 -255.7984385707465
1192.027972417001 -250.18655634428768
1183.540332342946 -236.81486802468538
1161.1544977174922 -221.00731307003963
1144.4827188013157 -206.7082639014426
1124.689271331337 -192.23694481599094
1104.726823489377 -178.1562389114422
1087.567063895124 -164.91780234571183
1069.2676466236655 -151.87725268745092
1054.7862898787278 -139.720731045427
1039.1797525036068 -127.72800000995387
1024.4360876364385 -116.15378748946213
1010.549491738662 -105.09864293477747
994.5666655925065 -94.01142320060448
979.4626373328426 -83.31831772781126
964.246908183764 -72.917076587393
950.9192600577043 -62.940931446142606
936.4921305837656 -53.16473788780602
924.9632209666116 -43.80684717108799
913.3422069923753 -34.67005806595964
902.631815688039 -25.78381871861016
889.8364136055594 -17.06332387302446
878.9578810965893 -8.604839231154916
867.9999286142898 -0.35203066287562856
857.965418008844 7.703343489000579
847.8570419319404 15.570370786197605
839.676681668924 23.303867950719354
830.4272359546349 30.84810828471132
820.1120164668579 38.17434277972978
809.7333062324566 45.30974263725915
799.2937780034894 52.25376967175475
788.7961089641988 59.005919050040376
782.2288598812648 65.90152326658634
771.6196299377302 72.30592434068082
763.9441194450819 78.82501103887361
755.2211095135737 85.0945106636544
745.4557897143138 91.08603395366775
736.6367488012828 97.03247041828672
728.762615659861 102.96140061497655
719.8538773019715 108.6020042785497
713.8662486730365 114.5599363018607
706.8447907977883 120.24741877492
698.7957554016966 125.63634916922821
691.6909480382923 131.07109674481427
687.4883725609947 136.96984191213443
682.2574110436918 142.59672182753363
674.0510730471105 147.49627427172106
665.8134623564986 152.25450188697658
661.4373151426373 157.79948712495712
656.0455072743844 163.0346355382677
649.6458590388809 167.9323013408514
642.246704958447 172.46498186593567
633.8766462111028 176.53440851053497
627.3540809535713 181.20666960931615
620.8005909007699 185.77035914605713
616.128130555674 190.81699803206786
609.5114786818979 195.18134479249386
602.8681668435164 199.43664008084872
598.0923725474252 204.22907212390695
592.3371192469144 208.6162437641582
583.7330591645583 211.88845093205583
578.8679529531603 216.41601845477547
574.9031988699044 221.22909376741387
569.9697103538923 225.61810494528166
565.9313691303901 230.30997684469116
561.8556010085107 234.94527791672095
556.8242663934451 239.12912067626058
550.849538034475 242.83489544792664
546.6774811037523 247.27258573092274
537.9353971400549 249.54860950077742
530.103488238617 252.10968199823344
524.9690973075382 255.85825543083126
519.8117632636571 259.53175291807315
513.7420842236986 262.6748387217363
511.20406605913945 267.5806473656176
505.0932465262852 270.5731182389287
498.9723037103305 273.47328960980025
492.8424430558074 276.2812449711042
490.175133886235 280.98636643013765
484.87460809504677 284.14893000797105
482.1323498502813 288.7774181404182
478.49298195074454 292.8574162009296
474.81976087582876 296.8942483138075
471.9559575803769 301.4259015154296
467.37373116345117 304.83732615668
465.2665525942081 309.8516339106525
461.4521760041027 313.7290060881822
457.60627764563884 317.5617965991855
449.64906100072886 318.45992203284044
449.0114414632451 324.50689582056464
443.46995903879 327.0097787989434
437.92192561287044 329.4364689397876
431.6745126449746 331.0485087305539
425.52813164584217 332.45422117638816
421.73897180946125 335.6445138194552
417.9269085515432 338.7935936651549
414.86349795177256 342.5379950709404
411.7665406517146 346.25469816266735
406.35764607158205 347.992045137763
403.21198854311274 351.6320410530143
400.03372647893775 355.24360329128297
396.82311687974635 358.8264398143525
392.8447550266587 361.7029146247574
388.84680867432024 364.5369108660968
384.10635544987326 366.6378427045081
378.64255193599024 367.9861653152208
373.1857331207892 369.266040403256
368.4411630670995 371.18743157300327
364.3903941633705 373.76950202158486
358.24824064700624 374.14194909596097
354.8693820112058 377.34827641183796
352.1403256577931 381.25869307548044
350.7133122479809 386.63183083141286
347.2224462395581 389.7698972822519
343.7035031228945 392.8764461520319
340.15676744683753 395.9512262389373
337.2273201187225 399.75834521063433
332.98106782555334 402.00448812140667
329.9836279612033 405.75830894457624
326.3216101883241 408.70919579096756
322.633205391018 411.62703358637316
317.0893501854606 412.1338908643189
313.3705229768316 414.9685714957545
309.62635599484315 417.76969693044356
305.26896516962887 419.7283155855272
301.48232497937124 422.45639742467245
298.2448541158297 425.9694906838135
295.53469260137547 430.2827506059365
290.5360914564716 431.26416447601673
287.7487996286789 435.5279879781028
284.90822933605193 439.7764214423002
282.5505823038717 444.8529739585238
277.8854922802549 446.6045825785494
275.2370158869037 451.7583259727177
270.4670839465529 453.4661580553154
267.7060244829641 458.5787658140384
263.88059247849463 461.9426727562617
258.5520319239019 462.6562944433174
255.15188587500026 466.82064557432636
251.2248779046952 470.07984504950963
247.25910488204275 473.30638602593456
243.25483454141235 476.49982735802763
239.21233948862672 479.65973005494004
235.13189718404377 482.78565733318163
230.58439626350855 484.97405724408935
226.01653004216746 487.11962406343065
221.42870195568685 489.22216829393534
216.82131720277297 491.2815042381043
212.5899312805376 494.21606723996365
208.32250339481283 497.1144079377686
204.39715500631067 500.90198944037564
200.78804489428575 505.58892494548405
197.82948605906608 512.1176568383537
194.06266489139912 516.7626941791062
189.88316739231374 520.4424874480009
185.9854909292006 525.0318058592491
180.71810739128816 525.8107698221014
176.40092988822838 529.3833317498468
171.72530836345436 531.9693773775672
166.71838929598246 533.5597236210331
161.9860063230936 536.0601960185952
156.94107269705216 537.5588337109702
151.6110596227754 538.047476158061
147.07222979292877 541.3785729263174
143.4964547842515 548.5414911055965
139.79890395874568 555.684502619907
135.04023018680732 558.917826009418
129.78167532127065 560.1622236020601
125.37782614551604 565.2622406556312
120.8895050737205 570.3286136632379
115.52433893898969 571.439521832984
111.47151302597655 579.3738877302804
106.81409479432621 584.3173360026799
101.67154488028913 587.2639074229365
97.12846976118907 594.1128347055378
91.85747926875213 596.9742067312379
86.54134110777966 599.7887930590792
81.18047085065986 602.555998354066
75.8995130559615 606.2674854533005
70.55605657925408 609.9326543807808
65.15050817348518 613.550659102194
59.97207505372437 620.1067248577058
54.58944375213371 625.6228837173658
48.79827650156324 627.1042403065674
43.188807778954406 631.5249218222765
37.559572729458715 636.8934592978487
31.882937376048616 643.2102908880383
25.97069437493312 646.4785557415527
20.061490647690057 651.6912893333719
14.056799262588228 656.8496071358278
7.945105431388296 660.952248880117
1.7603471030391133 665.9976735530514
-4.52506752854395 671.9847645325466
-10.906493442676176 676.9121423056207
-17.380716336020697 681.7784909335633
-24.05172136770515 689.580680340778
-30.782095133499393 695.3189646624003
-37.568581135313586 699.9925726116523
-44.445397223302706 704.5996073414054
-51.48419677028173 710.1361682683955
-58.467379975464745 713.6088322595261
-65.70218683883054 719.0043272780738
-73.24393993960841 726.3162708229268
-80.81886561899066 732.5553296236807
-88.51716885085973 738.7155818165936
-96.59459136880591 746.7787389302761
-104.968482166658 755.7450745798004
-112.93147660822457 760.6625280576703
-121.46421416726167 768.459787286706
-129.82222745023046 774.1906672518473
-138.29829363809316 779.8317651755357
-147.62683470763278 789.3131936526877
-156.4825456034349 795.76014785956
-165.78190906536864 803.0668456776447
-175.23244979796343 810.2682201208463
-184.6124373613482 816.3867024710179
-194.35263989768958 823.3729722093135
-204.47933611858647 831.2185038246575
-214.52264732954825 837.9767501444908
-224.7110278955114 844.6188216835703
-235.57554768438422 853.0704316369208
-247.16921758108762 863.3141826011855
-258.97617542231336 873.4141861474608
-271.28801656932234 884.3233639715074
-285.0367549966511 898.8898977633351
-297.8382346479501 909.4731364816624
-311.5039954566194 921.7886204627189
-324.4402609882443 931.0931838703793
-338.5925514393334 943.0583672868835
-352.65146889380986 953.9003834190646
-366.9439067225754 964.5600910877321
-382.56069783945634 977.8278542098236
-397.71286503620036 989.0300687970498
-413.8727571415746 1001.8809015526901
-430.6995339819452 1015.4343461926701
-447.4181940797048 1027.8414078088388
-465.223266733824 1041.8485072646163
-485.41231522789894 1060.1560659757085
-504.28674247673894 1074.552875089076
