-525.9521730102101 1091.933290868008
-547.1111098009044 1109.4315812759355
-569.2628293631836 1127.4346238720111
-591.8015014743875 1145.1165804636053
-616.1254318336453 1165.123792670892
-641.3536853550961 1185.6514876984031
-667.9904918423593 1207.5548446377925
-695.0958158408521 1229.058911037441
-723.6653936508283 1251.8883328924317
-754.251381043617 1276.868769370524
-787.9543679112871 1305.6618682068968
-821.2157560972747 1332.2273386841982
-856.1115640463672 1359.9713195159973
-894.3048233195744 1391.378770496138
-933.7125628922922 1423.0196238622668
-976.0197116995859 1457.361150289748
-1017.9261156970305 1489.3765215626154
-1066.8124590323016 1529.7503643580064
-1116.5472498570043 1569.3305065653826
-1170.0567166971066 1612.151134265019
-1228.6340357629572 1659.7238945574138
-1290.6183887200157 1709.52279151164
-1357.91674299551 1763.8418634028578
-1434.3762822070762 1827.2639877811323
-1516.520727941585 1894.859858069595
-1601.325495046813 1962.6119481224707
-1697.1281835926154 2040.4587544117694
-1802.2939467496524 2125.818790374561
-1918.3657750688867 2219.9614305307987
-2045.6171188015567 2322.601042638623
-2158.9326827667924 2405.168117051567
-2184.882162817594 2388.400915801515
-2192.9777723921184 2352.3402155713156
-2200.5889753748284 2316.340467517408
-2240.4091241136707 2314.175437729001
-2260.015540018076 2290.8194513921876
-2280.7988670913674 2268.7101022111074
-2299.21946087086 2244.3170165448355
-2318.105255375101 2220.4702261012953
-2336.7459727062683 2196.4669947534007
-2354.4052808603496 2171.6318227215447
-2369.250070724631 2145.0105133475063
-2385.7288460562663 2119.145788541939
-2405.7000361997184 2096.4465974187547
-2425.4552618326547 2073.559204085644
-2443.46031905989 2049.2004951150434
-2461.9939379047387 2025.3221594897727
-2477.959739089673 1999.3927906868728
-2496.7921653249405 1975.8251145210183
-2514.61043682282 1951.466974104801
-2531.3955629123416 1926.3430390425563
-2567.1662029142994 1915.428590841898
-1753.8675057307885 1282.9176794875277
-1760.2553159285274 1262.163706792966
-1772.1349307765176 1245.42915780935
-854.8670198099252 588.76682858437
-840.5132344446098 567.215569888081
-804.1411405806891 531.65122592315
-823.4113897700578 533.2491755239215
-828.4268074396368 525.4236621197896
-835.9163811277127 519.1337050918082
-832.252807598355 505.9953203782179
-831.8534895707475 495.01896114085395
-836.506308399146 487.1151773538091
-839.346255454433 478.17764842642083
-842.0920925041946 469.23012237270837
-845.6219980391348 460.75203356284965
-848.1843180085775 451.77910828669826
-845.3305549134242 440.028695575371
-851.2444633197168 432.90629894646617
-851.7254712475332 423.0422220395589
-852.9960852097772 413.644386661773
-852.357561921271 403.4049908412472
-856.1414452873349 395.3110492527542
-859.8484711211288 387.18161979961985
-858.8999487000183 377.0077958386352
-863.3528714618825 369.2462854769459
-873.2744796201434 363.7412311577665
-874.8281722675272 354.6994065501914
-878.1495760948583 346.39474881184435
-875.7900779470654 335.91031447318375
-891.984385843449 332.66778535272243
-896.025156361554 324.57344186986825
-901.8792881870709 317.09580498515356
-904.8324070896213 308.568169259893
-956.1284832715598 316.01791638580653
-1064.7856537071837 340.815949831233
-1074.6420881785014 332.82034540476917
-1085.3998452259552 324.9556523334725
-1091.3009389379988 315.52854177243995
-1096.157286249805 305.7502310734416
-1104.7889976315216 296.94657888640154
-1113.351663621538 288.00707128672053
-1121.843487230716 278.9322321963283
-1130.2626752547353 269.7226073691425
-1138.607438526249 260.37876436586316
-1143.9453039415996 250.2601478261401
-1152.1299459514244 240.67735174288433
-1159.254327508907 230.7669910361359
-1165.3112808259068 220.55751807608902
-1172.2627039105007 210.43087468440004
-1180.1122359613469 200.35995242141172
-1189.8504237164675 190.4756393393733
-1199.506457460956 180.4252158360007
-1207.097596004705 169.9305555798071
-1211.6224370428722 158.9184383710434
-1222.0028222379506 148.56009707348608
-1229.3134612645736 137.68592503852304
-1210.6625569322132 124.03698336526652
-1174.9382096576999 109.17968440309234
-1261.6188759761121 105.23218034789136
-1267.5424269067857 93.68669057692071
-1267.372398231993 81.65294973046795
-65.90056932408756 3.62145865103136
-64.93285178420773 2.953770331307334
-66.95654432225152 2.412710596480266
-66.97633641429834 1.780550622344932
-67.99001333499278 1.1653697728637533
-67.99798480543559 0.5235096940361865
-71.99989086434522 -0.12536156658693226
-71.99549950299556 -0.8050163440368767
-70.98514986071127 -1.4520672341049952
-67.9699744903959 -2.020536506705872
-66.94909679547307 -2.6112139457303902
-67.92086685603061 -3.279610575260679
-64.89252658935843 -3.7363073815480408
-68.84620932047751 -4.6042873716782236
-67.80348589324424 -5.165975292684718
-63.76725958010191 -5.453128060471513
-66.70059351462491 -6.326991765189693
-68.6283387273603 -7.152001364841816
-68.55913032929374 -7.78753160448908
-70.46908129791292 -8.666520699112139
-72.368459489001 -9.58154847552424
-71.2864908131717 -10.111193181004284
-71.1897516014909 -10.77122402134608
-70.09958332304315 -11.271575663399124
-70.97794903149895 -12.088455289321978
-70.86290385450938 -12.745542644648737
-69.75925107953545 -13.215403468011626
-65.71078515654303 -13.08024136285892
-66.5656843360818 -13.892791975305512
-1075.6464224851861 -234.91652516334537
-1088.0480705746318 -248.20837237857432
-1100.2945015062805 -261.74989962757485
-1123.059471650116 -278.1841532815308
-1168.8536996117907 -301.0482169085707
-1176.6408162426965 -314.70683111702726
-1193.9103440009108 -331.208530215674
-1227.3118937256645 -352.7527682662794
-1213.4476013390267 -360.97218563839834
-1196.6698430405852 -368.08326063164185
-1166.5230456555996 -370.6750382132364
-1148.7857720294444 -376.79205137942245
-1141.4564441326856 -386.1375223258747
-1124.6103120077448 -392.08754905740494
-1110.5765447539889 -398.77279024814584
-1098.3923173721005 -405.9252605319687
-1085.236869956733 -412.53113347541756
-1077.64257215607 -421.112202004228
-1071.8387435819732 -430.3332519764386
-1053.9350841515627 -434.53519810763146
-1049.8297316015114 -444.361941040745
-1066.7288577343502 -463.31257707596137
-1076.9694747622414 -479.76843417459446
-1100.638737469421 -502.6871488129758
-1727.166246125564 -808.421770021397
-1717.7353271864843 -823.6566916716828
-1709.965894079038 -839.667577727327
-1701.1537655777106 -855.156047666609
-1701.0938489618784 -875.1278289621821
-1695.4990543340107 -892.3782587851832
-1701.1770274893772 -915.7623715475576
-1716.2014988322273 -944.6340113536121
-1759.5930060210417 -990.0471974415333
-2012.0705903751382 -1156.9844162076872
-1976.1705131131243 -1161.0400953895655
-1936.9427057211126 -1162.4689048545667
-1807.4887016979328 -1107.8739067395354
-1780.9545087436736 -1114.63089755559
-1672.7135638102977 -1068.7629921760265
-1604.023631191108 -1046.1038144374065
-1593.3486216317133 -1060.488646777663
-2103.7175662937084 -1428.7131976947917
-2151.1049915043573 -1490.4483605697446
-2129.738023500136 -1505.2840101647707
-2075.0234624022705 -1495.874871264336
-1878.8724136332437 -1381.3263384472145
-1849.083704479564 -1386.2216467174837
-1820.163456615221 -1391.289326920368
-1802.3541559363957 -1404.5442309086611
-1805.5974607536702 -1434.3827277682547
-1793.6731916952615 -1452.4463781474806
-1786.9675629259693 -1474.8681056455255
-1777.7031597128494 -1495.359647692471
-1769.7298800591977 -1517.1081542281872
-1757.739363096188 -1535.5482185272485
-1749.2931822757946 -1557.2210384025202
-1740.5949530429232 -1578.8695986184243
-1785.9877738899406 -1650.7185318871457
-1846.200778017328 -1738.6312683396134
-1825.6712980285818 -1751.5205712621914
-1807.4282346686114 -1767.480460011569
-1789.7552352160915 -1783.9577343694534
-1770.5294775024272 -1798.833335608105
-1751.1830288515825 -1813.5046179875576
-1733.09350750924 -1829.4225575927833
-1714.1789647491566 -1844.4279538142737
-1695.1360142110677 -1859.239062983729
-1679.2999074322527 -1877.5816416065713
-902.2008124874794 -1028.3276199475204
-885.8145302753138 -1029.3185211357684
-879.8126089865804 -1042.3175010850707
-865.9904838007826 -1046.0518543392036
-1587.1178228371516 -1954.8352913820283
-1567.7507200814155 -1969.1233276979385
-1548.870891771321 -1984.0080545762694
-1530.4575583259548 -1999.5058544957942
-1511.2892289976965 -2014.0329854090148
-1491.983016500219 -2028.3763650947294
-1474.2950992608924 -2044.9682052040112
-1455.849154946461 -2060.590264473186
-1438.3775887643321 -2077.6907643199715
-1420.1506407238835 -2093.8176037209028
-1401.746695313379 -2109.7855820386158
-1382.6217136149853 -2124.7546204304067
-1362.801182199218 -2138.7073053123504
-1342.3109020848267 -2151.6266967446327
-1323.2616786714852 -2166.9101342140434
-1304.5558146401722 -2182.8841303396102
-1287.6844421679507 -2202.1511704237323
-1268.0811208676032 -2216.9542780353327
-1248.8005530539951 -2232.4563105897582
-1228.8595262835258 -2246.9146100068488
-1208.756102807166 -2261.1954103806315
-1190.8067996356044 -2279.728748325469
-1171.2498893335162 -2295.4526126095975
-1150.609093824881 -2309.2203691305613
-1130.6868331708915 -2324.6015325844514
-1111.004313018679 -2340.715791473602
-1090.6967373057118 -2355.758185219925
-1072.1011367609 -2373.060292650818
-1052.7600259832075 -2390.4477253627274
-1032.3964950900604 -2405.8431945839193
-1012.220981151813 -2421.989612966179
-991.8317616583968 -2437.9691869598355
-970.8621622306631 -2452.8494984301014
-948.9808958187064 -2465.684338955643
-930.7968481523344 -2488.627378188563
-901.6784900027567 -2482.308784310757
-832.8665419440482 -2362.489856763445
-787.7658739746712 -2304.0507650225336
-751.7143755600533 -2268.7056877383543
-713.0452973756121 -2222.4136437419843
-639.4529172934941 -2060.036156615907
-535.1002063533942 -1783.455009009354
-516.483803214844 -1782.6891150777608
-493.62384008668323 -1766.3214612572867
-528.8417151409469 -1964.0474638681167
-514.9473848256195 -1987.3696663834978
-501.1409069707084 -2012.5441091714179
-485.50812142794086 -2031.7979387792261
-467.76937690343533 -2043.1367575449697
-448.575546555772 -2048.4601482655676
-422.3652229626718 -2020.3226520612227
-400.8319530486053 -2012.4705576517736
-385.62467796607814 -2036.816783057219
-411.51351642656994 -2292.356347908902
-391.7516636977948 -2307.9886555158823
-371.8880028546942 -2324.438709308711
-351.8958551705285 -2341.707348733783
-331.60929049790803 -2358.8046291406745
-309.73165165955675 -2365.811130238473
-265.9588476488814 -2192.9311186987334
-237.25977143119619 -2124.7945314454328
-217.69680639743083 -2132.919150011167
-228.29971708088198 -2468.4651585916276
-205.52807399689758 -2478.492931359524
-181.34254885134087 -2471.3556765419457
-155.909316121043 -2442.028109000113
-130.99490681937888 -2411.444657127213
-107.77588265674338 -2393.574807503948
-84.62700496369546 -2387.5006324671153
-63.07837437696391 -2438.1841847337864
-40.290652073913144 -2471.67163340025
-16.416837253854446 -2437.9447260868283
6.8221934373037625 -2408.990339888623
29.530592034132177 -2381.816941776616
51.719785742384886 -2354.4320044891424
73.38782907510512 -2326.842974191349
94.98478873318444 -2310.048027619623
117.98894328683109 -2327.0106594646395
141.4466014329082 -2345.7392990149356
165.2035115866362 -2363.2327011446514
188.99081439085015 -2376.49710121344
109.7648831464373 -1231.1164325228742
120.35626640499342 -1218.0682941186221
130.3846397720696 -1201.94877000291
140.93723757159432 -1192.7018466765649
151.57863517018657 -1185.3475934762525
164.68250786692897 -1196.7220527769423
373.6767839289429 -2535.6132712132035
402.26144645986176 -2559.5833115356922
431.00908764271804 -2581.263288850905
460.9044023224914 -2606.5640471547495
491.3227114808228 -2631.526361863611
522.2602499550172 -2656.1425472509795
553.5108468506832 -2679.425636665186
585.2541286782671 -2702.3513104082235
601.3527763889589 -2653.717362178815
592.1611719394548 -2501.876525020228
608.1585336062439 -2464.0590897951097
627.2207672025454 -2440.6954150794504
647.9572862896175 -2424.922958599756
423.2623424461605 -1525.3648709298996
435.34474456119193 -1512.5974194685614
450.65102455957344 -1511.2387812862025
468.0354977881212 -1516.414116529593
759.8085839077711 -2380.691478503686
782.5465663337505 -2373.314532783056
797.1575919697266 -2342.0537512117494
810.5642405643903 -2310.970924074614
838.1052247151066 -2318.1468099120125
873.8844737151043 -2346.5595936604027
901.3348362368911 -2351.152805111956
958.3037415744628 -2429.8555386862786
584.7133333289717 -1441.9591942310028
592.7302744288644 -1422.4457183933182
586.2628035857375 -1369.816018716306
588.8995732374598 -1340.3332767042448
598.4243425966712 -1327.3372993281482
608.5939050659792 -1316.0978150261255
618.6032771821829 -1304.7858006046292
630.2001353478277 -1297.0010753301556
641.2590661561694 -1288.2188517765596
652.6618769813833 -1280.234929352866
663.0452598991403 -1270.3778899702565
672.3575180152745 -1258.6756404921562
681.9862747443287 -1247.7895339600957
691.4683853908814 -1236.8348604421399
702.788702572592 -1229.2859876921775
714.5325049527856 -1222.4971572015606
724.672152220051 -1213.0207219156478
734.1748921317394 -1202.6089255295542
745.6616991539875 -1195.520652441767
754.9308071819128 -1184.9491450554601
764.6113728052117 -1175.1482666357167
773.0668394843229 -1163.6050282160695
782.4942303227859 -1153.6632002068675
792.9407080635166 -1145.29211710189
803.8757473415784 -1137.6435218626345
813.567255676628 -1128.2682839160198
824.3382672368036 -1120.4228760468184
834.4333170729132 -1111.674880240934
845.0444132612807 -1103.6303455486795
854.3469118264675 -1093.9082933466489
862.294716476954 -1082.5450669306701
872.6254827044013 -1074.234968214548
882.2382512957677 -1065.0561806546104
891.7553018014275 -1055.7918742389738
901.8284317289175 -1047.2007829090662
910.1801358521919 -1037.290759768005
920.590757980929 -1029.4045153971779
931.6071428068684 -1022.1531839559191
942.5685207798266 -1014.78548651177
952.0988036671984 -1005.8493267162283
962.9328817281674 -998.2631242747009
973.7084353004203 -990.5619026718153
985.1319670365066 -983.452595462935
994.3648009944011 -974.1163393267589
1003.5091576250645 -964.6934075459588
1011.1093896210335 -953.8122468390627
1008.3197630264121 -933.3634101947431
856.448692318462 -777.9104302077434
839.1125567043116 -747.840970515225
829.5681695415052 -725.4106782254837
821.194680431724 -704.5305506723173
817.8579193468676 -688.3817427573255
811.9771316255875 -670.4492059187507
812.8256269598263 -658.3543879684902
811.1697331247767 -644.4374787846208
809.3243107449061 -630.6109418946697
810.4692333080296 -619.3057579750849
807.4719670925241 -605.0372074176346
809.9196467325249 -595.025348902601
813.8734606212485 -586.1902337094957
817.7328056867251 -577.3335764562083
820.6753083589987 -567.8873464428156
824.3402343702186 -558.9983703003552
827.077727270875 -549.5374719274784
836.415036444938 -544.4390570199873
856.6909781124567 -546.2019480198898
868.5909170959768 -542.333678410598
861.7232924005411 -526.813977922351
862.3638914775788 -516.0944861899288
845.6217324250553 -495.30181268641473
820.7574856944112 -470.3968002405929
828.647146452609 -464.59004151611805
840.0073167674375 -460.5992919850942
847.8399852401781 -454.5452226433962
853.8613731644836 -447.4558697990925
858.863462630475 -439.97562723222575
866.5585968377306 -433.6325613311614
876.007154409779 -428.06128699390877
885.4273042893888 -422.3499601264645
900.2568599035976 -419.0305313417081
910.5490020793836 -413.40115482692914
918.9857310836248 -406.8048992633882
939.3152431810646 -405.23557830933026
970.7584172180133 -407.9670273445854
1009.7386900941576 -413.16918777534073
1006.1643101288009 -400.65244417454164
1017.3643206704232 -394.01883080229584
1041.6303955136282 -392.1417079859299
1062.1933081221625 -388.46669893376554
1055.4496299162304 -374.73467775172946
1059.8880374476992 -365.0730722407019
1068.0320855241393 -356.6279073361446
1085.6254230667487 -351.13877711119136
1088.8940954988868 -340.86749447206205
1092.0655920058143 -330.5657918735549
1077.8631060382013 -315.18268455243697
1074.055549632652 -303.08526243171536
1081.6954794863245 -294.23781140235974
1106.6764121860083 -289.8332601878265
1130.6989508663125 -284.73827018829087
1154.7220864867797 -279.2147972074864
1186.5331843194115 -275.0690867924597
1187.1262337425721 -263.4147018679404
1161.1921904416956 -246.17411898332642
1145.822795204802 -231.62711842324066
1128.3197561569068 -217.01504064469452
1106.7096856515307 -202.03631278829673
1089.8463892492864 -188.33705912616546
1072.8247031280753 -174.974730627475
1056.637926551062 -162.10272105634877
1042.2849312131812 -149.83698530714673
1025.8136556351274 -137.59122033217238
1012.1826313398623 -126.04094895672715
997.4327982391198 -114.64646962239739
982.5594324391853 -103.54207707394062
966.5550525500071 -92.80264215017317
954.4282922042995 -82.6476559860257
940.2032143816108 -72.57351904439271
926.8722241379731 -62.840115543551406
915.439246346167 -53.478839265281096
903.9133008115924 -44.3367185963467
893.2966982264229 -35.454321848980186
881.594445035802 -26.74386811993446
871.808014638253 -18.29714766043474
861.9415793461485 -10.035626251866614
851.997745414152 -1.9600533671087113
842.979101250577 5.93589544799111
835.8878041694727 13.695942491745312
826.7263618085894 21.272580725745865
816.4977094550779 28.644204555390708
807.2033642601554 35.87100119995128
796.8474821393193 42.87295427454489
788.4281159406639 49.810701603721974
779.9493662662051 56.59492963989986
770.4167081114824 63.14345463044383
762.822252907838 69.70086418840454
755.173125259947 76.1219474601401
745.4832535748485 82.18709533411052
738.7254805012202 88.43452073846096
729.9330484716606 94.30665272857597
720.1055492374239 99.8849235744216
714.1950674072517 105.87448083060961
708.2359552293387 111.76238956100605
701.2433179160797 117.38317203947096
693.223297069163 122.70884401932508
689.0976571078468 128.6289973858013
683.9408993337398 134.29015681931082
676.7800093952405 139.4626074723193
667.6276948050261 144.09115562492676
663.3260456591051 149.6614751706488
658.9788429792791 155.1640567454029
653.6157791039034 160.3602609950398
646.2756224487832 164.9752097390325
637.9402151564725 169.2107617325613
634.4033585927739 174.63212363768685
626.9870921200566 178.86080150451014
618.5347156601073 182.86553946348178
611.0199217819506 187.01779376727504
606.3429210510552 191.94859231386368
602.57819876765 197.11802142354853
597.8228138538052 201.9130586067145
592.0867747668186 206.30620724114573
584.4394847981717 209.93210475972344
577.7153709810993 213.77780551818444
575.6440265038384 219.29421960108343
569.7958530750975 223.3308886348278
565.7784785406611 228.0234926936579
560.799748953669 232.27707931154524
555.7916670805948 236.4563866842535
552.5879933864537 241.36178149229116
546.603832151714 245.00051158530457
539.6923819554405 248.12926643034845
531.8669707282845 250.72200830465235
526.7430837939601 254.4930719591973
520.6997533754624 257.74554668263954
513.7507972378888 260.4536779111282
512.123458779485 265.8167845861828
506.907986239585 269.29592177849395
499.91588320525574 271.7445670461677
495.54565479891716 275.5422000527549
490.2793870688368 278.78687669150736
487.59019207603825 283.4639387845517
483.9967067731926 287.60422081865244
479.51395884675446 291.1826974102566
478.4061719782865 296.81060394312425
474.70044969686205 300.8379681117344
470.9615318987706 304.82164534619795
467.18991481147856 308.76136982861607
465.044007603905 313.7755105034476
459.55057782407073 316.50792473737965
456.5019642234218 320.88932151157314
450.9738827443793 323.4927465685418
443.8240831289731 324.83870341251884
442.29903286069657 330.2659012530547
435.937579104035 332.0578671329942
432.0501692581011 335.47228088777496
426.6513324912124 337.4976155226477
421.2513298992905 339.452967372623
416.623940859247 341.9729403080172
413.51990650105495 345.71995448246656
409.6207966230147 348.7904857846997
407.2109977615238 353.12915951824806
402.50754052075206 355.46684771429125
400.76935393143975 360.42325805832286
396.76193513497657 363.3510242560885
392.734376872969 366.2358655596155
389.41228960726806 369.76623521195813
383.18280005254996 370.4860884620197
376.9722823173186 371.12383157710553
371.48796001693586 372.3878295036714
369.51086581117545 377.1547693553344
367.4778665982411 381.9162441693274
362.6416160145091 383.7643265526192
359.1625219617914 387.0223285781399
356.32774645034874 390.9878989298978
352.11681311657566 393.44345199866586
349.21090653197 397.35719794552574
346.9163068965713 402.0075571543947
341.9802373173409 403.59697382955585
341.52071130194133 410.5113929622612
335.27068191823975 410.479682622756
331.5515382231273 413.4895131703804
329.0423771396766 418.0372161019529
321.5869713972015 416.2425012268395
316.00372228037054 416.7381042152858
315.21384721889893 423.5849743811277
309.6080279211777 423.99041150332545
306.35038097963877 427.5809210823492
303.62814596177185 431.9652173263687
299.7163373255914 434.6885288803149
299.1412417459408 442.3466033402953
296.24127897784115 446.6957629411464
291.6516524499286 448.5134486536898
287.5909475916552 451.12797171460545
284.03672562899783 454.5537795398443
279.8099259594896 457.1678087251387
276.0119769520225 460.6369379229549
271.66758072950034 463.2123979132904
267.79691879536006 466.6141985449128
263.8862559571262 469.98408900401097
259.4544881007123 472.44509586236296
254.9997710137849 474.8643140760498
250.98729000211117 478.12694993839887
246.47951079388815 480.4662847264162
242.84604086786152 484.55113294141097
239.59708672846892 489.5081572673029
235.84509560926858 493.5444163163585
230.770331904413 494.83437018130326
227.76277372432034 500.6237298664577
223.0444443624515 502.74364823341654
220.29098981781567 509.4083625197834
217.04345713173134 515.1438029485614
211.80945689963517 516.2371102195982
208.42846932133546 521.921041132052
203.14857981660015 522.9260507170192
198.2215906058262 524.8134916498396
193.6215907312871 527.5932899522945
188.6511284994263 529.3909252300165
183.66397972548165 531.1417348988855
179.61428972523947 535.6899354351337
175.1862406891617 539.2576203200091
171.00692978234216 543.7431654434077
167.92277302296236 552.0244037180591
162.7236780803813 553.5792667649254
158.3291337218897 557.97122274798
153.60237776120886 561.3646849830357
148.57091146850672 563.7514383710405
143.50811526603982 566.0931203015888
138.41439269102517 568.3893523773776
134.19998201544584 574.5349117565041
129.8821184790584 580.6510443453898
125.04278357964793 584.7805590772092
120.53699818683647 590.8297826515743
115.73772970054752 595.8638921127567
110.49150400206719 598.8928347737692
105.27847316232999 601.8616477967412
100.25708847446406 606.7730351709966
95.30618697732429 612.6309906655418
90.25376219944637 618.4490750327352
85.1001301259595 624.2258948910601
79.59414170861348 627.9759331420825
73.79224492753285 629.6909595893488
67.96509216101065 631.3523154685863
62.60149171228701 637.9357751650211
57.119852689525416 644.4736786159128
51.36276590353611 648.9706205050724
45.45650188099891 652.4183523144814
39.61004183166003 657.8085166567047
33.716752299591626 664.1446985517298
27.707591771867992 670.4276913718611
21.551163963706966 675.6563825879316
15.253754411277948 678.8286403624707
8.924588580904718 683.9417750939488
2.5040804746321874 689.995456203138
-4.029674216974945 695.9883344753022
-10.676094701106427 701.9188136828453
-17.409955049699143 706.7856064360446
-24.304509819850686 713.5862181982054
-31.28524297852925 719.3199799614733
-38.37611909442744 724.9850160405043
-45.63872075463844 731.577820308872
-53.100541087816055 739.0949414900505
-60.46480733960543 743.545564893897
-68.00802341173895 748.9184927291009
-75.95720525344 757.1997774498398
-83.95916002732993 764.4029431180293
-91.86639115671366 769.5359420948716
-100.26135379686089 777.5626411645692
-108.67834731460633 784.5081368761995
-117.96769271251183 796.3093767350014
-126.70954522647735 803.0651848688867
-135.58901538149453 809.7262617131031
-144.77952076783922 817.2752843236084
-153.9404208273004 823.7392468709462
-163.42874984723716 831.0836562725615
-173.34990802409058 840.3057832646633
-183.13001002015014 847.438729012322
-193.05910830792772 854.4613394995398
-203.82458260421396 864.2913510652631
-214.55268406873662 873.0224199634857
-225.21464021359577 880.658484222721
-237.06598707925858 892.0362760393418
-248.88452790682234 902.3039907750592
-261.46626030697405 914.3502582277132
-274.2956755252354 926.2385666706795
-287.3709049202962 937.965331451696
-300.3881367896143 948.5736488412821
-314.25110472974603 960.9199983225109
-328.6915894294827 974.0358510025801
-343.0768592083379 986.019405831215
-357.37809747424296 996.8760682480498
-372.95176604491945 1010.3642809422628
-388.8095558016808 1023.6464864968275
-405.6766288017411 1038.5814714523142
-422.85765738894725 1053.2883753215601
-440.34983068480193 1067.7626265307595
-458.1502797116561 1081.9996863216418
-476.65461841327317 1096.912200107783
-496.69989608994155 1114.3110935570198
-517.1128982184612 1131.4284115648252
