-601.7538073047136 1269.6130731030937
-629.6559227076052 1297.2653618281936
-657.4531771048551 1322.6051262242756
-686.6906750472808 1349.3153511329774
-717.4134454768766 1377.3623155324806
-749.665923845852 1406.7114141231475
-784.9277814730988 1439.9612417949725
-820.3953385296087 1471.793629731726
-859.0073933296997 1507.4253872762374
-897.8597727193389 1541.5913299355238
-941.0114715948204 1581.1696336342127
-985.5073535791445 1620.9208049875326
-1034.0002394410128 1665.0656157749243
-1085.5536017815796 1711.812600040974
-1142.4264258323103 1764.4449159891653
-1203.142995862386 1820.3216560562264
-1275.0787728418532 1890.1254252160395
-1347.867692296923 1957.902368368292
-1424.344110573398 2027.7395924217874
-1508.0789032016376 2104.428431122842
-1602.2348302875937 2191.8185482866247
-1705.3412312925154 2287.2298277291084
-1811.594928268822 2382.471996870201
-1950.4293859210784 2515.415315715384
-2006.9578004295513 2538.467330358021
-2027.065408724292 2514.73772563928
-2033.5713786545425 2474.6305679670777
-2070.3260194077066 2471.4218930331263
-2090.316517848716 2447.96606496267
-2110.7054779544515 2425.107705924228
-2134.1674340318486 2405.823219506769
-2153.4294879824633 2381.8611295135547
-2172.42962603263 2357.750097006832
-2193.9048585740697 2336.4088836342607
-2212.405321122516 2311.9824166867656
-2229.942267036658 2286.6992556266355
-2250.0189748727566 2264.128665229198
-2271.2915139686766 2242.7881885220186
-2291.6434982602204 2220.5519757217253
-2309.60404871312 2196.0642381697226
-2328.7690869968924 2172.7999308375497
-2348.8150305108297 2151.114351318035
-2369.0758847434113 2128.780038502621
-2387.6241409976315 2104.9322937627526
-2412.7404322122416 2086.811828308505
-1656.1599569250488 1405.2466676986005
-1667.0844090549194 1387.5844381824159
-1680.9215564734366 1372.3712037866867
-768.0820276925801 615.0658491053252
-754.995968517513 592.9427354494719
-758.1991400256429 583.9375515107549
-782.047894588388 590.5938456925111
-789.2117707881058 584.3533013935169
-789.0439553287246 572.7430807606512
-791.1719514030033 562.9280089968555
-791.544609698378 551.9801906386155
-796.7351214075132 544.4613359236404
-801.8542141405402 536.8936759406434
-803.5567598884484 527.0839910655404
-806.8283779999531 518.3714579854535
-805.7751893793517 506.9816014222508
-810.5390296686115 499.33003252745135
-812.6612108316996 490.08443804058504
-817.264765042531 482.36843161630776
-815.7333472378726 471.10838052840484
-818.4157937408332 462.3803505292606
-824.5073421306564 455.5783607379093
-827.0240462253448 446.8011044805718
-818.8373325505889 432.4134859384433
-831.7811488145745 429.2273528990277
-839.3794964642419 423.13362063943316
-844.2451609257101 415.60932166341223
-849.9448308717843 408.463932892898
-851.9631934346734 399.5493924818224
-860.2546269059808 393.5453936801342
-867.595076181651 387.01264034312254
-870.3032403289008 378.38243864246084
-878.4506881078958 372.0757833597405
-979.9266909875878 404.1579892691923
-1036.6067930236368 416.0953696657187
-1044.2258541954795 407.7172616283512
-1055.4400536439114 400.8581958300683
-1065.727609223769 393.3454752989918
-1071.2598302421013 383.98746868832075
-1075.7656387487718 374.23160006531623
-1084.9202537619626 366.02328201506344
-1094.0150986130568 357.6757805704264
-1103.0483642391052 349.1894989105979
-1112.0182439207065 340.5648619389677
-1118.046313513069 330.95081332402896
-1125.914638142687 321.8030882636499
-1135.6374247976212 313.0681066461856
-1143.3618904949797 303.66525544379584
-1150.0406340872532 293.897158795706
-1160.5210096942649 284.98418562826265
-1168.9880554919698 275.44132971851406
-1175.4268038071166 265.3240073792538
-1181.7782920676746 255.1099143459731
-1189.0206933343522 245.00161391855417
-1199.1208777949864 235.35743123211856
-1205.2119397148133 224.8114329140259
-1112.7379574177812 196.7593406212377
-1213.1695958050052 202.7795152729197
-1237.7416189698606 194.94790245054818
-1251.3899318375352 185.06279608729872
-1258.026712293186 173.9792837000936
-1267.540705197249 163.1703424892547
-1203.4820210519038 143.43997003912614
-1172.9676026272625 128.63515533030727
-1145.2690833365398 114.71585223273102
-1129.3660517043909 102.41250537720089
-69.77028578654485 5.666323434455407
-70.81789070660804 5.0819637805594615
-72.85864999254314 4.540608028017164
-73.89670838161346 3.9085151097032473
-72.9311200479995 3.170446111241388
-72.95769457768766 2.4849148695365684
-73.9775216954136 1.8238102435864394
-73.99139461686762 1.1285046083083592
-73.99873259045505 0.43309930307780475
-71.99954753651345 -0.2552538684127513
-73.9939216419129 -0.94845139593636
-74.9815637948813 -1.6628562397712778
-67.96620371349302 -2.14363074618005
-70.94066654803649 -2.902038890211019
-71.90914888450172 -3.6158410787208783
-70.87394782179632 -4.2288911257318365
-69.83365741119799 -4.822892552756149
-71.77934965227237 -5.632491766245728
-72.71967131720436 -6.391353809465216
-71.66139500514512 -6.974558474667788
-71.59300579654031 -7.644705423791335
-71.51834979668378 -8.314183204571645
-73.42180669438382 -9.232459137875136
-72.34124000125038 -9.78493715265923
-72.2465275982066 -10.461321618302929
-71.15719679883215 -10.984231594985271
-69.07766815480608 -11.325889028879358
-66.99814793323257 -11.62962482269668
-1165.5940703196827 -213.57776858932297
-1187.1103230771796 -229.01982631116132
-1210.39775328337 -245.28000091032646
-1233.4826099281538 -261.9955171464395
-1226.096480149547 -272.43975731322945
-1205.959767890491 -279.8303740295404
-1188.7095102348392 -287.57381709267077
-1165.6028807671082 -293.5539547466847
-1153.1315016557237 -301.9134642396988
-1139.6415981451025 -309.8032081455529
-1126.1059312113287 -317.4672135680575
-1112.527541575332 -324.9053234964731
-1098.9094688090188 -332.1174180344657
-1093.8451579064472 -341.78761025616393
-1093.454547970807 -352.92796931096046
-1066.3862007696403 -355.24142608667194
-1071.5276417658365 -368.12703368775425
-1086.8898585114669 -384.810908713518
-1098.2740414225084 -400.44366637202603
-1119.7583133427943 -420.1872436184856
-1766.9596372536064 -681.9748091510445
-1756.7837982272215 -697.0012096735106
-1740.9851773849 -709.4861606304017
-1746.2889931362317 -730.7008638637606
-1743.077803800211 -748.5243949925969
-1744.2614640928086 -768.3670638964243
-1742.49191096153 -787.061586048789
-1757.7668315394167 -813.7719373017726
-1766.3686485205403 -837.8345884025795
-2067.0040598393502 -1004.1405362834645
-2053.077962823355 -1021.1365621546923
-2025.647333357286 -1031.1556045827988
-1912.1795126976401 -995.9445322001702
-1849.8593833685004 -985.5131971533974
-1826.54285076648 -995.0583974389949
-1685.2677812684144 -938.5699256947429
-1649.5049457923926 -938.9022493350607
-1646.7328880387563 -957.7556031950617
-2171.609803159298 -1290.2661984344295
-2221.8970957887855 -1348.3227713442207
-2201.582741457059 -1364.233642935997
-2103.417625825829 -1330.697295167174
-1940.5512689364 -1253.1403642965652
-1911.2521834107424 -1259.6174385136426
-1890.3005443948402 -1271.238707662951
-1878.369373094275 -1288.802738289076
-1874.4676111627055 -1311.9890147032409
-1864.598938978493 -1331.1467975998282
-1859.3863480149585 -1353.7660096248524
-1851.504738147323 -1374.6149295777393
-1847.3821761536547 -1398.4520353697465
-1835.8504419667486 -1416.832437068863
-1828.851990680432 -1438.8291754701881
-1827.8434714139312 -1465.8230602666438
-1897.7218642537478 -1551.1456172562523
-1933.1229644944574 -1610.3700208784815
-1915.7419347295822 -1626.3769057381985
-1900.4994597737525 -1644.1626450566487
-1884.3417322765213 -1661.1442550245656
-1869.520498978177 -1679.3040534401111
-1852.311347103949 -1695.3063656430818
-1832.0410225560222 -1708.4058919565584
-1815.3970551939494 -1724.6302595029279
-1798.9386725401664 -1741.7909324713526
-1781.606291297982 -1758.0921542420497
-949.7516119293407 -955.1863041509856
-939.9403285748226 -963.4459915940563
-929.3663917134471 -970.8831597847022
-923.5283070921284 -983.308937211265
-1692.7690217266327 -1836.9913007640125
-1675.2492233632206 -1852.982471482374
-1659.5690544445572 -1871.0509222172436
-1643.0401903893955 -1888.2340778529494
-1625.6852844187501 -1904.5113168538346
-1610.0952972014038 -1922.9293106949938
-1592.3978607324987 -1938.9043434719936
-1575.796776952829 -1956.2741417667094
-1557.7694650867252 -1971.9338968746945
-1538.9743815849774 -1986.637071240023
-1521.2502705994261 -2002.75375775485
-1503.3587420144395 -2018.7128306940447
-1485.8908315310607 -2035.3202295393057
-1467.0790356918744 -2050.1512390634502
-1451.5646784044595 -2069.720750344973
-1434.6778041191342 -2087.531699967188
-1415.9076774837367 -2102.7197742073504
-1396.9783727943075 -2117.73946129947
-1377.3487062893985 -2131.7491741016156
-1361.3217255616307 -2151.4923098895574
-1344.5169636602125 -2170.272594498194
-1325.9223183229992 -2186.3620481916905
-1306.6327569906816 -2201.433814212667
-1287.6785973782837 -2217.2008997503804
-1271.5065219403311 -2238.0230482868587
-1253.111861032012 -2255.240710820219
-1233.5498422976157 -2270.5529693375415
-1216.6239315715254 -2290.995898976566
-1198.0387671144615 -2308.658509284312
-1178.7754200784739 -2325.282242872641
-1159.3041482377268 -2341.747828413384
-1140.4964985043239 -2359.853541408741
-1121.0226484610332 -2376.908122254079
-1099.7722668697104 -2389.0167351913337
-1082.2599426938755 -2411.2574347091704
-1054.0031288793298 -2409.5595872093686
-992.5571848338107 -2329.346310627679
-923.1603783144483 -2225.0968329289235
-884.3000847586974 -2190.21856445784
-843.9975318088268 -2149.2205950764123
-756.7706958075731 -1982.468691799929
-642.209574677427 -1731.7551392135779
-622.9535540968252 -1730.2745069607117
-597.5190677910348 -1710.6475275830883
-647.5690270775968 -1912.332438455661
-636.46930046005 -1940.2759673747173
-623.079124916594 -1962.4610579813225
-607.5621438865758 -1978.8300182976677
-591.2205527406444 -1993.1631288023184
-569.4313987203358 -1989.0975044354668
-543.2511712551855 -1968.411076205849
-524.9661464566097 -1975.4357861177107
-517.2434403935993 -2023.951635630109
-553.9288015637721 -2257.0199119188387
-534.6677594073988 -2271.934503248338
-516.051532945992 -2290.5883120596095
-496.49643108725627 -2306.159641897676
-477.8978485686231 -2327.442726756876
-452.0339306847566 -2313.2475711669276
-403.5003945847015 -2174.886533033388
-367.68530481690965 -2092.948283312728
-349.17945052024345 -2105.238635246461
-379.6655235735799 -2432.5497097098755
-357.31616812782664 -2441.996960684932
-332.92635959164295 -2437.3674403111763
-306.1398658056942 -2412.6546339176834
-279.85538177910576 -2387.6551185816747
-254.8244558746121 -2369.3360877444566
-231.72777662999903 -2366.682538393799
-216.18067517070384 -2448.4750183905776
-192.03373655444318 -2440.4563188110824
-166.6808268561503 -2412.248225609991
-141.94306640352607 -2384.779479511673
-118.42105888536008 -2358.0282977124066
-94.91790783013083 -2335.0716457473313
-71.83312649303389 -2310.883814028355
-49.49891818585688 -2299.467298549477
-27.748506006632223 -2317.8339069947183
-5.661406237951258 -2339.993151374467
16.846479952460747 -2361.939922206577
39.55620612929599 -2370.670012160414
31.79423739496491 -1211.5829011951566
43.329582373304895 -1210.22458547633
54.29799671146916 -1196.7688697292897
65.3425519468118 -1189.2061851945937
76.2476243970403 -1181.542339391106
87.60371276944115 -1181.757415677604
100.13914961551663 -1195.814429882112
240.03249386742223 -2570.818624852361
267.34370254508065 -2595.266526719267
295.1435922492011 -2619.424795628658
324.03636295915544 -2648.24931520433
353.7682047187631 -2678.7407596350313
382.98855552515425 -2700.982000372597
411.46699061788144 -2714.9974061924745
427.5055209222022 -2649.7348979815015
429.5144410720194 -2509.5085863392837
449.36821173940785 -2482.6593020948576
470.43613004804314 -2464.5021500387093
491.3952989712348 -2447.150722809891
514.5408993023341 -2441.3669660551127
338.2225876227405 -1532.1117717783445
350.14270786981723 -1517.1186783259877
369.769622797916 -1535.0932955543408
606.2028433413993 -2415.0813884266513
628.7377050816972 -2407.245915607419
644.8917217000925 -2376.0384397737953
661.3209921076576 -2347.6319015973827
689.3210190041342 -2360.4062219794077
722.5460884355698 -2389.1302078552476
749.5137380093686 -2395.4809864691524
803.439301334715 -2484.3120353672934
492.9211615959942 -1475.860673793721
502.67723048184934 -1459.8806807253454
500.3023896515637 -1408.8018025644824
501.80451210167695 -1371.055152659585
510.38756886749286 -1353.9990877196078
522.3063742417314 -1346.228825804312
534.4936673889525 -1339.283584429044
546.5957344616108 -1332.2286226726899
557.834665502483 -1323.2220093256208
568.1564028264414 -1312.2874311397327
578.3195880940569 -1301.277239494613
589.1535204012791 -1292.0132079041528
600.2865084472384 -1283.5673366739368
611.7439590461229 -1275.9288101499142
623.1100731489059 -1268.1888016933303
633.9343613823554 -1259.4551303872422
644.6483969019653 -1250.6308185758603
654.3180333478581 -1239.9483502290695
663.8420013251708 -1229.1959962823632
674.6707599866273 -1221.0013782216083
685.403374461905 -1212.7123378098509
697.0398068420438 -1206.0615687756601
708.1030152693309 -1198.4382002283146
720.1180125462188 -1192.4256991555003
730.5073153525569 -1183.7398625611963
741.8629001737629 -1176.6564653057296
752.0669164592988 -1167.782665211041
762.1689525842073 -1158.8215944297433
772.1682753335322 -1149.7743928999457
782.064163977886 -1140.6422065755633
792.4293034495946 -1132.245467659019
801.5428187470094 -1122.1274926295582
812.3023096857052 -1114.3634764650485
822.3898012428026 -1105.6939064731357
832.3857186634536 -1096.9334598621404
842.2892477751183 -1088.083095669823
853.3390019546106 -1080.713443861558
864.9520912719144 -1074.0106516251792
876.5150809443747 -1067.1842918995183
887.3845651548553 -1059.4680899040463
898.1866508406443 -1051.6414504248426
909.8681983908084 -1045.5313776052178
921.7242218960389 -1039.108011118258
932.1987352590911 -1031.0700839328774
942.6036195081987 -1022.9268871674275
952.2532377703561 -1013.9500831677433
960.434455369602 -1003.4374205394655
876.3302833364913 -898.3708780383438
795.9699596337252 -800.6702338420519
789.9978581578117 -779.7457175939281
782.9835857409031 -758.3117462233575
777.8100403174258 -739.1485244397127
774.5389207717435 -722.1983524003241
773.9686129134411 -708.0773871723655
775.4334493504574 -696.0366122758571
773.738174638574 -681.3884627046216
774.862486093709 -669.4506162852318
774.3047942688411 -656.25992226578
772.7983703475961 -642.5011118963916
778.0762131236979 -634.5182476265642
781.7103717152908 -625.2438682248247
787.59928352484 -617.8093302882037
791.832241237054 -609.0999111291218
795.1726412082635 -599.7636790218914
800.8195315371664 -592.2027337902058
810.4426960075216 -587.5233071870937
833.091240197429 -591.9822510061512
840.3039203908204 -585.2053668378459
844.1588749647269 -576.0900917550018
832.9534489557869 -556.9493261264073
814.7704315891324 -533.6901196462784
802.9569361851462 -515.1467350495033
806.9550043691796 -506.98384680730936
820.2398523149925 -504.55483812394385
829.2669456759623 -499.33989707338685
832.237760640761 -490.44501196734717
839.4461298396933 -484.03635720590324
847.4785325940089 -478.02629299266084
854.5964830527541 -471.4242793427844
868.706359608486 -468.527758810267
882.837198521857 -465.40571645187094
889.7811349318208 -458.57445624395706
901.1998669997416 -453.78386895045963
926.9641863447346 -455.8798056881267
979.8896086450401 -470.5160516597389
987.8933461242034 -462.9770368857669
995.8416307259542 -455.32894319719236
1014.6928965317805 -452.45919785981283
1043.6651266631995 -453.65967793830623
1038.6774063084545 -439.9241362148043
1033.5244550329708 -426.32288332764944
1051.4080079156745 -422.1731882661344
1062.7835483101749 -415.17722654456145
1076.9243280525561 -409.0696660087991
1083.5382957180254 -399.9622003545799
1073.1317770139585 -384.6923305225403
1060.6461773439921 -368.9968651432917
1069.7547486532214 -360.9235067626978
1094.9630863268353 -357.99418931263614
1117.3489048299318 -353.71658835196274
1141.6617597611869 -349.6347040826895
1173.665825649327 -347.396790000834
1171.1120847329885 -334.69461452547074
1149.1428247899453 -316.7566388156456
1134.673983825972 -301.3153670633107
1118.0801347297966 -285.67956231169256
1100.323102037884 -270.14453746416643
1084.321279362374 -255.42780412857218
1069.1170746041587 -241.25646269032003
1053.7437764406266 -227.39404920236305
1039.1852935432091 -214.04421431917882
1025.451677937053 -201.18115273574324
1011.5694204083939 -188.59561950009865
998.5272697781064 -176.46328657678538
984.3613629812851 -164.42842536990605
970.0588032035927 -152.67586032904336
958.5914247513285 -141.6456155100402
946.012923807435 -130.7078727135755
932.3228717401871 -119.89187975059302
921.4933336485163 -109.69975406236868
911.549662149867 -99.83092423925203
900.4958280034306 -90.17906491207334
889.3525594669168 -80.62893382430552
879.1070984208894 -71.37723380745852
869.7646992092123 -62.396858971492996
859.3339676795431 -53.536268007155925
850.8116943724043 -44.98289362811716
842.2053459349087 -36.59447060227619
836.5155339544003 -28.47387316443624
828.748610658389 -20.41421886308417
818.9050211655441 -12.47262241310532
812.9861752593254 -4.741185211890844
805.994874803614 2.874333019421888
794.9331939055554 10.306174222894308
787.8029843998598 17.619811879646438
780.6061377432891 24.800357205192558
773.344525582975 31.84720946713066
764.0225802628853 38.65872279891036
756.6381111944805 45.41771337318663
748.1971027567648 51.972063903439384
740.6973338010347 58.45048930538227
733.1424964798728 64.79259105221644
725.5344902082992 70.99791206918296
718.8695050799106 77.17275857557739
715.1327864678755 83.57689703914579
704.3947157410889 89.039791307205
699.563300969261 95.11670692886254
693.6906565540193 100.96669257558983
687.7702809760021 106.71476283153669
681.803570502552 112.36054133890404
675.791924220698 117.90366897635724
668.7532831260833 123.1626822868224
663.6394334746581 128.68062145262903
660.4410480589578 134.51253487606783
652.3020142420614 139.25186611227014
648.0366723579689 144.72204835204124
641.7786504915565 149.6701833139672
637.4286705725382 154.98609593162416
634.0051414238186 160.47891029092807
628.6006848881993 165.41214876207454
624.1244862329252 170.52162820149022
614.8193251409384 174.12121477074817
607.3723143798032 178.29153576353931
602.7725766351995 183.20813534492012
599.0885416278683 188.3531770111508
592.5082096518806 192.51758749559224
586.8514572894219 196.89176487929066
583.0554984906747 201.82984338246607
577.3352722281003 206.04121782135078
571.5881146784897 210.16190701049936
568.6209300251992 215.2538918051832
565.6087011890284 220.3084136824111
562.5518726809544 225.3250774839571
557.6014680060514 229.5421592594624
553.5431014729073 234.07484873807925
547.6146208451709 237.75455208386614
541.6666605525884 241.3425549831753
538.4289546996596 246.08588082421952
530.6226351685938 248.6676879828528
524.619393537081 251.98907104234772
521.2931212879247 256.54333298274
517.9277871784595 261.05709580171225
511.857934148642 264.1542262563378
508.4291410535198 268.56062356119907
503.2034921742801 271.9747147504879
498.8343782011427 275.797503840552
492.6973124180439 278.57738303034654
487.4186953846123 281.7658875548325
482.985270797834 285.3878557197958
480.2393504551868 289.9847690386174
477.4496793807331 294.55526418523766
474.61651171889247 299.0989247787266
471.7401055767077 303.6153368828337
468.8207230003306 308.1040890436984
465.85862995114877 312.56477232733477
462.0290444165272 316.43192335090134
458.9877746841495 320.82740327237076
455.9046902795388 325.1936551981263
451.97153623463964 328.94183442319985
448.81132222872964 333.24074936792977
443.218752555719 335.6979853721978
440.8786564869651 340.40418659917896
434.62955262100144 341.9154164241035
431.5107944086672 345.8430775782579
429.13114885252065 350.374738079839
424.39822314737745 352.97329670861626
418.89058051254045 354.8685412344504
415.6549956828543 358.6529305106629
411.63406565280735 361.747696598251
407.59125172793654 364.79908376372583
404.26606996401074 368.48058927961665
399.4417953564526 370.7711586982108
396.06278707271144 374.3785099283826
390.4898193625247 375.87458144203214
385.6366117569237 378.000533958141
381.48484281073 380.7759376663297
377.31451004438276 383.50718443070576
373.82090677180565 386.91333611069155
370.98483982123565 391.01310543613766
368.10510061397054 395.09319774197405
364.50680073731786 398.4153513812504
361.54681327282236 402.4486325138488
359.2051146304302 407.2108613769277
357.4613571966379 412.7194908301977
354.35144833569865 416.7061927334326
351.19857580551013 420.6703701857089
348.00289293807384 424.61157132929327
344.7645577318463 428.5293452401649
341.48373284736806 432.4232419755295
333.8723173067307 430.7601139105543
330.5573729291094 434.5662471962194
326.0044567201457 436.7448845706183
322.62102366419197 440.4902667368133
320.3635015351001 445.83430429271584
316.3069861178539 448.7213952254113
313.9305986107825 454.0391825116812
308.67747290319664 455.2122776486771
306.7511978833092 461.3238586905677
303.1008928507384 464.9245624325361
299.4104628919874 468.4969313782171
296.21096636264633 472.8880030266228
291.8136497655724 475.6141228038712
287.832569372027 479.2008055175797
283.8097555599339 482.75461950043587
279.74547496803706 486.27509625201594
276.1304619954597 490.63323160806584
271.4936056238999 493.2141746800616
266.8326278947292 495.75129721544147
263.07919671492016 500.01433605030996
258.81176070770505 503.3611750218501
254.95342652111063 507.56551331344866
251.4791679042275 512.6394718612656
248.36372882950127 518.5946955011264
243.88796458764904 521.8186090293194
240.20317075762455 526.8239143755563
236.8518413267946 532.7196310068805
230.62713469248504 532.1758400599696
226.37866274395228 536.1685379190576
222.07534377689876 540.1282641061956
218.0889548792197 544.9827591398555
214.3934469396824 550.7417270457374
210.60862133362494 556.4791178651269
206.38942679409504 561.2552044369877
201.7625448072129 565.0591787706111
197.08222944525778 568.8256277954491
192.34877861315223 572.5538816268986
187.8720071747124 577.1941691667934
183.02423397570118 580.8469073496111
177.83271053412406 583.502808103
172.60735457056796 586.1123622208887
168.1689155141419 591.5608302235682
164.1717364801553 598.9062037924557
160.05088638395384 606.2282686972876
155.06803512958376 610.6176418029946
149.77959892314053 613.9951724129622
144.44122634755266 617.3270868277327
139.70922094061967 623.540161965663
134.66339582985438 628.7406220561639
129.33166864804554 632.9212585185555
124.12400119877492 638.0385821613036
119.01298651478446 644.0969717680962
113.89871853040023 650.0977479711282
108.93197488718774 658.0446982137133
103.51782987910968 663.9789596795366
97.85700977728752 668.879664541723
91.97776407874021 672.7414740560267
86.28688234669501 678.5356099239652
80.49523331782594 684.2817529447273
74.71071804730752 690.9727263856771
68.70942123811979 696.6197064633778
62.51980399279309 701.2184211133524
56.40874151466133 707.7556456014548
50.18037107040281 714.2394068932606
43.77444928874155 719.66992266557
37.27093235855837 725.0426729518227
30.71230110571181 731.3554228696141
24.070943360844257 738.6078727482662
17.319246506721488 746.7991990491415
10.388218386219508 752.9283398297346
3.3524058367338987 760.9926158479502
-3.8339536394315243 768.9904425930732
-11.170225874978765 776.9197037364298
-18.65575023147919 784.7782890621406
-26.223534892992646 790.565194160302
-33.986707647762586 798.2768340013793
-41.94891687240165 806.9103347790461
-50.014940217978726 814.4657793639902
-58.1558597782569 820.9426873865506
-66.58284805371528 829.3314924353565
-75.08307202598917 836.6376349980559
-83.62759192794293 842.8614511699616
-92.8359377223616 853.9686696051617
-102.02534450860941 862.9900515521019
-111.39227078318991 871.913276656437
-121.20774644932594 882.7172153077541
-131.0904837676684 892.4232656456008
-141.16606437245852 902.020588606264
-151.92497531902927 914.4658560462016
-162.41043878375854 923.8326955537281
-173.8146036867019 937.0151992071605
-185.097214499867 948.1007442167685
-196.68983543330856 960.0589089411221
-208.70761085444337 971.8421338733108
-221.18501497953477 984.4583227077229
-233.9196492931831 996.9240681589316
-247.14741307127028 1010.2069868161568
-260.4004159994288 1022.3583634652404
-274.4172292926628 1036.2814213655179
-288.72054790355975 1050.0292592200792
-303.58253569915 1064.5593661315813
-319.31166297372044 1080.8186998238684
-335.6676660044378 1097.830231866081
-352.37375733522225 1114.6271731576699
-369.4273230533577 1131.2044258141984
-387.1451108165507 1148.5045333697383
-405.22286004494543 1165.5687168489872
-424.3322884701837 1184.2745074355255
-444.1776017663778 1203.6591120782782
-464.427109533159 1222.772039233264
-486.169124088636 1244.4016967132793
-509.1066847927131 1267.5828901887928
-531.7626930314246 1288.5900970828416
-557.2022110719437 1314.8040523121826
-583.1844159165453 1340.6490730359224
-611.3348023408864 1369.769965887276
-640.5034939583209 1399.3842482417697
