-410.36233215021906 880.0248612125872
-419.79723042305005 878.8892338225203
-426.3901140370816 871.2585555685778
-434.22022482634765 866.2642762758695
-430.5787908371142 838.9582259452783
-445.06001114867365 847.2134243957319
-450.74105210667216 838.5323511622973
-461.5975047345548 839.4591971161152
-464.1795475411515 825.4370646175829
-469.02904756644733 815.7773915345481
-474.24360068923426 806.9628288870003
-481.3924648529244 801.5524279688922
-489.0043363067951 796.9314644768086
-493.91638966532753 788.0016497571362
-498.70294869267525 779.0509411875651
-503.36406459887667 770.0809168330935
-509.5650525167507 763.5885392366763
-510.6213301626618 749.6098032862923
-522.3037832475599 751.2814106613354
-530.0136533928795 747.088701036987
-535.3455501850112 739.5770020066251
-542.3647426816672 734.4450189740883
-544.5212937513945 722.8565284005587
-561.128999590559 730.3254382934352
-569.2924839941435 726.5225857932966
-575.5615579849484 720.2866741582402
-587.4485330719968 720.9744939951476
-609.6246685619594 733.8077156045181
-697.3750587540632 823.3523106348624
-711.7202894432583 824.2422153680341
-722.8414678696337 821.1797685818088
-730.6293132592217 814.2584396899783
-741.7254361888599 810.9527589881211
-753.5064645508368 808.2406868502096
-765.30274009659 805.3773748998982
-776.4167329860626 801.6439713109862
-785.4211434000829 795.6366177471386
-793.6721558968393 788.8253982688839
-805.4443606738653 785.4198761545753
-817.9458644461816 782.552594293437
-830.4653508396539 779.5179927716682
-839.8635850322543 773.8172643051907
-847.8779553206732 766.5193884574834
-861.8141494634426 764.4477560857922
-874.2775936558179 760.8677212442334
-885.9893321590718 756.4706889895484
-896.162399237667 750.6357000520214
-906.3040176281671 744.6757869241104
-917.1913332516517 739.2185456331961
-925.7025951484936 731.7613718524259
-934.9449948352964 724.8219482275821
-938.5661973953779 713.5366095070249
-854.6669987775662 637.1030695268606
-973.6780215292245 711.608818376315
-988.4859500191704 708.203026408881
-1004.1340647295789 705.1551460846426
-1014.8694601989138 698.4726041553566
-1020.5933833797683 688.2951008117357
-958.6356061933824 633.4183250729697
-940.2312903419487 608.5763063592882
-925.6682858132002 586.8170282461574
-920.1255800540101 571.1899131902379
-915.2257713246181 556.2398650791382
-914.423637613923 543.9902673512835
-918.6575538052975 534.8245495828205
-920.1932010222961 524.1426073048633
-919.8621963572958 512.5061362683686
-923.7845376704588 503.31513782219645
-925.8501932437549 493.1555734963378
-926.9195724314549 482.5402638573169
-922.5233721044127 469.2287586253674
-909.8990581483454 452.03949382853045
-895.2343604056197 434.25849438916117
-887.5471325658322 420.21909460919227
-887.8459550934763 410.1384644533514
-890.7690679914282 401.3221492886759
-894.5205041404039 392.8893835068564
-899.1114476604052 384.8150265855148
-902.7065731674378 376.3041891346697
-909.0009580831523 368.8878667073658
-917.0957697351488 362.1206278768096
-924.1478354649007 355.0363054752834
-931.2127097941099 347.6764143825563
-941.0410096021335 341.2371876671668
-950.830231205192 334.64290135348904
-960.5783183621378 327.89372408231225
-975.0301970366655 322.56024997919565
-986.6091413756445 316.06708489498504
-1002.9275763609356 310.8637588635569
-1019.2346686337725 305.3795838870112
-1036.487161068264 299.89225555297475
-1062.3944407998915 296.5249604291112
-83.04904090276834 22.335102532343797
-86.16093132542537 22.3000877382878
-86.3680501587866 21.483945442337177
-86.56743843060276 20.665880178782622
-87.73389939861883 20.068953543048277
-86.9429525964017 19.024273805321627
-88.09791055196604 18.405383896506784
-89.24885262547421 17.76632502900877
-77.62222316874758 14.689808383404706
-1102.3880061242237 197.84004638459405
-1096.3231622207354 186.06322575492274
-1092.1097435677204 174.73496503118022
-86.0335594762399 12.931614123855223
-85.16179805581834 11.977819162936827
-88.24588595579779 11.561298018662567
-89.34402621956886 10.846427009711249
-89.4426427420456 10.000682942619298
-92.51769528832668 9.45917853390738
-90.61158206869864 8.398880580618595
-89.69042602737503 7.458383137649086
-90.7542734270497 6.682952545716703
-1826.2482461621728 117.12106296302207
-1822.2820108987112 99.56541947357795
-1826.1393640379392 82.45618904067062
-1831.834553431308 65.35418008911321
-1832.370869726633 48.02078484638856
-1842.7417745380708 30.85048414987232
-1849.9509875009076 13.466396860969725
-1867.9955544912932 -4.075340570541433
-1892.8758321279277 -21.681423984737542
-1919.586246574258 -39.857771675702416
-2234.9893248951435 -67.2214073398653
-2224.2746560650708 -87.62564913660385
-2155.4433617402224 -105.0138768449582
-2047.5525111929355 -118.86847314365303
-2019.4186506741746 -136.10405324344973
-1937.302022087882 -148.69389770331412
-1832.2177904731016 -157.7940691973727
-1828.6789244559202 -174.64933796249716
-1840.8978749471462 -193.12175955878584
-2486.8011988042904 -284.30405840498526
-2513.820351502042 -311.1209417158406
-2487.026102251302 -331.3339202688066
-2261.0914533928235 -322.67853878733393
-2189.776146195265 -333.3248108890389
-2174.733062951961 -351.7742243308663
-2171.3649512377638 -371.9989899666712
-2157.968498102051 -390.41127186491275
-2163.082458195299 -412.16292779407405
-2170.9193204419166 -434.63237814503196
-2178.5242884383097 -457.2831996524226
-2180.034359536464 -478.8258464624057
-2177.432920806286 -499.5416653183271
-2171.716881168494 -519.5524882509841
-2172.609495135783 -541.1921854996034
-2195.5522228336995 -568.6602120862688
-2236.517366994745 -601.5364221149823
-2360.857035374436 -658.6008339829443
-2350.7825434917822 -679.4339064355761
-2342.4412071835113 -700.7097765042627
-2334.862982368214 -722.1847779942533
-2326.1354583671296 -743.2750697602767
-2316.2680959309646 -763.9522941731003
-2309.0577584497514 -785.4764593181701
-2299.760040465116 -806.270895096609
-2290.2754336728926 -826.9603605460438
-2282.479812803753 -848.2398859658427
-1203.095930420518 -459.8958384303867
-1193.1793217993686 -468.87856213565476
-1165.5984745839294 -470.56263775146545
-1175.900974599368 -487.63295411226693
-1185.0641006952148 -504.5464074229859
-2223.9960381410124 -971.6844252806981
-2218.409401601804 -994.1935057546525
-2211.687109280127 -1016.2657775622066
-2202.9362353050374 -1037.447320677088
-2193.9824936017576 -1058.5541165991533
-2184.8265164591203 -1079.5842222712897
-2176.3612718216477 -1100.9871091501752
-2166.7985101992617 -1121.8663985512087
-2157.035442946594 -1142.6631602848631
-2147.952004096186 -1163.8518754975557
-2137.7859452223447 -1184.486071007087
-2129.1619013853697 -1206.0176606041207
-2124.6489052174365 -1229.996759978801
-2119.872588633721 -1253.9972918469025
-2108.84112674862 -1274.3959754070206
-2098.4643643202735 -1295.2232671157167
-2088.72821149837 -1316.5012185679211
-2082.9818648014443 -1340.4161857081172
-2076.134042140928 -1363.7901008086144
-2064.8772810775176 -1384.369103270482
-2053.4169289765628 -1404.8569022475072
-2045.8536136285247 -1428.1134379324028
-2038.0339738816385 -1451.3516187692828
-2029.1486189265895 -1473.9809640250835
-2018.4104397366914 -1495.380652797787
-2008.2468126492167 -1517.3113521898736
-1997.848858008223 -1539.1828808024209
-1990.362366982788 -1563.4636702202813
-1978.692505816864 -1584.6138228048435
-1969.8991383091725 -1608.21217035837
-1961.6050211210088 -1632.4244978291786
-1951.5039018010225 -1655.3288257187407
-1944.1709445440972 -1680.8031825262926
-1935.7804014317305 -1705.6242955096554
-1922.629974856747 -1726.4269401808886
-1803.7630573252443 -1650.5949936397744
-1745.7412857649601 -1627.9300854691835
-1694.3222515927555 -1609.6089921958237
-1628.0194171818196 -1576.1690192612493
-1573.1825460182858 -1552.1587151137041
-1505.5503748701628 -1513.7843534428255
-1273.956946323627 -1305.3772247568054
-1222.135608553279 -1276.1949515282165
-1238.092407640796 -1317.5701841428477
-1326.583117940593 -1438.7585729353675
-1335.7323015870388 -1476.448515356019
-1329.6808070791826 -1497.9846298561456
-1325.311022956646 -1521.7998200911998
-1316.7113962532153 -1541.1035328545931
-1307.8647126001806 -1560.3800477881173
-1268.2861294550717 -1542.5496082239538
-1242.9746074835334 -1541.2378548268127
-1235.793158884288 -1562.331356804565
-1365.007991179154 -1759.625580632724
-1377.3730317769155 -1810.6541722078427
-1373.3475770174175 -1841.2293264828224
-1365.3242538669654 -1867.0454418151194
-1354.021585164238 -1888.8095581369032
-1338.979369433049 -1905.6167632115
-1255.1143572385029 -1822.651077484053
-1164.5534116607823 -1725.8445327981408
-1147.0827452825927 -1735.1084045312416
-1251.3010680750363 -1932.2136623661145
-1292.967061945207 -2038.536773454131
-1274.6927237205693 -2052.3680128314795
-1239.6467307586042 -2038.6936952174804
-1207.5318495276865 -2028.8390356004697
-1178.2317446747195 -2022.8818442609954
-1154.599321072434 -2026.1106602994505
-1136.367180809192 -2038.6823269896095
-1151.502173309278 -2112.552660849904
-1123.9548378161512 -2109.2239147491355
-1091.4930197930134 -2095.808194406904
-1058.0259134984665 -2079.2955937927
-1028.5302546896082 -2069.5039297348844
-999.751740199574 -2060.241844533773
-969.9569481146548 -2047.9110133997776
-948.4092684559864 -2051.3702395001205
-939.6028151122565 -2083.9727804923755
-927.0435115405144 -2109.2667749032203
-915.6630285100973 -2138.1854966816413
-902.6619239286257 -2164.3073836887106
-715.8364120417742 -1763.232041222924
-697.2490063420219 -1765.2897278223377
-681.9138235837154 -1775.5555573412614
-403.8540051790504 -1082.0937771287845
-398.0056252943985 -1098.0963173756732
-383.2621468935415 -1089.5573076982016
-372.9140686105505 -1093.1423042917722
-360.0214162866619 -1089.033323555779
-355.4717726666611 -1110.4935023840624
-774.4574628130742 -2500.827790611168
-759.5998024278324 -2537.7567141378227
-745.4989387348759 -2579.4294586875553
-725.3045740482924 -2601.7944336293413
-685.8175270689771 -2553.5054962864274
-636.0529507764011 -2461.138078980664
-601.6013936364228 -2422.4144490930353
-575.1285579280448 -2413.4183520176534
-549.3258767670949 -2406.089167324034
-524.3541251652533 -2401.419736618774
-499.9286054686034 -2398.4518734871913
-467.62144918185925 -2355.0225434727918
-284.85463773940484 -1509.355437051973
-268.94544524086194 -1503.1291852280012
-257.0161375762624 -1519.4155800916942
-385.85825700285005 -2420.436821216931
-358.74543435205175 -2396.295205798225
-333.7895759543714 -2383.74359338084
-313.6289282161901 -2405.641888433514
-295.12059749279155 -2444.2479074217285
-273.8093950280926 -2463.8322619842343
-259.8309114695827 -2558.841905519934
-237.02243650402352 -2577.1232730689653
-200.17326435870572 -2428.7650492042203
-110.845946850415 -1520.9661981999584
-95.09188121309288 -1500.9908507806952
-78.90397802429149 -1459.8692277912917
-63.51453721197163 -1428.5887804272961
-49.53260299059187 -1420.1364445858633
-35.79410113191094 -1414.5472004582098
-22.23000444096449 -1412.8251225479232
-8.702131310464951 -1410.9731651986353
4.788276413315294 -1408.991863854788
18.22702007218805 -1405.8818498505798
31.561651234068076 -1400.6444453077231
44.7977626824038 -1395.2810327882519
58.01746685269681 -1391.7912823192983
71.22572314600708 -1389.175257612346
84.45000527409819 -1387.432231357339
97.71776467849153 -1386.560939326591
110.97658263231325 -1385.5627730663282
124.22524591639441 -1384.4378239115729
137.3636483254622 -1382.191096816471
150.3620360525552 -1378.8256808292083
163.308628326555 -1375.3382463649075
176.0748760719808 -1370.7376255200106
188.49431125912534 -1364.0377174488058
201.38717094927668 -1361.1830175905982
214.24267795212984 -1358.2065656386364
227.22493810242628 -1356.0950658063573
239.83704448531947 -1351.8902293058215
252.94180566592962 -1350.5171020562675
265.8487409362846 -1348.0357736138133
278.5284890536449 -1344.4518886094413
291.1640176138023 -1340.7488634516867
303.97576509139526 -1337.9023634918585
316.9905723461048 -1335.9064252572816
329.2744753408346 -1330.8716391482005
341.9899976248702 -1327.6610416535318
355.1916217947461 -1326.260876225646
367.8618536145219 -1322.8025765983707
381.3298127121209 -1322.1057347795368
394.81802470907894 -1321.2720111183849
408.620560279792 -1321.2563103791138
422.7633988770795 -1322.0495862750001
436.3313008948576 -1320.7936992049142
448.88132243108896 -1317.637870726444
461.8054853716307 -1314.2239891588772
474.3648577951374 -1309.743097591661
487.9293197273332 -1307.9529727595032
501.14441010464157 -1305.0893763343838
504.7971211884493 -1277.910742751564
461.3176666349645 -1135.897006973111
443.28522123362995 -1062.2142969457018
442.4025385330453 -1032.1865111982027
444.6111476460151 -1010.5132000072505
448.91488477773254 -994.3623214025132
452.9506431762002 -978.2227327384427
456.29019956796014 -961.1947012849326
460.658224763915 -946.8912292113379
466.1328416020848 -935.2781265377512
472.7914851927731 -926.3197134516851
478.3953162352866 -915.5473343329335
483.364954596235 -903.8712965174741
490.55521386991126 -896.5710134423517
497.1617626761082 -888.3435043567241
503.6559261297244 -880.0719902794372
511.0474453911504 -873.484120381807
517.8458577266185 -865.9772904847925
525.5903601827196 -860.1271843646142
534.8590529585356 -856.753052791934
547.3371694481499 -858.3391071951035
563.1685052723407 -864.792018157729
576.9580292317831 -867.6885573205266
585.2376235368508 -862.1258168022456
596.3113025899316 -860.5938823879118
588.355315704416 -831.9849893371617
571.715291458732 -792.2566664359834
577.4943172442805 -784.331762426183
590.981859498827 -786.7632691879488
606.3929755654286 -791.3890062320207
616.4039894545487 -788.6996397770932
623.9256476398812 -782.7629182690981
631.3901313757486 -776.7544669979793
642.6257082302134 -775.2942661477748
657.1183335916094 -777.5085180612405
671.4771752887526 -779.7175149156506
682.7547726151815 -777.863047374788
702.0573712139266 -784.8085419541449
751.8677450646468 -824.7126129333802
763.6917987144254 -821.984693638711
776.2183925715303 -819.8329140951037
808.2134057489673 -837.6676493500602
812.5676851218093 -826.4470685384421
818.9059097750396 -817.3384310892977
825.1447426843418 -808.1838612719208
848.5872761706867 -815.6154944097217
858.4197958238997 -809.6390888152907
871.1504893109432 -806.2665967118471
877.9711837350452 -797.3472270791964
869.0229502002653 -774.3998398923046
875.5308290640155 -765.5160137831722
904.718266231383 -776.1113700670029
932.6510840401454 -784.9350007731479
966.9978318566154 -798.3928814716503
983.0284050158306 -796.1659091747348
977.9612753883803 -776.9123141260749
969.4643435502435 -755.3673851740592
959.0603838144211 -732.8384407205557
949.9199454299564 -711.7732063476038
940.4690270210453 -690.9464590068382
934.7684771590181 -673.2844080400275
926.3688986450936 -654.0616665292931
917.6913000267955 -635.0580114092963
911.2219674185848 -617.96078038481
904.5129631021354 -601.0426770040502
896.7290316108619 -583.7611188373597
889.544040782372 -567.2181233957265
883.8243846724956 -551.9225100123065
877.0432410677595 -536.2640704889335
871.7625664434848 -521.8103369499963
862.8369067787961 -505.4824154215447
856.2848104029929 -490.86181708614345
851.2791805615998 -477.3884757117323
846.0964884852431 -464.0535876091692
840.7389039611586 -450.8592855494825
833.3700177049959 -437.0073381424788
828.5584617040073 -424.56080311150833
824.4812080457081 -412.69206144471684
818.4575959179954 -400.060200075108
814.074895637602 -388.4405543871899
809.5464796060094 -376.939646836887
803.9637110413845 -365.14565768822314
801.8886455162459 -355.11068724007794
797.8599840423709 -344.3551159252721
794.6222098406596 -334.09511164928284
792.1878580508214 -324.3060245460319
787.7820210441947 -313.8526522422965
784.1825250298856 -303.8729462090247
780.465398768974 -293.989389816004
776.6321388649981 -284.2033090623301
771.7419585478558 -274.1812346181255
770.5141089726166 -265.5805110962299
765.3991894447591 -255.75981075475022
758.2653983709529 -245.4436506274713
754.8229532405159 -236.48109704850836
752.2364233024073 -227.89550995401723
746.6762767034825 -218.53726869397912
742.9318617912996 -209.84815637816135
740.0553223545701 -201.5120836443149
737.088035257236 -193.24913526488973
733.0614677785458 -184.81581225199358
729.9138069094813 -176.71116117242977
725.7047906953113 -168.4563942445475
723.3578756296291 -160.73078038941418
716.0391432358293 -152.02613378659427
712.5417649293771 -144.26792169892866
712.889927228925 -137.3461017122004
711.2036234929813 -130.07077277564625
711.4144314977407 -123.18078850513363
707.611003162699 -115.65322391995298
703.729292660375 -108.20851469144311
700.7603004253511 -100.99010519734931
697.7180909621424 -93.8374421227668
695.5959323407246 -86.87519157410831
695.3916026007117 -80.19051709780734
690.1386155071987 -73.10739624557095
684.818736441157 -66.08553714041578
682.4171094560492 -59.42969562138566
677.9571646905185 -52.669562792879475
677.4216130917422 -46.27048860971653
674.8292215611485 -39.76835082291203
672.1747294528724 -33.318659711305294
670.4580825322295 -26.962187730341334
668.6815105226113 -20.64067550248324
662.8464430166537 -14.268601198792696
661.9508319522029 -8.068214039462877
660.9973099703395 -1.8857921345892439
659.986134438525 4.278124459751376
656.9178179266173 10.391366153284594
656.792193596018 16.523148348023728
653.6111192756309 22.550050094335177
651.3740594876904 28.562818952736077
648.0832862656905 34.48266322462705
644.7390139823129 40.34357258740078
641.3420560317492 46.145066529030885
637.8932300944904 51.886674586231834
635.3892659609925 57.658309908903675
632.8333075604164 63.38773416161302
631.2199718074578 69.18343148032072
629.5536646805577 74.95454147201399
627.8347045372877 80.70058102998127
627.0540207990693 86.55781304839144
626.2186946430335 92.407502290535
623.3530364630765 97.93871518588787
621.4252431743902 103.58893350956944
618.4615563757474 109.03808181221935
613.4841636763496 114.0753300163096
610.4297599827374 119.41318238543683
609.2884579304616 125.10625497040544
608.0940615778778 130.7884256106794
605.8710372652884 136.23981137348764
603.5993123593164 141.6611101162221
602.2506266547912 147.2894520796087
600.8494599370183 152.90495902158779
597.4623990337907 157.99582823855658
594.0430795928053 162.99944658769869
593.417312613483 168.9523397014429
588.8954717786391 173.77607234200582
584.3359221214836 178.528793527642
582.6001653229158 184.11422369200918
579.860430134125 189.3723357955635
578.0210775764899 194.9144270630409
576.1287571099158 200.43865702748963
574.1836421402907 205.9445194670415
572.1859109114131 211.43150984296662
571.0703952533944 217.2546976825403
570.8269433163475 223.44037411380103
567.7342149013897 228.52103017075396
565.5206634223971 233.9452483857961
565.0959930909642 240.13021174466365
561.8548666676778 245.1287596383704
560.3953014636899 250.90457568051664
557.0590752925918 255.84015836878012
553.6797924874377 260.7348986826812
550.2579288926189 265.588425370545
546.7939635070476 270.4003725445908
544.1804775686576 275.6222194111856
541.517124760182 280.81880918390317
538.8041491423213 285.98966566472154
536.0417993230432 291.13431501373094
534.9786245936041 297.2236047623667
536.4562071585191 304.80114468468804
533.5138902825224 309.92245622995546
532.2423685376612 316.03648702866644
532.6123553640566 323.1920155473397
530.344076661452 328.8026160937773
531.3964203989773 336.53951385707063
530.6695177334426 343.2402408642603
527.3595041645057 348.3043975710999
526.4885124458476 355.01386770457094
523.0659863037379 360.03746190097763
519.5955281525606 365.0280634743877
516.890176416608 370.5678689848971
512.5120922706752 374.9084625296352
510.50259754346064 380.99356674539723
508.5397820450766 386.92155545736404
508.1738222139438 393.9649304398438
504.58278125623116 398.5539070937913
503.28755038874175 404.99091548292745
500.3701604497358 410.16911455094424
498.93537362637545 416.60952094774444
496.6630092252498 422.40958235736014
494.32637231483204 428.2025661226916
491.17551923646005 433.3262158037451
487.9723381760603 438.4278699797592
485.45474268521815 444.182049169514
482.1411844049879 449.24478661477576
479.5010927471026 454.97219921038527
478.2349727145379 462.07825189325365
477.59202673065585 469.89983613883555
475.43342397533394 476.3318794360612
473.19729272385086 482.76321541602374
470.1899745713981 488.4725046638224
468.4918028333102 495.6202484543936
468.0631201161726 504.2429132740621
466.8426422292531 512.1591035961477
464.1829923834304 518.6040393035559
462.1048571176045 525.7937818463797
458.6276849672591 531.4740318976767
455.0854049315035 537.1343167386808
454.03604398020144 545.8491282092594
450.9683091319315 552.2649582932876
447.82142333638205 558.669824494734
444.5953351061626 565.0628177484685
441.9012079327245 572.2344995083737
438.50940280569085 578.606518845922
435.0382512229085 584.9638621085184
433.84559892954155 594.5367913674203
431.93271261882325 603.3225768772002
429.32120519878356 611.303772903999
426.6002802399241 619.2868486406104
424.8892951457139 628.9277278595517
422.48601882841956 637.7543131132179
419.4126964795826 645.7499438882868
416.7660010893208 654.5854415857538
412.26649252808505 660.966972804686
409.24366111115813 669.884039099556
406.6039639497526 679.6596328312785
403.31237543750956 688.580516583902
400.88473337522606 699.2334592585469
397.80447398424656 709.0279264444504
393.61428965494696 717.071677713903
389.3088745631941 725.0983382868417
386.74755184024224 736.6480374952337
383.09184041605397 746.4326103585244
379.28757229036205 756.2122304658154
375.77454663882895 766.8829702753756
372.09584874587676 777.5530074188418
368.67447216711685 789.1261835551384
364.6551796442294 799.7922229920936
360.875797315504 811.3646892192803
356.9127369674263 822.9351725320901
353.1550827092993 835.4223408292287
348.81528586402527 846.9851807130975
344.2910193115166 858.5386968689512
339.9456673376004 871.0120224534179
336.4629239403078 886.2825174928921
332.0332080870583 899.6860278605067
327.3833936267259 913.0827528638619
322.84199300716097 927.4141726063734
318.06248027387824 941.7389546164206
313.3557741934336 957.0042626757908
308.69515978409515 973.2154429137836
303.7603164082058 989.4213815031422
298.2663454450944 1004.6597370128991
291.6883252113425 1016.9965196279692
287.0409377047856 1037.006991336875
281.7890874982937 1056.0510925930046
275.95932062138655 1074.1170575696965
269.81820772795305 1092.1644266219603
263.59642435562387 1111.1619706716613
257.4885445037128 1132.0868559652831
250.80195253287977 1152.015356063319
243.76737074734473 1171.9157260481347
236.3847595297749 1191.7832208342465
228.8480618297032 1212.5941466940983
221.206468796644 1236.3671372867038
213.30075431733204 1261.088334815471
204.78805969021425 1284.7812462082086
196.1406904529257 1310.4021632875342
186.8865822627437 1334.9821741769254
177.5710926830517 1362.477341845855
167.75034123503252 1389.9136027162012
157.645421020606 1419.2716164396566
147.20010885234726 1450.5502845313074
136.44967758956705 1484.743238908904
124.98127286615878 1517.8631958884682
112.96898962620931 1551.8936843040613
100.44820486078066 1587.8259218630508
87.25549304454437 1623.6571309650178
73.74515582015654 1667.369980536132
59.412948681541444 1710.9687611201336
44.184198759128094 1751.4427642889202
28.25554704598153 1795.7777212286414
11.526915775057017 1845.96401108275
-6.151603539873414 1895.9900204837281
-24.816631701408824 1948.841998416238
-44.6184668295062 2007.504219775835
-65.5673789391914 2066.960308960732
-88.18390392438943 2139.1831616504123
-111.92332694166947 2206.16277026114
-137.4827473115603 2281.86206730198
-164.69723181727556 2360.2607529321263
-194.20211989518924 2448.309934756671
-225.215082455952 2534.0114772104644
-261.4963085386173 2656.1590089113033
-299.1480229443382 2768.8870436275465
-339.5456567629464 2886.0950689423626
-384.5922191674641 3021.6228793408095
-434.1390821697334 3170.413735986649
-471.02057687119117 3212.654450164837
-500.71101891927054 3203.100447306145
-524.5291755408383 3158.745501620295
-558.8070620232687 3178.248521974473
-589.4868214527602 3175.7527119304364
-618.3319991625991 3167.206109303843
-647.6346347910676 3159.3028312934866
-675.5833894392139 3145.262482514587
-704.2024534400373 3134.8792488019426
-733.1428328587564 3126.183389794629
-760.5573385728886 3111.392218082273
-788.0054802626773 3097.33165209604
-816.5350480965608 3087.8643939185454
-844.6916480397925 3077.170294236544
-872.7194963179276 3066.219933525086
-900.8990334346621 3055.973974293055
-928.9631635609616 3045.4693301274287
-958.1124180746423 3038.522106934745
-299.7560332304271 920.4185572564033
-300.73720944336117 894.8145790364728
-316.0005473015651 911.7941950380641
-328.24539658638236 919.1468650981999
-336.8592410114226 916.0250279032819
-340.8422074419234 900.6639715377299
-344.5668668157907 885.3099312064387
-352.11948652135044 880.1794517096729
-360.3664802101446 876.8352182371277
-367.80411863987337 871.571070143764
-377.16190441410936 870.8328759634205
-381.66580847812605 859.0292257186238
-394.27342755874986 865.4186641857658
-395.61019972292223 847.1821350071009
