-401.2907297096472 838.9670733998438
-408.1726406772512 833.4141199923118
-414.72302362390593 826.8190936814685
-420.2714506663313 818.3959358127443
-427.093241559837 812.5979098015887
-432.42201696419005 804.1021074743069
-440.038016807662 799.9597138381281
-448.1046060647744 796.6167598183793
-455.6488203997445 792.3257868252941
-462.1384873064229 786.2391611654377
-470.61331501296604 783.5299022580484
-478.03224594342197 779.0257838083973
-484.87699168572516 773.6040996102602
-495.4356452249638 774.0184244838904
-504.4043680638023 771.7902781702788
-513.3753007978124 769.4613703953927
-593.2694962943644 871.1758173679015
-617.4946844863642 888.4955343900641
-629.9529978846437 888.3018746215445
-640.1181924807576 884.7105174322095
-650.2718265892139 881.005988370299
-659.2097279838239 875.5903919821716
-668.7123882700181 870.8775699110688
-681.2675352737946 869.9997387252303
-693.8659196881266 868.9614982813393
-703.9801332517177 864.6600326063959
-712.7976360872557 858.705729565385
-722.8574493038514 854.1885669955609
-735.5083920973004 852.5863036399563
-748.8540385739723 851.57127060009
-760.2438543802567 848.1452009397041
-770.2868139931425 843.1027364374366
-780.9838658432022 838.677650407239
-793.731306115201 836.3011501203721
-807.1988619084523 834.4764809949406
-817.8946120944985 829.6224463614698
-827.1531376504366 823.2294254185997
-837.7947775823791 818.1325752319681
-845.5257300237171 810.1402593797325
-853.9090327734935 802.7598418878691
-782.1065310132414 721.3912767329764
-880.6849449376913 797.3318178525774
-900.8818484681906 800.273012852824
-914.4269251308085 796.9895849983326
-923.4296069701005 789.6219101386724
-936.2051674003092 785.3686297102521
-908.0578612682135 747.2662983093765
-876.9434280390492 707.8836232172072
-862.4181485176715 682.8139842646395
-853.8183280860393 662.9896399072617
-852.0827817628912 648.8419938808009
-846.1505339363832 631.7952784875599
-849.6561447788458 622.0075848730055
-856.302309940518 614.5423939733801
-859.6115822344394 604.7056537592514
-862.8116663113962 594.8613523140936
-865.9027157530559 585.0106724252836
-867.2171713924492 574.0508493522846
-866.7241720007416 562.0304348250447
-860.1730933397729 546.317901495353
-849.1578683319244 528.1391053974154
-836.1693143324454 509.17764853615495
-834.9257243512334 497.6776414674144
-836.9951559900521 488.26233609524735
-841.5669336474929 480.3395634248302
-846.0637186812227 472.373987356735
-851.3628039919148 464.84553991516856
-857.47724946973 457.73001501084264
-863.5330658326346 450.5403913232315
-869.5293982112062 443.27714315815757
-878.1508721535214 437.2779959430954
-888.534824325116 432.0299364182247
-898.8973875121858 426.62452663175293
-906.5142487832549 419.80104424945284
-918.6388042712483 414.92981007284953
-929.8362494438452 409.4637337056889
-941.9306627884428 404.21730108807185
-955.8534244428444 399.5500356412043
-975.3285297779063 396.9171941365955
-996.6972117820842 394.68806420490995
-1031.1737923409798 397.1216564091184
-1063.8424630785012 398.4158803951817
-1092.9348164348576 397.57073210248296
-1139.0770050241936 402.2034020556183
-1133.3679231091194 388.1767005724603
-1127.496282471018 374.2941797757939
-80.92059901552352 26.016468918145915
-89.7566580232742 27.923866861396643
-89.05900787015356 26.786061994700255
-87.38764847949598 25.385013161785928
-89.5495224873472 25.097470436043924
-92.67900423625679 25.032022966110766
-91.9436803178574 23.90313053990299
-93.13570886749542 23.27530308608535
-90.43434816798771 21.693977768753676
-96.48284069768907 22.182458179930236
-1032.3178328993267 227.08785057338025
-1052.03398023153 221.01923997291422
-1064.8623211053355 213.22344404440483
-86.44666962991978 16.46126695900122
-88.56657291895233 15.998817499799772
-90.68528272932488 15.497725520295244
-91.81499954351106 14.798846536979319
-91.95080080352201 13.930191369504417
-93.06847411719639 13.200724430755571
-95.17185819999877 12.582424518324256
-90.32371454558317 11.07368911826617
-1816.4367113973192 205.28437224516568
-1828.2431576254423 189.13211413123952
-1839.9056607115872 172.77488151191875
-1860.3895332780312 156.97064843323122
-1893.7010624178022 141.76489762168544
-2226.2497489365064 145.50964009350847
-2214.546115426611 123.73157498758285
-2192.64158964775 101.72442846724243
-2064.5931254599072 76.23139972276465
-2022.2377371130754 55.52958306874109
-1978.679456678703 35.61751981361097
-1832.9330827921106 15.662503191041395
-1822.9992468024116 -1.6571535355172278
-1835.9014172848879 -19.025929973060027
-2482.521378116967 -48.750458379740046
-2517.942007932594 -73.00030608412703
-2512.1531750512436 -96.34534280366623
-2372.3006556647233 -113.20158626416486
-2207.4053133525954 -126.02691213676967
-2188.1702828604843 -145.46413030801847
-2182.726199694162 -165.6120079241905
-2181.082530866044 -186.01073504228506
-2178.252684268438 -206.29891778035255
-2184.1857964129804 -227.4827614299462
-2194.8805506533995 -249.3599173151702
-2196.423442458796 -270.3572847501099
-2199.747871664179 -291.6681352306336
-2199.895135468129 -312.64259617598907
-2198.853536719278 -333.4953133960408
-2209.461121042977 -356.2661288973615
-2224.7625049822454 -380.1062962187351
-2360.8538014645787 -426.110699361385
-2396.062809880636 -455.635831675815
-2387.776006096119 -477.23238020032267
-2382.231355323581 -499.3293199013812
-2375.5055563275973 -521.1500281653193
-2367.6054206173512 -542.6652488075272
-2360.48347453501 -564.3108774843239
-2354.134287453892 -586.1124095546494
-2348.551935610522 -608.0952275261417
-2342.7643138093617 -630.0248962869249
-1227.1423891799202 -342.34128684369523
-1220.0456030883233 -352.68785970720546
-1206.156758281131 -360.92502608263857
-1198.90859353782 -371.00294384433977
-1207.7702538901226 -386.15413220395396
-1210.7546587706065 -399.62251721502395
-2289.9216646869895 -779.6279687114661
-2282.5329724402104 -801.0020160544278
-2274.9447804762635 -822.306053597932
-2269.0322106864655 -844.2356465272549
-2262.908280908406 -866.1264989573765
-2254.7121080034126 -887.2442223101866
-2247.245948664012 -908.6592574849967
-2241.4950247099623 -930.6068204136942
-2235.5034239203883 -952.5882854834089
-2229.2966005076564 -974.5386944421474
-2223.7871249566097 -996.8649973176992
-2217.146214357368 -1018.7554486533027
-2209.3855010791026 -1040.182535722189
-2205.0208279757007 -1063.2907166872822
-2198.6236388191696 -1085.5220379271689
-2192.8958631143964 -1108.1772121532576
-2186.048202333174 -1130.360233322059
-2178.0933316312935 -1152.0440263736855
-2170.8035687425436 -1174.1532548754597
-2163.2906576493024 -1196.2263709378965
-2159.0369587634655 -1220.2292451393741
-2151.059448050963 -1242.255710774028
-2142.8586850312436 -1264.239160913064
-2136.1478109506784 -1287.209590459388
-2133.452972044731 -1312.784603837776
-2125.385784731123 -1335.2285445057225
-2116.243517387345 -1357.0959343819575
-2109.3882347568106 -1380.551438762622
-2104.774005166338 -1405.6626149884084
-2095.742450181651 -1427.9914504319029
-2089.7617657501623 -1452.5566296736124
-2083.504795536584 -1477.1336320644987
-2071.2982370162445 -1497.6179797710085
-2069.3542150156964 -1525.7175796315555
-2054.2763792238493 -1544.2954891350787
-1850.92360078084 -1418.5576562383671
-1849.471342542207 -1444.9445501870048
-1789.8004546508985 -1425.3274474770478
-1725.223396145794 -1400.317190279107
-1695.9447737425835 -1402.915651211867
-1511.5601812162072 -1274.2506890567597
-1365.381863019537 -1172.916181207037
-1330.3363310823315 -1164.4866878596772
-1380.6453667570613 -1231.3887977613974
-1448.3216138444645 -1316.1358223492612
-1442.6231261249989 -1335.662575641519
-1442.5056270511254 -1360.686046053916
-1452.9007990089517 -1396.1748702219036
-1438.744984028689 -1409.3292273036445
-1434.3774405029917 -1432.232648062488
-1384.848871884665 -1409.5281487220361
-1370.5886635603056 -1422.0097451564723
-1363.0868677619153 -1441.6137454030504
-1536.9073730384748 -1656.9597842735877
-1533.7507282828728 -1685.660020138034
-1529.5182037540974 -1713.704485722331
-1520.9358301632574 -1737.3068815052807
-1513.343815520869 -1762.4186494771152
-1492.5261561864538 -1772.2456582255434
-1364.0391829457756 -1651.5329567975994
-1299.692483167827 -1604.6882716580963
-1307.8934808354743 -1646.8222863405958
-1471.458837635378 -1889.6650203527456
-1461.177528883049 -1914.0073743554976
-1435.585176278723 -1918.3094645152505
-1399.9902999228798 -1908.590097459862
-1368.8009300467886 -1904.0506857494752
-1338.404093288901 -1899.9080196334546
-1319.574301730737 -1911.8192022813867
-1330.886602806472 -1968.2776355154392
-1318.5963634816287 -1990.941392962893
-1285.8593680542815 -1982.5071716357154
-1251.7979164224535 -1971.097911429162
-1219.658410305739 -1961.767917509734
-1188.3335796442511 -1952.8592636157578
-1157.8041286295847 -1944.3915757193272
-1128.5537838608836 -1937.2481402580524
-1120.3404080962032 -1966.2162571769243
-1111.6746411611316 -1995.203120536671
-1103.512050337047 -2025.9590703567844
-1093.451517853775 -2054.09171608847
-1076.4925167333206 -2069.7953670392544
-857.7923079031725 -1688.6172913073433
-840.6880178477468 -1694.9653850882107
-822.2336974295029 -1698.4406809810607
-495.8556624277245 -1049.7848170164982
-486.6132308280161 -1056.3032536081294
-473.5185628251949 -1053.4729093146923
-464.28153946839194 -1059.7601861312116
-447.5092000932928 -1048.4920199180635
-444.0425519951125 -1068.3984331782165
-981.7214073893751 -2426.962520986557
-969.9482671478765 -2465.0357723685943
-955.7523025713559 -2498.4320155108385
-935.0853699463313 -2515.8440633140067
-870.7221792448049 -2412.6889328239517
-829.5613089548896 -2368.9508299424556
-798.9580652582225 -2353.0599248550466
-772.1702278914856 -2347.2524660031804
-745.5654944982675 -2341.149523933393
-720.9132737395302 -2340.4882079912627
-697.1970760663686 -2342.4457810426493
-422.49640309475154 -1470.5090239002266
-408.49325273955515 -1474.4603292277002
-392.9062848558092 -1472.4811208707588
-384.106584724387 -1496.4916075846759
-585.5487864391964 -2374.8786534683377
-555.5733286335033 -2349.1986456047284
-530.1157761862233 -2340.721526332955
-517.3541876694043 -2389.6379735225437
-498.65199904250653 -2414.0362847005663
-479.3392216775176 -2437.312025687641
-474.86989697517384 -2542.025684556863
-442.8322498424359 -2502.1152248646517
-248.67338520431082 -1487.3552190015096
-236.3840832405609 -1501.5067649499683
-219.46450312123062 -1485.8799856885316
-198.21592750041128 -1436.3879859164624
-181.11099839109107 -1411.4275774058626
-166.85575574467327 -1406.1348288037225
-153.04279285970063 -1403.6815534706236
-139.5884046722786 -1404.0783729126547
-126.14031873170495 -1404.346331924666
-112.45981133962098 -1401.4951982912596
-98.77446428857104 -1397.5137227249347
-85.1750444897423 -1393.3991573831852
-71.81739809655889 -1392.1487928129811
-58.82189231265263 -1390.7566232036284
-45.44419458336523 -1390.2574672263656
-32.104571336139145 -1390.6294605319285
-18.761993225975367 -1390.8734621129947
-5.4098986554983 -1388.9894646816215
7.91001870794685 -1387.9774607694608
21.194729203297957 -1385.8379354939016
34.414235414977384 -1382.5717559681316
47.53855738019221 -1378.1803530605891
60.58180101840249 -1373.6647499973808
73.59643647619517 -1370.0246583686023
86.67325768243613 -1368.257558503776
99.79574331246492 -1367.3630862418047
112.82668862507286 -1365.346160625173
125.9200399927205 -1364.2009175807761
139.00180184387594 -1362.9301152605572
151.95976958806168 -1360.5400502839832
165.12574206091512 -1360.0123121901624
178.1655160133619 -1358.3655799907817
191.18889184374655 -1356.5938255924507
204.34371810254686 -1355.686042146937
217.3401828960061 -1353.6632686524115
230.31664398207658 -1351.515905753548
243.27190702418432 -1349.2441510908307
256.2047796367861 -1346.848213753601
269.8992328999329 -1348.2504975263416
283.84978871906816 -1350.492242644933
297.0078348402244 -1348.683560381575
310.8305620888492 -1349.6700936419722
325.1670015161911 -1352.4597669154412
338.1269546044669 -1349.2780152992596
351.8129165908659 -1348.8749651912992
364.7372524062211 -1345.4377491014443
378.4407041154805 -1344.7645271453955
393.28520443225693 -1347.7918043877096
400.41095486630263 -1324.8120875139448
368.3295674753451 -1177.7475662141803
352.84789254212495 -1091.3786532311235
356.01683001288234 -1066.1275799582236
360.6893737414633 -1046.5907393389218
365.6936930122947 -1030.008312049485
370.7974738197141 -1013.2868465587217
377.0239842102028 -1000.3069105680839
382.3115909664417 -985.4373888851125
389.201237128447 -975.2037720485325
396.6885288618155 -966.7798151955018
402.8842007811292 -955.538236158528
408.50287536465737 -943.3500945135943
416.3615323189559 -936.6258988545059
425.3736048848497 -932.5675826808841
432.2273645130555 -923.8936656163945
439.3860623374021 -916.07635501831
446.4343525472329 -908.2072279307918
455.1709995635614 -903.8602553250743
464.3236896088701 -900.3180056335682
476.71874145750905 -902.8733253027074
493.4846671386503 -913.190496719636
504.2026970142547 -911.8901470701128
513.4644667253317 -907.8563991130264
522.6952806085123 -903.7287444967038
526.8042915181122 -890.8996792221332
509.507013642933 -842.9873089487529
513.4078902910749 -831.2288121731992
526.7358946931328 -834.6965300286237
543.4288352742217 -843.0267498677031
559.780711580102 -850.2761639272707
563.4901992498571 -838.1997347585815
571.5463560227358 -832.7273040540535
582.4184265572272 -831.2723840033444
595.0603597193527 -832.1250917324116
610.1304501890755 -836.0417655548531
622.9417067705588 -836.5360900557627
643.6833342501299 -847.2117593663555
694.093115962945 -895.5019521881846
703.936154611298 -890.3363916133377
718.1381991585312 -890.5130694769964
745.1129763725824 -905.9446188598902
747.3875444053094 -891.0560355374973
755.9448194394373 -883.8079146300269
764.4318065302718 -876.4776170358631
785.1463816111345 -883.5548423515899
793.433549856222 -876.1205407719614
807.7542650752868 -875.2222844813101
814.591734906708 -866.1185285061622
809.5665610834375 -844.6904658959618
817.4865916808693 -837.0278803134312
845.7910979042061 -849.8461147207756
873.6957181137303 -861.5014754193595
914.1100416915102 -884.5263318176263
920.225166448736 -873.8115603689369
913.0507387010949 -850.7892503771925
905.5256283719983 -827.9808792245732
898.3975637162938 -806.0588176483326
890.938196019866 -784.3456705259913
886.1779203048836 -765.4604454601892
879.6162204343059 -745.4423550811065
872.7572647934094 -725.616811237396
866.3790445651044 -706.6196651229407
860.502415689093 -688.4327073819454
855.1478633007084 -671.0373550647034
849.5430118893476 -653.8047651630997
846.883233895875 -639.1477044831379
842.4158354987073 -623.4096246457981
836.1092308156832 -606.6385696152254
832.0071962165024 -591.7812310676593
826.8800116217559 -576.4836913394905
822.365084591385 -561.9000512947158
817.6496735390277 -547.4532047230351
813.5721084988531 -533.6941298840848
809.308710316317 -520.0609689316624
804.8614941617884 -506.5559941562763
798.529879107423 -492.13212877507254
792.855154309178 -478.38969918401193
790.4374812830325 -466.83250549092634
784.4098703642635 -453.3620576042058
780.8109628320677 -441.52377095832486
777.0593352355137 -429.7938919102289
774.0363008048097 -418.6499791429664
770.8729037420719 -407.60147972776826
767.5706763628491 -396.6500432218285
764.9671202383454 -386.3603304614137
761.410820220433 -375.5723137443007
759.5215054184314 -365.7541288993465
758.420123893013 -356.4308006810111
756.3017321027949 -346.7444159872115
751.3297192084297 -335.9057204546869
749.8880371078046 -326.790348392672
749.2620355865517 -318.1232497455928
748.5395115738289 -309.49733377335195
742.1550263884584 -298.67359576358024
740.2895306883796 -289.8213428186039
739.257994209478 -281.3869542060885
736.2576666627173 -272.3043302637163
729.3876027502737 -261.9517607388984
727.1099353404131 -253.39917507612407
726.6309063668093 -245.55350926539242
723.2177198572757 -236.8061014510458
716.8448410132105 -227.23880371262513
715.1367994516555 -219.27917837779907
713.3426714084053 -211.37226201164594
711.4633017951534 -203.5189676633078
708.5355511153222 -195.4542729277276
703.5864056898973 -186.9496449003615
701.446937462811 -179.29917435404806
701.1683422587943 -172.18291382728512
699.844703645913 -164.85869943307307
696.4945455420433 -157.13480846134178
694.0388523422157 -149.69993800766952
688.5667760075252 -141.7208346666174
687.913133344814 -134.820328480983
686.207630226989 -127.76184179268843
687.3847907872397 -121.26891355323849
684.5549546804803 -114.10746698794826
683.6273029235433 -107.32059773166544
678.6753964602971 -99.97852889225015
675.6276124973774 -93.01252190481446
674.4929325615294 -86.36714609472808
674.2862247442821 -79.86918755129194
673.0229031914915 -73.27463257974189
671.6953373925699 -66.71112144973904
670.2930495939395 -60.30114149878573
665.8462674474281 -53.59802353005277
661.3331370452235 -46.983846648861
657.7530454664336 -40.52074998851531
657.1061628174576 -34.285431123392435
656.4002649511854 -28.06585420067626
654.6361461549919 -21.829249811663505
655.812097533422 -15.700086904644053
653.9308941750146 -9.507136449309712
651.9913889344459 -3.3509335015909225
650.9940973029369 2.7722331673824594
648.9394829135126 8.862703647469845
647.8278015484187 14.937855968732908
648.6582840140579 21.057791430672907
645.434369242092 27.02730103178847
640.158434357077 32.83563493364949
637.8252593004647 38.729040761358256
635.4380296322412 44.58150397973292
632.9973087170655 50.39253076550276
631.4997207534858 56.25035722792768
630.9432046519598 62.18257395376254
630.3309634087395 68.10929869122357
629.6630510972022 74.03000798974765
627.9475085266884 79.81808401060879
626.1788754222346 85.58046491428749
625.346956144367 91.46138223848997
623.4717366743114 97.18021181453607
621.5443466492892 102.87188706497142
620.5501309065262 108.7084864759565
617.5344377583165 114.17187999906116
617.4157872789652 120.1613316283386
615.2795268430544 125.75811642906783
615.0483270949683 131.74428009473857
612.8072538482128 137.29992582303947
613.4372965026324 143.50847800580104
612.0615446856497 149.26709455541936
610.6317353622992 155.0125277789737
608.1810932348094 160.4891206023391
605.6815320084539 165.93336549317678
603.1334430240972 171.3448274850983
602.4781802984027 177.21185700828642
597.8907200548699 182.0760469481617
596.1269510700147 187.7702271606667
594.3089533121188 193.44732619773723
591.4889931342482 198.7882566980083
590.510937917369 204.74821659772556
588.5312657802688 210.3709799356236
586.4980558382063 215.9746061415655
587.2166682158709 222.622066672313
586.9299413626345 228.93938921045117
584.7197055967542 234.52689800286237
582.4562787578145 240.0930722357458
581.9815806090407 246.41720685009525
578.687776600802 251.55805932790213
578.0886917215671 257.8807175878937
574.6935011867173 262.96649918526214
571.2539686024934 268.01101349739616
569.5730181932298 273.8805888453118
565.1408413505854 278.41664719903576
565.1380802822534 285.14548955732965
561.5043064072964 290.0636376488114
560.48032323451 296.3406945846944
557.6284416468088 301.6728709488998
555.6007953200179 307.4617963906469
555.2539788210204 314.2244723178413
554.8284671489749 321.00836755623493
556.0453278462803 328.8306454397502
554.595485239032 335.1534689548695
552.2245746738681 340.9531039985784
552.3309158868846 348.3382829313414
551.5056003640449 355.21482622082993
549.7636212154072 361.5576866671795
546.2902113828784 366.78468472286306
545.2417284160658 373.6742667001049
546.5696291018849 382.29653483052664
545.340387670284 389.2349696206961
540.7948402891616 393.8298372604852
540.2248847601029 401.3552963222654
536.3723338251062 406.4895072532732
534.0533702611459 412.80988083221956
530.202870018766 417.74384091673153
528.7320037232366 424.41308679023
526.4094544565654 430.456834373368
525.5573607815512 437.7732980988339
524.6156038699999 445.1095013321052
522.0705096608311 451.15671661018195
519.4587550169921 457.19427143851726
518.2695872291782 464.5563851173475
516.2508080568832 471.26012262933426
512.6880574823113 476.60356242375525
510.5232010701191 483.2960388510532
508.9988863412802 490.68231443912515
508.0959693062307 498.7810000137955
505.6732574753671 505.48942291036235
504.5720723040642 513.6214791563747
503.36468943620986 521.7748455308938
501.3628938456275 529.2223055340147
499.94831852971447 537.4082980372663
500.44960189944 547.8267937575636
496.79616823554244 553.8317138142982
495.0577430441316 562.0665717262062
493.21054173891355 570.3151422832883
491.90141412088536 579.3384147334555
490.4688673660234 588.3844747651743
487.01246530337346 595.130119082483
484.7264171095166 603.4205006097911
482.9489605787979 612.5033073183023
480.4343028647365 620.8122748712968
478.4132267570017 629.9220463390321
475.6685590716731 638.2440143947126
473.9926037192832 648.1820821493097
472.1751730995687 658.141782527437
470.21574121276853 668.1213637623981
468.1138022242949 678.1190663645388
465.86887056119997 688.133123343174
462.9274016733324 697.3286318372258
459.8571871594965 706.5269757183768
456.6579373911038 715.7265736422693
453.85959065730134 725.7737057570954
450.91626134986393 735.8284618375816
447.67632289684065 745.9798321118096
444.2125708088288 756.1773548152651
441.0951260516296 767.2418717545967
438.78952125598795 780.0568928199666
434.3537447879924 789.3907931998242
432.1505707198917 803.1126223802437
430.1935085747052 817.7466265171536
426.1706024374224 828.8562104600076
423.77260118548276 843.5358809703887
421.57697039407327 859.1401853209723
418.2614465483925 872.9727156854595
415.1469206300126 887.7235123006589
411.3771321026159 901.581862718537
408.1968313001076 917.2738669102873
404.75812100375055 932.9843854435685
401.0603848362941 948.709949202054
397.10304878317964 964.4470792361309
392.8855813218352 980.1922872525593
388.77083077052805 996.8737338008226
384.3775229032164 1013.5629826936199
379.7051609997223 1030.2562742881864
375.42731109292123 1048.8328437294185
370.834205956085 1067.4183770635204
366.2446210033232 1086.9562445591507
361.6313976617506 1107.451006692941
356.3642813063959 1126.999777732443
351.05467320090963 1147.5019025796003
346.24240596073406 1170.8788136756605
340.7477868470069 1193.3029564024664
335.12841718714566 1216.6893375030613
329.10022168471437 1240.073402701256
323.1576486048152 1265.3873454986845
316.76909521439444 1290.6968429174428
309.7049002125076 1315.0223856590278
302.87255402364127 1342.2534097625517
295.97853819275747 1371.4246989642845
288.96753962809913 1402.5411798023197
281.39890122778735 1433.6441882098202
273.63909174852455 1466.6920765678947
265.28418314265616 1499.717740834699
256.8140747192147 1534.6603959919319
247.50980128433804 1569.60501345663
238.30283409727872 1609.45355921232
228.5048914463097 1650.2549847175467
218.0879329042925 1692.0028526930837
206.90547467334784 1733.6972413170058
195.61258715790854 1781.2915863904454
183.9413549326321 1833.797856347735
171.028025383125 1883.2499607151328
157.2814823395161 1933.6138537239242
142.81747949814238 1986.873717061504
128.4868759878851 2057.9929841228504
112.6720293930051 2126.0164660210094
95.71932793495445 2196.9157494678034
77.78404639775114 2277.672198128166
58.28853659718583 2356.2791529233878
37.35182793650079 2436.713737998332
14.984221321222511 2529.9556267079856
-9.15138048941196 2627.984066206479
-35.20681964475676 2731.7731384305143
-63.594111032045944 2852.291147313339
-94.53639428643469 2981.501613307516
-128.11978217419264 3115.366643176311
-164.02704222029573 3244.856873487714
-194.4172030467521 3241.1743166882397
-223.78295879044728 3223.2409446634597
-252.5141289016741 3201.0557031556054
-284.3684381169906 3218.4616808970873
-314.1379030976737 3210.6686807949204
-343.6792484615854 3201.6065614276968
-373.19406108452034 3193.266539575305
-402.582451959779 3184.6549843545145
-432.38088871780667 3179.7370594235617
-461.40217689581976 3169.592565481532
-491.03774017556776 3164.124829668272
-519.6354419807305 3152.459992995548
-548.9168300666429 3145.4632907839805
-577.2067577375689 3133.277574493215
-606.8394292433561 3128.6922039592837
-636.0376197871491 3121.866772656306
-665.3734297093599 3117.7912372442133
-217.88152921179736 975.975224700058
-215.45336690108857 924.219046920688
-228.13294515421748 938.6753215757101
-237.42342734694523 938.4317322782888
-245.20322906203526 932.2936106493228
-253.41566753843978 928.0218205656842
-259.9347565015186 917.905181575143
-264.3160533024876 901.0316442648374
-276.5373359702541 910.9506582765473
-282.3798945277739 899.7280673439521
-291.12029178539143 897.9894073488776
-298.9009863335966 893.3208832042399
-304.98879226376397 883.8590592359682
-310.25542269194585 872.4778350710361
-319.46207565789337 872.3445318315181
-325.51938752673095 863.6933068770545
-333.2498460847734 859.6676916602571
-340.93344641462807 855.5731325350533
-348.569576112665 851.4101541611053
-349.9568427956793 832.4297016448177
-361.31989804301816 837.3720387487172
-369.9727508578121 835.7727942585253
-376.14724987543605 828.6212925161568
-384.7515039467958 826.8677525521713
