-388.5430149203184 814.0259980839858
-400.90407395827106 820.2712499433716
-408.64648716214714 816.4416994066613
-416.80835020829005 813.42903759126
-428.66515295682524 817.4198349933171
-451.5084254496823 841.5254849069923
-511.88945772313645 932.7728464486481
-527.5424504836913 940.0973156741073
-539.8960370388127 941.1361586878835
-551.3046189589691 940.2995358472245
-561.2037005861879 936.7573893214658
-571.6070289932918 933.9648839252267
-582.5376723579974 931.9071092569937
-593.480352832516 929.7258040959132
-605.5257297036139 929.0961148702033
-616.5041952278965 926.6561267624596
-626.3669650747022 922.4366780777458
-635.6354121053222 917.2914601574013
-646.0171505669173 913.6864019856052
-656.3874150681369 909.9667913392057
-669.7082762413388 910.1597797825691
-680.6900927914629 906.9823579185814
-693.4949038805729 906.0606040942708
-702.6511326947642 900.2474025082022
-715.4956548320599 899.0366888600497
-728.3797706970113 897.6630267752868
-740.0267329408316 894.5845038524417
-748.457025936509 887.5432836353818
-759.4278040852754 883.4559470523793
-765.7749010396041 873.9752862282689
-692.7447730305155 775.6962546247723
-790.924602182409 868.9437689877279
-812.7119105292844 876.0846708417174
-829.2079181401316 877.0765237387834
-840.9377972269857 872.7930001982286
-852.6605354476511 868.3657128710951
-838.910072763849 838.3471177354601
-798.2519003744876 782.7629932160303
-788.3274716578616 758.5352974183361
-782.3803329907428 738.6860053834068
-779.7972577491718 722.4162489914467
-778.3235657068125 707.7544963230068
-782.0193806989224 697.6744858537352
-787.0992202153947 688.9055214877565
-789.0483926501887 677.4973314014998
-794.6765833275865 669.3355869149597
-800.2209981062019 661.12809211976
-800.2427332120877 648.4686329663505
-802.4454551606268 637.7352832422357
-798.2069539825052 622.1010035468282
-790.5667705190899 604.1764488549819
-778.6581838114023 583.4555962397897
-776.100165440145 570.1206303965675
-777.4174204660122 559.8090338284758
-782.6942748739693 552.4071615027373
-787.0782144009926 544.3867048480752
-793.036100104629 537.4548761810994
-801.4324994433281 532.118359799791
-808.122126511878 525.5802780184206
-817.2899953279216 520.5747434681075
-824.7382612914736 514.3839036769299
-832.1423986930256 508.0984435101309
-841.2180526974847 502.7446546865038
-853.7195026581044 499.28349740523055
-863.6264116445832 494.140082476519
-873.5121097464307 488.8533462362098
-886.8837030780525 485.3434837458527
-901.1482969911737 482.09516366575116
-918.0887838116348 480.0093593246628
-936.8507925190852 478.5546912907259
-961.9303069160851 479.9115383446477
-1003.3003325216316 488.7171398283301
-1036.7925911866903 492.91492456649024
-1057.751964179209 490.62896599673525
-1092.426556265475 494.1712447785229
-1079.6817075121685 476.1170134154083
-1068.5317049409339 459.1394075180449
-1049.7783173977336 439.3284469751344
-1040.934333667838 424.06569419312166
-1037.4742077667897 411.2216777100544
-1031.0654558665874 397.4028506674633
-1028.1511286479374 385.36898767281775
-75.17139100207893 27.37265012403011
-89.56756012939958 31.664683362800112
-91.75299717795694 31.47042276268028
-90.14686890336587 29.975690599540275
-89.47275537499375 28.82058371384118
-90.69433115873763 28.276108212928335
-92.87092336102074 27.999849893729955
-95.05016416482029 27.68512763634502
-98.19421072439728 27.602481414044348
-1069.429398196387 289.801246155557
-1753.2991524933088 457.477957792772
-1750.7314672026112 439.2770535170176
-93.32914636429156 22.487117176566727
-89.63900601308987 20.708660048038837
-89.82966314292953 19.865337138538777
-90.0123864830555 19.020259714973644
-92.1477503277794 18.568578554354378
-91.33607629074208 17.51345676363583
-92.48046537125903 16.83340502439596
-92.63457819499787 15.963549813084335
-87.84537601393902 14.289503594235411
-2205.325613815777 337.49064734902777
-2181.673402857792 312.91718275432225
-2146.8536894061413 287.35907203921766
-2029.383435577515 252.24565685775823
-1995.899128206742 229.05822409066047
-1974.0954727970613 207.77888314779997
-1810.7168681278422 173.3938392137908
-1804.2960395438529 155.68173202520262
-1822.629480813166 140.02062587607583
-2472.394511002408 166.58145744699212
-2507.7938971476638 145.3057790624029
-2500.0592793674155 121.2955054768339
-2377.1834683796255 92.95029673225773
-2204.0286680539 65.44180923958343
-2186.550049306306 44.360814674573774
-2178.8708585248337 23.723024074823552
-2177.997584246711 3.2439197726506115
-2178.931857862262 -17.232492359249687
-2182.677827146641 -37.50337161398922
-2196.226493959989 -58.2939724861393
-2202.580474915002 -79.09014807928904
-2206.739002964595 -99.91983183946178
-2207.704606705956 -120.67049983032457
-2205.4810540350504 -141.2562221370883
-2216.030719948218 -162.76316612115357
-2238.3289760688294 -185.47073863729858
-2320.1403217270918 -214.12353326084263
-2415.532243085019 -245.73966431297958
-2407.164175862171 -267.6651461169266
-2401.576199708576 -289.8150392807696
-2397.767995937905 -312.1420152044928
-2392.761940888983 -334.28475022529227
-2388.540660603172 -356.5087834056295
-2385.1006844287244 -378.83997299338785
-2380.465823420573 -400.971898674474
-2374.6411885316847 -422.87495282746096
-2373.5293934659 -445.6267702387261
-1239.0768978353633 -244.6578043935906
-1227.920860181704 -254.4137597116627
-1212.7824555372167 -263.13440584826395
-1230.7474840176947 -279.1140100104519
-1236.840387943881 -292.6890068841499
-2341.8753324799272 -577.376763579926
-2336.370994269505 -599.2616933661985
-2331.628423007404 -621.3516693660736
-2327.6407641057326 -643.6718677037867
-2320.555512225102 -665.1451831605604
-2316.148301552993 -687.3958431742129
-2309.615768952522 -709.0352599171991
-2304.7874259422856 -731.2174240390704
-2299.7460196264124 -753.3712532426983
-2294.491658059076 -775.4947008828053
-2289.0244689549736 -797.5857198605063
-2284.2857969865786 -819.9801202988959
-2278.390212550668 -842.0089306850145
-2275.0863524760575 -865.0653667655347
-2270.6187496479424 -887.7693922112957
-2264.997239637204 -910.092580145474
-2260.1591664584175 -932.5800460410849
-2256.046041170151 -955.3827819887113
-2251.704083812078 -978.1889996028431
-2248.9598173959434 -1001.8102314003406
-2244.151374806584 -1024.6334012483285
-2238.206980169039 -1047.029375864207
-2235.6473269120916 -1071.1311916244524
-2230.139320379587 -1093.9536606716367
-2222.6126476760764 -1115.8682800359286
-2217.539680861902 -1139.107880669296
-2214.8822683197022 -1163.7441890222144
-2210.1963808693754 -1187.4817716461655
-2204.3838808722567 -1210.750472124859
-2200.0736226552895 -1234.991925032885
-2195.5029646567596 -1259.256817405957
-2188.94549106816 -1282.531339629707
-2181.286790425519 -1305.278490558677
-2179.367434307508 -1331.6431903028338
-2173.7523348010172 -1355.9663664512948
-2048.091882053282 -1304.0336048842628
-1952.0969772524031 -1268.4247677343856
-1927.786445939378 -1278.1269181315376
-1856.2505526878788 -1255.553617192808
-1819.048884243519 -1255.0542445378242
-1762.3897080596298 -1240.1643104546645
-1542.048268308095 -1106.567276855775
-1422.8035304491596 -1041.0567293579188
-1425.1423885765694 -1063.1336568288446
-1505.9957482240384 -1145.2688794912392
-1546.7174147633996 -1198.9638188317551
-1551.26123851895 -1225.6090607810688
-1550.7699373756986 -1248.676740126031
-1550.7568495952228 -1272.4736513710216
-1543.530870736632 -1290.603134616918
-1523.922636455236 -1298.331158872544
-1483.9144126199963 -1288.1083091179294
-1476.4382736293016 -1305.745390251303
-1543.054969714605 -1390.2914660023848
-1660.534108557305 -1524.1858398232798
-1661.7125320738642 -1553.813521870841
-1655.922962753553 -1577.4308673997396
-1655.8578462447097 -1607.7931437314414
-1643.2796830509988 -1626.3381823199654
-1617.1218220753601 -1631.2958078066858
-1452.2763553188104 -1493.2455885693794
-1420.0091501176116 -1488.228145676011
-1571.1210519934684 -1678.3860223390022
-1617.9345683751383 -1761.8035453638852
-1606.3997826906411 -1783.1095698726594
-1571.4277891246745 -1778.1292707693494
-1536.698840724591 -1772.645670436057
-1506.106066784113 -1771.233896354767
-1483.3673191213277 -1778.616708726983
-1469.4891598334648 -1796.564112168541
-1495.448736503854 -1864.331804290488
-1467.6944795686006 -1865.944510065574
-1435.1609225149155 -1860.8635432202268
-1399.2406764919147 -1850.5473593643717
-1367.8181146547631 -1845.3407829510215
-1336.0358784607918 -1838.8956282142553
-1303.3424980313137 -1830.3844767768041
-1281.2349144662373 -1836.1802999576848
-1275.5029199278274 -1865.6613576036748
-1271.549704955688 -1898.5221483635905
-1263.2444866509898 -1925.6225920324775
-1256.6989450828225 -1956.1014190035548
-1005.8185225818034 -1598.9528134474008
-994.1818049490677 -1614.4406271858418
-977.6948768176575 -1622.143251332787
-970.8037337451908 -1646.044079162644
-1225.4208611841639 -2123.8285507485443
-567.1608304432689 -1005.0097474208404
-554.1605812358976 -1004.2485002250648
-544.0754035386337 -1008.6118952621334
-527.8950611458094 -1001.3744576420262
-524.2656328089154 -1017.9246270011683
-1176.894068627196 -2339.675479896758
-1167.2929334738892 -2376.8321790698483
-1159.2497240616933 -2418.5251864024253
-1137.3838244743936 -2432.197162202111
-1058.733193974564 -2319.82413643285
-1016.2506863281825 -2284.126647657152
-985.2865366328967 -2272.6063101051955
-957.7472165839979 -2268.0750139987886
-932.6655831095168 -2268.7758615788794
-907.6578985384567 -2269.205398200161
-884.5396300995455 -2274.024987282101
-841.9631141354247 -2227.1639172803107
-529.7831634646567 -1442.8093428133118
-510.30089287290974 -1431.7796613770956
-500.2259865917917 -1446.9744166149824
-774.5748544557453 -2311.682892363237
-743.8654375656605 -2292.327247753961
-717.7902074167406 -2285.955646581235
-709.3327001223764 -2336.709464297412
-692.9382688044094 -2363.5155078032276
-676.6411370018557 -2392.143969688454
-679.0595008380238 -2491.104613283355
-641.8359464853793 -2446.19860555091
-586.9446808576522 -2327.1218149492965
-357.6680731597585 -1477.3197180848113
-339.27737594373167 -1462.153159615208
-318.1742919570233 -1433.104713528515
-294.9598379414351 -1391.0724977518469
-280.301977430427 -1386.9591924236965
-266.6931529676994 -1387.603604117598
-252.91816617181476 -1387.1309964168079
-239.17646188013302 -1386.5221311189018
-225.30879279745608 -1384.7905790725733
-211.4959132952513 -1382.920995089527
-197.7391913463776 -1380.9142667833078
-184.30459833661305 -1380.7537126627542
-171.0139062195527 -1381.455118300819
-157.7265969108363 -1382.0286974686621
-144.54781529874958 -1383.4691644891686
-131.26147094945824 -1383.7884326168448
-117.89723916902065 -1382.9838180529528
-104.71116359953366 -1384.044642422213
-91.3837097494498 -1382.984098821251
-78.02957413533711 -1380.7970109904852
-64.9877637871691 -1376.4667052122777
-51.838186595727485 -1376.0239105518722
-38.646687099709254 -1373.4563821163806
-25.546013518293847 -1372.7623250924842
-12.462066862783509 -1371.9434014891094
0.6035230884102909 -1369.9998670656437
13.650892020673608 -1369.931988511488
26.677535912799446 -1368.7400443757103
39.71172425581596 -1368.4239032392813
52.703784510717114 -1366.9843858282538
65.72007226453569 -1366.4204594858584
78.78795054258967 -1366.7309387181144
91.73358489923206 -1364.9208582923536
104.80500618915612 -1364.9823847499613
117.88591286070967 -1364.9186464947268
130.87957116827704 -1363.7340421984075
143.8613584467612 -1362.4257445988947
157.17352079362269 -1363.9741509139155
170.40426307332172 -1364.4000099407938
184.0574752214675 -1367.670591120208
197.64557111083667 -1369.814669296643
211.4433754991816 -1372.8119678082328
224.99286250897413 -1373.6965501230677
238.40730886528183 -1373.462032631268
251.657265085802 -1372.1128309762044
265.28264768140207 -1372.599401442076
279.93557576256734 -1377.850526516748
290.1270986754878 -1361.429493809409
298.7251225941452 -1339.0845011167567
267.65065437875444 -1148.2178047786163
269.83139018532444 -1109.6643730744245
274.7401780166765 -1084.7482816687773
280.9825757527436 -1066.6104219082774
287.9605528453944 -1052.3116078448318
294.14571753737573 -1036.0537133056482
301.4590036139118 -1024.5713587350115
307.99771475513023 -1011.1312514731297
315.2095189916939 -1000.5218434082411
322.86650795108676 -991.7692362860782
330.38554198827865 -982.9620509689636
336.2115693128608 -970.407533287012
344.85317322190707 -965.2467502762086
353.772162734699 -960.9481031117205
362.64040389180576 -956.5672676112162
371.45714160467475 -952.1048219344783
380.2216272079542 -947.561351155341
388.5518115436143 -942.0129987140175
397.5908799179932 -938.233708734682
409.7852900766352 -941.7032526421516
425.7531611570765 -953.2419660111259
435.7316103144654 -950.9226907445014
444.4288698616104 -945.7843198285389
453.9355879313811 -942.3685489283857
456.7784458446365 -925.4066411106842
442.64269270363917 -875.4589919556893
451.0393743762371 -871.1627188776462
465.4821560282189 -878.2723737083621
480.579547366805 -886.0628073972616
491.9875956460834 -886.6477348588818
499.00883286671234 -879.2674136580985
508.94528076538387 -877.0237745846144
520.9254194740759 -878.110304771421
534.5285379231059 -881.6122969569939
550.3532878884884 -888.3334162972428
562.0775887583055 -888.0708216215919
586.8770672168666 -907.8195349159046
629.1862355336933 -953.0418044424598
638.320218551038 -946.9484139006491
657.0324256402957 -954.7719055655278
679.4019286130341 -967.2316265491372
680.513183220829 -949.2764652421623
687.2469185770066 -939.4613738235379
705.2199118126846 -944.8311362264208
719.7238923719809 -945.167455400854
730.0048813318226 -939.783418257479
747.7009278975404 -943.6945069359878
751.7113931904146 -930.2397440164153
746.6291348796484 -905.9916859159734
761.0955692928123 -905.6613795469308
789.9393471477161 -921.8415416045427
822.1299840801659 -941.595608144147
850.2471879699657 -955.4688479218806
850.4822048345738 -937.782501041538
842.9939946129253 -912.0992956068671
838.526782334352 -890.2818853082423
834.4167956899656 -869.3524090209277
829.9878646198722 -848.5806647477566
825.2426082780103 -827.9707950661706
821.6088626267436 -808.9300815603217
816.9713389776457 -789.3375901913406
812.0385507977891 -769.9054435566919
809.7416599081773 -753.3620936901124
805.7288480615347 -735.5827780756101
799.2192598297062 -715.9452316464274
796.1677600888195 -699.7977549229148
794.3983137234558 -685.0783306698073
791.6594478867313 -669.8091657865515
787.9346614536925 -654.0145023467409
783.9833469035375 -638.3503049094028
779.807639696152 -622.8194321563162
776.9841449333263 -608.6580637124821
773.9637397597087 -594.6058606650005
770.7482368962536 -580.665269601443
767.3394776220637 -566.8387125829519
766.1690430255263 -554.8882747989447
760.7650926037982 -540.1161670192204
760.0765813485802 -528.9230477918835
758.4190004448615 -517.2278219162397
753.2833103367134 -503.38877060196995
749.6282801693214 -490.7885915242786
747.4869168300872 -479.38221615726445
744.3509108764456 -467.5283108833152
744.4656955183845 -457.8720653155508
740.1814992033063 -445.6762818875892
739.180360781684 -435.6333254408568
738.9223825420019 -426.14869773173257
733.3260620015117 -413.75945522653024
731.0647943966719 -403.4467330314522
731.3149407424372 -394.6383882073378
726.1574267989841 -383.06186380880837
725.234098673431 -374.0207241869574
725.139787436033 -365.39880771182715
721.3589897654471 -355.0453603197395
719.2510029507897 -345.6616767220269
717.9362463241895 -336.77373147847004
717.4277057706882 -328.3572551240596
716.8247481933788 -319.9801249726286
711.5433818680629 -309.6482128476766
709.8145245334721 -301.0055493862546
712.6078492917428 -294.33153607419763
712.555005440235 -286.51241547630457
709.6246134288348 -277.6272825497827
705.656062930866 -268.46698279101236
702.5165989431467 -259.7526288786196
702.0996785475426 -252.13496660209086
701.6019034868158 -244.5480914333147
696.2871682719623 -235.39154466507955
693.7139144959102 -227.29057357215885
691.0503567308616 -219.25876142619464
692.1214429734916 -212.47095843030334
692.167394285328 -205.39790234629803
690.2191008453607 -197.7917916098185
685.2977962997369 -189.4411000462264
685.1126846924385 -182.48728523795685
682.9202202283999 -175.0570558509246
682.590915961522 -168.16254472031062
681.2193551024848 -161.05958597287741
679.7748531805959 -153.99723693397647
677.2807350474893 -146.76445732374233
674.7110786041306 -139.59212158589287
672.0667992959136 -132.48100725819597
670.3317115513087 -125.61606779665219
668.5272256347436 -118.79540641419044
668.6263693693274 -112.35113788472172
668.6635254191892 -105.91548410870453
669.6279750721653 -99.63621329994217
669.5430105744368 -93.21028371869457
669.3964998759878 -86.79473459707438
667.2029074825963 -80.1516078863679
662.955973322473 -73.337421798509
658.6328867127597 -66.68373520144922
655.2459538177942 -60.1393382521713
654.7844345684729 -53.9105207435912
654.263803554667 -47.69565345165232
654.6822731475432 -41.55864803341851
655.0431787982317 -35.41798850736524
654.3474849796877 -29.229589472954807
653.5934197691236 -23.057355323243144
650.7818952403937 -16.85006905983541
649.91142094472 -10.73056035885252
649.9834671609971 -4.635991519517419
648.998365103904 1.4567403542526676
647.9562409651863 7.530590565511482
648.856921301624 13.627020179709396
646.7015400247601 19.6498887936712
640.4935957369187 25.47457202766476
639.2277738818353 31.430130417693366
637.9066679276534 37.364194269896466
636.5305696311682 43.276251281972804
635.0997754880432 49.16579273272355
633.6145866913079 55.03231352581089
634.0660974645394 61.06704549991897
631.4767046475176 66.7994871800067
630.8225766485664 72.71778867968688
629.1206786981891 78.50587006288112
629.347984917385 84.53469039646926
629.5174581650515 90.57466458901504
626.6636240783159 96.17017342726999
625.7343042803691 102.0420523449155
625.7353758755095 108.07515615503367
623.710695290957 113.75837806364389
623.5986291136318 119.79044105269483
621.4677282485395 125.43469514292856
619.2858942202366 131.0495372744286
619.0061920010345 137.06689704074586
617.6937279677503 142.86517570528835
616.3269522667994 148.6508927303109
614.9059850740296 154.42353939777857
615.3660647412955 160.6879160509951
613.8322708898218 166.45102347010203
612.2625631149381 172.13527763920573
611.5579889779843 178.22970043515082
607.9207202232924 183.4595266624043
606.1485929804923 189.23235248701417
604.3216482385736 194.98806494299512
605.2862246889683 201.67445599722268
602.3953231775093 207.09629309541992
603.2262913273851 213.817776275521
603.0443223677079 220.23066375977723
601.8587512059198 226.3074095049713
603.409938793609 233.46401385458338
603.0207972143722 239.93106953236176
602.563058358148 246.4117706240411
601.1144734356633 252.51809801708308
598.6859301826196 258.22307604350857
596.2032443219214 263.90470147387543
594.5771720341326 269.97589984273327
591.0763477478581 275.1958414167138
588.4326006892003 280.80433480654136
587.5323733771519 287.26592250702305
585.6681540135412 293.2879359509541
583.742453071576 299.3004318105452
581.7552833659823 305.3027845856726
579.7066640552224 311.2943681629423
578.4730950407085 317.7560043713155
578.9126104107348 325.2017673805429
579.2625116365257 332.68444900918337
577.7973697299043 339.1905062545299
577.9757787067908 346.7275576418447
577.210181395843 353.7759269551533
577.210159208078 361.37159836791994
576.275058888016 368.46038661383085
576.0944530271796 376.110597020763
577.4843783834434 384.89971774877677
574.6247972473756 390.93649406062434
574.9881979918947 399.23498365002246
571.9815587721371 405.262996614046
568.1017802630107 410.68402362643445
567.3898582850866 418.4420494109421
564.9832142487215 425.0211378474997
563.3987205476691 432.06698749759795
562.6058648155517 439.62556895060726
560.1572704734847 445.9594514478815
558.4165764328092 452.9149226566294
557.3664854120007 460.51232441648517
555.4591361879787 467.48384787637787
553.4709635543906 474.45852558698374
552.1550356680782 482.0931617295388
550.7458673159128 489.742779052885
549.9842988602327 498.07757529045443
548.3814031384112 505.76065158526063
546.6841064182206 513.4554389523123
547.0600716789155 523.2344388270518
546.5867783841848 532.3644369185437
545.2824631880592 540.8244034245893
543.1657319979438 548.5936452267179
543.0439705884812 558.5196916917942
542.786371666693 568.4883065929383
541.0242063036031 577.0388272842272
539.1512613851036 585.6038911643703
541.1908543177509 598.6329920768007
539.7184441465527 608.0074021325929
536.148985125133 615.1424759755173
534.4448353658231 624.5420065542415
533.2571616720102 634.7265549238598
530.6557150332641 643.3976314088632
527.3112853784567 651.2962523403
525.7334941672694 661.5355569511541
524.012916240591 671.7994221588995
522.1489799039218 682.0860963143097
520.1411335259252 692.3938194513046
517.9888456419623 702.7208235071075
516.2776182428422 713.8756340578504
514.4061902051396 725.0567367307428
512.9451565763476 737.0829440062132
510.7440368887053 748.3157948237019
508.93711457046464 760.3999036117046
507.5011496141121 773.3482935523648
505.3305758437949 785.4915716399372
504.58113117286786 800.1961522428792
502.92077848003896 814.1988028565454
500.4276809890476 827.4425273696803
497.72974095881625 840.7104763026745
494.3249468994278 853.1347178921263
492.20989101917974 868.1782208641766
490.3403715985815 884.1308274121907
487.73731671251625 899.2448553570238
485.361630169716 915.2704998845946
483.6477898126403 933.1054685346926
480.2857121894376 948.3114650085618
477.1236394611247 964.4319741004913
475.0056059070066 983.2770079468539
472.57509588690107 1002.1660435015178
469.413108943289 1020.1864207840623
466.3632433292662 1039.1469218890115
462.9980886397529 1058.1388235557447
460.49352790043577 1079.917455531584
457.6201038702408 1101.7408227590508
454.00187165326355 1122.6768459959142
449.29783771134936 1141.7795115642539
445.70423136160815 1164.6272958102768
441.72049995425897 1187.5066315268136
437.0059314957124 1209.471709399424
433.9030356395228 1237.1132347779676
430.31879733497976 1264.8010644604062
425.6257121027492 1290.629208253489
420.48484732571495 1316.4788236692111
416.07660085128117 1346.165391853484
411.43348653934123 1376.841125967002
406.2502194773973 1407.5460060596836
401.5989416994972 1442.1259619138143
396.0740562465197 1475.7741500542786
390.2020417148426 1510.411323660402
384.1957618014654 1547.0066634031643
378.23155684748644 1586.5377050056916
371.7807777356415 1627.064858358843
365.8829951586326 1673.4690417972326
359.1456262919732 1719.9021539364808
351.37243641483275 1765.371748648965
343.7061284096768 1815.7560676736373
335.6992940386336 1868.0765466066864
326.0466967386304 1917.4771319485997
316.6051559588934 1973.7685211848539
307.1796782464202 2036.9684939322026
296.59601023721143 2100.1599478876287
285.6368146469348 2169.2753652126216
274.6192109773543 2248.2903035333707
262.1440850803604 2327.2826383268066
248.62139080938533 2410.210862981081
234.2187500260945 2500.05251487568
218.90782484413393 2598.7965222814214
202.36168696742808 2705.4424310355776
184.4864677050198 2821.976035198337
164.77821018662397 2944.3928306949283
143.627025106932 3084.6580487404003
119.85927884528824 3224.773287112551
90.2268716914252 3247.7469285067114
59.4750533741161 3232.4528949431183
28.918790521612564 3205.8695705775003
-1.151875326871265 3229.999794610401
-31.419458087878375 3227.8470870927986
-61.608554068383505 3223.411296447539
-91.80268306300826 3221.692298681305
-122.04570488655226 3221.6891293107014
-151.7300503073297 3209.4153660493585
-181.36475912666637 3199.864344647586
-211.16346942280114 3195.029575634837
-240.88747445052178 3189.91758900647
-269.7723682206843 3175.5616620284045
-299.16120351734105 3168.910155607138
-328.8623255928637 3165.9656616592756
-358.87245327518207 3165.7237027700717
-120.97700656267578 984.5956347065197
-127.97273648816585 966.5650411202189
-134.360072710479 946.5111572830164
-144.7276385225937 955.0968069508313
-155.1088124980056 962.5831165595305
-161.26623597079626 944.328968705192
-169.22608139034506 937.8547506822516
-174.4636820972569 917.561128006776
-186.68570471156895 934.5359531106038
-193.03747537351214 920.9872600103764
-204.93831559138928 933.7752871020758
-210.1664801001002 916.2041533644858
-217.1764412535769 907.3716952629895
-225.49017694374035 904.3108868646228
-232.00786511722077 894.3983175989038
-240.7006338069439 893.1339232639949
-248.58222302690876 888.8958760141709
-255.01330309473883 879.7864600257899
-261.86963298277686 872.5510273453729
-265.9438808796957 856.669628399797
-276.76812378396795 862.6907937709212
-285.2138288985835 860.9890079466808
-293.3286348271729 858.2583014398563
-301.0849786579831 854.5079494226615
-309.1378979243112 851.6277121295069
-317.1632696942641 848.6715856895667
-330.902725467148 860.573870320505
-334.2315872226581 845.3225692613576
-343.32568281390434 844.909152229023
-353.2120205558879 846.2448041405199
-390.72534177186935 911.8101267792852
-431.5180223118978 981.3135056749338
-441.1733004831787 978.1079280635543
-451.2262205644652 975.7150700256241
-461.7014977042571 974.1230553773203
