-475.2519004707945 1002.0063029237381
-485.39580256565705 999.3557498967231
-497.03469354791787 999.2059414403656
-507.352401013613 996.2517458884184
-519.5073255471395 996.738751480476
-532.65749889348 998.8493324183294
-544.9357692819239 999.044046755256
-556.2906858564073 997.3488220424225
-568.6526675351587 997.2653326498161
-581.0623795914814 997.0368654284981
-592.4948749206499 994.9441306891375
-603.4197156461283 991.8697730899686
-612.2280416043117 985.2800744323156
-544.8854131421841 858.713506674299
-638.3318157353765 985.2961448315817
-654.2237805107056 989.2356872931142
-664.092231711465 983.8447579676815
-681.8589380775841 989.8850380542729
-690.0227785928565 981.7680810777023
-688.1880598903471 959.7698652408087
-650.5787886293552 889.4668289405517
-644.5952247688464 864.0491862187016
-644.2459847722445 846.7839813700073
-645.4679223013451 831.9736541982472
-642.7457925964516 812.5108282968044
-649.7592603494111 805.6288870132365
-655.42991906043 797.1421587147667
-659.0713139134502 786.3211832173914
-665.8150418699989 779.3043885540819
-671.828360848897 771.4762819160965
-677.0895242521609 762.8563273303712
-678.2229300270858 749.7563985625429
-672.39174724408 729.3513133175625
-667.6063604765515 710.5819779949762
-660.45285193849 689.8021675569851
-662.0464507810938 678.5267106077379
-667.0118967224618 670.8286887355847
-671.8911290778933 663.0975121853751
-678.1206618835489 656.7254890185226
-685.7395333334343 651.6726881062638
-693.3233091349736 646.5344453392487
-700.7634192060232 641.4285855047959
-709.0502442741656 636.7548594983363
-718.8119192973663 633.3035801857087
-729.3281657069466 630.3780030319432
-739.0904681870948 626.6628119132179
-748.8475893941044 622.8188242648408
-758.5979613314438 618.8458071796053
-771.4633445259188 617.242503440004
-784.3659705304393 615.4502614134159
-798.0959554991846 614.0780453784711
-816.659600320829 616.113704768709
-833.7246299886524 616.6621776550631
-854.9205036009356 619.8765461950651
-890.1080522497077 632.5912229238022
-940.3816165364781 654.9797060064076
-949.0320697573319 647.7184037620939
-978.4110517646816 654.2482814534019
-981.2289130240706 642.7431992993787
-967.9250278961406 620.9840097556904
-959.3788594210109 602.7281344819074
-936.0946073509828 575.7845830589852
-944.9427148011047 568.9395976237884
-939.0984082701273 553.3481540445521
-933.9106419300226 538.4189009403858
-929.3960840295813 524.1296776471252
-925.5709620160333 510.45802400659227
-923.3312593479365 497.85578786527503
-928.013689964392 489.07217385440487
-932.6125648210309 480.2445251514466
-922.8338192116248 464.18395288859995
-941.5579985358956 462.46030682976266
-950.4123494554483 455.6669463572871
-971.90308447634 454.67944134893133
-993.4591021921316 453.32440070175346
-95.02055536765555 42.27403526542394
-95.41740276026209 41.37051184703819
-94.88445077654947 40.07419370159007
-93.4107135877845 38.41143823161131
-96.55625918659193 38.63791935251797
-95.05471748850297 36.99460343321561
-98.19933824448341 37.173780657145144
-91.03738263137639 33.48424948581599
-1698.906417198408 606.7396357599102
-1720.6169276680873 596.2536274288246
-1743.2272729604708 585.7300357731368
-92.23569981690152 30.026249837207995
-91.56106530131774 28.854311998171568
-92.78572112681428 28.280911494806
-90.1705755720846 26.556869186690292
-90.41706823129171 25.705131247631115
-91.61993607340048 25.115479567509954
-97.6539954360862 25.781721730110572
-94.98513517143465 24.121030170046375
-1744.8403347653714 425.6150915743787
-1751.6985488345656 409.8209292006418
-2378.0546120610543 532.7525335980564
-2435.7770087744884 521.6046045862768
-2438.6292827617262 498.2049992292605
-2353.8939806033773 457.80686766275835
-2161.4347711705504 399.2539667616461
-2143.4339254974093 375.05600518691574
-2133.063751037325 352.5379894572746
-2135.3061446744946 332.2479021985634
-2136.3661244412797 311.80247327394034
-2144.1664072131016 292.31219300409003
-2161.7092949160783 273.95971286565305
-2170.156555110783 254.2548452039819
-2176.4353688639544 234.20095037813715
-2180.5381496539258 213.85597467415798
-2182.45838869741 193.27799048081894
-2196.147106828281 173.62858396523455
-2219.634140858495 154.43212339203038
-2246.945276481846 135.04786001977484
-2406.9156966886558 121.8885927138484
-2401.9634419961258 98.93241791306157
-2401.790288276514 76.23917064489322
-2399.403324972843 53.51340121190041
-2397.8015210694457 30.85231850369558
-2396.985872472246 8.22965178285636
-2393.9569143155377 -14.362882747843754
-2394.72072123026 -36.574134445285026
-2393.2765049229724 -58.852111123410275
-2393.62398006204 -81.17414657363537
-1249.8321091603793 -54.043490928304344
-1243.282818393722 -65.36691431422405
-1223.656391300115 -75.76962472112362
-1221.9001361891476 -87.0922337579111
-1237.9809582721032 -99.83559964103675
-1246.9571251256732 -112.25830970719323
-2378.2742582322066 -236.45623829801286
-2376.9629039429333 -258.70514737665803
-2375.44333194128 -280.9501321154862
-2374.707442947518 -303.315941568625
-2371.7793907870578 -325.4205301418058
-2370.6244044689715 -347.7871948996037
-2370.2463723876717 -370.31491218027344
-2370.640628264312 -393.02927578309976
-2368.8471083176437 -415.4375734272699
-2365.858338717273 -437.664621739002
-2364.6240999918136 -460.25413169020607
-2364.1538096909076 -483.05875845901795
-2363.4635120087655 -505.8944824794916
-2362.5525875370517 -528.7591806503041
-2360.4466557361434 -551.4232362025169
-2359.0948625453207 -574.3304184111038
-2357.5207920236303 -597.2601737737708
-2357.6579990721934 -620.7195497250759
-2355.632957318753 -643.7059657900538
-2353.383922792948 -666.7084159808362
-2350.910422008376 -689.7247187772812
-2348.212002713005 -712.7526852384206
-2349.1048136998174 -736.9874993867576
-2347.8465992008323 -760.6841306489083
-2345.401856284149 -784.1040317068071
-2343.6695272030975 -807.8701301939628
-2340.7551280448956 -831.337134098751
-2338.545671292362 -855.1632261035057
-2336.0949600398726 -879.0201008374642
-2335.2674604902113 -903.6270735074281
-2336.0420241456404 -929.033724589985
-2334.7336493347075 -953.6785552083253
-2328.5301413658294 -976.5103075497101
-2331.2891958582227 -1003.262022242804
-2328.2620092857605 -1027.7261386753923
-2194.7017736887274 -993.2598474556165
-2172.6692857089565 -1007.7366595182154
-2102.687976434176 -999.1432698863312
-2025.8661621528952 -985.8373562834286
-1971.8564752727145 -982.3395751597648
-1905.6184432827442 -971.5654113957796
-1728.0409642912975 -901.3741874112008
-1559.889026190851 -832.2080424805798
-1540.6697507067936 -840.4532820193319
-1624.4921998293146 -905.8835977617182
-1687.2402167631749 -961.5531451443308
-1682.5457737124993 -979.7186939944584
-1677.659010809922 -997.8798742575551
-1698.2195583988691 -1031.6100675505008
-1705.5482474068638 -1057.9008345621885
-1661.8416796735717 -1052.3170775482654
-1639.3856343145274 -1059.584230725974
-1630.2954789650805 -1075.3351343957934
-1634.3278066199682 -1099.9420987073656
-1921.6288112103641 -1319.4331024823662
-1896.988919979473 -1328.6418017942658
-1904.0796743083833 -1360.176677452485
-1893.7726334907882 -1379.5920457299558
-1898.5213361475678 -1410.263002490122
-1867.7860360451443 -1414.5756690805788
-1678.0391345041974 -1295.6020465684683
-1603.052786207527 -1261.6741911572435
-1597.4902175835173 -1281.533848450741
-1842.527901054 -1506.4829683197688
-1837.6570991560395 -1531.2349218592847
-1809.6165360662753 -1536.607950127649
-1774.0740384330563 -1535.0496103246392
-1741.7192482956168 -1535.6099960981473
-1715.460325124597 -1541.0489521502595
-1697.3662196579253 -1553.560078131568
-1740.621809853626 -1623.1560969487462
-1718.97221160737 -1633.0264957194258
-1685.3132527228645 -1632.0034436840747
-1649.6977297880294 -1628.3799926099014
-1615.7174377410918 -1625.6448447860193
-1586.130827220946 -1626.7061808880537
-1549.0693896623866 -1619.4026756835378
-1522.5592172978459 -1622.4790999644251
-1521.869943683278 -1653.1548247255778
-1522.0722038873457 -1685.4486661282563
-1523.120610130697 -1719.393092633297
-1524.3132157395464 -1754.2648660683378
-1513.300729622084 -1775.6153586081834
-1164.0324469507634 -1392.5708105679287
-1180.455078285688 -1439.9895166804274
-1158.4816212619758 -1441.0833887038682
-1140.3103634174217 -1446.601629711106
-1504.9517068680764 -1947.2137427603739
-684.8496406812778 -903.8456558830853
-680.9426571876111 -916.777561692189
-670.3762778041162 -920.8238953011039
-649.9212647944008 -910.9134698576185
-653.2109280881683 -934.2994613217936
-1485.7168695700266 -2168.9366942064125
-1484.4040180070874 -2212.1122736706684
-1453.2895973111306 -2211.168321577363
-1347.1001859495875 -2092.950570131695
-1323.8193052149356 -2100.664525130142
-1295.7890785780432 -2100.4653445933986
-1267.884516331796 -2099.9232969911277
-1244.6875290440116 -2106.789489968638
-1219.9742786303038 -2110.807134600523
-1192.8379959365088 -2110.1927673675154
-1158.0858064527008 -2095.250167615504
-731.5653184339005 -1354.0063459469848
-714.377741851116 -1352.9835335094438
-693.6095912567993 -1344.6466952015967
-688.3639927050198 -1366.4022151428194
-1064.5307465406265 -2164.3748034177574
-1034.69087329102 -2155.5268026002987
-1019.9620343650446 -2178.0042351781412
-1018.014057666409 -2227.385996722071
-1004.598486305322 -2254.2861134543364
-1023.8291686029411 -2357.259814597833
-1001.8385462915293 -2367.7754385001285
-925.2681805717804 -2245.867269902963
-565.665105598697 -1410.8235142313213
-547.9125353289304 -1404.9398042725616
-527.8411740048954 -1392.3019410404963
-501.83795287751377 -1362.5207040818523
-478.13116225627925 -1337.0828664220703
-463.1468097978911 -1334.9397112132203
-448.24619762319566 -1332.6332377351043
-434.67032937698826 -1333.9680298865114
-421.10949101067257 -1335.1654566310244
-407.2733212873963 -1335.269426657981
-394.3210923469618 -1338.1090673522465
-380.804508108204 -1338.899520727552
-367.8372997295609 -1341.4830304285124
-355.1106363167709 -1344.9079656150075
-342.35209391092405 -1348.212165719775
-329.32589276921266 -1350.4238062000245
-315.6054086683828 -1349.588539525756
-302.3673454177989 -1350.5665435012795
-289.55755710514677 -1353.3707626231992
-276.5218311518724 -1355.073679508393
-263.47984804791395 -1356.6511599053931
-250.07013036989935 -1356.136397969165
-236.8658849694284 -1356.4746781778308
-223.3523601454432 -1354.711306226334
-210.3535292068016 -1355.7785190621082
-197.49848910838378 -1357.7107007017016
-184.3565854736167 -1357.5391888975098
-171.3608581661012 -1358.2328431784358
-158.6000807841722 -1360.788747151906
-145.69989327033764 -1362.2303553735
-132.78662598526856 -1363.5496734477435
-119.7739480779733 -1363.750417547806
-106.92549017102749 -1365.8209763917398
-93.91134474909141 -1365.7751130136385
-81.02595955686391 -1367.6018404045417
-68.34216974859271 -1368.2943206174812
-55.290814326366856 -1369.8846396142733
-42.21528400096638 -1371.3503818487518
-29.13797539243759 -1373.6910054266316
-16.054673551421164 -1378.9065405085137
-2.870099590717957 -1381.9970197248397
10.364641571412912 -1383.9611895588316
23.636695670613612 -1385.7984365043044
36.97146110771381 -1388.5078721647785
50.32403850646571 -1390.08938243136
63.66451246912873 -1390.5433577749627
77.18414062905423 -1393.8646305991679
91.09730366845886 -1402.0436089024965
103.9094819950587 -1393.130223472134
116.9791073822585 -1389.083110701462
116.89865416397339 -1245.5262761799333
119.54078568101598 -1154.8294248757109
127.8825854412116 -1129.7853974719585
136.1223685190246 -1107.6672337795187
144.7397128129788 -1091.4446461157875
153.34121275252386 -1077.139950271823
161.68245840976766 -1062.771745316262
170.24258968858769 -1051.3051225291938
179.10615380035887 -1042.7295841544164
187.64263639103012 -1033.0974015107306
196.38758471195115 -1025.3623342853034
205.00182500507472 -1017.5550362238833
212.86418545540644 -1006.7421907074354
222.26832637936664 -1003.6836110490772
231.63345045463768 -1000.5373279545742
240.95874116811137 -997.303807801153
250.24338735699644 -993.9835245536498
258.97977354621776 -988.6422390804217
268.9501753385785 -988.0494942994242
280.2922085824699 -992.1679685456295
294.8290989609911 -1006.7158498830989
304.73567668822557 -1004.8065323003077
314.9320430713631 -1003.7538583970161
324.2106651047859 -999.7441895966749
328.6779738533712 -981.4253866207266
323.4045216271984 -936.7446372363618
330.6863986072092 -928.8931616586452
344.046720745028 -937.8874420444026
355.13572011761784 -940.1614862865533
365.5750386578754 -940.4445178266993
375.6810115568402 -939.6849352605527
385.8058783071767 -938.8177801169021
398.28218758698404 -943.370181345015
412.07406614583294 -950.5214169128645
425.63254317190604 -956.5803354622212
436.85295317559394 -957.0075743178642
452.35996856164485 -966.364040536954
491.87939080026507 -1025.0969051294421
503.4417381385695 -1023.9274467949456
518.1752922940511 -1028.8820955075341
542.2163222011171 -1051.4230642033178
550.3963067563931 -1042.6432302129633
556.5568741920499 -1030.2841577883137
572.2053118713427 -1035.4081712379034
590.9547779015753 -1045.5493534383252
601.4439603946809 -1040.7060884345597
612.4031767913991 -1036.6187095821697
621.7885889073232 -1029.8485086189326
622.1748228452486 -1008.5254036550014
635.0065548246469 -1007.5949956851377
663.0322884510739 -1030.054942452747
686.601392105634 -1044.547044588517
720.5384365606119 -1073.626267114767
724.5731823228822 -1057.5999732689536
723.7830400276741 -1035.0396663743368
721.4663730720208 -1010.9650204266733
719.9333208238465 -988.6480736680512
718.0399301715792 -966.4546852694095
716.9965229146449 -945.9836077482046
716.2393917246807 -926.4135867644966
714.5548141560156 -906.1608121997233
711.9222138344008 -885.2472883037403
710.2237948250763 -866.0151045243194
710.1476872113539 -849.1991888528657
707.2200406617025 -829.4213730586282
706.3538850776962 -813.0148762695826
704.0472551367757 -795.0858208611016
704.1460286894758 -780.2431481793608
702.6741886371176 -763.9980265832946
700.2754505894302 -747.121337736897
700.3845585619413 -733.2513008021157
698.2024108684685 -717.2965868157036
697.8950952762219 -703.5790190088055
695.2590462533732 -687.821821842583
695.2586547535444 -674.964001255098
692.9060127483623 -660.0986725461327
693.2576205343466 -648.070113159877
689.7598628021108 -632.714257518521
689.0080126584818 -620.1588171528398
688.0812670480559 -607.6743946699927
687.7366584566631 -595.9180217235111
686.4701245695476 -583.5749892460008
685.0325372945302 -571.3093932781239
684.1992307110611 -559.7565655661327
686.3291565299598 -550.7742631032008
685.9934178065516 -539.9463220784877
683.1401995579483 -527.3409407090696
684.0974998445556 -517.8557817640238
684.1340233464256 -507.80373974581204
680.8079667591946 -495.4437530105827
681.3807002414468 -486.09602069804635
683.4770574141619 -477.92793597830047
683.0055091080511 -468.0678097541551
680.748836897415 -457.1444203562116
682.524469754183 -449.0538366240414
683.3677141928961 -440.428844648913
683.2636498591917 -431.29431341149865
682.1978187269324 -421.675391888376
678.4451446232982 -410.56203640506254
679.7065257978663 -402.6152490750872
680.0134266974643 -394.1798314363284
675.8727312141376 -383.3080369639309
674.2115283874068 -374.00510021858906
675.9514284036392 -366.6751511066436
675.8462738281706 -358.40872499504997
672.9260063227046 -348.9048437820481
669.9474735373793 -339.3690950880507
670.4346002183385 -331.694809772593
670.8367609727678 -324.0417259051149
671.154400952898 -316.41076163992386
672.2964838158829 -309.2206944057923
667.8882850705629 -299.58177291935266
667.9398286453335 -292.0571610305808
667.9090557139525 -284.5584180713975
668.7201071892873 -277.4696708484515
670.38422432064 -270.7655660936485
671.9814388493347 -264.0548159795195
670.709367217134 -256.26733058896093
669.3504659268832 -248.5275714351716
669.786948370492 -241.51489352117358
667.3192163387979 -233.52529521439985
667.60158571482 -226.56814151830312
668.7621790430497 -219.93896399135792
668.9043324370438 -213.00468080995964
668.0196464006963 -205.7929834146168
669.9339099639905 -199.4731968971268
666.9830335022023 -191.75409518495323
662.9828941161666 -183.8414591689041
659.8594162019829 -176.2797516721029
660.5267259822533 -169.7894115166348
661.1303848464757 -163.3022174765269
661.6705119942802 -156.8187921048595
662.1472326993664 -150.3397559814803
662.5606782828439 -143.86572765387098
661.9317970371237 -137.19437332195514
660.2551117230519 -130.3540848749292
660.4742220159164 -123.92659945495973
659.6463587247661 -117.3315022539016
659.739166654958 -110.92895015018185
660.7576444385721 -104.69162008484528
654.7933575476881 -97.4148803388145
654.6939323936106 -91.08707310584975
654.533476983354 -84.76985023038071
655.3050689995679 -78.58286418470362
656.0181797762941 -72.38886518655936
654.6712827524091 -66.10228089344021
655.2606525560215 -59.97897308104639
653.7994597241211 -53.68674384284581
656.2675308570807 -47.717166122377826
654.6889484589262 -41.453356507590065
655.0478785658718 -35.33096073348196
655.349555670086 -29.20547693534205
655.5939534041528 -23.077440497454965
654.7813841716551 -16.921552595770954
655.9108303259254 -10.815852308309612
654.9833073027427 -4.676232966920407
654.9984009911552 1.4473075104716773
655.9561792013158 7.582279842589276
653.8570645733797 13.672567698979675
654.7002097280929 19.815029194810073
654.4863508229944 25.934852735272425
652.2176840614411 31.954539544956695
652.8887441015376 38.10889430981945
652.5039378868444 44.210983275212584
651.0650641651883 50.23228268334128
649.5707238767111 56.23054936851988
650.0120704596524 62.396380157473466
649.4003300670928 68.4705141557364
649.725294035564 74.65281167109413
649.9913359059371 80.84715979683615
649.2071029770945 86.92029362633521
649.3559994959696 93.12779348073438
646.4799816138576 98.89202886252468
646.5142481415422 105.09199279667492
647.4745091003849 111.47089335434418
644.4363451174617 117.16141468780548
645.2771727534354 123.55715407588983
644.0938568082411 129.5843494480912
643.8327144431073 135.806611815553
643.5114402396948 142.03529941755215
644.1043306382095 148.49448223117307
643.6602271973319 154.74337441156916
643.1554954572521 160.99692128465264
646.4610339200393 168.26209205591664
647.7558034084806 175.0811787447007
645.1417211454045 180.80973324891852
644.3429238558906 187.25169285440924
644.4373878209298 193.98312601496212
643.5070970273135 200.43606480740846
643.4641042072593 207.19543092633415
640.503821451446 213.02547900684115
640.3284653642783 219.7918479931145
639.1394118174803 226.24060701298822
638.8249397994672 233.0293893271987
638.4389013471355 239.83279435194555
641.7118715170835 248.09247057103943
642.0970448733968 255.32799487101084
641.4766056471656 262.2151109440316
641.7049818166582 269.5008651408792
640.9341727719952 276.41886001696435
638.2607366133036 282.53713401576624
636.439397653907 289.0430644626023
634.5519117661903 295.5399656118831
632.5982853995743 302.02716650910526
630.5785317946054 308.50399550047945
629.3866861761178 315.417816973368
629.8994840173286 323.2501199299131
631.2049859918044 331.585985317664
632.4082453898988 339.9761920530166
631.7559005550652 347.4557268399222
631.0180898342524 354.9537579769109
631.0612433222808 362.96791480313664
632.7325659523873 372.02889670468863
634.2878117172385 381.1547873331215
634.0215354827184 389.29769141896566
632.8100676207691 396.93880928651663
631.5101981993612 404.59222628493933
634.305656727387 414.99437808678607
636.1277424495734 424.9311653503531
635.338669244319 433.25024565816204
631.9860637534707 439.8790915938084
630.1952186774311 447.64158246984255
632.3618840791125 458.3442456973961
633.5768350834916 468.53430402221994
630.6626501582349 475.7779121558627
627.8095396637605 482.82417286956246
628.9389267604515 492.78476681550484
628.3761297839609 501.55701522133126
630.0336444602425 512.2515074142239
628.4681232176738 520.4650018005578
626.8054396441432 528.691725708387
625.8037796122003 537.5822071302998
624.6924235200081 546.4973705304526
623.4708469972318 555.4359575545632
622.8791805925993 565.068603254766
624.3677557775393 576.7711032509508
624.2385567099757 587.1756332790441
622.5276631712275 596.240981975049
622.1355673317711 606.7193221422698
623.7334657303566 619.3525359018062
622.3406597365979 629.2194396540973
623.607329823532 641.9804500063569
624.0035868235713 654.0913725400434
624.231592562914 666.2611491347579
624.2903223313995 678.48772534465
624.1787748327657 690.7690330698587
624.5596914667192 703.850972717234
626.0687415482653 718.5032573733897
624.1130458868915 729.4401318503026
623.9403271070659 742.6967538703313
623.5787114202134 756.0089884806307
625.5444687035384 772.4830856882289
624.7739084306619 785.9221102273907
624.4264926651824 800.1978225775541
624.4798839108394 815.3243983781575
623.7097222562408 829.7169290565566
623.3238285934717 844.9659192580351
623.29936456371 861.0847241325764
622.4551795128313 876.455674576672
623.0987968151109 894.3421545513559
622.9054574682198 911.4849373721476
621.3393999068304 927.0347081546731
622.8383988476274 947.6435663902982
622.3903167597031 965.8319178841402
621.1300501417918 983.2428290157295
620.4062159855542 1002.5652732697686
619.2338172836321 1022.0442649574144
619.7894372111947 1045.0292118029192
618.4603579131891 1065.519021740058
618.7750742737896 1089.5533063863677
618.20561794132 1112.8121197874289
617.2523011187371 1136.1551816383287
617.3207683106774 1162.2267717671602
615.5699305242815 1185.7359152165086
615.6923470228859 1213.7726038337864
615.340541090862 1241.9146582958128
614.5125588463217 1270.1556262994493
615.3416461571201 1303.010229623945
613.0946264031812 1330.5412353909005
613.2524918131681 1364.5282632781705
612.8237851804862 1398.6336219028417
611.8063167094007 1432.8492701029222
610.9660237898878 1469.0137908727659
610.999286444652 1508.9943246957976
609.5997324927296 1547.2417930448985
609.6799739507242 1591.1965087202286
607.5895773956645 1631.5378958026558
606.8335967716125 1677.6200361909214
605.2627135713442 1723.8288916131594
604.8088660857479 1775.832828704344
602.4879291938786 1825.1280215852453
600.5094526102705 1878.3429924605657
599.3545415693351 1937.4101614010938
598.5721824500147 2001.4075902716634
596.6367093722885 2065.556737789937
596.2297563268705 2139.4744863331275
593.9638271945606 2211.629935586962
591.8925375128381 2289.73540480917
589.3665719861001 2371.8733195146306
586.7372459054538 2459.9960171242724
585.3964987365472 2560.9451261725603
582.6328789508555 2664.032268641924
579.8188030198022 2776.095487490422
577.0924398300136 2899.1206107871817
575.0754053261476 3038.050736605458
571.8207679804544 3182.0292282294085
544.1485209907637 3201.0797220787185
512.0523265519826 3194.217809554117
476.4097255523179 3162.315255220321
451.46888424351016 3201.3223590510097
420.75272384713736 3201.4696852188395
390.7996630017195 3207.2786943759256
358.76581242282407 3194.9197316734876
328.43089841982703 3196.1699180367655
297.82579450071705 3194.1452371690957
267.4549787647779 3193.8210398101414
236.7464942535367 3188.22209035987
206.5552708135479 3188.3161574880155
176.32807911272855 3187.1260421446177
146.09586259437947 3184.65068711355
115.88958383418303 3180.8895932362598
27.60851145669889 1022.6273857545306
17.037341287155055 969.8503642324753
7.8461752757775995 963.9680687312946
-1.2454487097922358 967.9991987897052
-10.315957221050502 962.9447445345
-19.271159975026464 956.8059481385015
-28.08200439113036 949.5848572030709
-36.953352522514656 947.2794992700659
-45.88053747336377 946.889104531864
-54.51459731572101 941.4229435697351
-62.84806223289942 932.8853740270397
-71.71503995478005 933.2486019514223
-80.33640228347863 930.5385873074513
-88.72226310734793 925.758262198675
-96.60606386133738 916.9248979197911
-105.01618767187546 913.9866521601207
-113.50303163756368 911.963848959531
-121.42966318719046 905.8978070942911
-128.3989349998348 893.824766657821
-136.21214557927485 888.620982982447
-145.064496334058 890.2585534008343
-153.44941302625293 888.8516623384908
-161.6412941158624 886.3820237553045
-170.7436030413326 888.747220541625
-176.60349328876725 875.3628996925814
-187.09881462055736 884.4263867431717
-196.0506629850331 885.5580938273496
-202.33642233273565 874.907979274157
-214.53559439784655 889.4939453061852
-223.85975873773367 891.3180175548364
-257.74844069741704 986.8970267044328
-279.57696475307245 1030.7573530077093
-290.0639621757728 1030.972307022304
-299.74001248730525 1028.2008193510205
-309.96734798528 1027.2532517266482
-320.50115905698215 1027.1587058693174
-332.59459852229503 1031.7154806601447
-343.2230124856603 1031.3907909712343
-354.19927054724945 1031.9030365028473
-363.88123543019356 1028.5287776731363
-374.55818701251883 1027.8823690198674
-385.95741566557 1028.9984807047842
-397.05057499304394 1029.0577441998546
-408.9162593672905 1030.8581341896968
-419.3408772347832 1028.8217672074995
-430.53553041746153 1028.5252340356824
-440.5771628078771 1025.352507000476
-450.5971521566409 1022.0818002823086
-462.6544470372534 1023.2692034047801
-476.4557416732712 1027.9488928086712
-487.8112821594342 1027.039022139845
