-425.4028129502398 903.8990246338489
-504.97415097899045 1047.649801624115
-519.2827419353861 1051.7958138004103
-532.8121530092636 1053.97922636342
-543.6715141010626 1050.671349545165
-556.8555989800059 1051.6709760588712
-565.344084416762 1043.7217379239416
-547.5653279674864 988.4696311004498
-538.1584539829353 950.1839182004171
-533.5895607509996 921.6871381643314
-534.6413598962968 903.691659963861
-535.9185784803308 886.6156310598305
-543.7510874738887 880.6587051014504
-548.3186076593108 869.557763748076
-553.2665254225608 859.2904932831777
-560.8160170718819 853.1860260199007
-564.3994908513193 841.2028380401314
-569.5018603528301 831.7040525659747
-573.902570610179 821.364620279586
-570.0322620194569 799.6169209421354
-566.3912428611503 778.8260139531816
-558.834432085445 753.3578681581139
-561.1047901525777 741.6612531795305
-566.8694765846408 734.7400877294333
-573.7901760641571 729.3482253712992
-580.6595930860152 723.8911775655117
-588.7432281657124 719.9176420181795
-595.522822822922 714.319653584457
-603.5443522227844 710.1818181986777
-614.8145275327945 709.7352300221729
-624.8060494727008 707.6393152887401
-634.8125962385299 705.4175838869465
-644.1567535557933 702.3325970282605
-654.1819384702723 699.8642663969042
-666.9766719613244 700.1650655805357
-678.4419009374121 698.850904737506
-689.2381534564988 696.6712049596107
-703.6034187535523 697.8704959505834
-717.3356431642507 698.1622841762013
-737.6442543500366 704.4721101820701
-754.4866639179899 707.040220899704
-782.3534620876892 719.6471776915453
-815.1299433000772 735.6406565270933
-843.0371343959074 746.4344512611519
-866.6909243788375 752.8285605629985
-886.7347385475375 755.5967862908301
-881.5881905032172 736.8875506922772
-874.6209018439586 717.0768982875271
-857.2274185641743 689.3193402638592
-855.8774758531096 674.9620332487673
-857.4971546439066 663.1399775142531
-854.985879253252 648.3271907590669
-852.2714918949594 633.6223671108369
-849.3558209597828 619.0280198841837
-846.2407241753903 604.5466373631659
-847.0239487828136 593.0484214534
-853.4376451794802 585.5503272909202
-847.3366089204449 569.6153712666126
-851.0330351259702 560.4496169365086
-868.9178449283586 560.4799539368531
-876.7333010422835 553.8119887141307
-895.5564760469374 553.884101785194
-916.1696005877377 554.6839306838671
-943.7596275814701 559.2197826859176
-1547.678091770121 897.3369067718082
-1543.0755407753325 875.2107605947924
-1552.1851450663212 861.0146778281099
-1558.5270987732808 845.2941987197948
-1562.060077346768 828.1257843826679
-91.4560525641887 47.37921959442085
-92.79374951294378 46.96083529207128
-93.23516873132522 46.07823034407154
-94.56884902056667 45.62601007019206
-91.3785693463902 43.02275054209063
-92.69142447662155 42.57111495479963
-95.82917196136152 42.9158455724666
-93.48258509143412 40.80448853524302
-97.54655991336607 41.480943203693975
-1872.7905859816233 775.4897942968744
-1835.5441307819885 739.7423497081899
-1826.6534085601008 716.0875121071206
-97.17344433709073 37.05835554455067
-96.58050311534974 35.793943873034124
-97.85426013361118 35.221353944781185
-97.23760677897546 33.96833566569526
-99.44747086796329 33.69273716939
-97.86020543126833 32.13067370831122
-2265.269365550931 720.1969879807065
-2085.56996606594 641.4997401743146
-2067.5562588861194 614.7032750366907
-2061.720193853751 591.8909040149643
-2068.1673536124736 572.7126656985841
-2071.5374564352164 552.692108307975
-2079.5570071906454 533.9022886673981
-2099.0567618522655 517.8848429161472
-2111.6262858296363 499.9344246932138
-2118.1918370044746 480.46575491663225
-2129.464140136358 461.9777872076996
-2135.6793830471292 442.30597195542606
-2145.637147209717 423.3322956186391
-2164.272238304532 405.86904107641715
-2187.690202544321 388.96732213848867
-2339.1813771021834 393.21048436980027
-2358.58408231346 373.6644573110663
-2362.9880307838266 351.5800995112984
-2366.1946647546324 329.3080753439114
-2369.191381525534 307.0068365771872
-2367.0135412047357 284.0825509485188
-2365.6084405613246 261.33638465590286
-2365.975087422421 238.84280541072803
-2369.1155879559665 216.63871053912726
-2371.0509688932407 194.31495802028545
-2372.7760018030945 171.97396683021657
-1233.5532154645805 77.73329156155809
-1224.2449648024156 65.57641463157678
-1203.8287214557017 53.11694078475252
-1220.2660002013217 42.33070697103993
-1230.6073857785427 31.087973033004705
-2377.7017539076933 37.66124618597074
-2376.951027910969 15.258142514307403
-2376.9893050436126 -7.130477423292543
-2378.820865675325 -29.19398958172837
-2380.443150436003 -51.49182014957826
-2379.8572171102746 -73.7606003781097
-2382.060525777117 -96.14391054270946
-2382.055529485408 -118.47554367038336
-2381.841093866204 -140.81549478038426
-2383.4123850977235 -163.29850753384335
-2384.771210667414 -185.82322990379348
-2384.9207203532796 -208.30064241282332
-2387.8442627498757 -231.08608104449158
-2389.5553714507623 -253.83878106154168
-2388.069287737198 -276.29889063539815
-2391.3332895948515 -299.3745113991287
-2391.400876582078 -322.1348281115647
-2393.231154657765 -345.2081116883858
-2394.83858772233 -368.34377795222025
-2397.2090812371603 -391.70093289918464
-2398.3662737916256 -414.96411500137356
-2400.281300197758 -438.46286036671364
-2402.948044296672 -462.2225615553619
-2403.419333519527 -485.67428104085656
-2405.6182941059124 -509.58966145611726
-2406.6032287860835 -533.372195747395
-2407.353212116182 -557.217652371046
-2407.867154014768 -581.1237119726076
-2410.083692463136 -605.5754249664182
-2412.052788562747 -630.1193102791532
-2412.807790147306 -654.491075420035
-2414.2799310685464 -679.2027785865242
-2414.5401465944883 -703.7193193905272
-2410.7227755257804 -727.1448958503919
-2416.224696606934 -753.537799653562
-2415.731745450355 -778.2571130567202
-2212.8684029752553 -735.8243208223977
-2264.5343912446624 -776.6080033518629
-2130.828315442292 -753.1073562974697
-2096.438229683423 -763.0909179919756
-2076.0969029351354 -777.7600205867741
-1969.8186093056722 -759.0359981141
-1722.764191243124 -682.4166918902444
-1614.474038413618 -656.9037823672683
-1592.58563709572 -665.3923568214622
-1722.3264130570274 -738.5578696934409
-1794.0767299763327 -789.232973815355
-1783.896542929539 -804.7124480981009
-1784.4759553572167 -825.1070020015277
-1793.8664573785281 -849.8635967566851
-1787.6542908316678 -867.4451777900013
-1768.7321960468955 -878.7556080430588
-1727.4714506213327 -878.4568215275176
-1727.1797951269725 -898.698478526112
-1720.4808184806748 -915.721984687529
-2181.762225734108 -1187.505616980295
-2203.7873279064347 -1226.2974408189134
-2159.2125619167264 -1228.0297685565313
-2126.904709307842 -1236.0729580102152
-2092.9169232935515 -1242.599996857981
-2042.748349517888 -1238.7494421964211
-1819.399330404939 -1126.6703495353283
-1714.1364372854507 -1083.752865911017
-1773.6824682112 -1144.7145941064198
-1981.7185352581573 -1305.3431146691903
-1974.426635311821 -1327.132420586296
-1947.1074848198552 -1335.325219771759
-1913.2536803953865 -1338.538514370621
-1881.1394023246155 -1342.3991764828331
-1853.9726879893183 -1349.3088127592073
-1839.6902869329317 -1365.364657578563
-1884.2781118701616 -1425.926013903603
-1867.7182286835377 -1441.009929959967
-1836.8931221492446 -1444.7811799026176
-1797.579675411518 -1441.2228524927787
-1764.6895850433634 -1442.1205457379356
-1731.9410656549032 -1442.5311591429
-1706.9641108231876 -1448.928750615987
-1647.229660734036 -1424.892432711337
-1678.8665473155581 -1479.8821291929764
-1685.809742709228 -1514.1999575309221
-1361.0347184188709 -1245.636180936659
-1689.4270507402841 -1575.4162117443711
-1293.397901943293 -1228.7301848854727
-1245.7506622143164 -1206.1763086682608
-1266.2715110743545 -1249.5589062711172
-1240.9523659952781 -1248.0533743917852
-1206.0007038994938 -1236.1599015475
-1702.4553991060318 -1778.507692998465
-1703.974763789702 -1814.2742362630381
-769.8100915458186 -835.3971647990065
-760.5014488766582 -841.1857977025669
-742.5260983300518 -837.1475337709298
-735.8561939378795 -845.6693572805259
-740.7775197770743 -867.8304363139878
-1708.9607979067532 -2041.0039174920546
-1638.0944115386924 -1994.5444840578778
-1542.5494723435536 -1914.9992494444023
-1524.9155925640048 -1930.345159694289
-1500.3928511274153 -1936.8327992590755
-1477.0946961446516 -1944.622137748447
-1453.7843377287031 -1952.1442311916187
-1433.4129410523844 -1963.4378880992272
-1404.2291603032497 -1962.3224672193992
-1363.7128604472275 -1944.4567967046323
-857.5215931450333 -1247.7390421438306
-850.1031499527603 -1262.4613397805078
-830.918551259996 -1259.6250875446985
-823.8043089626898 -1275.0178275359544
-1281.6528578834364 -2025.5801519266572
-1259.2009636159687 -2032.5584698179325
-1243.4734921151944 -2050.409148049931
-1246.9155567688417 -2100.8214094224786
-1237.4571232215644 -2130.726605688353
-1249.7713677191289 -2199.766244042639
-1241.9407087825018 -2235.1358517702715
-1156.6916671389795 -2129.0827572387243
-1112.0336706846904 -2094.044439658226
-698.7407957372695 -1346.4955627006157
-680.0453516678269 -1341.4746809668015
-659.7341249251817 -1332.6364411981253
-620.9418173848417 -1284.8191543648506
-604.0213357004653 -1280.7084859633849
-590.4480763574262 -1282.6203916692634
-576.9865793509701 -1285.4444706983131
-563.124118114375 -1287.2125805778576
-548.8883429636924 -1287.913656639517
-535.0736936365998 -1289.3844044264247
-521.2809021164259 -1290.7091930751424
-508.97406126380685 -1295.6115949468137
-496.62112324842536 -1300.3966548493856
-483.52748386251585 -1303.18884753883
-470.08681774210527 -1304.9089561287794
-457.9771156211623 -1310.2675152682832
-444.20318738325494 -1310.778214771117
-430.77306190606527 -1312.0958688815667
-417.3581728042224 -1313.2768769735956
-403.9599020932179 -1314.3216491790881
-391.43366243654697 -1318.1064782146818
-378.59642785660844 -1320.8106392720404
-365.7432007645089 -1323.3899316129514
-352.6179966794657 -1324.877937176765
-339.74563193939844 -1327.2049222249361
-327.0996945134596 -1330.3780627510366
-314.4241320653349 -1333.43071255126
-301.7200926053219 -1336.3625951508204
-288.98872672285466 -1339.17344501267
-276.2311874822811 -1341.8630075615501
-263.6409285887451 -1345.4123757320149
-250.82516345240353 -1347.8604294878144
-237.98668138554396 -1350.1864091610075
-224.96243899405218 -1351.4036780480685
-212.24621947534237 -1354.4713146901358
-199.4919732272297 -1357.419225080412
-186.7008281963349 -1360.2469631470613
-173.87391737665857 -1362.9540934514614
-161.48077835643304 -1369.5126718002284
-148.6555721143657 -1372.9757903471389
-135.97541126303676 -1378.3089956652855
-123.11846777582437 -1382.5287855565732
-110.11427983443585 -1385.6315691324817
-96.9924434160067 -1387.6143073347841
-83.96329936960157 -1391.4690669788426
-71.31295926473284 -1397.1812559009322
-58.132293799573006 -1402.7960067014733
-44.91424279172669 -1410.2849750296732
-31.42449191086658 -1411.6502758502702
-17.304203304541844 -1364.8903122771424
-3.658353901085035 -1180.9943337911213
7.486717804564855 -1154.9757352674187
18.181157757177207 -1131.853985946336
28.612796071640624 -1115.6331421667978
38.735362612381344 -1099.3177755695972
48.54801777752983 -1082.9123186896863
58.37610199531328 -1072.412341739796
68.0075205221094 -1061.8243626666488
77.80886755015028 -1056.1376710119582
87.17544016915842 -1046.3749053906604
96.6398762249417 -1039.5175488288921
105.7767798466866 -1030.5858881457991
114.97475586460871 -1023.5627999853617
124.65364684747418 -1021.4217876703166
134.302080224907 -1019.1893598577561
143.9191936611762 -1016.8659034975639
153.5041294379832 -1014.451813663659
163.0560345308876 -1011.9474935010521
172.91111939742862 -1011.324747442051
184.37089893710663 -1019.4622953425611
196.5644400426935 -1030.4190511198356
207.0167598499993 -1031.4301048259197
219.56810763196245 -1042.1203606642175
229.11005050206072 -1038.0161775034835
231.84726684825256 -1004.5933728902431
232.56061582213187 -965.3831156429196
241.06740736837742 -960.2012836404089
253.03528358313446 -968.4906531619201
263.34956934939834 -969.8824693350666
273.171101766422 -969.2401916757884
283.84588700071293 -971.3781510991373
295.74522338979756 -977.2286133971512
307.78245923871214 -982.9394476695757
321.4957343656889 -993.2655701194251
332.8983309232224 -995.8306589317949
344.72390010701736 -1000.264681319403
364.3720820622258 -1025.171686018317
393.81664728658427 -1075.1434547631093
404.1354612447173 -1071.307392378359
419.8459588306452 -1081.3553397720734
440.97887650221895 -1104.2004485050893
451.19508655024777 -1098.9845284956991
460.96312867854624 -1092.752942800378
473.83321281625206 -1093.7760677726626
492.047457342918 -1106.5307495602503
501.41826156349936 -1099.0194388502134
514.9283240822105 -1100.4879922370285
515.5377596165064 -1074.7487233812344
524.5237115424104 -1067.0500813128567
549.1508293267913 -1090.5385672454217
571.5268381241034 -1108.3167748003568
598.9628239226871 -1134.6067757415165
616.9737658472254 -1141.9927198788498
617.7659576762453 -1117.6288388979374
618.6397831198858 -1094.2274986223754
619.1216392357023 -1070.9142803371785
620.2309228472952 -1049.4163150742381
622.0190124069474 -1029.7093513240936
622.4357304198686 -1008.3643991616743
624.6340562287672 -990.491441557774
624.3808219393219 -969.3077886793116
625.4276432679984 -950.7282803389396
626.733270241875 -933.049520642889
627.7574878903496 -915.4346161237282
627.9282046653549 -897.0680965153896
628.3858765585169 -879.5977433701069
629.155505349569 -863.0106315036497
629.0681371526616 -845.6886417702914
630.5201921705719 -830.8389057243197
631.7454670446259 -816.0402348343907
632.1253549611272 -800.5107966887574
632.265712926363 -785.0503603322005
631.533204499985 -768.8893363898216
632.4754658951211 -755.1157428108286
633.2118471219293 -741.39581646003
633.4940919531963 -727.9493357785248
633.7068938579696 -714.4512388378118
635.0630070119857 -702.498382293436
633.5399902815076 -687.6424075884988
632.4781932987825 -673.6077011150539
632.5911557710064 -661.1001661172854
632.5248069298176 -648.6511917960199
635.0998016987335 -639.1003378830505
633.9933476203304 -626.0458730581705
634.8520377505591 -615.1576140827348
634.8373387105886 -603.6203719051051
636.124188965856 -593.5031728748651
635.8017583124426 -582.0653950603887
638.2962646171945 -573.3601647967325
641.4335198530305 -565.3211826996686
639.9374912542455 -553.349805536446
640.5608500062032 -543.3983782082263
642.5910089723226 -534.7642426227959
643.7408209606707 -525.5080926388116
643.2122496637949 -515.0281563977255
644.1165470653665 -505.84075932707276
645.6972822579926 -497.29269015806193
646.376284930893 -488.15745234395126
646.1370181676883 -478.4589363293033
644.9633886568265 -468.22134433652576
646.9135142697834 -460.3682276777132
645.4922698044321 -450.23186206966994
645.5888814317578 -441.2924157196584
645.5745698146887 -432.39157578354786
645.4500753464306 -423.53063671390646
646.8985940214814 -415.7922667066219
649.9513165787591 -409.12991344747417
650.3821142591619 -400.8729293077578
649.8590119860467 -392.1278675897943
646.6459694333885 -381.90311626845
647.6274160973798 -374.27627485459374
649.3932058365316 -367.15727449330495
650.2073335973168 -359.5544789545357
647.4174331217339 -350.06666120906914
646.2750450634406 -341.5985452665858
644.9725822215606 -333.2962168738976
647.1882500982153 -326.760415189493
648.4412281386356 -319.7701888076154
648.7191156133986 -312.3515792144646
650.7251229315694 -305.8068252765032
652.6654807109834 -299.25201801876125
653.6272904853605 -292.279600952181
652.6824540488777 -284.5164567766418
652.5701222737207 -277.1880868934689
652.3779060427402 -269.8871388326789
653.0339175446571 -262.98802736299234
654.5490973170508 -256.4653567276366
656.9338998825382 -250.29353005045775
658.3227273277579 -243.75230600702545
658.7056941388256 -236.86875798443293
659.0175713698343 -229.99965353409848
659.2586653813931 -223.14571947394438
659.4292899032264 -216.30767812938734
657.623610583701 -208.88079567747923
659.5604218965912 -202.682139981772
656.6457722517936 -195.04186674620814
655.5686449775754 -188.02593364285053
655.3816729296085 -181.3142652633477
657.059133620769 -175.13793114435373
657.7097450700637 -168.69763258526095
657.3264774787467 -162.02130108532847
658.8222710358024 -155.8275174262484
660.2597038570592 -149.6199300313583
660.6613389368052 -143.18727329699314
660.0212033056646 -136.55772108138953
659.3149731353054 -129.95293840306783
660.5088584750205 -123.74185983742674
659.6750544083473 -117.17005842511178
660.7486142374327 -110.9561570320116
661.7636426886329 -104.73242676206544
662.7200498472477 -98.49941893463986
661.6368024810288 -91.98228961425237
662.473213863679 -85.75104030347508
663.2509410974958 -79.51219487151722
661.981981410624 -73.04694577916445
662.6308120259946 -66.90595604108081
659.2473745791616 -60.30670866895772
659.7853901165635 -54.103964630461014
659.2676671887466 -47.82408388571613
660.6863010417887 -41.68466883302463
661.0491167423706 -35.46921558382302
662.3524847785833 -29.294810250906828
661.5993081637041 -23.029447177646713
661.7866352190047 -16.806232341250286
663.9151705089203 -10.613499333932042
664.9856042298879 -4.3756333268241745
664.9973464965037 1.8786038989073433
666.9501189465083 8.157134131449395
666.8439064023959 14.429292913815733
668.6777468909303 20.762244889920925
667.4537274130943 27.009660537793184
667.1701887218417 33.28572187683851
667.8258825568834 39.61805885098077
670.4166797931031 46.10287903365592
669.9534425316518 52.40596187447273
671.4233006539578 58.87912481469973
671.8351724519114 65.28783237717857
671.1914421793089 71.60340735788627
672.4749759089406 78.14350117744796
670.7181260189658 84.33976185410266
671.8772045886626 90.91216615021592
670.0028167934402 97.08360051448366
671.0366793095588 103.6859441833863
670.0318585341017 109.99231131918974
668.9677721984857 116.28894943112593
668.8280851365563 122.75582484170495
669.6076728592728 129.42010836028962
671.3008950348282 136.30887104454595
674.8796835943726 143.65727503875127
677.4031119645082 150.8675707393738
678.87626933253 157.91140217585996
679.3047707212861 164.76051855739274
677.7251913096552 171.1419441992268
678.9873210665509 178.27006992445112
678.2454886516556 184.91094376395628
676.5018529915773 191.19163919733072
676.565520099309 198.2021619779955
675.5998770269395 204.9409821416504
677.4295224491287 212.57761433026124
677.2721412261938 219.6507380340133
677.0412812050229 226.74016746986203
677.681780201463 234.17174206760308
679.1838400222346 241.97171622454474
678.7208862156749 249.13241181068514
679.1183687733284 256.65977712655626
682.2297603150085 265.3046440236696
684.3089813087599 273.66077194250425
682.5907407899829 280.5599411672708
681.7243069836616 287.8401800785401
680.7809163640386 295.12936809904215
678.8466635057613 302.0202103288714
677.7525418205778 309.3161684357057
678.392285636571 317.4663868644822
679.8395063219673 326.0893215729453
680.2860388148893 334.32754208043787
681.5301418121782 343.05344452646483
683.5581346279424 352.29146538621643
682.8179457841846 360.19946268014644
686.3887588860152 370.5002991563106
685.4474424235274 378.4848790573346
687.028273217221 387.96024512849715
688.4901960086288 397.49999999999994
689.8321282676933 407.1027325008576
692.765650462031 417.7998965293302
693.8544823807912 427.5405913829522
692.2810904742618 435.7417718922148
693.1376839023432 445.57395699759593
695.5411706114116 456.55939370963233
694.4746452933413 465.4040900601194
693.3023437912856 474.2698178184123
694.4835695472976 484.8727375599125
697.9683281938028 497.28182435953556
695.6167368296665 505.6850358102823
693.9713071992772 514.6841990814625
694.6096252896464 525.5078195945109
694.4584371932507 535.5898421470555
695.0765296999765 546.191008586042
696.3396521736814 557.4720520444378
696.6798630426842 568.1884972707796
696.8825243411121 578.9566022319457
697.7100893098916 590.4207239546924
697.6290625354383 601.2941801696784
698.9107950291573 613.5337811332896
701.5183524658006 627.1786038710734
704.67465543453 641.5938200982195
706.8931700223001 655.4372938548917
708.1907890555555 668.6866278735278
709.3056323770348 682.0128443645433
710.9509409039757 696.1133238401285
712.3981853775236 710.2991098620437
715.7511099002912 726.705131863331
716.7785649020338 741.0732007683052
718.9810080914579 756.9691605368022
720.2712699360225 772.2339656507926
722.0185328014832 788.3211517466683
722.8638231395539 803.7592258855059
724.8116767732472 820.7758727040859
727.1646747497563 838.6486366745498
727.3076266319013 854.3463093167027
730.4314791959052 873.9512882304607
732.6243490587555 892.9090452930997
733.9053318923075 911.1986412523024
734.2938771055608 928.7994950716131
735.0358638289042 947.271491646031
736.1082904532121 966.6279453471483
737.4878943491043 986.8817587170838
739.74247897849 1008.8518547312872
741.6582984158433 1030.9427570873738
745.5397458064665 1056.4182350862889
746.1732056750099 1077.936244465636
747.6002103616978 1101.2061230610484
749.773901726065 1126.2540105546675
752.1003396034289 1152.267798373454
752.398664604833 1175.8878558352678
755.517373298955 1204.689793533359
757.9242360384998 1233.7969251159027
760.7180932914857 1264.8652033078333
764.0079520168416 1297.8165699570304
765.7455862275056 1329.2064163150485
767.450143789782 1361.612748470373
771.0256058199236 1398.5451423425773
773.9728161718567 1435.6625926125557
776.7548745257502 1473.841193921681
779.8016236430261 1513.9743814753604
783.5092448650262 1556.972145932944
786.9165782144064 1601.0678620631074
791.725377781545 1649.8699725059153
796.5323522551665 1700.7116780368303
800.4512453740289 1751.7858898219172
803.4781452232525 1803.0803837179867
808.3982454480574 1861.003298427088
813.8570851213223 1922.8574167103043
819.3652465188159 1987.7476179830176
824.4675253593708 2054.7625896019704
830.9251520539185 2128.5648666846337
837.4846978617485 2206.4041744085366
845.7657852959096 2292.9928557286858
851.1408074267589 2376.1597854380343
858.964121837331 2470.9586474476305
866.3547336025764 2569.8975612978056
875.0628743431754 2678.691651897668
883.3062283410243 2792.635154647659
895.6252348003488 2927.042268022247
909.7446096786948 3076.301146695583
892.8528580118777 3127.0301843666334
860.7493430668763 3125.6478637891923
822.5969464267471 3100.741566743251
798.3451485699202 3127.7194605262907
769.132520982281 3136.0606124830306
738.0011888397538 3136.3415383645815
708.4719460011066 3143.14357001544
676.1409187940683 3136.9594287992177
645.3996098197393 3137.30271788435
615.2885896364845 3140.2897878162685
586.0937212323616 3147.9037707547545
555.8378878069474 3147.2941143906955
525.2698124841041 3146.4569954304025
495.0773485210599 3147.299543891772
155.02051530709755 1049.6140432720601
134.0752392230464 970.785161725952
122.14781693881221 950.1809884527696
113.69220754180863 955.2581232024517
105.9139426837133 967.2182983924524
95.33362485877444 953.2447219739989
84.484237487975 933.1834833600922
75.95960053932693 936.9258983964024
66.87199321751392 933.6081279225866
58.970763697805275 948.1679434725145
49.273625513964625 933.7007603235148
40.07006932140999 924.1316949139756
31.288164728584494 921.4689635293839
22.608909626532366 920.7224539487995
13.885799919057126 915.8947453504732
5.278437946769608 914.9847747874508
-3.3468293425554556 923.9939386886431
-11.81551758705098 907.9231209437008
-20.29631336398068 905.772631328542
-28.29271158132004 889.5501798501174
-36.974442177102375 897.2384803527389
-45.65137166964236 901.8453039544422
-53.878677004391 897.3840249103259
-62.37275480899527 897.8360871882667
-70.8014002353218 897.2107677266907
-79.39985464991774 898.4985604226487
-87.83397042594596 897.7133137250522
-96.2603402121565 896.8488985900802
-105.02637462347775 898.8851209322852
-113.83911093248744 900.8355326151942
-132.39500224197283 974.0434093926964
-152.6229704526345 1048.9548269063898
-163.0798437479702 1051.428059623262
-173.5965738918329 1053.7970532949016
-183.82851731374237 1054.0906394718772
-193.53811592026335 1051.3343890913275
-203.97326966429438 1052.4157473462933
-214.12116156406967 1052.439132762771
-225.12816035767275 1055.2527239547737
-236.20762035915484 1057.9517758784025
-247.13121238630606 1059.56130727036
-257.8700795555431 1060.0867993093857
-268.8865948293155 1061.473032686698
-279.442985481562 1060.8113017238982
-290.0109360555729 1060.04464857296
-301.68146394366266 1063.0208343738182
-313.15217746979647 1064.9111295060848
-324.10328759295373 1064.765729619168
-335.07968618581265 1064.508151169176
-346.08022816610804 1064.1379025636172
-358.37685860140806 1067.4464985276716
-370.7670762308711 1070.6170067690928
-381.5684442967735 1068.938970342526
-392.02615166490517 1066.2136260669363
-403.5283583982666 1066.191757597291
-409.26012136240007 1051.137551922884
-374.6067553002304 935.8064858096643
-441.6615137069536 1073.7113705787428
-454.1516245055024 1075.0047915981645
-467.50145031246933 1077.9922977256088
-479.32219817995775 1077.168153229538
-492.8299220579632 1079.8553921356054
