-394.6993086778454 817.726394174256
-404.03633250690564 817.6176624892402
-413.97659238731416 818.2373622338371
-423.9641697538128 818.7419512672843
-433.0614253093185 817.3633230755229
-443.5996278573298 818.5232862691437
-455.16731916941256 821.3061010123631
-466.8264417962779 823.9430036354617
-478.0741415767541 825.5671475753197
-489.9027940341519 827.9125874133882
-503.36969319485974 832.6751779493087
-517.4946399902581 838.1075692185062
-533.8994812684533 846.7303844207295
-553.7597654558967 860.1622650187755
-580.5098433497136 883.3217543874322
-603.8442955654979 900.2377834289159
-617.9451316046905 902.7623243833683
-640.7355410323642 917.3979324469635
-662.6946142672783 930.0536802900912
-657.3146642242106 904.3569163752845
-656.8704706416296 886.0757218201185
-648.9041613512567 858.3119417676897
-651.4646006436627 845.0342443405433
-653.8329760021285 831.7850921314953
-653.5085899450446 815.4455977366237
-653.5678233484285 799.9613117417599
-654.0339756463804 785.3174891088252
-653.6357162671294 769.9742530889956
-659.5502975827588 762.2712148300592
-666.0392855581823 755.2752280415042
-660.4230581364795 734.8369780309508
-666.6396001280021 727.8465796726514
-685.06515429847 733.9630333783939
-696.7721290024695 732.5500667158294
-715.4726855646459 738.1617954154179
-735.7451526565687 744.9080952321316
-765.4290286033511 760.4994425844968
-1265.1622423129077 1233.553201376323
-1272.3894424372384 1217.4342309850886
-1276.5095547709675 1198.5509403352144
-1281.8583438802268 1181.05384560766
-1296.4623062410926 1172.4715299298432
-1309.041428050129 1161.4260801482283
-1325.299049162362 1153.5299867317447
-1336.961327670957 1141.5333583878798
-1355.4149524368765 1135.1979152159058
-1379.2771389483532 1133.0576216479217
-1409.449470919277 1135.584514215199
-1427.2385718546552 1127.7194061513194
-1697.959727489577 1315.6126952198056
-1711.977434372248 1300.6280268394253
-1694.5862724644019 1262.1990196380298
-1612.8199393094937 1177.6335777166519
-1588.15748134634 1136.6463013812386
-1589.0627598235756 1114.6122847617828
-1445.4756522326932 993.5371854150553
-1448.2160609487166 975.2877733316374
-95.15790965901452 62.77716327874994
-82.31154439975714 53.18655524215504
-95.48873853585098 60.42268458809066
-92.65829942974787 57.40591909191234
-92.34458292280955 56.004267737489
-1847.9928249985815 1096.8698732091068
-1840.1729776399407 1068.712970054988
-1839.811803981549 1045.250460861012
-1849.6614054525267 1027.7201395221289
-1857.5865633516162 1009.1422891027466
-93.61957296456289 49.712931496069366
-95.86299215226512 49.74220276198832
-99.89917529537647 50.637483895861614
-97.68721707043957 48.355016503283515
-100.84347262848614 48.72980636353655
-1950.9676496685688 919.9859944296437
-1964.164356006666 903.4945393265637
-1984.522798436268 890.1091295378803
-2013.9658650218705 880.4234745431936
-2173.1273730683583 925.5060347836836
-2191.061221916872 908.644441909014
-2193.105620181079 885.1625493264874
-2198.62551072506 863.1858800912865
-2204.8602857234737 841.5409202406039
-2208.818101110902 819.6698092554282
-2213.618108121794 797.8119273333091
-2219.1464885170585 776.2666181811558
-2224.4655573396553 754.6880045486186
-2231.47511445112 733.7028101250264
-2242.098177636454 713.8660671577637
-1151.5982000637068 354.7486231263355
-1148.1795165608783 341.8885750504508
-1133.0886321245346 325.80845868416526
-1141.8887998341984 316.7253839104376
-1163.1770951248313 310.8617785720187
-1175.7382626561018 302.38309762023965
-2280.3762774681304 563.6355499439263
-2285.583876346374 542.132220205996
-2292.5389765193895 521.024031249452
-2300.276221001589 500.04530504210203
-2307.821400856729 478.9669944241307
-2314.1923204033287 457.5968795635051
-2319.3824551445136 435.964478791344
-2326.3392765399235 414.6258197793596
-2330.141348982514 392.69618506162084
-2333.736702698767 370.73171226195996
-2342.070268448747 349.47225590655376
-2348.2291653121615 327.8121217669493
-2354.187552161731 306.0669358927168
-2358.951548159469 284.1189776062907
-2364.5046816356053 262.2186311521472
-2371.8440788608436 240.44056557235945
-2378.98255708198 218.54746189256852
-2384.9219756681646 196.45907964525057
-2391.6533550672125 174.35087953820758
-2396.183418923464 152.00665405257115
-2404.498666752885 129.80817225273975
-2411.6086981657213 107.42200394441328
-2418.5098130419365 84.91339246466237
-2425.2003354222643 62.28429230341689
-2430.678739829791 39.520421802638516
-2437.942990754172 16.67254727397043
-2444.991861077139 -6.3086659878512545
-2451.8234834626137 -29.421181846639307
-2459.443490312509 -52.323206700505075
-2466.842040752853 -75.59329318332561
-2473.0205481594676 -98.966501307496
-2478.977018149681 -122.46200833611456
-2485.707978785249 -146.13638904582209
-2488.221507041902 -169.67537209072643
-2501.4788364136025 -194.12529710176798
-2495.5666925315372 -217.19089098579707
-2336.1539418980838 -225.37470965937004
-2447.307107727977 -259.24683308407924
-2237.1506665417082 -258.18771309260694
-2203.8742755674407 -275.2801799841161
-2188.316166166294 -294.1706254799279
-2110.2416061415893 -303.8163321958941
-1788.0459165856953 -274.54107193864604
-1705.4539098478515 -278.2282541092409
-1675.1829050280626 -289.41706014286854
-1864.233801116884 -340.084305391022
-1890.4291707653351 -363.1839070216181
-1892.827270557114 -382.05487018922565
-1896.0155432606143 -401.20949604185273
-1913.6557913059185 -423.6997904192534
-1901.81057784571 -439.7960049774976
-1887.8881230984102 -455.2388764856992
-1863.1751794601614 -467.7811995405495
-1863.5516383799004 -486.4681809651986
-1862.7759126019782 -504.941481193481
-2521.2510264119855 -708.8400819765405
-2430.9750049861414 -708.0851115032926
-2384.9837200444513 -718.9809838395807
-2350.461304934293 -732.6497485201104
-2310.183231654756 -743.8967913502427
-2200.6297111067934 -731.4300202986147
-1924.0859375128678 -659.5826749280403
-1893.3110579666327 -668.9074956832749
-1892.6035467273184 -688.6565289860938
-2202.60340947239 -824.8892171562208
-2196.649881635862 -846.1945978964613
-2170.965579053607 -859.7287098640104
-2137.811864979134 -869.8416119929175
-2109.354858089855 -881.1458918094828
-2089.114473138334 -895.6169483233003
-2078.857798999729 -914.2161951847071
-2145.0110194306117 -967.2314751502079
-2123.2078184677216 -981.2795522161553
-2090.4844571518233 -989.8705644712584
-2058.6869082544663 -998.3747862309357
-2026.9140900312852 -1006.3738230064647
-1984.4746660630783 -1008.4325955431199
-1580.180126511498 -821.5788262717747
-1564.519141926036 -832.0239507051585
-1531.2312319449964 -832.6943702921309
-1496.3205304666653 -831.8466626151467
-1489.3832785454508 -846.230730704814
-1470.2002890406904 -853.5286228971295
-1461.3328042850342 -866.6645459002219
-1448.926918675777 -877.6370459003643
-1430.4904549221253 -884.7717549609565
-1441.6413889392734 -910.3269224280047
-1423.860789752245 -917.7453085721079
-1416.0932210530525 -931.5068380251381
-1432.271528563477 -961.3653147822845
-2059.3984873832137 -1410.2814861451352
-915.7001136713287 -639.6735900616155
-909.7070830463953 -648.1682058348888
-892.3094759535308 -648.3770501209425
-883.8260216297674 -654.8675923345863
-897.6405298990469 -678.1345582423584
-2107.4064678370896 -1623.0951849224375
-1893.9999326637617 -1487.0199242342605
-1880.8591363155463 -1505.2075967581138
-1865.9939605522352 -1522.0152887479753
-1848.6719224828669 -1536.7589671199255
-1831.2373478106492 -1551.3122754569497
-1819.7480113471413 -1570.9020259704694
-1800.5438719887284 -1583.8073636158651
-1765.6194019489164 -1582.4756325016667
-1737.5232857206913 -1586.7015571865975
-1746.1086498335198 -1624.6013612503725
-1090.8018025305312 -1034.0021410017216
-1079.7290403083152 -1042.682214058955
-1082.5709313943119 -1065.5520533976987
-1674.557624086066 -1679.9526075503527
-1681.543702967957 -1719.4289095536376
-1687.9273258601293 -1759.1888308577545
-1685.4785515511383 -1790.4868199071104
-1740.9329262078502 -1885.0752097583195
-1697.3735661126095 -1873.4211958505655
-1583.777179068315 -1781.8826692749471
-1548.9788414738957 -1776.5453972995422
-973.0035567283685 -1137.6612319113035
-963.4021186493127 -1148.4151504495296
-942.2473801234033 -1145.189449239986
-907.4270632556118 -1124.544852316392
-876.8112054699047 -1108.0483337663627
-860.6937056568969 -1109.2440421487956
-847.6609209938086 -1114.213158699864
-834.6118198535322 -1119.0349012255047
-822.7284098656243 -1125.323937184303
-812.5484581615649 -1133.926806782194
-801.1298073691867 -1140.8010482746806
-789.6539849083326 -1147.5607104281632
-777.5631410940397 -1153.3761578999154
-765.9843451818075 -1159.8999883336483
-754.8949667451116 -1167.1476295580164
-742.13182949433 -1171.7548155016896
-729.8765768943971 -1177.0748415036817
-717.5874251918806 -1182.2678576390747
-705.2656806737136 -1187.3337018984357
-692.9126496271447 -1192.272225620764
-681.0238499965351 -1197.9526350135454
-669.0897602163546 -1203.5148078746772
-656.6340013495769 -1208.0797938346805
-644.6212482990428 -1213.399953124024
-632.1060555748662 -1217.713404092106
-620.9239976019151 -1224.5743706292635
-608.7811011935695 -1229.5403900765298
-597.0351449461704 -1235.2866208694666
-586.0880690964651 -1242.7295664233538
-573.79952559479 -1247.3504336902256
-562.2095162695709 -1252.6170443579056
-550.1929634181091 -1257.9414545221089
-538.1259927325652 -1263.1505911591028
-525.6266002226533 -1267.3202740974261
-513.8452254845807 -1273.221145067384
-501.63365393004574 -1278.081639506957
-489.01968601077886 -1281.8906921785176
-477.42119811513214 -1288.388528197264
-466.08153243549873 -1295.7225803089862
-454.3156582061798 -1302.0131653361595
-442.79239902956294 -1309.1443355725312
-431.7967903095351 -1318.0745547496103
-419.4618205561023 -1323.1008204576704
-407.65629686629046 -1329.923811210726
-395.75850325166203 -1336.6417646864115
-384.5935003009074 -1346.1381205234088
-373.5482955339349 -1356.5067898479874
-361.314647123423 -1362.9202932578546
-348.25141081087656 -1366.3165646614382
-335.63166086250664 -1371.5303088983032
-301.93204918301467 -1287.0590653408822
-258.9292797438474 -1153.2907821062875
-242.84438826585705 -1132.2502387227753
-228.1882147227034 -1115.9082124716465
-214.05846771137334 -1100.3726516053819
-200.61047315713415 -1086.6372154770288
-187.6174539730982 -1073.7316661832472
-175.70357628317072 -1065.6116803420014
-163.9624989503647 -1057.3628984118707
-152.970665078389 -1052.9463308381276
-141.54133247815201 -1044.4529913788888
-130.7879378229901 -1039.8069606037504
-120.36711963273491 -1037.0379725503396
-109.799781190414 -1032.1763454228824
-99.72163331489264 -1031.1894083285622
-89.84590755608141 -1032.0967555880718
-79.80758192407548 -1030.9154911375772
-69.7324833683761 -1028.639091597864
-59.76638080107933 -1027.2628581458303
-49.93007299223564 -1027.7879099361842
-40.71242894215457 -1036.2005105816297
-31.481688297839735 -1058.5319566748647
-21.667069611977283 -1072.7812163225221
-11.370353135811138 -1066.9394149011307
-1.2027106118438602 -1074.9993272031309
8.898752549955072 -1056.9625405864933
17.937832097981005 -998.8389430632071
27.381101512953535 -995.6235610309437
37.171938216682356 -1003.3116400247808
46.925677926479835 -1006.9071361109426
56.69528878477546 -1009.4090569385688
66.5824763977593 -1012.8137903073505
76.84019423318466 -1020.110084525296
87.58157256274957 -1031.2877717433848
98.63718534793254 -1043.3478354157053
109.20542964458045 -1048.327322040279
120.78231170762135 -1061.148261638572
134.942250495741 -1092.6992216667606
151.16691017144194 -1134.9773413021157
162.83386079113407 -1139.4235971665032
175.80655443668664 -1151.6583935425906
190.3098782764235 -1171.6446347892406
202.83382113292345 -1177.6601551401054
213.87755791378103 -1174.6882097905118
227.1450977032018 -1183.3976950245437
242.18092256846145 -1199.801817278124
253.6131756394467 -1197.4374126199978
261.7745348874117 -1180.3199112463024
272.34261630789183 -1174.8470110369997
284.9461120495445 -1178.0278915322203
304.2327488539653 -1207.2561594478448
325.1165142491675 -1240.0900177658357
344.55089357708624 -1264.913309968407
353.8794426909468 -1251.9466202840858
358.7746689268952 -1224.523065089587
366.3730407900014 -1207.6484567051323
372.1854064279711 -1185.9709200659372
378.85215937504654 -1168.0989004946732
383.94199738061326 -1146.4159553353159
389.9596374180166 -1128.5244707957418
395.37624136361393 -1110.728872301959
400.8865368941366 -1092.7881700206249
406.0884817997543 -1074.845637731098
411.3449827391592 -1057.837560864295
415.9407016434016 -1039.9006359823013
420.99025731726607 -1023.8243029172252
425.7692505860111 -1007.7482549007101
430.2781657984436 -991.6762072557389
434.5175337220365 -975.6118659016602
438.9035597767692 -960.4684613329476
443.88744837847247 -947.1430373349365
447.35661661640256 -931.1074361047307
452.3255580968732 -918.6825292190726
455.2957079393225 -902.6775827126933
459.83579961343617 -890.2556022816548
463.71182274189556 -876.946603533755
466.8986771992679 -862.7668429127152
471.793497882286 -852.1073261954725
474.55549378244626 -837.9535090450415
478.09145981882455 -825.5571185861735
481.9425753935021 -814.0315436290406
483.02787054055153 -798.231217305525
487.00977395376947 -787.5896647833174
491.36596897390865 -777.7914145414128
495.036717736732 -767.1425213690368
497.9980328301123 -755.6606111855627
502.4594081259198 -746.6823576232067
505.0955653098173 -735.2159342018888
506.9837557059714 -722.9498402035013
511.01111289693574 -713.9689366462908
514.9127969189155 -704.977880198478
517.4938533334235 -694.3746191805437
519.313587268651 -682.9915065929922
524.0270276061028 -675.5891313056427
526.1643291552855 -665.022630234918
529.4031345060413 -656.0345426691938
533.153390826433 -647.8182321070292
536.1518742154416 -638.8248334052687
539.0268982298129 -629.8341075114519
540.4637986595924 -619.3406835808896
544.1896806107392 -612.0609377478534
546.5941605395897 -603.183905342327
550.2366692259207 -595.785706306525
553.1029489519395 -587.6445591177275
553.09578262902 -576.616037964599
554.3280767154164 -567.0708803712172
556.1354596033578 -558.2627970514978
558.5385841611101 -550.1732908850653
561.5577400240373 -542.7834785797147
563.0361613747153 -534.009626303146
564.3992049551789 -525.2566396019777
567.862729550838 -518.5488601733416
572.7395720245361 -513.1572689119305
575.3120456029795 -505.73911276874276
577.0383824702066 -497.6652541178334
579.4271610854196 -490.25010453491115
579.4190730490036 -480.9184315318279
580.8377142800291 -472.8938037973761
584.5009481630645 -466.7575833304463
587.3128612669381 -459.97782880313076
590.0489669469299 -453.1867348068132
591.910503552841 -445.7835301845754
594.4894654260256 -438.97981217531907
596.9928320843327 -432.16728062166817
596.1585150807198 -423.0319431162985
596.847211208435 -415.0932503338422
600.7447174548507 -409.43227089482275
602.0936689143374 -402.06866808204813
605.0309758869824 -395.8112153757719
608.7458293472872 -390.0737305334512
612.4062761908172 -384.3013828781996
616.0119892653863 -378.49468831319365
618.7057131898744 -372.13873819613144
619.6108598347658 -364.7511238842481
620.4318533592337 -357.3797914505326
620.2978788990088 -349.5347499654229
620.9471441774531 -342.20701941641306
619.7528730776205 -333.949661344393
621.9974705562065 -327.6097474460749
624.1776658649477 -321.2572823071652
627.1295100754197 -315.45614210625877
630.0685704965964 -309.54417531650546
632.0502593010812 -303.17234325946697
635.7792441033789 -297.63862781456345
637.640736283035 -291.23064988498203
642.1784621491578 -286.0346530610281
643.0056162323546 -279.1859192252538
646.5238351536958 -273.5158689695295
647.2184033376453 -266.661467747159
650.6258116337207 -260.9349597810959
652.119473902979 -254.44093962352406
655.4185710908943 -248.65135565520322
656.7898248642088 -242.1303903991444
658.0964781220849 -235.60565673028333
661.2278038530675 -229.73417554131856
662.4115040147352 -223.18601960906136
662.5799899684788 -216.32558076512936
665.5386751832348 -210.38600674794085
667.4878753529239 -204.11745701149505
668.4190406630237 -197.54742741712215
669.2857519643505 -190.97796264887162
672.0164135626185 -184.9403685041092
671.79279991304 -178.09950585276295
674.407051680001 -172.02072155495816
675.995042547659 -165.67046342359512
677.5232404004762 -159.30555143258061
678.0159475520559 -152.70682651763772
681.3773074816172 -146.74455645475126
683.7067959263658 -140.53119655116768
684.9982234303851 -134.09486901897543
687.2121977628854 -127.82955544749778
689.3688266990017 -121.53444275447931
690.4813434929099 -115.04570521417197
692.5206899117029 -108.70185851317805
694.5016983308217 -102.32981489089295
695.4333728071807 -95.7936531615158
697.2954202897158 -89.37615365962317
698.1051448692973 -82.81429047584426
698.8531207544943 -76.24510221453043
701.5294362144301 -69.86737525242991
703.1430394344627 -63.449713118859634
704.706621176653 -56.89971941745628
706.2091091193777 -50.32587999046702
708.6482887718495 -43.7904421161676
713.0240990219767 -37.31801460284703
718.339581970869 -30.809819439867113
718.598076735376 -24.037556286331263
721.7918614670348 -17.33518733538607
723.9229815007756 -10.560154119507057
725.990333172741 -3.746483649046849
726.9933865359073 3.1009567963563236
726.9318621259494 9.953282177244603
730.8046833296593 16.89718389071068
734.610831799975 23.91497025189252
736.3510200203629 30.922084583210168
738.0242038614773 37.96412141262469
740.6280306544934 45.101221811020444
742.1650836763304 52.220576133412386
742.6367234993796 59.29331252431439
746.028982073554 66.6465145847623
747.3579478323471 73.87217210711137
752.5935206070043 81.5597495113524
757.7500413434713 89.35253126782501
758.8581069828541 96.74385492835728
759.8939824318242 104.16398352550955
760.8572233415126 111.61221120040405
760.7593930595631 118.93336736023755
763.55055818827 126.75387603691428
767.24644738732 134.8105669876676
774.7908055596314 143.67744297647235
777.3280170756805 151.74041607030918
776.8428424515848 159.2614144472606
781.1733054584238 167.8370246374745
784.4349387488608 176.28904353382575
788.5797653300307 185.0458151702809
791.6573304237446 193.65864604078496
791.7349345253108 201.6055392398774
792.6995985618106 209.82694402755894
796.4721180502252 218.87933929128207
800.1439010343535 228.0213534683247
802.7909537758309 236.84527551904392
802.3979864343207 245.1091009451663
803.8272515605024 253.98966445249067
810.8632692781792 264.7824739961144
813.0274786509644 274.13558499117823
814.1419884838326 283.22574492371086
818.9217611994611 293.71269811496546
823.5746357945129 304.3169717185282
823.425561731981 313.2592285733519
824.1116836730719 322.59096830744454
826.549571745885 332.7112944381272
829.792726512717 343.2900100885421
832.9084611773426 353.961149420655
834.9787531150548 364.3233204811743
837.8391250358611 375.16609729444195
840.5677985140834 386.09684808502044
844.9727164996885 397.9662151127115
849.2266194263641 409.9550571192767
855.1203309963616 422.9482468537644
859.9500685964916 435.6396211559381
863.726611850356 448.0014955125759
868.227739633947 460.94423971900017
874.316769933788 474.96861560796566
878.4676206219515 488.17992535417426
883.3141916800687 502.0080066857369
888.840198534798 516.475654284518
894.1691273268666 531.0946918728429
897.5888968812944 544.8249004913605
905.0760643305778 561.3041223578105
908.9497107346741 575.8354134258783
915.145906438258 592.1215837387617
920.2780678130862 608.027366080025
924.3594537273399 623.5259419662457
930.6983217576521 640.8592933534552
934.3343239134748 656.6455445346065
941.8154362285474 675.4736738627429
944.1783535571602 690.961096353543
948.7340479540779 708.3499885315658
953.0422038797112 725.8888052753692
957.8900611704645 744.1879001373536
963.4922593527263 762.9702917986905
969.802566277048 782.3036382648696
977.3866856774354 803.0817309965893
983.9067941144059 823.4175250111647
993.1826771283695 846.5300761651206
1005.1410033608669 872.497887311316
1012.2146710190362 894.7750889323105
1021.1967006507097 919.2569274039248
1029.0808725226984 943.2966435898741
1040.9993620825032 971.646194941256
1049.589063109207 997.5303497145023
1059.232311039846 1025.0380047828407
1068.4631898207265 1052.7993218073984
1080.8076654187078 1084.3504001807544
1089.1704449370313 1112.6350443319989
1099.881647061572 1144.0408045420072
1112.8593112970902 1178.6369896025517
1125.9803792735813 1214.291639389369
1137.8735368871212 1249.5374400361093
1151.220403029767 1287.330798065509
1163.976038380657 1325.4643646947552
1177.4415032547797 1365.4451678530065
1192.2168973625824 1408.0638727142807
1209.5134159704526 1454.9025041519062
1226.6918224406284 1502.9395106780878
1241.2236599590956 1549.0606269471018
1258.7303961253876 1600.2792849593552
1277.2449199101748 1654.3111601399694
1294.2804613018636 1708.006758620186
1314.6258354264037 1767.7578773207122
1336.35359560372 1831.2422197833387
1357.6221383646994 1896.0712353237316
1381.8504842064335 1967.156638221381
1406.0383333019283 2040.4754850979061
1432.932203862668 2120.1854397984334
1460.1561714802908 2203.0417506002964
1490.9024768456247 2294.1023962621157
1524.419373403114 2392.637576816275
1563.161721796169 2502.9835060405885
1603.1647063835683 2619.332724990487
1653.3544253254015 2758.455209760875
1645.5551154459642 2804.933575332867
1615.6174012748495 2814.214883888205
1575.3672550582196 2804.8720134242008
1547.955418816493 2817.811033649463
1530.8503635137506 2849.86353436964
1502.1206833254294 2860.593374236532
1470.5853801295898 2865.697060009852
1441.7763932253874 2875.825069773541
1411.5878964477677 2882.970622570089
1382.2553568728601 2891.6077065183445
1353.3081825327608 2900.854695273425
1323.8952539616973 2908.9031191391873
387.80789333610693 873.8083530535805
388.7047471062736 898.5263599789646
366.254951541804 868.968532497645
363.7619414462646 886.2512341064719
356.89482549317296 893.3476834559979
346.6660899360177 892.004272460885
336.84781201763997 891.4833433883824
328.1040622344391 893.6731641630845
317.66993162959244 891.0677945804405
307.3140065105318 888.3457105217793
295.1293904355671 879.8196649888719
285.6054399627694 878.7522589806941
277.6284754932385 882.353347358812
267.2797763902314 878.2286269148757
258.44411967153053 878.7847500993673
248.5292575270676 875.4045968311136
238.96502914189728 872.8806990919276
229.47037381777574 870.2547601363236
219.30877534726645 864.6199518029191
210.9307803825424 865.6726898125016
203.2351639945057 869.5656778623029
194.8296823877935 870.4627475433233
187.4714809584881 876.1680454269211
178.6229445420077 874.953052273745
170.00469902293867 874.6310092319618
162.67927612109315 881.1080825419303
154.21314808557338 881.614034006683
146.1954211769168 883.9925898031635
139.74056272866892 897.1825762509407
134.64169642473146 921.2125778471928
140.3361630007277 1027.4603453925768
132.20080427748331 1040.636318484218
122.8967004352713 1045.8037105605063
113.29244478859358 1048.899338332246
103.93505050704887 1054.892177085458
94.38640904860773 1059.8052678614638
84.59596503311226 1062.638001720302
74.76065485433061 1065.3801408350691
64.8206815367456 1067.0329325963241
54.95880226309322 1070.5902717911304
45.035854659515095 1074.0562237588342
35.08520431546245 1078.4294267304385
25.07956984802378 1083.7098390142253
14.977914009051588 1088.8969933340516
4.763628878170683 1089.9895907025493
-5.459815945597851 1088.986313233477
-15.692806759141064 1089.8870289236495
-26.014519166775187 1093.6906531522163
-36.40898999991643 1097.3961843596805
-46.83274733440126 1100.0034971658554
-57.51627252211412 1106.5061583177753
-68.14209251213775 1109.9102014253529
-78.76619908516497 1112.2144064350525
-89.27953268732792 1112.423105227113
-99.98241156748806 1114.5243457983095
-110.140411107096 1110.551705163321
-109.21405525864269 1005.0837229474777
-134.01359309472207 1134.1094995042772
-146.1699183873833 1144.7053572682473
-157.99290425242387 1151.2090349740504
-168.78866796360361 1149.6757741063664
-179.8786383555105 1150.017250072088
-191.97264849193158 1156.1706198615295
-199.17944481798565 1133.6351038857251
-203.79312425293114 1099.2690128022482
-209.69492549787483 1074.7339383402948
-213.548964184735 1042.3496725646469
-220.26747698028888 1026.636371158132
-227.33502215140484 1012.7994805011604
-234.16086825918683 998.9217625900958
-239.3203589619152 979.1781072850537
-245.8540140818687 966.2115729796618
-254.46583779633605 961.9106701740078
-262.2237438920388 954.6406172687408
-269.5930763400153 946.3485474123827
-275.4139277650876 933.2074626753728
-278.38168978505865 911.4343831524106
-280.36063710960434 887.7831453454705
-282.8482942722199 867.0298970781201
-289.1176312435931 858.6308842011763
-296.89391281558255 854.9146182707682
-304.9627738977338 852.0696606126753
-313.3502401450835 850.0868349768855
-321.72744132776086 848.0214935346228
-329.7300269502072 844.9420745396785
-338.44780260579057 843.6433398725505
-347.5515127277675 843.1796641289687
-357.0664129876836 843.539908194099
-366.22054861566204 842.8781108628006
-375.39397728115546 842.1183775580695
-385.41719966350763 843.0792265282901
-395.9163018566579 844.8309191336144
