-437.5488843822676 910.3026825050188
-465.8403034368168 946.58217376723
-786.6738402544482 1560.9767035607285
-796.3958004683645 1543.6718333235056
-804.4600956550099 1523.6708812925224
-816.9698802912426 1512.4553595716181
-830.790215768739 1503.7658120142685
-844.5192607617929 1494.9502393733226
-859.6561411606386 1488.6075100458147
-873.7320196339189 1480.3895966489474
-890.8278773656582 1477.1765950312765
-907.4165613696349 1472.9206306356455
-930.3952000367086 1478.6391621178755
-955.7253228481335 1487.4182691048375
-980.2075109185052 1494.1761059322787
-1176.2816160635143 1756.5185907672617
-1192.8835125812216 1745.2864880620275
-1196.7923925780478 1715.8531315550617
-1148.0666460070292 1613.1779121740324
-1124.5336750193474 1548.8124527351529
-1127.2649545250385 1522.0084501406893
-1054.8466877284425 1396.3518415457954
-1048.5091949084901 1360.9380838937348
-1060.748269828459 1350.148920695762
-1089.7579998117635 1360.3222051581251
-1495.446561094704 1830.8838256181148
-1538.9753897618732 1848.1287156762894
-1554.4881093798463 1831.1664910096708
-1467.082655487201 1695.3561519541026
-1394.4500448711308 1580.877310976061
-1396.0050612361617 1552.7117791151777
-1404.5841956502372 1532.770118879402
-1414.958919893705 1514.9984339969596
-1433.3968543851718 1505.8600392595238
-1453.8772373517336 1498.661061985161
-1476.4586354318046 1493.3418556575896
-1493.3908228989787 1482.0930639069568
-1513.8243486118402 1474.1454614623137
-1521.2265482220662 1453.5080973232925
-1533.4808173497952 1437.651064347745
-84.63842722491464 77.85458648591506
-86.09888295247723 77.73662170647516
-89.07498615645162 78.90910493237112
-90.57120485360822 78.7201171960874
-1770.6688183160938 1509.8546075179183
-1781.0179085736736 1489.8520763283373
-1793.4665811224925 1471.6920949698676
-1806.5102335837933 1454.057005745314
-1819.3808215053266 1436.3068705324092
-1835.2401797583218 1420.8921431975912
-88.40693654589666 67.120887736753
-93.0477434599 69.26844474232576
-95.31343402923855 69.56543174274125
-92.71325061204828 66.33440405210202
-952.1884690864744 667.7620229833053
-955.157662255958 656.4715075566746
-947.2161379905033 637.9228698913026
-957.3735401422229 631.7000115842549
-975.8959467352099 630.7702443408284
-989.415508521145 626.3369312900556
-1964.2280314356155 1217.5915737728178
-1977.3524212467898 1200.0193340898545
-1990.3199510834404 1182.3076978177937
-2002.2646219751423 1163.9554903804274
-2014.040100543376 1145.4830742543636
-2025.6451811844486 1126.892008998299
-2037.9571024534116 1108.66173766379
-2050.1052080826325 1090.2993331156658
-2060.313497073415 1070.8838843577369
-2071.2295363779176 1051.82565458146
-2081.969288149798 1032.6567112070804
-2093.4316480309 1013.8145466615824
-2108.340017821595 996.5572583911248
-2124.016764677773 979.5273265038425
-2137.735337629363 961.4695139476204
-2148.5543700944972 942.0350942230542
-2159.196832940714 922.4819979917163
-2169.66144880795 902.8118284319199
-2186.4348922485474 885.6542564444001
-2200.2859913726584 867.1600522217557
-2212.114744697798 847.767277199702
-2221.7542015081926 827.9186361477147
-2233.24873591655 808.2234118900125
-2248.343105513386 789.7102505922182
-2263.286395733672 770.9835866520654
-2274.2775397912806 750.7906978652044
-2286.9938802845068 731.0677065369634
-2301.4507966039655 711.7620605307457
-2314.788332926874 691.9616851716752
-2326.995839301416 671.695142065133
-2343.8433240467984 652.6005457561728
-2356.6734468723466 632.2106174423311
-2366.4221751088826 610.88631442597
-2381.8014849733345 590.8787406725833
-2397.0131658684095 570.6346314880526
-2409.129233031852 549.4882515134977
-2409.33486212948 525.605861960766
-2259.5185644170283 470.5739655514437
-2242.2900660269424 444.8946614614421
-2160.905873107912 407.53749222339235
-2146.94581457483 383.90711022279925
-2120.901551104965 358.5772030128972
-2047.1708931836201 326.2212962112964
-1738.6353396831016 260.21367297862344
-1681.5988825072202 235.43406370036683
-1626.2377151817657 212.01625815109222
-1720.499956866666 207.77126466814505
-1833.7028336377293 203.8600449057198
-1880.3189295936647 191.05162394424926
-1887.0212119160724 173.71224993879258
-1920.471795396246 158.4836997533796
-1926.8719456310944 140.67162165781926
-1920.1326462210056 121.92875344363536
-1891.2439021452506 102.13962305788063
-1880.1374523346956 83.70878286297153
-1892.8378917429277 66.33788949151685
-2644.1352560967684 67.62948666135667
-2536.6707607523776 40.87115784943893
-2460.945586504629 16.365215042565886
-2434.9903797498864 -6.844744370878441
-2410.8184561341773 -29.58667880687142
-2376.448390981533 -51.20590787478958
-2200.9497972136814 -67.99992753712736
-1985.3924532036435 -79.91124302636041
-1975.5703546364864 -98.00904999778315
-2291.0186305710886 -135.1245143420474
-2317.5911516339656 -158.43059637566154
-2317.006977090382 -180.15179187144042
-2282.347552417566 -198.9237290358961
-2259.486901743788 -218.21764559323958
-2234.47792433023 -236.8911262180735
-2220.246631715483 -256.37842022302135
-2238.59266361298 -279.7121492144106
-2303.275556032687 -309.67355873938976
-2273.557677911459 -327.3293222579591
-2247.666948489819 -345.0641805033748
-2220.65830914275 -362.18320507067057
-1810.2026171208663 -312.62675024502727
-1763.9168124379228 -321.6309667908828
-1721.5527771386774 -330.5526214176916
-1687.0214734285191 -340.2933266919419
-1655.3962580976279 -350.0388959478243
-1648.1484469727613 -364.6240484955361
-1635.9012883041105 -377.97880221640963
-1623.5492160327983 -391.1367319995476
-1616.9145655285033 -405.5567627124112
-1614.990638378399 -421.1487123928212
-1610.9858581380436 -436.2173367476713
-1604.9149709471128 -450.7071510746507
-1596.7937451956968 -464.56295085155
-1608.6623202784908 -484.3609597358385
-1602.1576928715383 -498.7732221887514
-1606.9481510377311 -516.7800691555522
-1593.5086102344712 -528.9341254906924
-1025.5697866078283 -351.08775654695427
-1042.9918996726658 -367.9726854227144
-1019.7713320508674 -370.52858233501985
-1003.152308456307 -375.13523699964855
-1008.9374488454822 -388.08017769163365
-1018.2872331864901 -402.63644982713976
-2206.8445343427384 -896.5273008902635
-2188.2848227204877 -912.7160208143407
-2179.760738310379 -932.8901991770477
-2171.966338093472 -953.3867138726199
-2163.0672759766862 -973.4084238380099
-2159.4321788814646 -995.8597616186986
-2130.2493573919874 -1006.3665710520321
-2093.8568099711047 -1012.936157582317
-2115.775764102769 -1047.7661552251755
-2134.551255873327 -1081.7300661669726
-1314.8088309085454 -681.6441433511361
-1302.2719474432715 -690.4808287724642
-1309.0253995081914 -709.6291309144656
-2061.6464239994953 -1142.3935497060959
-2097.125577438607 -1187.503394712112
-2096.4542364180907 -1212.8328964060302
-2171.254463736208 -1283.0191166563307
-2177.290613513617 -1313.870078929229
-2061.1930849561304 -1269.930732965003
-1989.2733903445994 -1251.1160531569014
-1960.8010952195248 -1258.633808931697
-1941.5628046389918 -1271.7605417854309
-1241.3145262255339 -829.5705195952172
-1218.7262618203124 -830.8617807731242
-1193.758274801645 -830.0946821553553
-1152.5957511507772 -817.3689708015442
-1127.9796344807748 -815.6751462418217
-1116.3727328770015 -823.0922920843904
-1106.3241281152982 -831.566547878115
-1095.420644746654 -839.3173482436931
-1085.2567711127172 -847.5533851941123
-1075.0344122079896 -855.6734263541333
-1066.3080951209354 -864.9370186779856
-1058.2732092445565 -874.7495725035978
-1050.9128844455226 -885.1316903751621
-1041.9332443751841 -894.1499394764857
-1032.8767339556039 -903.0778772914355
-1023.7442549022788 -911.9148537854716
-1016.01778987052 -922.0042574015717
-1005.989323666343 -929.9921938754829
-997.3560985345975 -939.2448097891445
-987.8830067198137 -947.7595502205296
-978.771919999921 -957.1658835435309
-968.154806461547 -965.0726763956197
-958.1775641735175 -973.5767846012479
-949.5154771651281 -983.4171844257547
-940.0650591130465 -992.4548778835159
-930.5286224615029 -1001.4017589259057
-920.9070398212997 -1010.25700888812
-911.2011915943349 -1019.0198174898584
-900.7525569933442 -1026.937598430378
-891.5402584591454 -1036.2649118572913
-882.8767852701426 -1046.274142866514
-873.4657176660755 -1055.4419169533146
-863.9599868967416 -1064.5253125414079
-853.7376351390378 -1072.7409055066387
-844.0523624991436 -1081.646711897935
-834.2747741833075 -1090.4653140569815
-824.4056529762181 -1099.1957602451237
-814.4457914284095 -1107.8371057265376
-803.8114016835381 -1115.5770840796013
-794.2570659665373 -1124.8487512382396
-785.736721850165 -1135.6842888479862
-777.6426190972429 -1147.2872164212326
-768.8450528811152 -1158.0057360221647
-759.3682509890965 -1167.8222721757625
-748.6996742365436 -1175.8761830218746
-740.5914210376912 -1188.075901230798
-732.3179902673719 -1200.227628881604
-726.4428754833141 -1216.622270328607
-714.2674903249397 -1222.6520160147418
-700.5548356548123 -1225.9555139729414
-649.2827104812126 -1161.8919751294309
-573.4139869288002 -1049.5772480358069
-551.1012214696178 -1032.0791847986739
-531.4896402776114 -1018.6853107204281
-514.9100077342907 -1010.358195856832
-498.53893892928807 -1001.8083281602621
-483.25304188455505 -994.8379252467834
-467.29000753389585 -985.8605625842691
-454.0614285262731 -982.1161943093497
-441.2348544308429 -978.0801619680224
-430.31725853235537 -978.5642835344022
-417.85507437783656 -975.252857886965
-405.49486447556416 -971.7936585942223
-394.7435236173738 -971.8943103867518
-385.1294401953693 -974.6688228802651
-375.13965004193307 -976.4149952588889
-364.8017275217665 -977.1226635367408
-353.1208852576293 -973.9618269700658
-343.5246279880272 -976.3277267217641
-333.592374388164 -977.6528666914791
-323.9799224520157 -979.8270305763084
-318.6249480990569 -995.2402435838662
-315.9645816050933 -1020.1913463518099
-306.83645277845267 -1025.0616524123495
-300.4208013821734 -1039.4572343761397
-291.07394136839105 -1044.189619109609
-275.180263849472 -1024.6935260787661
-249.92672832469083 -967.231942436206
-240.97190814651935 -970.5320909090154
-234.52612482881307 -984.4498447218019
-226.28001920676311 -991.5071118795805
-217.7077035170068 -997.51910048347
-209.24548171403495 -1004.4363237071136
-201.64461951114976 -1016.1867187786916
-193.8392934971876 -1027.882448676166
-185.47791437340751 -1037.5518990776754
-177.11687061399147 -1048.1405507582972
-170.14381698316149 -1068.5387599625951
-165.75636960012923 -1108.6775121454323
-159.09832018724074 -1137.9317749819618
-149.57627546958443 -1149.3075906025535
-140.3309550117715 -1164.5755548977852
-131.47021958245784 -1185.7337733922147
-121.41404738105003 -1198.8676445290164
-110.20712428593097 -1201.9581480886202
-99.68905842182515 -1213.9135437216976
-89.24331557482651 -1229.7660877684066
-76.74406328949773 -1217.5838159033724
-65.12539282517261 -1217.2590863120995
-53.74792526364123 -1215.8125515595955
-42.66918430887341 -1232.2614741646414
-31.756469263770416 -1267.6022746350288
-20.248870308881198 -1307.84325637716
-7.838202781153008 -1324.9768158640215
4.767003844310452 -1305.9912999994863
16.995068409942157 -1285.8876963598887
28.930105696676893 -1269.6704489686995
40.52413430794279 -1252.3445191074986
51.747493746422485 -1233.9153929224499
62.7764271986596 -1218.383814808852
73.45202189757997 -1201.7573800393977
83.88591810666257 -1186.0371633061934
93.94579538436032 -1169.2318792821206
104.05044603492847 -1156.32802641808
113.71863636572014 -1141.3487949540759
123.2185622549657 -1127.2857605398106
132.34181788373868 -1112.1536059552327
141.1870034230401 -1096.9513344102475
150.16503547193898 -1084.654535841579
158.77426605442363 -1071.2981529149013
167.61005900186353 -1060.8406421896702
175.9294384839198 -1048.340513704747
184.20010773658962 -1036.7638691186285
192.26555996743866 -1025.1258237164877
199.93165368253142 -1012.4481882327452
208.18542776795724 -1003.6353061072895
215.01423726133416 -988.894775886154
222.68935571694925 -978.9920586247725
229.96374072348948 -968.0607821580522
236.80914892826945 -956.1100496197437
243.44718757183625 -944.1178246719862
250.91346019223286 -935.950551842543
257.441396966966 -924.8372435881338
264.889387272898 -917.5285349841654
272.22123671224165 -910.1624021474727
277.36663216134673 -896.0534310873834
283.48663709770125 -885.7399881381873
289.748857195457 -876.3415999220433
295.857415727984 -866.9050637519422
301.2285839120434 -856.5776907171614
308.4100057515747 -850.8279898735782
314.4595615628893 -842.2091095100286
320.01356493254366 -832.619551931832
325.41274571073825 -823.0015461279513
332.54008795497657 -817.9890524346255
337.67391216083064 -808.3021273298739
343.8356476956564 -801.3495163620606
349.0889965937321 -792.523105314401
354.61672682227663 -784.5814024419996
360.44498697488694 -777.5142515508469
366.17044202161935 -770.4078188788661
370.4791221279278 -760.5663811051077
375.0794803751866 -751.608530687006
381.36265489928667 -746.1946967435292
387.11295071052075 -739.8436073875303
392.3045281384098 -732.5695579275047
395.4702494109545 -721.7563867613762
400.42061410697914 -714.439872766204
406.75895540163185 -709.6979302496051
412.03209064823494 -703.1746271560463
418.75908400784647 -699.1894089307342
421.79338471655655 -689.1693120049317
425.2044869507189 -680.0037825460796
430.6320030045736 -674.2077409732618
434.34849303774104 -665.8576323778555
439.6077355754718 -659.9954839407661
445.3568984848783 -654.9207837379493
450.478978537416 -648.9751073006469
455.5280731018905 -642.9915820724862
459.332163121486 -635.3502686881753
461.84451912729776 -626.0859686593169
466.02569430222997 -619.2294019586961
470.72694629970937 -613.1436552940514
475.35443472135006 -607.0248441297488
479.9079592467004 -600.8738225714842
485.0188641229274 -595.4667928985673
490.7091960618445 -590.7863276179792
495.7080690209313 -585.2883992593221
498.6859189640628 -577.4784448158807
500.71594620976003 -569.0760416774411
502.04019702908784 -559.8746650519156
506.60891311173685 -554.3901236094891
511.1189334304881 -548.8692338698538
515.5699790126796 -543.3126141926626
519.9617773196411 -537.7208849641233
523.592196045546 -531.3823597375083
527.1495056392705 -525.0232363469951
531.3487806330988 -519.3433096899574
535.4879093054366 -513.6308976178249
540.2948127572126 -508.57203551478193
544.3193521066321 -502.7896607153097
547.5420596263201 -496.30504021233486
552.9326904229449 -491.7981698437315
556.026643077299 -485.2611381392394
560.5658268209908 -480.0103684302027
564.2897697171743 -474.07389275569517
567.9517009214045 -468.1098860529262
570.773811512267 -461.49025568451503
574.3052834101161 -455.4804512240083
578.563577937469 -450.0590919914787
582.7706974436684 -444.5979241978311
586.1255518342067 -438.49838937793896
588.6109782164183 -431.78364527053503
592.6457768002665 -426.22879213024635
596.6281547663627 -420.63623826304496
599.7350780031619 -414.4379763155655
603.6062524025205 -408.77927058570975
609.0904949723159 -404.1902632849771
613.7032705731297 -398.98909219155865
617.4285338505357 -393.1997019164409
621.0991844293812 -387.3755323986757
626.4217689388258 -382.5594952416581
629.9919529742078 -376.65121689401656
634.369500809517 -371.21467703026525
637.832637822875 -365.23215374322285
639.4944883572348 -358.2398628861932
642.8353734329293 -352.2097140388753
647.000871104433 -346.6206468029636
651.1180228864669 -340.9843402158205
655.1417551894381 -335.38825353208546
658.2739397818693 -329.1981473278
662.2462089552776 -323.4176227795307
667.9732453278668 -318.4521055451785
672.7585893528098 -312.98543169294226
676.5894461523276 -307.0435170383616
681.282453545005 -301.46180270757054
685.9301875295039 -295.81882603333355
690.5319095063801 -290.1149461049405
694.1613351907416 -283.9719012969538
697.7362245456883 -277.7861784839714
702.188616579044 -271.9193754531079
706.5922364685352 -265.9932543550561
710.9463609624023 -260.0082149362162
716.1926287482698 -254.2992696148435
722.3396592109249 -248.84014292522198
727.4985735425407 -242.97083259841784
731.6593247370188 -236.71846680259188
733.8580727049648 -229.81150781837397
735.9916196787043 -222.88413080055173
738.0597760992625 -215.93695122490382
741.0247279940268 -209.24232961181323
743.9289649321256 -202.5109753445879
749.6740216049302 -196.50410003531894
754.4019232872572 -190.16239938664864
761.0204802315506 -184.21951218082225
766.619495686729 -177.94254362862523
771.1912574189029 -171.35940149478705
774.7285758557526 -164.49812689668337
778.2048929881041 -157.5853563291128
781.619551978473 -150.62163179626992
787.9229229861421 -144.1473809438591
795.1585786466871 -137.73828372889017
801.3560007204023 -131.0441151269393
805.5206986090733 -123.94113164059166
808.6326705652907 -116.62848749103328
810.6871201765999 -109.13474781100197
814.6566050272825 -101.86076715508479
823.5277215624767 -95.09517242276789
827.3707897723189 -87.64460183907065
831.133969605504 -80.25786296555104
834.83664138659 -72.7446369044347
839.4682085447639 -65.24666154405723
845.029873388053 -57.736583565110564
852.5205883409415 -50.24586007637954
857.9469431151417 -42.521086526378745
861.3045522541881 -34.61890041888042
865.5886587558623 -26.688458802024392
873.7984930850657 -18.766818650702827
880.9352403710838 -10.6818665195218
881.9966015186009 -2.4484504566175262
888.9807960095171 5.843314665958782
896.8863040729927 14.2813713027528
904.7110402581567 22.86774223669629
907.4559185719284 31.42858330847608
914.1156752714962 40.21855570425794
920.6897827648272 49.13577019295837
927.1764442785616 58.17938788749411
932.5764633098572 67.27659385312616
940.8769755115757 76.72364011300364
949.0815755571012 86.33170297202764
952.212989432914 95.60032821718306
961.2178289996809 105.59017574159076
968.1323263263434 115.51968975868297
973.9526783551348 125.45987535805729
982.6428848339144 135.92998523240655
988.2538555734394 146.13458503801
998.6984659396925 157.233501931697
1007.0482219348787 168.21081623308064
1014.2944026400858 179.18388536079763
1024.371903847171 190.8564974228592
1030.3934668300767 201.96361928301712
1040.2141431596322 214.00592601765086
1045.9884509502945 225.40665579925405
1055.5420141390773 237.81307026153954
1064.9540051929134 250.41758489285854
1076.1640917664922 263.69461047279793
1082.3728209414003 275.9675279581921
1092.3119634686745 289.40382593049566
1102.0933823636863 303.0497921962154
1114.6235352149226 317.64032292041867
1124.0086785087437 331.94651773595643
1133.221135816197 346.4604700964431
1143.2112700770847 361.4816620089305
1152.0661340027873 376.41416403195024
1161.6865126920097 391.867893848778
1173.004534405747 408.19647507487883
1182.232774730633 424.101009610574
1195.953083990561 441.95160469610926
1207.569416361773 459.391015005395
1219.8915645340326 477.45635484168605
1232.9050375878264 496.171510962248
1245.6707810663115 515.17793547244
1260.0252231960912 535.254553375906
1274.108139932148 555.6513724977576
1287.0019664586553 575.9565420511816
1302.349074128958 597.8092414102061
1317.394374241125 620.0065021577069
1333.9340924367525 643.4134262159416
1351.0414664158827 667.6345976841084
1366.913635599721 691.7883439402211
1383.3336689468995 716.7649268469473
1404.7000985448253 744.927938225006
1423.894471853308 772.6089133744118
1444.4347151245765 801.6934287762268
1465.4166108531144 831.7326232845335
1487.6839221542887 863.2476746355196
1507.7601736236866 894.241722821224
1529.088106470558 926.7327352857908
1555.0316954561683 962.8693712683538
1582.9570261079032 1001.1873218811867
1606.0891505729903 1037.411027708753
1631.1753810583134 1075.8173061580976
1660.6485569282022 1118.1459521781044
1691.1069390523762 1162.265598169757
1724.9640571603677 1209.937189074228
1755.6216286496262 1256.6119914347598
1792.0020839100812 1308.6976469994613
1833.1571314149937 1365.7711856465385
1874.1772151309838 1424.350998273905
1915.43623067715 1483.9248788969448
1961.608767965092 1548.254514426641
2012.2257363702831 1617.921996231299
2063.286020638117 1689.893427716471
2120.1156813025855 1768.6804397332135
2181.0187257520365 1853.159819853367
2243.5868433754786 1941.4960922526875
2310.732299780603 2036.3978586589228
2394.200849300533 2148.695253685037
2413.8144007978126 2205.9918491465683
2385.734044706219 2220.214869765921
2351.0616272552747 2227.920605597915
2334.4362994364224 2252.5414899338884
2313.991137172294 2273.53931505221
2290.529296894267 2291.522537543337
2268.3326938829637 2310.6948716482793
2241.8123838508213 2325.3337901499426
2216.588217582476 2341.134911463784
712.2622454171856 766.0277369346811
679.0152245467337 743.6311752702067
644.2303647310301 718.4651955095138
641.0175346664204 728.0085990221438
634.4144046636839 733.7699661032901
625.8179706128072 737.1844190282832
614.6507364704953 737.4309948437738
609.2301494740839 744.5015950095643
601.2267600192176 748.4159158093807
590.7256346304118 749.1056164457034
582.09769213616 752.0394117396748
567.4158946351926 746.9157934568957
555.2656343837084 744.795995741423
555.5995662005457 759.4669986495564
537.0533249957919 748.2076757899268
531.4234687904666 754.6642278647557
520.6055722561109 753.6748888850466
511.53192087662853 755.0358229410487
496.94247313398154 747.9653590878938
489.61908880092864 751.586420767265
483.3473793876471 756.8218488119209
475.42915350591676 759.4623887966062
468.3670358693844 763.8378883709074
460.6961942326666 767.3226287680673
451.48102689700374 768.1444410734396
446.77861953787834 776.6626456344013
437.54158741739377 777.3167689431813
429.7785622520581 780.4943224832284
422.942697898599 785.3556355526166
417.91709388889245 793.6966061635029
449.3818791855039 873.143703327067
470.85881397412356 936.2670437983394
462.973655091529 942.4199672604512
455.01455268995636 948.5071200788948
446.5579672807828 953.6220330183522
439.7079011452349 962.2998294037322
431.51322848729404 968.1923019940162
422.8482283539776 973.0983381847399
414.9090938922403 979.768566451037
406.5008027890382 985.4507077129061
398.0224916743948 991.0610960588184
389.47476885958304 996.5989185333157
380.5029735198723 1001.128606694732
371.4805061056802 1005.5775621917326
363.08359714500193 1011.8277034575826
354.602243857467 1018.008471797386
345.3967953881792 1022.2240721757516
336.143502838373 1026.3564417391983
328.0525289075412 1034.217838889548
319.25700948343604 1040.1052648149096
310.38004415076307 1045.9183659315722
301.9733024827359 1053.5787225393601
293.1838734882679 1060.209043692052
283.78179586478313 1064.8342088493207
276.8036169998185 1079.0624437982344
265.03517549321293 1074.8047989059603
248.99418501069067 1051.9329331430126
215.48404722898067 949.8645300198436
240.11550681221664 1106.2407257863508
230.7855815138168 1113.3314939250256
221.34404122764565 1120.3440611763042
212.16083327878465 1129.2425695227982
202.9101514810239 1138.0524901892477
192.70481897188245 1142.867381958648
182.89784641990965 1150.5535093053948
171.1908771406767 1146.28734773782
151.9680802511032 1087.4326197906673
138.7728148655212 1066.0052091121786
125.75444186241948 1042.4422383767223
114.40620711800003 1029.663643998793
103.6126531972782 1019.7496840388923
91.36447526319687 991.8006516734503
81.13364689699719 981.6528568395212
71.68569910528123 979.3799878207575
62.22403253898649 976.0185294217457
52.614931517514385 968.5719740842222
43.061615076295745 959.0337310579962
33.33760661241905 939.4086458966384
23.960256712160266 918.6875998391877
14.942010868373591 895.8754022246673
6.4784287601417425 889.9764210139501
-1.8750737796937211 884.9980136126412
-10.180498643933547 883.9413767028676
-18.50805614792394 884.8064488110523
-26.822462612237267 884.5934407960615
-35.13450010654068 884.3023051548964
-43.54161176167597 885.9306564541016
-51.98242363996569 887.4789167256398
-60.524023290017105 889.9442918547146
-69.19375939465682 893.324254490403
-77.9323420689445 896.6195124241102
-86.83489180124931 900.8244565762329
-95.82331652639235 904.9408223800509
-105.0113747495197 909.9607745244934
-114.42616027386636 915.8797158169731
-123.96139371331383 921.7014553903302
-133.75867372636216 928.414033286316
-144.6043399645885 940.953550853285
-155.53614211917798 952.3830681478346
-166.52490994721842 962.7037209687469
-179.15879991213674 980.7706788103134
-194.0360065723353 1008.5033605067763
-205.7548162484514 1018.4232693681769
-217.76033290521647 1028.1932879634107
-229.96645574670714 1037.8267819011503
-250.4883041679327 1082.393925276317
-257.55466809683145 1067.3657259541037
-262.65646093561054 1045.5121154385445
-263.5815847542288 1009.1450580458933
-270.91739600412393 998.9137923476404
-279.4388893059263 993.447485850898
-284.8044298078278 977.348677167897
-289.8935378383269 961.2376067963521
-295.8971978084816 948.9366935307584
-301.08311922331944 934.7047423217432
-307.6064289168153 925.2044557226495
-316.89774235441706 924.1779162535066
-324.8639414831233 919.2869081652636
-323.87440800010387 889.8957061603244
-337.7983848705695 901.8099861826961
-350.5350638587748 909.807764863284
-361.24115964679646 912.0667873445659
-375.0353755080265 921.6145979299339
-392.89509849925076 940.2097859388957
-421.3835925032201 982.4443332673256
-702.4237134338995 1596.2884848315268
-711.1579073211258 1575.9744385156243
-722.0929460577711 1561.0835266742163
-734.5251099840455 1549.7412244639186
