-744.3536863815426 1560.569956640909
-764.9352418358704 1566.1810482180847
-785.4787507503908 1570.5282971406805
-811.1845958588489 1584.4177326201939
-983.4099207349849 1876.9831985928938
-993.0270802134603 1852.6470840294246
-996.5050726321568 1817.7751896806105
-957.3653864488399 1707.9858069754746
-949.0615110110041 1656.3705045422385
-946.4408289002567 1616.2854814019072
-882.0535780488107 1474.2813454192826
-886.5238886544294 1450.5431378780256
-901.7454859265357 1444.6674629862457
-1294.7809344899433 2031.45842479765
-1281.147378737362 1968.8733819000108
-1326.205902894407 1996.6939933620354
-1341.0396099489167 1978.3105834393286
-1270.312694604606 1836.4625392112916
-1210.877410271978 1715.7435406531558
-1210.6358569289666 1681.5304998476436
-1222.2884239243979 1664.4025981535872
-1237.922380419895 1652.8076657783085
-1252.839355572381 1640.2711815821738
-1270.7023361918605 1631.545148868565
-1295.352465875514 1631.242161406523
-1315.7043949544686 1625.177819531603
-1334.1470811225147 1616.560412088665
-1351.2564055967919 1606.2089298511692
-1366.3361135043344 1593.4009617588006
-1385.9009350533106 1585.722106240043
-1410.0979678189942 1583.0425519084263
-1444.4490333612596 1591.1530379010446
-1563.9638579852342 1690.5105888210053
-1586.6885965419601 1682.9700822069608
-1594.8604113813642 1660.0073096852511
-1609.037225222634 1643.4716936557948
-1624.4567113840776 1628.2322908108745
-1639.731869648115 1612.8482246201274
-72.66999809971153 70.14322045777426
-1666.9397106765123 1578.900883833341
-1683.9454017539274 1565.1609769962336
-1699.1238275548658 1550.1542564000856
-1716.75819907384 1536.605767889977
-869.3983958570498 763.4103937471564
-872.067614361805 751.198426503484
-81.72965205758672 69.05985790997408
-89.31156016385083 74.02327486067375
-91.56285934119131 74.43280721069986
-91.48412009397994 72.93597034817769
-1811.9493574542375 1416.629636150951
-1822.1548254235247 1396.913666690166
-1836.146331127774 1380.136098609849
-1850.788487565664 1363.8119277577837
-1863.6647783310314 1346.1629151066181
-1876.3727749479444 1328.3923401744491
-1889.7329528717094 1311.0718389282752
-1902.9333162567523 1293.6173289965157
-1916.8048319841298 1276.5845980906604
-1932.1994000493385 1260.4977106083838
-1945.775637787637 1243.156533744691
-1962.5877116198387 1227.7925208270347
-1978.4302651099385 1211.6986779298798
-1991.5707029666848 1193.871908993919
-2004.5508398610982 1175.9047284589706
-2016.501880328852 1157.3008107792048
-2033.5123065731595 1141.5128991892766
-2050.4042227051573 1125.505896702838
-2062.7692541859674 1106.916439477284
-2075.8515869793573 1088.6579760582676
-2089.662921033821 1070.7067182269839
-2105.1087566267993 1053.4861758813788
-2120.4155277966897 1036.0685254743944
-2134.67826858142 1018.0244052311467
-2149.6958086843865 1000.2244398757616
-2163.6567006040154 981.817540040585
-2181.119537593161 964.8536483474553
-2193.8630182635 945.6669905922298
-2209.204595362758 927.4864181367144
-2227.1752000234765 910.2343810252324
-2244.0873565401644 892.3547143465864
-2256.1965785751895 872.4322316521833
-2273.54874445291 854.995383962157
-2289.948527896749 836.6479185317513
-2300.548827144356 816.0613297569791
-2321.3654449322703 798.9289524572273
-2331.627727532296 777.9949486999138
-2157.1056231797243 697.269195107896
-2129.2150491255857 666.1863662498133
-2105.7192388924013 637.1392994929813
-2078.9884161059886 607.7525530157099
-2072.1048152034473 584.6286298246844
-2045.6724159400662 556.4390053383502
-1899.909572760524 497.6340174595417
-1652.3846260435273 416.2223535743755
-1617.350218302488 391.24707201063427
-1610.2454248410847 373.52198299210517
-1740.5980469963113 386.5325843866553
-1820.459748240518 386.3253875117066
-1850.478534981604 374.5306283501213
-1862.759121156536 358.80002306038097
-1865.069874014774 341.0723750797101
-1897.7574474240857 328.62238320969306
-1869.1855630104465 305.5835909097881
-1854.1881391515778 285.24085371771145
-1854.811115152912 267.4915458574555
-1866.1660724847648 251.22338646469015
-2589.8295017125834 323.85668444414347
-2471.568580010909 285.4693579052909
-2428.402027992395 257.3472176698695
-2390.9013863208215 230.63946082397385
-2360.0903265143793 205.26726649237133
-2328.019368117125 180.4184626681596
-2028.3108778613387 137.99993749768672
-1961.6362684927212 114.92671636287528
-1962.631048401702 96.45915119694969
-2287.1967243121676 90.84131381531077
-2307.9412274217543 69.91631259560329
-2306.497476847495 48.14965520271608
-2273.850658953142 26.061097029149224
-2252.995271407838 4.6159521143883895
-2229.939550150939 -16.419581987008502
-2220.692699685345 -36.9450072975319
-2244.2425654059716 -58.31215670873905
-2304.561849056323 -81.4290112558286
-2282.721529419106 -102.01675904721893
-2255.7067983086426 -121.9337527683461
-2228.5214276540046 -141.35503700596277
-1828.1598835759241 -133.11814333013882
-1772.0214775036882 -145.684190170541
-1729.7542222522793 -158.49079027000965
-1702.3298944286346 -172.02886541099457
-1681.7634924571857 -185.8374435850044
-1662.0821897799865 -199.39607422455634
-1650.2296889880865 -213.63046033345253
-1645.1905297384737 -228.62441002404
-1638.0372005118136 -243.24911045966869
-1632.7301136053022 -258.07242418828207
-1634.1929373642074 -273.9752606877919
-1629.5928950918767 -288.8805917088852
-1623.8741826578196 -303.54017674337274
-1626.8549880445007 -319.85441668785336
-1621.8372256794255 -334.6341485868775
-1628.4147510956973 -351.88264864005185
-1627.9827304484031 -367.7407094159717
-1089.148588444427 -256.74180082236705
-1065.3375985034443 -261.6577941031268
-1046.3760098229698 -267.3896895300199
-1030.3012743258364 -273.560384782881
-1024.808539742726 -282.3764453179151
-1038.4722245826574 -296.60653865069617
-2275.5665002307737 -672.9978477138451
-2254.836414926968 -689.8381998115935
-2251.1540817427804 -711.7768612794458
-2240.6040693769082 -731.5342810091946
-2234.6200902002124 -752.752982374427
-2234.1030413043777 -775.8921322158959
-2215.4587282929733 -792.6863334450031
-2172.2992845276235 -800.2129831743387
-2190.9114913493568 -830.3949885887656
-2220.3279198635314 -865.3513322775228
-1363.6777243701686 -546.2088099404829
-1348.3817211919095 -554.6446916319884
-1355.1413679908915 -572.2175047652555
-2152.644307878612 -932.6513194960974
-2187.7421594851908 -972.1215168954307
-2200.447590918047 -1002.3743809689892
-2268.9579220578976 -1059.1722937892157
-2290.5852206449717 -1095.3265937439965
-2190.488800234945 -1072.604221530604
-2093.702833821337 -1049.4629310502114
-2066.946674195871 -1060.2171692774216
-2046.3714767818421 -1073.8178518788475
-1317.2926850643007 -706.940578744837
-1288.7438316622413 -707.1345956411162
-1267.28467711691 -710.7732037328709
-1236.3270140644404 -708.6046248046263
-1196.8920360354498 -700.8697839648355
-1180.0238691000357 -705.8106462459897
-1171.702095703767 -715.7116730383823
-1164.1468766340827 -726.0482419392735
-1158.1879042627174 -737.3803485444503
-1150.4417423153934 -747.5746100144934
-1142.606213347486 -757.6886175862217
-1134.682139658379 -767.7215914250966
-1127.4933381547046 -778.2408190378868
-1119.3893504333703 -788.117048500004
-1111.1992544468187 -797.9099052630154
-1101.3102581265982 -806.4370498340994
-1094.564141455396 -817.2425222906671
-1085.325149417629 -826.1751146346646
-1076.0148194454246 -835.0066516704106
-1068.2028108379754 -844.9773694708327
-1061.0768997595085 -855.502666738538
-1052.3023108007194 -864.6987028343838
-1042.681838959087 -873.1635486579228
-1036.0377642721417 -884.1208916217183
-1026.261518952862 -892.4053421604806
-1017.9178599814769 -901.910877155127
-1008.7438920930219 -910.6683041398892
-1000.9671522536381 -920.6871130352821
-991.631891938635 -929.2723986486435
-983.6964250699742 -939.1173213739338
-974.7146227912364 -948.4362941794973
-967.7746400465076 -959.7818742208318
-958.5969013420745 -968.9483890989104
-950.7253478528377 -979.4622570319393
-942.0507316125625 -989.1897790961225
-933.9597310983289 -999.57151854519
-925.0805938834661 -1009.1515717771109
-916.7723317216344 -1019.3966312430495
-907.691151982501 -1028.8249475069508
-899.167907438135 -1038.9288109554598
-888.5928706747044 -1046.676506942851
-881.1513977971314 -1058.1593519693342
-876.1018734284165 -1072.693109596225
-868.9795745286362 -1084.8845556334695
-860.4688780752853 -1095.4644265624786
-851.2251489946277 -1105.1881042243776
-841.8741672215305 -1114.8349144896094
-836.5816178156566 -1130.0297326765074
-827.5516276474951 -1140.3680561897468
-821.2984922225625 -1154.7111269373588
-806.2695553651815 -1156.732209325578
-724.1621781468285 -1060.3042675296751
-660.0966482015657 -986.5299868899365
-636.9740294007829 -971.858058498735
-617.43280841585 -961.8865458523246
-600.2686099483042 -955.0191599704849
-584.8639786573657 -950.4683721561051
-569.0849562579765 -944.8551807345171
-554.9896512461022 -941.6132364244514
-538.5103236081602 -933.857928898949
-527.1423382728611 -934.5854456389852
-516.775435978174 -936.9328411201991
-504.0386654447582 -934.7668285388968
-490.9240542313472 -931.5592160335581
-481.12094583844936 -934.4108493995111
-470.40952121269885 -935.3736592145619
-461.0458195815142 -938.9104069326369
-451.657446269097 -942.3537293552127
-440.9745107180051 -942.9859388649526
-431.79706734648886 -946.1243536824172
-421.9539164308211 -948.3664336155575
-413.6984463935943 -954.1769204144096
-407.3156581290405 -964.5221379745033
-406.4766996502963 -988.7050584686026
-399.64208879073107 -999.030630594969
-391.55977008050365 -1006.5192230923874
-385.8465732448942 -1020.4917549471786
-372.6628804147906 -1014.7331558399733
-341.4918712870461 -957.9521396420969
-326.79762581805306 -945.0943401373663
-321.5954442553773 -959.5417501256454
-313.05999719656796 -964.4632902061566
-305.358917259186 -972.1712460519997
-296.9581494428793 -977.9058530755711
-290.44584888016936 -990.2854178812681
-284.81358377433105 -1006.4776313945691
-277.32022601459954 -1016.8625729385518
-269.9086175763897 -1028.1626029758145
-266.2217460065037 -1054.9265291731215
-269.34778018435486 -1111.839814591005
-261.6870986107651 -1127.0176850523153
-252.89392269430624 -1138.2445536282114
-244.94838063161887 -1154.2964484160677
-238.9006031340539 -1181.0806500075198
-228.7750575650009 -1189.1942537012742
-217.7983219649014 -1193.2865921266664
-209.48717894816963 -1213.0441549491666
-198.24664108204067 -1216.958203596035
-185.28537653969565 -1209.894759572312
-173.1865373187758 -1207.644990587686
-161.67749751195868 -1209.239590320409
-153.72302275639873 -1239.5040267278825
-147.02435396969688 -1285.620410284386
-138.21093686311758 -1319.782837034722
-125.44616916390328 -1319.048239694857
-111.08931408628241 -1299.259467656803
-97.27231868274147 -1281.3130359198267
-84.00595638150901 -1266.216410923673
-70.92267724178552 -1248.9879798672434
-58.67503431710825 -1235.6076401301045
-46.314205881069675 -1222.1227411081122
-34.1886718347873 -1207.5161012252272
-22.34706761120802 -1192.79068095336
-10.808863092241776 -1179.9504940795835
0.4810423764240379 -1165.9999007711074
11.512856309427189 -1152.9425198766844
22.294740228405146 -1139.7819723781158
32.854867966336236 -1127.5214222580937
43.182340231625105 -1115.1642414873784
53.27628522754232 -1102.713760425775
63.13587359405674 -1090.1733171681992
72.76031847506557 -1077.5462570374448
82.1488755798172 -1064.8359320763795
91.3873023703524 -1053.041955937877
100.79151396033217 -1045.151219065253
109.7365441988604 -1034.1943196843094
118.48113544398993 -1023.1628514287952
127.27375648844753 -1014.044077399656
135.76871903697008 -1003.8604758287181
143.7934751862425 -991.6286787370882
152.3615043347689 -984.2773856981812
159.9899208888085 -971.9198656339897
168.08333343755527 -963.447971101979
176.21060780263147 -955.8942523615398
184.0180747762511 -947.292113424176
191.6771218657994 -938.628723699229
199.39674825149663 -930.883954522114
206.11057525424673 -919.1748640864607
212.84683374326573 -908.3970637146878
220.10814876939105 -900.4895351114924
226.74424915662416 -890.5885949608825
233.4671397171732 -881.6105118884881
240.03908549482205 -872.5859484513886
247.00872688766285 -865.4401705729496
253.58003658354824 -857.2824301513979
260.017955823144 -849.0787140480872
266.6241642269494 -841.7841499162839
273.4257469209883 -835.3917409938284
280.12949231710314 -828.9466011355388
286.15879397143084 -821.5918357875863
291.98278879186194 -813.1679107351242
298.3657883619178 -806.5840665021665
305.36142068080187 -801.8219270884292
311.92845881138334 -796.0688642219059
315.7973632391955 -783.7710286628179
321.75526901883484 -777.0164392460543
328.7871756834858 -772.9805903812052
335.77133570892477 -768.8814018535268
342.2982231807361 -763.8068645981856
347.50577596467616 -755.9522046208929
352.59450825034656 -748.068254072913
357.1293473283916 -739.2561323903894
363.3023971203648 -734.0111499470542
368.95568660128714 -727.8239494029946
374.5239370865825 -721.5960230968333
380.0068892639347 -715.3284309406048
384.9267197335921 -708.1436439276545
388.7720635664971 -699.1825817268674
392.97569582940287 -691.0825583730186
399.57314251754343 -687.2890976719003
405.62311332155326 -682.5729923893343
410.58132346759595 -676.0946507846348
415.9800415791386 -670.4338930929865
421.8434386616824 -665.5765269734859
426.5652182690102 -658.989464682943
431.19969304114414 -652.3732250186414
436.3061060648114 -646.557794640635
440.7735217082824 -639.8810065636253
444.5781131814834 -632.3601041178928
449.44519338136763 -626.4503317473661
454.239976369174 -620.505474486835
460.1590103201716 -616.1287894759992
466.0358768459641 -611.6956444935777
471.8700374102526 -607.2064457780787
475.79752062532003 -600.3105191205616
481.52224875417596 -595.7283978078613
485.2947466387348 -588.7767054536433
490.2652384134585 -583.3386632166556
493.8747648147583 -576.3407990756573
497.88191835894844 -570.2303002920954
501.2482054704417 -563.2639137319751
505.1993227421354 -557.0257124234821
509.07745230940935 -550.7632409213246
514.2538328454943 -545.9331418806871
518.6918753422593 -540.3329884931422
523.7693686168777 -535.4125965072892
528.0941801709496 -529.7362899307282
533.0712244266098 -524.7276147567566
537.2815139676425 -518.977431829784
541.4308094733406 -513.1945815702297
546.2511100586892 -508.0607490838569
551.761370194313 -503.55574702439276
555.745255560203 -497.65772466859664
561.1694853504417 -493.04949925085646
565.7987421010747 -487.730236336483
570.3775801262719 -482.367511436351
574.9055914025458 -476.96180242666077
580.157984714643 -472.14480064048576
585.3705966505615 -467.2710825387823
589.7554335202357 -461.72451595443675
593.294542344935 -455.5278103735424
598.3670606373852 -450.5084469176753
601.788553345157 -444.24603212943066
605.9553081814248 -438.54551016599703
610.0680659122995 -432.80590910248236
614.1264600470346 -427.0277403987919
618.9565061169897 -421.7746359555645
623.7420278936065 -416.46834530270286
627.6455903999505 -410.56182585756494
632.3352139284885 -405.1582125861607
639.5198132735887 -401.2971572669237
642.4274349249722 -394.71887572767605
649.5525735907318 -390.69867435359555
654.073483960806 -385.05697965284736
658.5456873476064 -379.3647027279537
663.8398120788193 -374.11322336848497
668.217543205517 -368.312794988693
671.6645481393472 -361.9885837602709
676.8211676760465 -356.5643097473904
680.9871303780739 -350.7314189795895
685.1488491632215 -344.76086565953693
690.1558919230158 -339.18408695566256
695.1184818423919 -333.5435446851405
699.1302525765873 -327.41546990360297
702.1786035522261 -320.8258230153016
708.81854939135 -315.83581816941285
715.4264212514227 -310.7491524934251
722.9219065863824 -305.95574349488805
729.4655590747675 -300.6675874179605
735.0452728743402 -294.91091337060885
739.6494340634939 -288.71216581493957
744.201850853976 -282.4528370994287
747.7635675946956 -275.78732200384616
751.2656519672571 -269.07976544922917
759.4304541539543 -263.97231919941675
765.6699145057105 -258.0960713006263
769.9645359703953 -251.50469846087114
775.1561850099005 -245.1568657837201
779.3400404408574 -238.44098088550692
782.5070131891723 -231.3844729227971
785.6101053693104 -224.2894610578501
789.6129910584451 -217.42199601635502
796.45573835186 -211.26821068583308
803.2521509008932 -205.00483426760638
808.0583236580245 -198.1558618032363
812.8064616707829 -191.23455719671082
817.4956289352278 -184.2414086783865
822.124893520385 -177.1769156919031
829.6318110887053 -170.64600209109759
839.0507755530934 -164.37395184077147
843.5089005280095 -157.0246309660644
844.9483777678089 -149.08467026340458
852.2313913077681 -142.1184564707403
860.4454694755242 -135.18355691076007
864.6466819596594 -127.52299940070225
869.770274936614 -119.93193418221414
874.8272124188129 -112.25572774486544
880.8093663957615 -104.61290584577682
888.7128751429564 -97.08463089047657
897.5352365891176 -89.63536735528366
902.3211655958874 -81.56294573934528
910.0245059906447 -73.6505159281525
918.655652404666 -65.67185321701803
926.2184170697737 -57.475593783471915
929.7131709180695 -48.93280925379837
939.1232997829845 -40.5885181389827
949.4573358597761 -32.10556621609947
955.7151792659666 -23.334440653704874
964.8911512915566 -14.493659277573675
973.9845693170372 -5.482584454934396
979.9930653317055 3.6867196486337295
989.9143668140367 13.02099747195306
998.7461525888392 22.519384738289265
1006.4865594534069 32.15284807981307
1018.1299926642258 42.098907795137194
1024.680755777224 52.01296703531721
1033.1308765720803 62.173884174990036
1043.4749043651586 72.63693248013179
1049.7250031228423 82.98444323335
1058.860484207094 93.72019518075439
1065.895558617611 104.43973438902947
1076.7990779480174 115.72703111330388
1087.5835519242303 127.22821064478934
1097.2538340911062 138.816510445865
1105.8105503612912 150.4627087010539
1120.181783637758 163.14647285838342
1130.458268368953 175.49958255297432
1141.5871626158985 188.22260796881494
1152.5756609822906 201.16994236524496
1164.4039831457326 214.52124378334275
1177.0636813765864 228.30262807115915
1187.6061860704126 241.94120526956226
1199.951127808955 256.2153213022525
1213.1073702669719 270.96034433834086
1225.117262010334 285.7476059817529
1237.9268049884558 301.02030743966975
1250.5561731052244 316.5584589114872
1265.902742230562 333.12347142335034
1281.0468589139484 350.00420749857653
1295.065432925983 366.7717606908091
1308.7716204159165 384.2041717549361
1322.2612996074936 401.9316553349611
1339.3458866039855 421.1515119728098
1355.2309004472456 440.4250293443226
1370.8680082716014 460.04011118320165
1389.0870089127113 480.9753441393199
1407.970755412905 502.63640129025083
1424.688111695148 524.0112445306049
1442.9938875930543 546.4591845408804
1461.9303168965453 569.6672261406356
1481.4809507819862 593.658312895644
1503.4781720989042 619.21675205225
1526.0405801606887 645.6385580979722
1548.232639655956 672.5471682372548
1573.7005128515082 701.5666011512376
1597.8427396914078 730.7171677300706
1620.6632527811055 759.9675131773502
1649.3769362547018 792.7519928395343
1679.402890044925 827.0368389066799
1708.027819337613 861.5160871213019
1736.1437021064594 896.6164428762601
1768.161700467143 934.6679629692788
1800.4867471336017 973.8873001514404
1837.4697208160344 1016.7128528174733
1873.7942607522582 1060.3320557126895
1915.5075899951835 1108.2417031815955
1958.1929700996388 1158.0610052377874
2000.096085934942 1208.79470838837
2048.010232075522 1264.6355559266735
2097.5715465411245 1323.0999989196116
2148.718637185066 1384.248611418322
2207.2369691285994 1451.9879345614395
2263.819925151101 1520.4105848384718
2329.187453566511 1596.8286715074826
2400.667678608833 1679.7900752424027
2474.835908038072 1767.163894007959
2545.9284237222782 1854.9254597646225
2625.9946092644986 1951.9570466877067
2607.2166481047598 1976.9687275840708
2573.741649569641 1989.4378405143855
2551.749538003581 2009.4970254515206
2534.2854502365885 2033.0760577802132
2515.8292012439483 2055.8707231166645
2491.7877612522116 2074.019708892298
2473.7264268118256 2097.0757175869444
2456.2087496059335 2120.628109395718
747.9868938674384 657.6713515142204
733.0794908702235 656.3920018292832
721.2126588575956 657.5928076732268
724.7739058196474 672.9218271411121
706.3165011955654 667.7581898702964
691.6145520699237 665.7847335025931
684.1479149317277 670.6009472812946
678.0663888448656 676.749563959138
669.825442062723 680.704691599432
656.009116992257 678.8136993483847
649.8545992825238 684.7079667941291
639.5561461251622 686.157369670785
631.3104111156413 689.6899048246248
617.7050861053053 687.1800539884997
610.8148331472074 691.9784964920148
601.9234096229125 694.4416526591184
591.7412484818882 695.2778544187182
578.387221487312 692.1504330853136
568.9441013767373 693.4779084503102
563.9152934796448 700.1432294750598
557.5719822624845 705.2052783380764
549.3439122408148 707.8398590669757
543.5376662997528 713.56555782452
536.4752746027091 717.6421669188258
530.5666051086317 723.2621084665651
523.4317667019013 727.2105510836091
517.4225996533318 732.722903537202
510.78707954984594 737.3639259991903
504.67192984056373 742.7719994931157
544.5247017930366 817.2006174356483
573.225563233374 877.3348583384687
566.3611112146772 884.15784320656
559.4200996789006 890.9282530458045
551.6593225313936 896.9286436858865
543.7216805177784 902.93008263925
536.2277065841265 909.7229505137968
528.6539887877526 916.454559778497
521.0010180830058 923.1240107138757
514.2359041421419 931.4813121534505
505.93438687701644 937.1528136730836
498.0384111676462 943.6348557580981
490.5236369099641 950.939830710977
482.91542690771195 958.1866678547257
475.65586130148023 966.2714430270343
468.7200307390032 975.2053797964959
459.9592666293803 980.4725763843488
450.7246809336333 984.7518783923565
442.67314104493505 991.6836643796302
434.53101441112364 998.5508487377294
425.90842289824496 1004.4316877241228
417.59532079708055 1011.1627703037644
408.8202082304574 1016.8982433569278
399.60983528062974 1021.6266341217754
390.70217146140766 1027.2063148245054
381.3781578030797 1031.7706628658955
363.8937773970057 1013.6618364976254
320.46275635195593 919.7715052073025
359.8240043309858 1064.8486680778703
353.8466318250469 1080.5376259742507
344.5831396566091 1086.6749559387083
334.6488758711652 1090.821309783672
325.5199775533753 1097.7530433634197
319.04299286577105 1114.2228541468944
305.89539824350567 1107.5328461645943
295.473530507401 1110.3586775314957
275.5991334310484 1076.2741833064915
256.39230296351917 1041.9174568942892
241.07375080971914 1020.9233304565694
228.60014882605495 1010.4642358622622
216.556157255098 1000.8393631122356
201.47690807059138 975.4091733802356
189.79136478317852 964.5041409209908
179.9834012188949 962.3133456861534
170.52899676664936 960.9869204426042
159.86234711386135 952.680444837222
149.83519802560883 947.2224730403236
137.86674791131048 927.8128905228463
125.72463234885558 904.3021158997391
114.29234326669932 882.6308743017134
105.30251108874228 877.7057486187528
96.74450754755073 875.6720277931583
88.43487756303317 875.5451287229067
80.13612817148989 875.3394775523851
71.93083737183267 876.0519132077659
63.79172196532525 877.6848045902917
55.502031114156544 877.2459886156238
47.441323074992795 880.7231806106242
39.27588263931494 883.1270605314406
31.174753334159536 888.4532259801606
22.95154484200687 892.7050053569575
14.700388809736634 899.8799356407735
6.295888739291808 903.9780759426538
-2.1841208205169687 907.997373132897
-10.762447177162953 913.9366333235356
-19.473402439561628 920.7941065175357
-28.34430673143685 928.5674990413536
-37.44231919000166 938.2532028901761
-46.82276232051032 949.8466344250934
-56.42369756893147 961.345601931298
-66.51593936370834 976.7377487384028
-77.51978611813914 999.9998413800864
-88.87860671798659 1022.1431373676925
-99.41157313605446 1031.2193457876044
-110.43818177722473 1043.17036384559
-123.18705988896053 1067.9185120016946
-136.65693511991043 1094.5016592420648
-144.10927406122175 1072.3602552918248
-151.0164661319177 1049.1873173828528
-155.22628774713957 1011.1546862830841
-165.3377747484187 1013.6036800649656
-173.4659480502744 1004.126767329215
-180.53387722259305 989.6683884892848
-187.15762896906293 974.1847986489414
-194.00674906638375 961.6248651718056
-200.39441452188464 947.0301360719368
-208.47009734677732 941.1887262989422
-216.67882132658843 936.2538589445281
-221.05824783058577 915.6949552476913
-230.18959423155718 915.5046426466176
-242.62602937968904 927.8004148885935
-252.69377459968504 930.291274966375
-264.7288196291966 939.4118649760244
-278.64045946531274 954.1464742632336
-298.35202512543384 986.8875665969009
-522.2248101812928 1670.2638257566116
-533.9894011737231 1652.883637596467
-545.7888941897825 1636.3799934547887
-557.3244898047292 1619.8019672367047
-570.9357461535479 1609.7504072880652
-583.7206202481846 1597.7081202450825
-598.7932635312338 1592.1204814804735
-613.8124292834402 1586.3906522849793
-630.2553811603462 1584.2358266743074
-647.8475395218205 1584.6884758637968
-667.0528887338864 1588.6376061367102
-685.2028299351817 1589.609411726295
-708.6889664615134 1602.2683760268478
-752.7180396254986 1659.2466823297693
-889.8186036587456 1913.1970239844093
-905.7076962790434 1900.1890876702003
