-744.6511645114076 1520.4419236497672
-763.646225876035 1523.3057610687645
-1094.9394914394484 2133.4271747791913
-1090.9377188957674 2076.9137905773796
-1127.6235102119385 2098.1871268352843
-1144.5768452096063 2082.143089561816
-1084.8857545426558 1929.9789894168312
-1040.8545893793605 1811.2268559647416
-1045.3199639472844 1779.7196894379879
-1057.0016686254703 1761.1540172633884
-1069.9938864635135 1745.0851219727667
-1091.2691084098706 1742.4889477498348
-1110.4357262561373 1736.275755130505
-1132.3161312495542 1734.041861926073
-1153.1441899147642 1729.8842381112736
-1172.3072250074913 1723.0066077050417
-1190.3025740940402 1714.277918572453
-1206.5033271790364 1702.914772237858
-1224.9388695534462 1694.6403057454775
-1254.6017448810971 1701.4612724776625
-1290.513645433909 1715.862328670014
-1398.0191586634257 1822.5672640563935
-1414.0050924840045 1807.6544466322378
-1430.457592590304 1793.3842521335887
-1448.028561530089 1780.51629731185
-1462.2926732155531 1763.6272672705286
-1475.7213781377259 1745.8643744882622
-1491.556034377321 1731.0359893175532
-1507.2422269347244 1716.064354662975
-1522.1116558280676 1700.205901410867
-1532.7717299872097 1679.7877317542284
-87.17002992471005 93.73038932451499
-81.17555043604172 85.64187066736484
-82.67871056382565 85.58756229443122
-773.8287356572123 786.0013281611936
-796.1207164389564 793.4530892603057
-811.4727021182686 793.5597354433224
-1646.5796448404076 1579.9681874003782
-1661.4864033622653 1564.2847986994964
-1679.9165381920384 1551.8535448646169
-90.39603729330499 81.93019249133626
-88.91036474104186 79.0945449548507
-91.15980907622561 79.56688512934319
-1743.9512448490987 1493.4021747638105
-1754.9082060523704 1474.3002368344282
-1771.0621426450116 1459.5766122028883
-1786.3166058716708 1444.0505474487775
-1801.4356270205212 1428.3664381737556
-1814.8387734667574 1411.297710024953
-1828.8753615490557 1394.7096156257082
-1843.5612776783723 1378.5810877292952
-1860.524933418958 1364.0733015957692
-1877.3786113777248 1349.3678332987806
-1894.1200885900994 1334.4654697666156
-1909.101370137126 1318.230616599595
-1922.2882813502797 1300.710868480535
-1936.147945109147 1283.6121433866338
-1954.049180284268 1269.0909348940997
-1971.8482709315458 1254.345804164176
-1988.693800557884 1238.8486459703781
-2002.8608077473302 1221.5828194558535
-2016.8788307343489 1204.1597826433358
-2035.0632250184087 1189.10330509072
-2052.2743344194373 1173.3141336757417
-2067.6225911077413 1156.3294602927442
-2081.9553250939716 1138.679509042318
-2100.5479824168565 1123.2195571501034
-2119.0335811135433 1107.5096758553002
-2132.065533272747 1088.821639126628
-2150.3022998979063 1072.6644484897292
-2169.3223139558218 1056.6975433743373
-2183.7161528496645 1038.3196828450577
-2204.305786756103 1022.7101243624988
-2222.972234354742 1005.9793463525415
-2236.943901504366 986.9685818314721
-2025.678904408614 871.0051528170872
-2088.230138097312 874.6375765664777
-2039.9093498476404 831.8526578692748
-1993.7603975271766 791.1665294059623
-1991.8106485261426 768.7101797282688
-1953.1001370023 732.6635345379194
-1855.5242275025153 676.5019151127325
-1622.3864080186092 574.197999888954
-1567.206496535597 538.0639341348015
-1529.5219395904007 509.02518239436716
-1656.089596222746 533.8232378632297
-1760.3402477819072 549.1249512079501
-1782.6823706980551 537.6686388495816
-1791.5223855202182 521.9229274327259
-1809.850522525814 508.7642736209349
-1832.9147243745012 496.61314236651725
-1828.8156633055635 477.00447550126023
-1811.900889465392 454.35577112492035
-1805.4177669806793 434.6443220272147
-1818.2126905167927 419.59338894182554
-2430.4369330913 536.7469741561255
-2390.3896067048395 504.268309689874
-2369.556983701435 476.53824714471375
-2336.629764655784 446.9925535449718
-2316.150095000158 420.43398700718615
-2285.5237209671814 392.60962914367144
-2073.9385187585244 336.12500711743877
-1932.6875600657227 294.5229959904715
-1930.4337710189059 275.5457415924382
-2247.179025687133 299.1244331575521
-2281.663189614277 281.8050552406799
-2278.2620800899913 259.55903841713365
-2249.779878936514 234.80736004734743
-2229.000373849194 211.37249911034272
-2212.962829397049 188.77636427002187
-2203.678866639936 167.03129265058462
-2214.1387188109256 146.80168208270484
-2290.305943868568 130.13332962891135
-2273.4532236295368 107.64032686900565
-2245.389414876286 85.06101081888518
-2219.103672494331 63.07844895185872
-2181.6073759609053 41.3915106389279
-1787.9189124788022 17.028282374248906
-1743.9999948409775 0.13414421609454244
-1704.9251543817586 -15.975542442642782
-1692.7002859400104 -31.855014967928742
-1684.3353230909026 -47.32356060425105
-1645.8446284038457 -61.680297941943074
-1654.1845798926302 -77.52016283163209
-1647.3950874227965 -92.6791558832747
-1640.4672767071265 -107.7177518011945
-1638.3887746136575 -123.0090371475107
-1641.1500731148353 -138.69187977372948
-1636.79166636105 -153.78244675845508
-1632.2948155613346 -168.80353992611754
-1635.6099412765168 -184.65134713136942
-1632.8153989619896 -199.84712385370716
-1640.785301163463 -216.44536374319517
-1644.6260731724597 -232.65012237550096
-1077.7770301540718 -162.77798767729294
-1058.43233311662 -170.01469410997524
-1049.8921636640275 -178.74967042449893
-1036.3608436358481 -186.45428871010958
-1034.5683067027312 -196.15661795168515
-1052.2990882792358 -209.75134995200656
-2296.3416789055586 -480.136328266462
-2290.7652117891676 -501.41773448545894
-2288.8909360339885 -523.5286839719992
-2284.857783421287 -545.1842895197572
-2280.619681377237 -566.8102583005967
-2275.2086574895934 -588.1543716443861
-2230.966427354198 -599.0732843471209
-2233.9251101804534 -622.3661318751599
-2275.0726827736808 -656.8624575182905
-2281.273634458135 -681.8735987895203
-1392.9591522029575 -430.61444505963584
-1382.1951571851769 -441.51732406989896
-1396.9913078138968 -460.71280196280424
-2250.3341577429396 -765.588125884521
-2266.6532626171047 -794.9131946742575
-2300.488018502755 -831.0661085168058
-2372.269351944372 -882.2126284663068
-2312.5302358077165 -884.7485001259437
-2182.231605757226 -858.4231001285078
-2149.0603455870933 -868.7137796910345
-2127.896389341472 -883.4438047932227
-2113.173894570265 -900.391632183873
-1338.714315789026 -585.119629393443
-1325.9353601511398 -594.2259003955204
-1304.9247120715936 -599.3892690271226
-1262.2179552689288 -593.995650991423
-1236.8421472924454 -596.112827140142
-1228.5758019553848 -606.2190188782296
-1222.013857688425 -617.12489142592
-1215.3553676535623 -627.9612490557635
-1208.6010563084542 -638.7272396650143
-1200.8718959752437 -648.9465998499599
-1192.1819534790372 -658.5941009445096
-1184.2873528641765 -668.6280474568515
-1176.309311955898 -678.5723267315298
-1168.2488138087551 -688.4262553349026
-1161.8204464444207 -699.2204589567496
-1152.736390855617 -708.383944762419
-1147.8179788430587 -720.0964431551065
-1139.4127899849375 -729.6214731069397
-1132.6039891950504 -740.1467446793631
-1125.6979646681962 -750.6084813948486
-1117.0416576209864 -759.8808690441936
-1109.1318864502555 -769.6274803171323
-1102.7699942340064 -780.448166002797
-1094.6809852784784 -790.0465432300427
-1086.5088519765911 -799.5620767498358
-1079.8542186031325 -810.1943387638659
-1072.3014716023367 -820.1643457255766
-1064.6566772864862 -830.063949048083
-1056.13758782348 -839.2701564969415
-1049.870685853762 -850.2779210263848
-1044.2615797159096 -861.8780384307473
-1037.7621367874196 -872.8033841882196
-1031.1497575432522 -883.6821699675128
-1024.4247478453785 -894.5132397018687
-1017.5874252941741 -905.2954390049549
-1009.8971821858971 -915.3560407912241
-1003.5771706942955 -926.7086178844096
-996.4049324877247 -937.3372981558626
-989.121769096147 -947.9125096231766
-980.2902741491325 -957.0428299760771
-972.4880833872859 -967.8072781652984
-963.8674514477817 -977.7977991586798
-959.3155183270916 -992.02506838125
-953.2024745177039 -1004.8034845547293
-947.6135236276937 -1018.2875869998154
-940.5048738817286 -1030.2793709497992
-933.9202318585689 -1042.9731542687173
-925.1985998960095 -1053.3810092983754
-915.7104464742596 -1062.9597255860224
-912.5774807024723 -1080.091820964648
-887.5063620335496 -1071.080509275551
-776.9284126046824 -956.1413293481087
-735.3225436811551 -922.8763496559416
-713.513331558194 -913.334399707318
-693.7799730428429 -905.842342245422
-674.2568419293924 -898.0571869939031
-656.7258702423767 -892.3985272031734
-642.2909997075943 -890.5426838139871
-627.9526052705828 -888.4928393261746
-613.7130727432282 -886.2506780499888
-601.8203628304884 -887.1280915868797
-589.4141022739309 -887.0265024454545
-575.4291641336665 -884.2546449210374
-565.3136350072624 -887.2003686174143
-556.253181553595 -891.7305635737195
-544.5523598400298 -891.901187011574
-534.4383664168929 -894.5052445355716
-525.8385638700081 -899.5875748069931
-516.6940903636529 -903.7191029204137
-507.03077619484736 -906.8852143415123
-498.3135515491073 -911.7042307363256
-489.55052960550546 -916.439457336364
-483.98139696755146 -927.2960732092729
-485.9698188311769 -953.2750574651542
-479.03692085850406 -962.3661613203175
-475.4702808296519 -978.6071796424609
-467.35204932286314 -985.8311528825411
-454.52232104153404 -983.0048116235325
-417.953929055466 -927.1480535422045
-405.3145418383612 -921.8292261446039
-400.86143730180794 -935.7532303360372
-394.2546990033971 -945.0604384449392
-385.62588527945485 -949.693464546554
-377.6793599575883 -956.1078919567741
-373.23092268835984 -971.7919933551601
-367.8186435802489 -985.6030871678446
-359.7921068059266 -992.8170223561604
-352.6567749567977 -1002.7971874098324
-351.8193561645224 -1031.6603804682918
-357.9941981119761 -1083.3841212230143
-352.5507699364637 -1101.9786543382802
-345.6030611573413 -1116.745057799082
-339.5522355606865 -1135.3102128166292
-334.01140780079123 -1156.7421404353408
-324.06915268736947 -1163.7195470887693
-315.0606853545854 -1174.4755274350755
-309.37535696393337 -1198.7205214325143
-296.0364982598237 -1193.8435373607638
-283.9757446029784 -1193.6862135742308
-273.2778810451679 -1199.2577703444172
-261.8609861748371 -1201.8023231461743
-258.7677567017155 -1244.3794630624382
-254.8876653778306 -1287.0028275175773
-247.0756610366549 -1312.954537569104
-231.76940683601325 -1299.493340519636
-215.74449597662152 -1279.9446521064078
-200.89681953938114 -1265.1487927903822
-186.49773154783495 -1251.1768844282217
-172.38276142884663 -1237.0469609364736
-158.68219043854205 -1223.7548620690445
-145.36934542649647 -1211.3082817393233
-132.1980194998022 -1197.7264644485108
-119.39855668196148 -1184.9999935283815
-106.94400951777652 -1173.1355330175033
-94.80733092597168 -1162.1392214372138
-82.8895545804809 -1151.0192534190944
-71.12958477531296 -1138.780743677066
-59.557106954935904 -1125.4252311953728
-48.37518237098871 -1114.951049028868
-37.66045574836361 -1104.3580443283897
-26.835894600590287 -1095.6714082063957
-16.151845227626676 -1084.8797711708623
-5.677496049382699 -1073.9849933954429
4.586167029625199 -1062.9901067611008
14.66602626406402 -1053.897958852574
24.524713050097482 -1042.7116276563768
34.302427160571405 -1035.431959855834
43.771828454311304 -1024.0649525463539
53.13076360334438 -1014.609837306403
62.37410694626793 -1006.0683231185919
71.31546969075747 -995.4486947014329
80.13976981576143 -985.7477452644143
88.784441384095 -975.9699395822159
97.44913651572071 -968.1077759177128
105.97111741000725 -960.1698403276758
114.46897248428286 -953.1510133962994
122.71312671790888 -945.0663937158671
130.9509609772143 -937.9023647582642
138.61927988500315 -927.7007573803975
146.26117927660297 -918.4267349313267
154.5716195570121 -914.0222176881272
162.634813185483 -908.5587034089339
169.4935457103843 -897.1292760592098
177.12333076198462 -890.556750409417
184.84710543599567 -884.8997387342444
192.69252566905945 -880.1537312034068
199.34774547019893 -870.4650919916023
205.83485815059802 -860.730510188946
213.12123518885969 -854.8335154353593
219.8110197009329 -846.9404439616968
227.1505124262186 -841.894675541131
233.06469933366506 -831.9716617316411
240.20440449960617 -826.8148789535597
247.26665303726136 -821.5979566039283
254.54832036560504 -817.2766683315077
260.54377187111317 -809.0840147593904
266.40554719946874 -800.8520989679378
273.10767489807154 -795.4201392420042
280.3977617563676 -791.8188525174298
287.3848641921938 -788.2454819618279
294.26354163215024 -783.5674623579669
299.99709610613803 -776.0320498071485
305.9824677647205 -769.3885425587073
312.6247633870247 -764.5533057395062
317.652832290609 -755.973993030021
324.52604393511007 -751.9600034628351
330.9463561156812 -746.9695504997194
337.71456892978205 -742.8356951120292
344.43388331867015 -738.6408464348697
349.3784275202968 -730.7767883447344
354.6436069312131 -723.784437566061
358.460727922643 -714.0776614186785
364.41014422527246 -708.8118557034131
370.2914492980438 -703.4978625246521
375.62998819359717 -697.2561308225823
382.3309777758147 -693.6043709730998
388.01415534717114 -688.1460711580219
394.12726225283336 -683.5091083146489
400.18708176563143 -678.8183111760524
405.67701627002043 -673.2177645236744
411.6206312684693 -668.4261035553196
416.97708212064515 -662.7360809448605
421.72152765450727 -656.1638157600194
425.2806852463519 -647.889912528659
431.50370058553483 -643.762033969843
437.6866527673755 -639.5743850321797
443.2562851938557 -634.5075772882017
447.6078554530328 -627.7644524315923
453.04754154373904 -622.6137848627944
459.02571916512665 -618.219531513635
465.5651241508589 -614.5649804328224
470.85366796318664 -609.2592415102237
476.08324701926233 -603.9087198472929
481.2534900313347 -598.5140585923275
486.36403262584645 -593.0759038840852
490.77298405403536 -586.8278096023548
496.4045937767007 -582.071713174063
501.99011458907705 -577.2615740328168
507.52902790094356 -572.397838778173
510.80340660666013 -565.4413141954088
516.7720369516426 -561.351638302455
521.3405062248582 -555.7410157341354
527.2312178668943 -551.5398833326484
531.6934299495658 -545.8443885838401
536.7996803323692 -540.8235416428045
541.1474199446103 -535.05183850473
546.869503248911 -530.6389982052671
551.8321864120935 -525.4762012114807
557.4767695164483 -520.9497590454428
560.8738824721639 -514.3359679826029
567.1694173853379 -510.3801053947698
573.440004867783 -506.35122278635515
578.1732632984384 -500.9397943933328
584.3792623655028 -496.77950613642554
589.0220847487553 -491.2656956049649
595.1607668379135 -486.9750112859045
599.7109725398916 -481.3603114250876
604.9939179296126 -476.32169724691005
610.2350569648465 -471.2262463521217
614.6365934228755 -465.4705769707929
620.5895099126934 -460.86620638350456
624.0848276168831 -454.42505205853826
627.5139622079056 -447.9589570866233
633.3347154847459 -443.18860337542066
638.2964123889136 -437.78269715858113
644.0423171326378 -432.88046126202414
650.5874667117296 -428.45880567169365
657.9464587189195 -424.4943550381243
664.4427528476144 -419.89502043758984
670.060155777814 -414.68468459663626
675.6381610719919 -409.4057587568317
680.3159041304821 -403.5483497514576
684.9431504634563 -397.6391336792634
688.6498316839044 -391.1846230640082
693.1698018126799 -385.18128959617206
696.759043560003 -378.6500167930143
702.93600358083 -373.4929381793067
709.0773373725624 -368.2530782283255
715.1820334056262 -362.9306532848857
721.2040753495144 -357.6166686540938
729.962933261671 -353.3767339030929
735.9932358620316 -347.7210904810578
741.9816714200556 -341.98274704537465
747.0151063763874 -335.75203773838007
752.9128819040296 -329.85783644316933
762.4446608807273 -325.4522070818892
768.2664171394783 -319.35984765726096
774.0409398093418 -313.1862441089502
779.7672106583391 -306.9317467811262
784.5102730728904 -300.2392903054142
790.1336483614682 -293.83297590126904
797.5869176841106 -288.0262292555311
805.0006852242408 -282.10440760204864
812.3734374238592 -276.0677419912424
817.8040007320471 -269.29095117856804
820.3205731705976 -261.5246780574675
826.5857569343809 -254.91368428002545
833.7573225073239 -248.49291170055207
840.8810114979395 -241.95893143713877
846.9917350715493 -235.04467813691556
853.0465934777544 -228.03620185400104
858.0758654969574 -220.6848636668303
865.9545660379282 -213.97824552524838
874.755739588272 -207.3726019930676
881.5585379005313 -200.17628294750006
888.3030757745751 -192.8695039902099
898.9046651209921 -186.26433642465474
906.5168318187272 -178.89447624042964
912.103786472155 -171.02830965415455
919.5918659444274 -163.42215299293542
929.9757435472577 -156.18615948196305
937.341135980939 -148.29900470995344
944.6400374826941 -140.28613468441705
951.870725472229 -132.1481062632858
961.0150010934007 -124.14172414402499
971.0852424730576 -116.09242805214693
980.0944275469574 -107.75394698757809
988.0370747261646 -99.15512577049819
995.9041478771971 -90.41530977104422
1008.6600589530832 -82.15160054900228
1018.3648391599512 -73.30794201671985
1024.9975472943686 -64.10170076159308
1035.5410089142397 -54.98926128689655
1047.001896816987 -45.727760295374814
1056.3803758488243 -36.18703526812572
1065.6712116883295 -26.473922616937973
1075.8718720446432 -16.60466630664263
1090.9801813738745 -6.576005583028607
1100.993720620293 3.718488225639249
1111.9091579692176 14.213529617430732
1119.724338618482 24.847645872455765
1134.4336462626075 35.85111193987338
1144.037900424549 46.92848167360477
1157.5281734636428 58.39116061462494
1168.906369860404 69.99213169901401
1181.1652888884385 81.88137959934261
1194.2997324909231 94.08585957575866
1203.32334255967 106.1929058413183
1217.2002702538996 118.96428915365284
1231.9363884683164 132.1125836839226
1245.5381973404214 145.43245499534513
1259.9892320161844 159.14501312722982
1276.2728957901559 173.41134758547335
1289.4293316430885 187.56598491853026
1305.395663168017 202.44298600379597
1320.207941422043 217.47411663499457
1335.8366019223558 232.97333101566252
1354.239347905344 249.3286758175018
1371.469063012753 265.8601308938999
1389.4857682112652 282.93691865564364
1408.278726707569 300.5844771489518
1426.8607418904514 318.6101430460595
1447.1741123330507 337.46568506004644
1468.2286527536291 356.9672579288796
1489.042233677279 376.8941845205097
1512.5099556386829 398.0070779444378
1533.7805830177417 419.0669673903644
1556.7108898960828 441.10679577506636
1580.3194340972132 463.8959864179293
1605.612988362888 487.53556957456624
1631.4195112275843 512.4162159670107
1656.8947121615759 537.8326066826075
1688.667827554411 566.0052722216166
1717.2156545373095 593.8513246697355
1750.0924449444074 623.9715010707672
1778.792676954019 653.3923877845183
1810.8291241056659 684.8312808938467
1843.3561208698538 717.3020365589695
1878.2101816868674 751.5687017217952
1916.2738539171676 788.085348673255
1956.5712156280852 826.5622046619579
1997.2220035932808 866.2755152737734
2041.8567249536584 908.8707910157085
2090.404106036047 954.4708866527229
2133.7338868611173 998.9573064253292
2188.12092640529 1049.9789576116536
2241.7229939697722 1102.1261353888676
2296.3099107984513 1156.2879371371166
2354.5058127425996 1213.8794741494362
2421.5343153182494 1277.8167160184505
2490.1900009226456 1344.5645240392428
2565.6635626216216 1417.0855596737017
2646.9378786288466 1495.09861436623
2733.8766196711094 1578.7867583735522
2821.172886142178 1665.2806209453752
2806.8742860325415 1693.1452218901097
2779.530975784367 1713.0185505870054
2746.9873098699695 1729.328401262568
2741.30359995757 1762.479949633376
2722.6971233451522 1787.447726376364
2695.5571025995564 1806.6535103956937
2693.8846140748597 1843.0088675995958
819.0894484766202 571.9208646257506
802.1956562612315 571.5830027875323
791.0457389548363 575.0918525604385
786.3279392775249 583.2061144325917
771.1600469367797 583.4390987999208
759.2268558964294 585.8801765596977
756.7477060276011 595.5685597997626
745.7327217161953 598.1794946015414
737.9498087891515 603.0249411989978
730.1405633327835 607.7785433659909
712.3905103562881 604.0329136349337
713.6903428869982 616.3563048025378
693.8003488925237 610.2598429166155
700.150417843403 627.2076150635514
684.0863920080911 624.100799766634
675.4633578742349 627.5613533107844
666.8341019227627 630.9170155518573
649.5582427026964 625.8419044271365
641.7098427886757 629.6105762041591
648.702501110293 648.1312097509657
635.0825325155859 646.1471789720898
625.7194861557658 648.2870696265385
620.4976778459692 654.6652822532747
614.5302818545202 660.2700452722386
609.1868875697115 666.558576580579
600.4404196493296 669.0831805174429
596.9874535307001 677.5064430150684
588.1966011513565 679.8718691003415
604.0129468433498 711.0958866746543
666.0615430685639 798.7252474068437
665.1192297935075 812.4754828047991
660.2232785097453 821.5967517668527
653.977745934678 829.125507882973
648.2619805004301 837.3991907314337
640.6349211269542 843.2484200000977
635.3458526436846 852.2350893553196
627.5846724782517 857.9664788733679
621.5209138260415 866.0645205045882
614.2104275359442 872.4875647859473
606.8345005749051 878.8491843951416
598.8329413294479 884.3207044837986
592.9947181996554 893.0516581851865
586.5015738417138 900.9111520461897
579.376522551245 907.8831671071046
572.7034204167737 915.6477446283194
564.3692778605106 920.8079703212857
555.9886436134185 925.892341567264
548.3936029838061 932.7317171654664
541.1262032984126 940.4293870907294
533.2719765625216 947.2011396810612
526.7854847698412 956.5359653645039
519.696493165988 964.9515816821972
511.09816276044035 970.6635194664021
502.89597293477095 977.1881294847939
492.81933487433383 980.0704582702303
463.33542692170636 943.3563919109681
432.4224627278674 901.6711228204916
477.7972676372762 1020.7050362559954
471.9515239220245 1033.3236468153038
464.2832957058438 1042.267730157909
454.895386316833 1047.4894689244657
446.22979109787883 1054.4685739920103
439.7596905961054 1066.924277784894
429.37110340934913 1070.0698367662917
412.7796091004758 1057.278579330376
390.07720036114335 1027.4438075916426
369.7020613757094 1001.9702519608809
351.52626306331854 980.9145153257437
337.3920110070512 969.9977478884257
323.1739725428669 957.9559402555329
306.1040088117846 936.2293179501243
294.2998121044191 929.5227918643542
284.99163226463537 930.3272378787686
274.8424824576946 928.1624910738915
263.93425029836243 923.0052608297752
250.48787879997 908.0858013284271
236.317218869981 889.1311332225172
221.78085091460088 867.0860707955096
210.3047160019956 855.5307863702626
202.04971301425408 856.4904631523094
193.79520998431312 857.3706413139745
185.33064770489037 857.193998474841
177.08860303156158 857.913531002006
169.23530491593527 860.5163633365785
161.34876129243122 863.0472624540316
153.42963148768015 865.5058337074075
145.478579306468 867.8916884974598
137.5814610424225 870.1909799448811
129.8136844984733 874.4166096986784
122.39098686428913 881.5443530159929
114.71720505799142 887.6175769235774
106.82092895480177 892.6311047332113
98.84029029706593 897.5742849558424
90.87600071306588 903.4409513047318
82.90055359859628 910.2326615833153
74.96771793631753 918.947137362874
67.0936440604055 930.5844630804319
59.006779338298266 942.1540213744892
50.920099210808175 957.6471915566617
42.59020342806748 974.0693376613165
34.46914070736102 1005.409308858286
25.36349267210483 1020.6849137904763
15.911234268894962 1031.87733409744
6.256212733249589 1043.9812545262662
-3.6908117090400374 1074.9936641250163
-14.106171974380663 1096.9093015888911
-23.887664335436817 1071.733819328567
-33.22756921096354 1047.4731159530209
-42.11231303931577 1023.1336926768068
-51.55208697291924 1018.6964132305251
-60.31244370489193 1004.1904247374321
-68.7346365342673 988.613448088029
-77.10490730026588 975.9589301144887
-85.3309638882301 964.2316249749879
-93.24534272744819 951.4416987181299
-102.20925887602473 950.5205244496374
-111.16409405166725 949.5148994058345
-116.33994011457197 918.6626248705984
-126.07372331611754 925.4520064753283
-137.38889783157197 942.0341239852334
-147.0303631722637 945.6379181829757
-158.05545394981525 957.036296843917
-170.1694779814787 973.2349915429012
-186.05139682350392 1007.9731532833715
-200.1226341745616 1029.7339128585766
-347.2327107190625 1700.9190000134315
-359.0648301528421 1678.0132442109361
-372.4247857550006 1664.8530802912737
-385.32326165721923 1649.5944907842782
-400.0975347605454 1642.9859897998322
-415.2731445813748 1638.1844265495556
-430.64868824450866 1634.209811289017
-445.9862039277394 1630.0908888482645
-463.46793176380095 1633.5242502719648
-481.05337512961376 1636.7723269521657
-499.0315696504316 1640.790203679991
-518.9272708789771 1650.3376889406898
-540.899528610082 1665.361432227068
-668.084152829371 1993.0046574803237
-687.4362061868604 1988.528969470502
-699.3799908817766 1963.1412655115284
-704.3637287523102 1919.86893761479
-678.2186159202316 1796.223680118722
-682.3971276592307 1757.1451733315694
-681.8238753893995 1707.9336061302208
-642.4406362176238 1566.3712934474684
-654.4143055037064 1553.8139903965666
-668.9864688477677 1547.5959112438215
-970.5207247680207 2188.452769148961
-967.4463258057707 2127.3496672350116
-1004.2943329402239 2154.4191543950196
-1022.7708704249463 2141.2773633068177
