-871.9838129944764 1847.5641341711562
-889.9471776349034 1841.2004293448526
-912.1167223782193 1842.6011735473344
-932.5828292453374 1840.178868098632
-952.1630038832112 1835.7585936163014
-970.336096538703 1828.4823925195542
-988.9335423955259 1821.905444507216
-1010.4048452180198 1820.3862361487875
-1031.9347673670868 1818.6235553019312
-1052.5172683126657 1814.8860570029306
-1147.0409332237905 1935.6645105774646
-1182.2978831241517 1953.0132399858815
-1197.471441535622 1936.695935532111
-1215.6461455898532 1925.3398268130572
-1233.1713483607678 1912.9726672334045
-1250.0217896847898 1899.6108878697328
-1267.287590516262 1886.9316794530446
-1283.2948480413809 1872.4460827993016
-1300.2879792737863 1859.4655605727396
-1316.5697462874862 1845.5170286834268
-1335.6461912966201 1835.469763214538
-666.8954372142312 898.5607802607676
-671.0984088344953 886.6628026819488
-667.8050653440131 865.2660831795491
-681.4848405614957 866.0152493373732
-697.1147098411251 868.922943259714
-710.9597461580526 869.2900777892713
-1447.1844941718318 1735.873566775132
-1461.51540007946 1719.8900358251326
-72.67071547404176 83.90451187207317
-1500.909009352033 1700.3223652136962
-1518.1831856286328 1687.6077194877062
-1532.6477818608164 1671.76995330013
-1548.99689545444 1658.001694170578
-1564.5330229647984 1643.3494515934917
-1586.8936727408823 1635.7290336161898
-85.7703626920205 86.76084879529049
-85.87343932626112 85.24524865515352
-88.10453888477379 85.82884263405504
-1652.3958504911802 1579.6784335045943
-1668.6488466823455 1565.4248709106669
-1685.298478234912 1551.9181805942897
-1704.3465038829695 1539.9389581090218
-1719.5767946331428 1524.421085973035
-1734.6659409354163 1508.7528204973294
-1751.894563092179 1494.8827511908967
-1771.3161118144335 1482.7471908678826
-1789.8914663181379 1469.7430179461667
-1807.600039612473 1455.8925430102959
-1822.8522666514564 1439.9786852462948
-1837.9650170550449 1423.9064562259168
-1857.714320756953 1411.3066649224515
-1877.38909317042 1398.460293624652
-1894.5637173740652 1383.5983235064157
-1910.8116588862151 1367.954240559424
-1931.0257369655976 1354.9983775549217
-1951.164972905982 1341.782116628776
-1966.2504956559922 1324.9528249460675
-1981.1919822647985 1307.958076319604
-2001.0259036042487 1294.0573144589846
-2019.928585485552 1279.36293112562
-2039.5814971622833 1264.9534839009925
-2064.2704325019477 1253.4004074908466
-2080.325683015877 1236.3838613410173
-2099.701024792981 1221.1865567894633
-1940.7996381876417 1104.348570158317
-1917.949437055542 1067.4712909012262
-1903.3618024392701 1035.9067762183681
-1887.468158390371 1004.2449656644843
-1882.682139126433 978.9749552538709
-1868.672865441186 949.3564778121163
-1745.8839934424077 866.3083062291339
-1526.3093398227716 739.4564214135779
-1480.7981182883514 700.2006375844554
-1459.2025520985176 673.1841590153268
-1576.7591750115391 709.416312201045
-1667.6477247219275 731.4315184826108
-1704.8328766570257 728.601991947133
-1719.9536503934874 715.9109165937601
-1727.5716244509686 699.9944874010375
-1735.9726148806367 684.3647276010688
-1754.381190258567 672.8949689713351
-1723.174297056716 642.3327346189773
-1731.0415202702457 626.7186410986004
-1747.2583394199398 613.9969831582841
-2304.8043662640002 785.55829398613
-2295.975051245759 758.434284600212
-2266.838949980312 725.1490707793506
-2252.5668549831553 697.2134277474131
-2238.9292575082422 669.8990818575521
-2218.2536080802724 640.9617229124173
-2003.614982651069 558.5042536061445
-1874.5560675206254 503.50824195995875
-1875.3528381095068 484.78936930858765
-1926.429246989028 478.6390668815981
-2216.8431663465753 528.627823541753
-2217.835014024119 506.78679004946036
-2194.1891080491605 479.6354429339327
-2175.125277442265 453.9978275627645
-2162.6405667981985 430.1287933151726
-2153.8308821790897 407.2794261580664
-2163.485313399335 387.9887868294403
-2245.925005946649 380.92632839375153
-2232.6340617939723 357.0240133623354
-2208.2155768816942 331.772461209555
-2188.473071261531 307.7102799113521
-1817.473634538578 238.0726522663447
-1732.2813972571962 210.30016813273477
-1714.313297880369 191.71571847538692
-1685.20756343491 172.3701486388354
-1664.8536391387936 154.4226675275222
-1659.2612977475726 138.11931724795525
-1653.5101354379349 121.9353599413317
-1642.612199421037 105.55170445418358
-1634.5488690466716 89.54883973702148
-1624.3326388608148 73.6171062421086
-1610.96418848644 57.77874535004851
-1621.4343404123208 42.83316158844308
-1624.765998806722 27.576241977375794
-1627.9538343098848 12.260234734459278
-1631.9970264113247 -3.1154108226620196
-1629.8981137483715 -18.224675566390403
-1635.6557104328522 -33.561837381198444
-1635.2711486930982 -48.82898987236044
-1651.731036558254 -64.75787882718119
-1059.751295921431 -51.46057513133434
-1049.2414764857874 -60.77272432534863
-1044.6374813260802 -70.29603551199205
-1031.9708823477074 -79.12710020273812
-1042.1467566377291 -89.70026549270426
-1050.2232608000118 -100.28012003677733
-2315.292873597861 -242.9051449989472
-2313.918033657137 -264.62111313401994
-2312.339434211147 -286.33257060989956
-2320.46933937611 -309.35908749445156
-2322.430177397792 -331.7138391928528
-2273.757338824773 -346.44994463917277
-2269.4370673188887 -367.5002006517025
-2318.1447287027745 -397.62924538763497
-2331.059651793235 -422.28177770489043
-1428.2319438494642 -272.52433757002564
-1414.8403994126807 -283.6822944594294
-1418.0022646436248 -298.11168622774824
-2299.997424160949 -506.0008387868537
-2322.462455478743 -533.7200978899402
-2338.773245949698 -560.5039732507825
-2438.2255737371397 -608.461216162703
-2422.76001426489 -628.6834762256675
-2268.090211993463 -611.2019226568642
-2230.5041117465194 -623.4640386436671
-2209.218501838577 -639.8074797422374
-2189.7392555523074 -656.3825048652858
-1403.1434377849662 -434.9132016862521
-1386.641718902279 -444.02786331460413
-1367.2447561652907 -451.9311637169033
-1344.0363809064006 -458.22069660811326
-1302.9058065166646 -457.81815095642474
-1281.6496956017927 -463.8351622762469
-1272.578529552982 -474.03363395519773
-1261.561457546016 -483.3877210215127
-1255.1332992077514 -494.4101548510765
-1248.6412524288241 -505.2761846089497
-1241.9980262793663 -516.2033540361381
-1238.0191679202808 -528.2277348473624
-1232.0918204156396 -539.4207504952652
-1227.8880038496914 -551.3683433078294
-1222.6600088722564 -562.8663275632089
-1217.324349246712 -574.3147470952398
-1211.88149481906 -585.7125937822415
-1206.3319248746297 -597.0588639558669
-1201.568160880495 -608.8045291867206
-1194.9146025193502 -619.5926828861227
-1189.0478554918334 -630.7782473661186
-1183.0764036256712 -641.9082669542026
-1177.0007727532775 -652.9817615662686
-1170.8214978808317 -663.9977560956704
-1164.5391231411677 -674.9552804990864
-1158.1542017458569 -685.8533698819426
-1152.5229179988555 -697.2086656714783
-1146.780431581458 -708.5186248376572
-1140.081340235877 -719.2485923837229
-1134.1225694741304 -730.456704678242
-1127.2181727981913 -741.066927418507
-1120.2145158642602 -751.6118934975693
-1113.1122153983715 -762.0906743497976
-1106.7316980707158 -773.0749953824077
-1100.2429772413336 -784.0066269051088
-1092.0286601516132 -793.7086401239895
-1086.1392879800278 -805.1120711467679
-1082.5251229389376 -818.2837883069895
-1076.382926734185 -829.6269011038337
-1070.123032634291 -840.926688258607
-1067.6479358930887 -855.3080643740167
-1061.8985144641304 -867.1865687260574
-1055.2513984595473 -878.3925580565729
-1047.7248095886218 -888.9031012278482
-1043.875978185639 -902.6200430784679
-1041.3620949414112 -917.6649645808841
-1034.937128231707 -929.4009579333922
-1028.3834084157827 -941.0970010020951
-1020.2384137587429 -951.3877122871852
-1012.8233570710652 -962.1838947785903
-1002.9973672364356 -970.9852116879941
-996.6549808721378 -983.1982755796304
-868.1629770336222 -872.727933154496
-825.675920155132 -845.8033310858832
-802.4539187590057 -837.6560799446962
-781.5148069679838 -831.3336312755516
-760.7671387975307 -824.692282324637
-746.2548850096645 -824.4074518096088
-728.4956839660838 -820.1847587237816
-712.1971326667019 -817.2094249464627
-699.2694087639095 -817.8008889497323
-688.9649517589123 -821.2863661645916
-678.0216540710429 -823.8784113027643
-663.9502026838287 -822.4470368091205
-653.6911588244042 -825.5282362674263
-645.2733285471996 -830.8587915317607
-634.3894839208496 -832.9219547416421
-624.7210723155347 -836.4565630114505
-615.6333355476842 -840.6899524571662
-605.3549919340187 -843.2018345215837
-597.3862199510472 -848.8661285577361
-587.6610853242162 -851.9855918943491
-580.7303860842044 -859.139813230938
-575.3734996197602 -868.7400853738187
-578.0516131692996 -890.8986095579959
-575.5349797891039 -905.5873712895713
-569.0935609495689 -914.3639969321514
-569.8230926994469 -935.0543529797814
-557.9168375693555 -935.2271394461399
-528.4108434817755 -905.0336902518484
-500.0210015968089 -875.2388233860082
-492.7308577714246 -881.6554325811395
-490.16020181250013 -896.787029655943
-482.16315596148485 -902.2459149440693
-475.49570552798286 -910.2927188681922
-471.4470393293547 -923.6377477710544
-467.1887660766707 -936.9864763441134
-461.84492894943367 -948.5379600225247
-455.8953464208489 -959.1680942941201
-454.1374970493455 -978.7748125967258
-460.04787824549794 -1016.7654349562712
-469.30978634039093 -1064.104000765497
-462.3127643195328 -1075.8754146959732
-457.45001211648116 -1093.1443117972262
-454.1859307828985 -1115.047595521766
-447.9667367422221 -1130.4785724517403
-439.3372800363314 -1140.2923986286492
-434.4181520215362 -1160.3455817962997
-422.6643580018295 -1162.550575448183
-408.911715049024 -1158.978951187495
-398.17918601594147 -1163.76687348613
-386.7631248954545 -1166.5570218472405
-387.8614414866091 -1208.2733557469228
-387.6060227742413 -1248.2029366690076
-384.8994934840162 -1282.4871850883142
-368.2149902444901 -1270.7268475007718
-350.17485529076714 -1252.9878573721655
-334.0663780363575 -1240.8161245993176
-317.97111232964244 -1227.4845708699763
-302.64353408281755 -1215.9012670763454
-288.0303206897527 -1206.0839665476688
-273.6318245643791 -1196.0997552819617
-258.80874382361617 -1183.0211469455826
-244.87310906703928 -1172.7067666112623
-231.15765082924352 -1162.2354066466507
-218.0355245719999 -1153.5755328649325
-204.92314340860614 -1143.7877885759822
-192.18413193846516 -1134.8419535032438
-179.16154619124785 -1122.7956805965907
-166.6823651334812 -1112.58347513951
-154.69158422692743 -1104.2171497352156
-142.61680542758072 -1093.7410327905009
-130.8755893229966 -1084.128949949847
-119.4409016012524 -1075.3873120995431
-108.18468923360132 -1066.5271084297058
-97.1081648401967 -1057.5509464424724
-86.21250755508628 -1048.4614459011186
-75.78868579365992 -1043.2507249485475
-65.28311178550273 -1034.9430493102514
-55.20110911956227 -1026.5168471837032
-45.11447311198636 -1021.003763125204
-35.034629249452635 -1012.3939819819917
-25.173704558091764 -1005.6849827847793
-15.397973442527409 -995.880967994601
-5.82980646769426 -988.9828175234135
3.6049778637749945 -981.9933829382975
12.892278392844956 -973.9146724214814
22.048163617288854 -966.7486118330377
31.06814777335931 -959.4971444428236
39.90951907651491 -951.1630934214601
48.54284643952862 -941.7497502306801
57.24388986338439 -936.2516419602738
65.70307243464968 -928.6786883915487
74.1027695842306 -922.0269950169281
82.38126784294462 -915.3001293065511
90.53790290237492 -908.4998008464504
98.57203206599964 -901.627725003163
106.83758380228167 -897.6645981029276
115.03636821816715 -893.6261153229432
122.893386996334 -887.5320926212016
130.4977819773069 -880.380786307268
137.97668946435616 -873.1657535453716
145.9916851187811 -869.8335633189712
153.78063798500622 -865.4435367953963
160.94593223758488 -858.0357841583151
168.177432658854 -851.5517313377248
175.70595755590736 -846.9665970269203
183.162207791437 -842.3156211521703
190.76743778903156 -838.5748533550288
198.0867631079538 -833.7929205032946
204.37038054390763 -825.065298965081
211.00472706225764 -818.2310218742517
217.7861012376185 -812.3116483885466
224.74182132345518 -807.3011295348324
232.4538595440568 -805.1144037856185
239.2849212780927 -799.9798287762867
246.03910126877366 -794.7885005753758
253.6304742930111 -792.3986260146481
259.3149953805654 -784.2395891376419
265.6070712640875 -778.9620553624637
272.04544247439475 -773.5575461650612
279.42714816567866 -770.9218305820609
286.0838513337968 -766.3419798014605
293.0372701613891 -762.63894360068
299.94606923289814 -758.8730826374945
306.05677645581557 -753.1920403094252
312.08638694422956 -747.4637697467996
318.8227483143352 -743.5274407560854
325.9152709760592 -740.4459711178134
332.15483084111196 -735.4741112703508
337.48862694270014 -728.6360042465175
342.2932608295573 -720.8601276188527
347.8553814561011 -714.8577715825928
354.2264066476924 -710.6051314432394
361.0026204340924 -707.1867561257908
366.81953777580145 -701.9312122323294
373.5122656502934 -698.3928603649844
380.170866049285 -694.7906969781163
386.79473058252336 -691.1250511981121
392.8865580057174 -686.5283333835685
398.4209259512499 -681.0152463522007
404.3990857859455 -676.3175137577701
411.3666427729397 -673.2744501417833
417.2539067211916 -668.4632954215983
422.01164046122153 -661.9147794959928
428.31934548378115 -657.8506960430652
433.4806850002765 -652.0609601346266
439.69367726035773 -647.8876987389592
445.8664951096402 -643.6552404343844
451.42130944179166 -638.5474151399081
457.50431140259076 -634.2032836938337
463.54551161117354 -629.8012056713891
468.9439177329664 -624.54191374259
475.50030272566715 -620.8248240106051
481.41280133320345 -616.2513405360816
486.6581918070593 -610.8394259926937
493.105303600153 -606.9358776356864
498.24627954146786 -601.4246793432121
503.97230061599004 -596.634662261443
509.4825913440216 -591.9362204810419
515.711198642244 -587.8485856026023
521.2414359768394 -582.9505685911993
526.7251562819025 -578.0005274563384
533.5228979760002 -574.4643742959962
539.6133089361222 -570.1249659671196
545.6692851411308 -565.721690633802
550.989158818593 -560.541654887823
556.2598606973378 -555.3115948519159
562.195272721365 -550.7317635017523
568.8146654053179 -546.7822934403017
574.682036476688 -542.070619892839
581.2449805513777 -537.9760892305796
586.3011614824248 -532.4612174087044
592.0516165203829 -527.5641035699846
597.0089559878625 -521.9476089324315
601.9130167224544 -516.2845342445136
609.8239581015624 -513.1507966722295
616.9579381376218 -509.2768427574285
625.6272951873829 -506.57229248797177
631.1679191593724 -501.2614665262311
640.6086002795857 -498.96354701303574
646.8829843056993 -494.1036375253195
652.3221803204988 -488.5701311602159
657.714487412285 -482.9779012004537
663.8708590627612 -477.911584382793
669.1730007776436 -472.1953992048672
675.2487878089113 -466.9904437593941
682.1136150216233 -462.2737459580986
689.7824374788567 -458.0220398034653
697.4315067901966 -453.6665001257596
705.0595437151783 -449.2071235144702
711.8168561803848 -444.1145834775901
716.8338998481397 -437.8917218086079
720.9385602407174 -431.1004434676928
725.8419521769642 -424.77577668687
731.5579137399205 -418.89380377906633
740.717199378529 -414.8964094142397
749.8657794674266 -410.7630859555283
755.4757595488511 -404.60521095765256
760.9665056591497 -398.51094999372765
767.3541015874611 -392.69795361944574
773.699448764426 -386.7999004415893
784.4946070861145 -383.01071976225785
793.4809223771545 -378.19178444738867
797.9119510208708 -371.1287086956055
804.1015309977837 -364.8420587692986
815.7301880641876 -360.89923840424655
825.518601893152 -355.9775806541413
833.4421648550713 -350.1287732273545
840.4027977030065 -343.78356216224114
846.3884161932384 -336.96832037136875
856.9825282925011 -331.8764019953701
866.6192336757327 -326.2623236343506
873.4081506820547 -319.46549472854366
879.2032225980907 -312.23499703449676
890.6119978572758 -306.87826458169343
901.9970694958622 -301.3341776514516
908.5988569772522 -294.0631175438884
915.1433422029963 -286.69437249714116
925.4574291555903 -280.3882073496061
934.773473674314 -273.63214890589234
940.1944184540463 -265.63782770504963
949.4068087360891 -258.61692041619204
960.5042784202983 -251.95343049123625
970.5900277403317 -244.85913920256712
979.6547552514039 -237.36166605690968
991.5858880863123 -230.39406795332087
1000.5433647444025 -222.57128131443545
1011.3971022728903 -215.0160494335264
1022.1964752884161 -207.27606207166943
1031.9570848268936 -199.16218284498575
1043.622058566151 -191.24329759274966
1053.2579656679013 -182.78035385980075
1063.813159216579 -174.31454981624913
1075.2898286174147 -165.81852873527393
1085.7102250091402 -156.9786842555441
1100.0227338873024 -148.49237330955813
1111.2938550366302 -139.37707041628022
1125.4700205408872 -130.4079478547807
1137.5689379967087 -121.1317931223682
1150.5994682582063 -111.61032050815233
1163.550423220649 -101.85486057645262
1176.4185580294666 -91.86607820012034
1191.1959364698027 -81.78166626958428
1206.8846677842116 -71.48705244583432
1221.4850080113356 -60.85536298098625
1234.9916768801195 -49.91550898098204
1250.3984865688628 -38.789493246201424
1266.7036839993348 -27.400309168213116
1280.90398223916 -15.684013640064917
1299.9946835069584 -3.7179098487339464
1320.9718874563862 8.618152349123363
1339.8304514737406 21.315752477269232
1354.5666400830744 34.26685824599257
1369.1764293823185 47.496370639087154
1388.6510399776007 61.22327310041278
1406.9882643279857 75.2663539924841
1426.1805713640838 89.72166886329974
1447.218512961123 104.68799235153895
1469.095899378882 120.13841362425875
1492.800466956103 136.19018266982616
1513.346050662478 152.3966237955437
1536.6989547130966 169.32903644583942
1559.8651514787784 186.7129058262648
1583.8299802339561 204.67436017270518
1610.5643238904188 223.51411277903344
1638.0712029057963 243.02002841485594
1664.3634592332714 262.9054498656468
1694.3692168909392 283.96647135249077
1722.1541022316794 305.2642268045804
1750.668763588417 327.29173560571735
1784.8061113162937 351.0386659728665
1820.6073579481097 375.85881416457886
1857.0739134758003 401.5924300676936
1892.238919428571 427.82224322701364
1926.0984800647982 454.5169359793693
1967.3888931983065 483.794318817349
2009.2642157276362 514.1335540464236
2053.6385467342247 546.0711669437799
2098.614822827288 578.9169417192683
2146.824158361184 614.3574147650493
2201.253940039667 652.7611289436904
2251.3162924173516 691.0860666343872
2308.466945793991 732.8467508125852
2366.919493987459 776.3846398417155
2421.9031533353213 820.1427411520675
2492.3097956596043 870.6272925076391
2561.024580190087 922.1914658367801
2635.5373319727987 977.5806727721766
2712.0202093249013 1035.545935346819
2798.7970326668083 1099.4472110726695
2889.227307492499 1166.9711074570973
2991.543616306948 1241.6874774810074
3029.2124448011887 1291.4027118840988
3005.7367968540807 1315.4874792400612
2972.956200196862 1335.1450976246126
2964.5996120752766 1365.5933289537995
2947.7940780398703 1392.1602183201007
2937.9527267676317 1422.0160952952108
943.3854138563936 467.7958538967623
889.8320004598594 451.88827264889795
871.2759829771618 452.9924519097205
879.2653530450713 467.87652103362296
873.8746695798256 475.78152745430384
832.5934185504441 463.6779047857306
839.4198060337906 478.048521845004
834.8119787173833 486.05036795579844
824.1124560039754 490.4280373909059
821.0958333323695 499.32217303482696
801.845482640733 498.17649680474665
793.669658754893 503.674967386599
785.4622918843718 509.06285272817735
782.2283400008995 517.6512572180591
769.7870078143443 520.0663059651515
762.3110398858022 525.69751613283
755.6157452363391 531.8090310919249
740.7511451991012 532.0072752192588
733.2122126151538 537.2902858529926
728.0429684978643 544.2742286943391
721.3745189787735 549.7888716299586
716.3820709906126 556.2784629690428
712.8997799465167 563.9635659794062
708.5583550049314 571.0035530123306
701.8290410784819 576.1076263154816
695.8326243905987 581.7782729130507
691.3138011776947 588.6843197344795
685.9714610016463 594.9009620863518
731.5412580962435 646.0831120707036
783.6739767277879 704.8199047981366
779.4918644068196 713.8917518248691
774.4783183378689 722.2633414652488
769.3770313932408 730.6024798510638
762.7503866429587 737.5180321022782
758.9119573680961 747.1797915921744
754.2547855143898 756.1241422733715
747.3983677494398 762.9021430599556
742.5610459079262 771.7798216461264
736.2505785588473 779.1784683702205
729.8669898964669 786.5260180435678
723.4106887317363 793.8217529324041
716.8820908795759 801.0649585246675
713.5821842786526 812.0107550273624
708.1828396609295 820.6906028521238
701.3918888400893 827.813033401463
694.5300053631288 834.8796749533985
686.3325145630554 840.3408114887396
680.5952648837803 848.8427919336873
673.5233372599517 855.73787701972
666.9936956191771 863.3657452113052
660.9853158433814 871.7421707359496
654.2829381803869 879.2780201995499
646.9085660026519 885.9561542381161
640.049287324601 893.3856444980914
630.2333444864821 896.672700319009
559.6748493485235 811.7635511691243
621.2245616606468 918.6735241583581
621.7488486363374 937.578460300464
617.0756440808237 949.0214167668908
611.1711412175398 958.769438469359
602.7849158789711 965.2431534016606
595.2590328827675 973.4206098966018
590.7145742880674 986.6895619817143
582.4338963882295 993.9188882087035
563.6227745618312 982.862334203129
541.6464648317689 965.4367442433747
513.3131325261363 935.4136133156312
490.7942417762059 914.6392798471533
477.07356591859724 909.4667738305308
458.4756300208789 894.3294117253206
440.65277347696144 879.8188070432807
427.9771283070528 874.9351848257381
418.44907926960104 876.2085185949878
406.82270446774953 872.848375795903
394.05486960222566 866.6168471376338
376.5760750581463 849.2534719939633
358.66545820540284 829.8042474525594
342.3185622114868 812.8603828244187
332.39339456050385 810.4878970426056
323.2846540426894 809.8586496793738
314.57917736804905 810.0623069656071
306.2517131115069 811.1096647286773
298.62124353304336 813.9498466802354
291.3000379684992 817.6602521093654
283.28197429755414 819.4146221773686
276.2102241136363 823.9350169127993
269.3874305498007 829.3457736443686
262.1873058525825 833.7468540568921
255.51025386667578 839.9991131953575
248.73879387677002 846.1991564760211
242.14631562997326 853.3077767293753
235.44214182423056 860.3667810028575
229.64614366247045 871.2425888929879
222.43750512599647 877.2380271701189
215.84644948717926 886.0893353628508
209.7912405413884 897.8149226829021
203.09787139525136 907.5523426418545
197.28602045403625 922.1318919403068
191.6180511917408 938.640784569624
186.22957948750783 958.06813104492
181.51751683705294 982.3708012157681
174.1882495117965 994.8660481351327
166.6402932539706 1007.3092934467699
159.181882896211 1021.6736896669195
154.3617638031859 1055.7752819021525
146.61381890655048 1073.0300033576123
133.51248179527317 1050.5500545927675
119.21158165974485 1014.0165673193816
107.21999821674734 992.2237005748253
98.98355180866801 1004.1330870314655
87.69269209171614 984.1006004234056
77.58074572089207 973.9148976647756
67.59771012099414 962.6294975671575
57.77269448703421 950.2453976587879
48.44270286831515 942.7562275258712
39.38421670943492 938.1736957910216
30.546279249335104 937.5024932361629
21.283893297416768 917.7532325664149
12.753756327795932 923.9119772464968
4.162932355950059 941.9908014382094
-4.696566625471384 945.9883415042347
-13.759854696349093 958.9012808411173
-23.160806232002287 975.7251544644546
-33.6733285929542 1016.4423775804858
-82.29858186509752 1935.2508735104589
-89.92716759483908 1731.6665685195778
-105.07068781146391 1712.7802400082815
-120.07955316765903 1696.7562880128235
-134.87698359375005 1681.5995954140365
-149.93643785981135 1672.2918598743195
-165.42500855775893 1668.8210109366628
-180.75368304573578 1664.2127586535928
-196.36237102504916 1662.443328130442
-212.58684355237594 1665.4872662222422
-229.29343257628614 1671.344824318843
-245.83816091619804 1675.0559986571618
-263.70854588055107 1686.5072792103701
-282.1428032874008 1699.7424624198593
-301.1944459456557 1714.7486421430663
-380.1433061766197 2051.0697371784095
-399.71837126455245 2050.4014786557323
-413.6395904482261 2020.0857133334277
-417.79160190401586 1946.6718206668725
-412.7096133988244 1838.2401298546915
-424.79373359392866 1811.8695548795256
-418.3716916199226 1711.6100980220594
-412.5627570082349 1621.3330846959745
-426.57065144761964 1612.5326289174907
-446.80572929992593 1626.755556395847
-650.8887549902979 2285.108275033632
-652.3369110744671 2210.7649251898815
-689.5317355220285 2258.0670906126725
-707.5048581121903 2240.967843532711
-675.2981609466194 2070.6656885702514
-658.7659292826743 1957.1030760837139
-669.6683376536048 1929.0692879065432
-684.143062040449 1912.3047013125076
-701.4727951759344 1903.884691263644
-720.1228515926772 1899.0482033413555
-739.1074194745548 1894.960744310463
-760.6839738584551 1897.1810382551553
-780.8443782121789 1895.4635467384846
-802.2087712416684 1896.2969407091634
-822.0650181859547 1893.2261106045748
-840.3068842837465 1886.2951360339512
-860.1532475759204 1882.8267022444197
-885.5221321223344 1890.9242590652634
