-911.8367416068463 1898.3650219743856
-999.1260457440317 2031.6109727789656
-1020.564900386645 2026.5261617109209
-1039.2474995969806 2015.8840826251453
-1057.8201106139923 2005.0699772278774
-1076.281151499351 1994.0849738482136
-1093.6624919479164 1981.1792835849749
-1111.3876119724164 1968.9943057191024
-1128.4803579842107 1955.7852851588354
-1146.4386403192493 1944.152114414649
-1164.2778456737253 1932.3542889629089
-584.4461465269275 949.5513160487037
-590.2167907761443 938.8957023471293
-594.7579463199121 926.5333158010675
-590.8961913346917 901.6239188631562
-608.8586212009544 910.118772133216
-624.7785069526112 915.0496255668683
-639.1306615389263 917.298205318649
-1302.5264472577517 1832.1923627703777
-1320.9889472963928 1821.3973210479826
-1339.3636913047521 1810.4167758873946
-1358.853477636364 1800.847918708173
-1374.0129028286688 1785.5244447669531
-1391.4734833074922 1773.2223620437776
-1410.6984964997525 1763.0920996854752
-1429.8561959553297 1752.7564744961444
-1447.0261289745144 1739.9093028273146
-1462.7875520443895 1725.3685338454457
-1479.711151225488 1712.198560021279
-1497.838447400202 1700.3634862845506
-1519.2145056445486 1692.0588895895999
-74.93556004613615 81.88810561108325
-83.21003879740769 89.21933334952635
-84.05101214735912 88.42752601427053
-1595.4102180943557 1646.9715346660123
-1608.8241317342454 1629.6579129220804
-1628.436650149329 1618.5827369802362
-1645.8356123806723 1605.1872591755573
-1663.1267054129812 1591.6072259644218
-1683.2239282567637 1580.5816041393969
-1703.261000818477 1569.3176743702468
-1721.4468036530754 1556.8114536425437
-1738.3207332764366 1542.4710785817904
-1755.8313730114048 1528.6072711945617
-1778.557687064417 1519.0962950991855
-1797.427785973079 1506.080460736383
-1813.120176807811 1490.303400134487
-1832.5672075216157 1477.5024297497544
-1852.7180903661272 1465.0869181144478
-1871.2169647788062 1451.1964273398664
-1890.4142821344435 1437.6921930309406
-1912.7295406870035 1426.3455767040764
-1930.1547908753253 1411.1638754095961
-1945.025149737618 1394.032340689468
-1972.0179122000288 1385.3683098592373
-1985.8407821773244 1367.2444506529741
-1827.8985089137093 1233.2120827785616
-1832.7929694263219 1211.4779945262915
-1805.5434255094287 1169.1081808796298
-1793.705768869309 1137.5392805195613
-1802.6727301734554 1119.488735043359
-1782.407181945653 1083.7068966046843
-1654.2127960575326 984.4821102282763
-1450.864565104057 845.0047418360538
-1419.684560335124 808.98192139631
-1381.842580246157 770.2175559013458
-1524.2748949366808 830.8321398849293
-1609.717330754153 857.7797590697306
-1633.713345476526 850.8494019577713
-1649.699423663453 839.4598332049429
-1670.9883475564773 830.5142637730396
-1686.8563433283225 818.6212048151453
-1689.995665051844 800.5089956433812
-1655.7261976711586 765.2102706742813
-1669.2627252905124 752.4114259869339
-1683.620138931483 739.8271607506264
-2288.058203165978 979.7503043760056
-2245.52659467575 936.5358042295717
-2215.3588898360135 899.4809554540584
-2193.995492256114 866.7553172377143
-2175.9480853219025 835.9491192554401
-2156.439150247366 805.5893440707988
-2007.918031338143 728.5335815370192
-1814.7577126214653 639.0856315713152
-1822.6153478675153 622.5345723072542
-1862.5995417865502 616.576797273895
-2161.6479285118157 692.9489397932402
-2157.600736321707 669.2085344823605
-2137.0149220092217 640.7247639274765
-2119.9278644018655 613.803592146988
-2110.2298450518133 589.415813371681
-2105.089689368761 566.5663241963232
-2114.2278154594765 547.6282903005012
-2197.915090064646 547.1693127964307
-2185.486108268954 522.1680482023212
-2165.958909954639 495.88910089667604
-2145.1554274443347 469.8129330979664
-2124.05468858847 444.17528058789594
-1704.4909168046693 339.6390945259068
-1713.5230124325324 324.6149809607367
-1673.2107848799444 300.60883114346535
-1640.4885395112312 278.7352717764796
-1627.253579157305 260.67180346124957
-1621.7359889083434 244.07454246495558
-1621.0018493871316 228.30244038007874
-1606.2336702527055 210.74486125768973
-1602.1994514650771 194.81508597900094
-1603.9708378989667 179.64840987241405
-1600.6246838730576 163.9561568721171
-1606.0870500655026 149.17569377043915
-1609.4195703403313 134.14039885710525
-1610.6166075342173 118.90813065122722
-1629.6323626463402 104.82062113776666
-1638.539112075778 89.83639684404727
-1642.3126192275006 74.46650741176825
-1633.9494095380455 58.6031319152167
-1060.630572221191 27.99623670690874
-1054.848829432272 17.859088592811098
-1044.9708598116254 7.80398260842783
-1026.9979606320144 -2.04666990093052
-1025.9327014068958 -11.751263078891029
-1048.7747048108897 -21.739791830442623
-2320.955815281924 -69.6283240428701
-2320.2110968156503 -91.12884402600422
-2317.269563183525 -112.52453751620703
-2327.1092115860743 -134.62435645617757
-2329.753056554283 -156.44710120668717
-2290.314195427967 -175.12819938874102
-2282.615301511346 -195.82743757264114
-2330.4782746992414 -221.70252852605677
-2343.2429691780576 -244.84359782849418
-2347.8289941185044 -267.3350227270856
-1424.2216392214614 -175.5497717837692
-1416.5861759134311 -187.94841369631624
-1437.5552370385792 -204.30110245163644
-2350.1534871522936 -356.24091121867775
-2361.5611892321444 -380.38500169231065
-2475.2409109888267 -422.25991115331294
-2459.4125570071074 -443.04725982197806
-2320.6032734006876 -440.2776936003158
-2269.3507010353196 -452.3752819402305
-2244.506192408652 -469.08522918464956
-2232.248500260921 -488.15123996858557
-2220.8057514181205 -507.2532054784836
-1415.4063488058464 -337.1199604889967
-1397.6632120834984 -346.608634613216
-1380.8353286535776 -356.0474619235003
-1344.6342280182425 -360.0316553329509
-1309.4441872899652 -363.64394725132223
-1296.408701204841 -372.9952807213212
-1291.9388695157038 -384.7050265261499
-1287.3634248722863 -396.3639896624026
-1283.635883428134 -408.2743180456909
-1278.8480435466836 -419.8376847268709
-1273.9562059548575 -431.34740674902025
-1269.9051208134365 -443.13201659529375
-1263.8628771460342 -454.2021882071338
-1258.6625765351105 -465.54539889252186
-1251.491366739183 -476.12010982239764
-1247.9577412908789 -488.0588857424561
-1241.526549215313 -498.8545154586826
-1236.8478383318457 -510.3444178335262
-1230.2029299900175 -521.0535011339773
-1225.3002623338152 -532.4802974051561
-1220.291459078514 -543.8609701936989
-1216.0865176754096 -555.6100984756268
-1211.768503537385 -567.3280301860349
-1207.3376334566385 -579.0136775926139
-1202.7941346846044 -590.6659542993092
-1199.03171117857 -602.7329056789499
-1194.2594598810526 -614.3234835854939
-1189.3752473092075 -625.877401004511
-1184.3793428526074 -637.3935771750656
-1179.2720263264175 -648.8709331785368
-1174.0535879604038 -660.3083920391307
-1167.8573222086454 -671.2065814364847
-1162.4222275988743 -682.5529758077909
-1156.0194377116825 -693.3419500021369
-1149.5165133355301 -704.0708668656342
-1144.6097358814386 -715.7992403777916
-1138.7411857611062 -726.9590854039792
-1132.763981913545 -738.0716505051321
-1129.1766749840444 -750.7969343783828
-1127.1054080218864 -764.6420072215604
-1124.0515350261 -777.9441796205358
-1119.2134439108954 -790.1020611092679
-1112.6231192090315 -801.0685330242134
-1105.9255430709554 -811.980722174617
-1103.9243069681395 -826.4333757084794
-1101.749362318646 -840.9187491252985
-1098.610698314017 -854.8207610663115
-1091.3908771345718 -865.6298015361012
-1086.3979476090228 -878.2644814808936
-1083.5794465457654 -892.7886552950662
-1076.7550883476686 -904.120832476171
-1021.9454459115005 -874.4441123255071
-912.00968386792 -795.1970425819859
-877.6565656348166 -779.7403111280696
-854.0515842443087 -773.1105299048685
-835.0579609910329 -770.1780325259209
-816.1939193805252 -766.959898538546
-798.9345420380897 -764.8134396951898
-781.5727285186484 -762.6323295244669
-767.1624770991233 -763.0109656689981
-753.5192011474255 -763.8964677900701
-743.4066909789946 -768.1845428070404
-730.527158131823 -769.4485500875562
-717.6918062554361 -770.5371316385796
-708.2755471000368 -775.1424058714268
-698.836975887734 -779.6383014783758
-689.3773210687772 -784.0248141455959
-679.2446892300136 -787.5446985110257
-671.045521512102 -793.2331990395706
-663.4382505403023 -799.6065830894735
-655.1392950837428 -805.1313582498054
-646.1716674113994 -809.7889701859193
-640.2560668175357 -818.286727805932
-636.671607342666 -829.9188300091198
-642.5400254931454 -854.343792415716
-639.0975929490126 -866.8813452178898
-637.8166026357129 -882.6726354669872
-632.8240855211022 -893.6211035916625
-619.6988899501076 -893.0522301604786
-578.5313739621388 -850.9655982126892
-557.6279366824164 -837.3094315910404
-553.4291284416609 -848.4604880560458
-551.7593344482439 -863.8209518466376
-544.0135054777057 -869.8995952739938
-537.2460564279205 -877.6147644910309
-535.0061263164819 -893.0002490502635
-532.5207369279489 -908.4220741162746
-528.2966352998252 -921.2744787146138
-522.8968958280535 -932.3839532796485
-522.6215348515622 -953.1189491922808
-531.9172902789184 -992.4414321774021
-539.115994156611 -1029.3677403360418
-534.7249472782327 -1045.1532092273799
-533.2096749105217 -1067.2096525902564
-530.8826805482452 -1088.4321657751161
-526.479079904079 -1106.0943804320473
-517.9957474390706 -1115.6076396453363
-516.2964942852977 -1139.490644976391
-499.4082039703226 -1130.6137473987908
-488.27025949579024 -1134.3796338492302
-476.7192020888722 -1137.113803609713
-473.47344377293786 -1160.0999517463117
-477.58456961942835 -1202.6424983599347
-482.0108934726689 -1248.1624487916945
-470.50591672584335 -1253.6128518509906
-451.74852809023923 -1239.2272864040326
-433.64042455130254 -1225.543137631216
-416.4822347591508 -1213.520312203312
-399.90715398602214 -1202.2326181695455
-383.5840238307294 -1190.7410703682922
-367.5152069140281 -1179.0494360657399
-352.8570876339043 -1170.991407187311
-338.1057022533375 -1161.802278403592
-323.83093356953515 -1153.4025864647103
-309.4849716304868 -1143.8723933791202
-295.3491535739919 -1134.174976572454
-281.91098482178285 -1126.253611153728
-268.6498253756446 -1118.180339357492
-255.79171733511592 -1110.9323099733629
-242.88028238599904 -1102.5652671965036
-229.73900587127872 -1092.0970603299309
-217.6046045178778 -1085.4018776898342
-204.86891647756624 -1074.6463265006344
-193.06874683911897 -1067.6841569462256
-181.4191661636424 -1060.5956280074365
-170.2400054926542 -1055.357446806465
-158.57705394781823 -1046.0484300266555
-147.24658896357758 -1037.6041837033
-136.0906386286492 -1029.0400080063198
-125.35385564939018 -1022.3435874860428
-114.86866829008117 -1016.5304663635337
-104.50505795842868 -1010.6110492474864
-94.17066850582673 -1003.591493184934
-83.89487744651363 -995.4710691618488
-74.0797189943806 -991.23569106127
-64.09218088406081 -982.9126066693442
-54.380396773411334 -976.4869545707031
-45.046079485265984 -970.9556378759058
-35.555777361353115 -965.3454235123455
-26.149426530038596 -958.6434204083132
-16.891993564405862 -952.8502823389517
-7.74753920492889 -946.9683076197788
1.2830893103164018 -940.9991252290417
10.177249364071765 -932.9444911651398
18.958680648102778 -926.8061115616811
27.653866570246564 -921.5851906707893
36.172065245484035 -914.284737757268
44.60251596362265 -907.9050696905017
52.97310434316889 -902.4465913372645
61.31170865936493 -897.9091682243082
69.56854775366033 -893.295145606113
77.48145530266787 -885.6170866035618
85.54416811300912 -880.8559446934858
93.62924383972327 -877.0162853094586
101.64884560475818 -873.1028073412776
109.6023034253362 -869.116410548012
117.48895852672098 -865.0580007284519
124.87606628107886 -857.959770659536
132.59886909588352 -853.7643351150789
140.25300259274078 -849.4999089250808
147.83785593008022 -845.1674203103175
155.89792737356478 -843.7178653084376
162.98841278711825 -837.2835704211184
170.17079873143493 -831.7709415813379
176.8433172327463 -824.2423437012432
184.48324421208432 -821.541193492441
191.85933502075602 -817.7958153264135
199.6561495539854 -815.9273386431396
206.44699038362106 -810.1084125976876
213.40121526756255 -805.201168232093
220.01524391435012 -799.2711007194674
226.2610213843843 -792.3269212907607
232.96191628970882 -787.2545621072175
240.4653537693397 -784.9951679065205
247.64487844176708 -781.7109530904389
254.7836442915236 -778.3612879643556
261.881056817589 -774.9466511187095
269.055049963943 -772.4851973267191
276.09946579045277 -768.9330822576349
282.75362501739886 -764.3790862782159
290.05775973759154 -761.6373782949531
296.2408287191149 -756.0326523370614
303.0907237715829 -752.234679580527
310.27767321554705 -749.2988492610583
316.65336324754765 -744.4539257361845
322.5645966405165 -738.6393443312784
329.6205112110792 -735.5177214649194
335.393194831292 -729.6029090271359
340.23025100819416 -721.8361145709607
346.2545194560289 -716.7452879205238
352.65617302892554 -712.5016656995214
359.00835191350734 -708.2012448847765
365.77122514974974 -704.7321553983833
372.50058034020265 -701.1984866257287
378.7182242540181 -696.721972251402
385.85627308974836 -693.9387123639159
391.49276867532967 -688.474699662177
398.065319338232 -684.6955539071007
404.0905322888522 -679.9940012342109
411.6194557646063 -677.8041189282117
417.56171474103644 -672.9830713937204
423.9847759137722 -668.9550880241127
431.4557749115848 -666.5447579086073
438.3679743832604 -663.2183042069308
444.69660810451927 -658.9915983837242
451.5517674128607 -655.5280324641516
457.2310478386537 -650.3574162661381
462.8527672435874 -645.138214536198
469.59789494602506 -641.4848533381454
474.52027982301183 -635.3577764037286
480.5805596083869 -630.7862757911665
487.2104157395847 -626.9465773053244
493.1895970972638 -622.2539845714438
499.1235842177751 -617.5043705736839
505.01183333047896 -612.6981705507113
512.1405902586785 -609.3668975334092
518.6010376249833 -605.1958061440038
525.505485824042 -601.8679127257388
531.1510281125454 -596.8916026675076
539.436555412747 -594.8253547760304
545.0151475548697 -589.7181436379108
553.2878314055262 -587.4704891469613
559.4889722349059 -582.9546208304114
564.2556656792685 -576.9441426592747
571.0765464921665 -573.0205738423189
577.8734497097788 -569.0195744616522
584.6455206685251 -564.9412493014022
591.3919045627413 -560.7857123872303
598.1117465430461 -556.5530869982008
604.8041918149261 -552.2435056776079
609.9788159793173 -546.5225009608206
618.1034739225322 -543.3940517938134
626.2230474300558 -540.1608046382245
632.8095991682186 -535.5305884826361
640.1337405873685 -531.4628812641797
647.4371914477388 -527.3045449550611
654.7188926908879 -523.0556103834637
661.1906522929239 -518.099335379286
666.0411793762262 -511.84875439442624
671.6312288088587 -506.15461322475613
677.9772752541979 -500.9948245629824
685.0953705640527 -496.34698874044085
696.2623207116993 -494.50458112858655
704.1719113901677 -490.21007660911863
710.4099657554276 -484.68307228061116
718.2688885902348 -480.19350649852475
726.1059681812559 -475.59869950575046
733.9199174046454 -470.89866727010235
740.8627472432958 -465.5613705486275
749.4732683668212 -461.18306560795867
753.783798480437 -454.10349607595407
760.6116410989395 -448.5074485722373
767.4007107548421 -442.82293203148726
775.020755216977 -437.5418025548033
785.2352922511067 -433.60642961482847
793.6840773379802 -428.5668972052777
801.2228500699231 -422.93964643413307
807.7758023283253 -416.86838831078353
819.7084371493928 -413.282080504466
830.747438830164 -409.06563394780903
837.2728805626008 -402.511022798637
846.4642727151713 -397.1438467567843
856.5377022735681 -392.055053001382
869.3293634690622 -388.034093618686
876.6187768998931 -381.41253255043364
887.5430479849528 -376.24903717296064
898.4472522156085 -370.9131097524361
906.5454454831222 -364.28608987141916
914.5981466088813 -357.53913103267354
927.2775900811 -352.4489621681236
937.1273567693898 -346.11171201566805
944.1156165653516 -338.60700311338206
958.600820120893 -333.6307354899297
970.2326632035043 -327.45164414465137
976.1296686304488 -319.21759039785115
986.724194440622 -312.4105697723838
997.2764785719447 -305.431866849452
1006.8253415655672 -297.9978717732375
1014.3990662933246 -289.86123283949405
1027.6928349864947 -283.2021131937778
1039.0172370985886 -275.80460658229697
1053.1994646226726 -268.96075497833436
1064.430408489929 -261.1587744686417
1078.527298991213 -253.85599329288732
1089.6535374012958 -245.6505005670507
1102.6752578705646 -237.67893402673272
1116.6220830235566 -229.68483559898627
1129.5338143600952 -221.2563269539062
1142.3849327913051 -212.60448097677758
1156.1571737658264 -203.90338287977625
1170.8522568126823 -195.1255819123894
1187.459280478418 -186.3986512979056
1200.047241803895 -176.79258309913368
1214.539975194486 -167.23829900646834
1231.9337804910547 -157.80735244283625
1246.277173769939 -147.70987150496416
1263.520886970706 -137.6806747105784
1279.6692978322797 -127.44602067322676
1295.7442507002706 -116.82395634968891
1315.7181611784752 -106.23427104815035
1334.6082004010502 -95.21003845325325
1353.4055401411476 -83.84177905584127
1370.1081557479147 -72.02528412334004
1389.7039298642958 -60.033218468879284
1409.1935722523972 -47.68098072111946
1433.5705633165055 -35.09187929418157
1454.833580838073 -22.005728024091955
1472.9754304494713 -8.507719564897753
1498.9904307357283 5.356170527161394
1522.872845020758 19.679885629305026
1546.6163574106822 34.45058765410427
1568.2156977666316 49.603682104424024
1593.6616105199594 65.32741503327266
1617.9495873778776 81.48087323878875
1648.061962789619 98.45185019098712
1676.000490144159 115.85489647200676
1705.7489994151556 133.94532837764743
1733.3107342053818 152.42669939482585
1765.6499378228486 171.91944935396586
1797.7732105838575 192.02990211685454
1837.6182897020765 213.67971675480865
1873.2433155660674 235.591767018813
1909.6069284025662 258.3222386805216
1945.7058827403102 281.7527601812454
1986.4717439673975 306.64313202667125
2029.898947111787 332.8051449639232
2075.962358307074 360.3183132899755
2120.700822489133 388.5408878019347
2168.0345211668628 418.19889410275994
2222.835264978311 450.3636139485535
2273.3062081105086 482.75758323015526
2334.0991760504953 518.5190800350529
2392.468199391682 555.0062296042471
2460.073237822892 594.9795496885512
2526.163867906762 636.019742211158
2598.4677682664565 680.1185611938126
2670.161067576155 725.6230930728215
2753.796111476633 775.8401745309241
2839.3755879175833 829.282985920776
2932.7918724083775 887.0331634924157
3028.2182908658606 947.5352145780362
3131.3107695060608 1012.7062085202022
3124.347724599304 1043.4976261550157
3095.3370195082475 1066.7542995750232
3068.9955491195906 1090.557343510253
3065.9590972227015 1122.5505842309988
3056.0408297706686 1152.1156394974432
952.8147659460549 369.6322791574954
914.8774095788453 364.99907594718866
917.8285698275347 376.37045102975634
916.0375812180079 385.8900747573867
907.7235810075401 392.63074317079105
899.3647773678662 399.2480397322553
890.9627662084425 405.74172724801207
881.613066697229 411.6884752196827
869.5255196531369 416.1987153655596
864.6156159728631 424.038720656341
856.0609823699068 430.0274345479253
843.9141369455729 434.0621262715845
829.9992689642818 436.9727834988787
827.5514684005394 445.8234708358355
812.7488713634368 447.9098928327657
810.1790386792819 456.62887040211854
801.451612296675 461.8444685682184
785.8057943226715 462.8749870201621
781.3520322049329 470.35412379314954
770.8645987993611 474.1231594405613
770.5378823144142 484.1191711948804
765.0404192816331 490.91155707050024
759.4835688670277 497.6431538974517
759.6861554899182 508.2056130710757
750.6718114725842 512.6137253921992
748.2061164952684 521.4706197275824
744.0097003443049 529.167804948088
745.3998017191931 540.9437453164494
806.9093964484433 597.4221505126914
847.4532271856659 640.0523632739748
839.8975668631787 646.6622589708728
834.7851363879049 654.8700451737177
828.0305267156683 661.7895789652275
823.5455345931588 670.5346765467604
818.200191618759 678.6143576693805
813.5398584263232 687.29753291546
809.5472024472282 696.6041393861126
804.7004115381287 705.2355972796369
798.2714270108509 712.5045465244833
792.5167619570324 720.3875221137165
787.4185586963819 728.9039809333688
781.50328935782 736.7011665003032
778.3969220081445 747.2210060003979
773.7335341256706 756.346757889131
768.2597415069362 764.7437280420779
761.9948665988213 772.3916255870752
756.3502186928492 780.7069531413686
750.6173053763688 788.9833083592574
744.7963703385044 797.2197731683463
738.2116486767535 804.6785456056035
731.5528423281212 812.0833940437689
724.8203883331107 819.4335877035054
718.6704521137287 827.4834024067485
712.4340153858941 835.4889429077632
699.0502627346217 835.0148083541133
633.0342419565134 770.2445381244469
702.6273293555086 870.905182004761
698.4249928537073 881.9453097314475
693.4662057932994 892.190910860812
689.591777048013 904.0089496391965
683.162616516405 912.6274373447575
675.4497421233731 919.591564698953
668.8359862095921 928.1133678333925
663.8548668261649 939.0403163822173
644.4843817535657 929.4088883132785
616.3463312645464 906.2743513620663
589.7922056256942 884.3721808057843
568.612974774155 869.5977719143985
552.6082264391138 862.0905683695984
529.3390937790175 842.5112009921343
513.6427571998463 834.608362033439
501.1724232609426 831.6653186004299
491.85108096075425 833.7304805257737
479.53484400085864 830.498244061402
465.3547515064017 823.6267086796148
445.54052417200234 806.0611895635079
425.62090765264475 787.3194033992423
409.36290610342326 774.4662749962453
398.89148771509826 772.0405306902194
391.20567209947023 774.8432887476034
383.0600224196725 776.6730452538185
376.2162165273161 781.1212187758515
368.89719570401405 784.6042690437736
361.1289242462346 787.1098399034008
354.57156124388274 792.2771030119926
347.94907464181307 797.39039463484
341.26190194497656 802.4489480838623
334.5104893077444 807.4520001480543
327.6952915070033 812.3987911882564
321.1821668708536 818.2194178117157
314.94543224770104 824.9232538280811
308.9592259745099 832.5191869772322
303.5366626022337 841.9563494958024
297.63410500578516 850.4204486825357
290.6351478803012 856.0065483491323
285.43346833688184 867.2351095021339
280.6544742935473 880.3459922433979
275.6549927348631 893.4424016019963
270.7207571302553 907.4796260295993
267.48615657231045 928.2279655570464
265.22633895003815 953.8107721802892
258.8865868815704 965.9077259929186
252.59345016631627 978.9369483950827
246.80142998752942 994.843733536132
243.74584084840188 1023.3728377620278
239.28747582520526 1048.0298201450194
225.42324176357786 1031.6590338250326
208.8214779220756 1000.4386989508353
193.79960071755346 973.904879729903
186.91810554747033 987.4647445952411
174.57070770080682 971.4391736042147
163.23451217288073 960.2241894660234
152.4418574207814 950.857760186087
141.8402789059105 941.3741738968057
129.89462893884613 920.8840238449353
122.12764998008933 929.0069090756757
113.00915052280284 927.1380328182609
100.92244624466964 898.3488519745499
94.2975835109057 917.1651790948039
86.39804642398327 925.9780653849848
77.92320115172089 929.7402727225859
70.12642186932409 943.3972042336175
62.27340701566711 959.9823033674428
54.778075925285044 988.4833647552819
46.889016182531556 1019.9227520559751
67.5138962982683 1847.7669966223086
46.77396378874006 1725.3661050082935
30.09667618231721 1701.7338775739222
13.926603903644345 1684.9424470004046
-1.9383219603967756 1679.9988818174784
-17.63488098450169 1667.9067752643318
-33.383701165647985 1669.666292555636
-49.020196057965244 1666.2790943831826
-64.78995208682704 1667.7419650859022
-80.44691822845323 1666.0589105273393
-96.76955469040442 1676.2090124101533
-113.22343882931945 1685.2007159088391
-130.0845210676791 1697.0215135285093
-148.20805296742387 1720.6287725815832
-166.59724059811867 1742.0520541663193
-217.6105620014983 2069.590936225174
-235.61277518727016 2054.5341613535056
-253.1042225517248 2037.3382764102987
-260.21319433624706 1944.6678619994025
-265.1741407471083 1849.0826577195064
-278.49407519926456 1819.8137404907422
-273.46250411288383 1680.900728432322
-282.8274618663837 1640.8027385442224
-296.65698549606486 1629.2116599620774
-315.3801729173551 1644.0229154517947
-467.67275685165384 2321.3586953546783
-475.0222614480256 2248.3678193589244
-507.59758011648375 2295.5491056956043
-526.2461847591952 2278.0054769526764
-503.14924682568017 2088.2396499010238
-500.86978788801423 1996.1195995182793
-512.5579013407707 1964.2261574913273
-528.6609447422314 1950.6303097984126
-546.9896165233248 1945.5701887661792
-564.4307757655263 1937.4575864696305
-584.0775242873735 1936.8485861373708
-606.1443545101984 1943.6782196380693
-626.5509625342174 1944.5521055881854
-645.7649858728818 1941.4179310546704
-665.6244849606469 1939.9858362938824
-684.1803699787133 1934.5803734494443
-706.4584731164226 1939.3329847558446
-726.7795949513305 1938.2186203734552
-753.2603114677298 1952.7539279611087
-822.1050261851998 2072.9310953143213
-854.4024828017181 2096.59066042522
-871.3873980090273 2082.0021620044145
-889.7526522901384 2070.9553876756167
-908.7940235791027 2061.5776538144046
-926.913809352874 2050.2026217013145
-944.9001099175927 2038.6693656102555
-963.1805879049514 2027.8826778398873
