-981.6168212792711 2016.7988040906755
-999.8282873973207 2006.7155741958404
-503.4770344477831 987.0029765829815
-508.1641700350711 973.3309695538138
-514.5227895372582 963.1875720994319
-513.5427433816162 939.8483126122446
-525.8258540851733 941.0585375924273
-543.1376856465255 950.8030576468168
-554.6297021278178 949.9399420582376
-1147.165886999353 1922.7926117251927
-1165.305546162605 1911.8535467139404
-1183.3409020999895 1900.7433570624898
-1201.2703405174614 1889.4630372127058
-1218.0032952287772 1876.3360500752099
-1237.9098385967427 1868.0632300608527
-1255.527657387427 1856.268111436287
-1275.3053564114446 1847.5987789312587
-1296.1828452671482 1840.3562241140055
-1314.1194623543531 1828.8231294090488
-1332.545013401033 1817.921831999396
-1353.8757892035132 1810.8399563209787
-1373.9787720475174 1801.9262842754683
-1390.3509567787823 1788.057386378951
-1407.2050405438808 1774.8236458498898
-1425.1905054707784 1762.986393343961
-1442.441837724904 1750.195858977161
-1469.2277061744046 1748.7212320462909
-80.00956730876088 93.42092452478119
-80.88981562923667 92.65979563687857
-75.78017809080306 85.16668719943362
-1544.4142476885497 1702.9931390163058
-1559.777913167081 1687.5712908188937
-1579.1021027242314 1676.3787010016295
-1601.1239274838115 1667.8567590889857
-1621.726644905183 1657.637984966735
-1640.1607238979118 1645.053737658037
-1657.7888733400453 1631.567360371598
-1679.6244073191913 1622.0625297249348
-1702.1537659580815 1612.977853857492
-1718.8021975006648 1598.1639483691547
-1738.277550537652 1585.8752023084353
-1759.6116536638062 1575.693760948023
-1779.6769454459761 1563.6211081486717
-1801.9430177738489 1553.2682835544138
-1824.1716366886328 1542.6337348511197
-1841.7416383113411 1527.8863628261945
-1863.073702067165 1516.100386077963
-1767.8940367802481 1411.0969756600143
-1748.8611635439775 1369.060126746669
-1744.265684531685 1339.0811109731972
-1692.9237331263328 1274.4293757668963
-1697.6462424304389 1253.0352092267046
-1702.9264149397384 1232.2522571699715
-1655.764562145572 1174.4546456729959
-1509.1387382809926 1049.163604315196
-1350.3903784370534 920.0009922954605
-1319.9305556256413 881.1085791920233
-1344.9336971998323 879.5466730858514
-1470.228184989194 941.7776192198348
-1555.2994741055975 975.6738931870893
-1566.1511966381163 961.9846304744148
-1586.3099461848483 953.8457708849077
-1607.315529250491 945.9184898447719
-1613.5798959566093 929.1953074379239
-1601.3755211579257 902.1310549117472
-1584.4263872404326 872.9685122707637
-1599.6454068131366 861.756098012445
-1613.9085367854536 849.86777494563
-2197.164696541862 1130.6229682215494
-2160.3938052347185 1086.0122496102215
-2140.0360260367097 1050.572133299283
-2120.105972440547 1016.0470784476098
-2102.434753659118 983.2645150753302
-2076.147650779959 947.1720710414012
-1862.9800570436842 828.7498458868704
-1756.9593490722116 761.7866142875906
-1769.6044817330417 747.4897846996529
-2083.6284163125647 857.0307011623291
-2097.201840000659 839.5388271532473
-2085.470402606794 812.0697013502327
-2070.603189269393 783.8357178563747
-2061.8277916257402 758.732599589422
-2051.0162591539583 732.8139632172021
-2051.238576046781 711.0986599182798
-2079.670915936264 699.0027763956451
-2139.4343040849208 696.6497387530341
-2124.9422597085295 669.7793613607455
-2110.1352520561704 643.2458457151838
-2092.1405881305113 616.2051277755795
-1694.8424566730191 481.8226302889528
-1672.3177598975096 458.37682089234704
-1645.6361175738327 434.37975152684373
-1625.4377533572072 412.65131765338487
-1601.0916593066202 390.39659130014695
-1584.2624348892346 370.4612495239334
-1580.8629878932031 353.93814927099055
-1587.071966989714 339.60502292427924
-1583.352994072371 323.1861633208614
-1586.3375514611948 308.20313564936544
-1580.3296970138704 291.55968297425557
-1582.0303265048578 276.4345239273355
-1579.639675135301 260.65206068328035
-1583.0213713592086 245.8604031152845
-1574.3897683460007 229.2986204219873
-1591.3503114510484 216.42593708853605
-1619.120034001256 204.63214677995094
-1610.0564778934977 188.04025631014395
-1630.6539319848164 174.83636378756614
-1639.2007693497535 160.09321585618807
-1043.9537114587613 92.00352347316554
-1032.8137423701842 81.18973809105984
-1021.5636846465375 70.59488799757133
-1015.19782264679 60.51760812537748
-1028.7082695172962 51.56836459235305
-2311.0907921742305 93.95930144209522
-2314.8743227395375 72.20020720999742
-2312.454145827717 50.24762127905183
-2317.825458863137 28.445425746298977
-2327.990756672126 6.56024764342868
-2291.9495360754913 -15.209341975879491
-2281.704624081101 -36.715234534472785
-2321.2532596397377 -58.88382300675831
-2346.5839508347876 -81.53380700420936
-2348.7140671067436 -103.64955848867588
-1430.9518560963013 -76.58841645151074
-1420.1911597840249 -89.36481226582592
-1435.2497864583434 -103.82220606055444
-2362.1175462089336 -193.13388592343273
-2374.1463596161016 -216.5295894828511
-2491.4099392579164 -250.78380044744696
-2480.004863733239 -273.13160904494345
-2341.3066862055166 -280.0839180126951
-2289.9831351289426 -295.7333948424133
-2265.32019235796 -314.15509878926946
-2254.363654599899 -334.19382522570424
-2245.20672275739 -354.36671977631136
-1426.143939631117 -238.80842416765074
-1413.996967760685 -250.4168028778985
-1400.7755321339403 -261.6350675557017
-1378.6378300944616 -270.8924757767081
-1337.8429943400245 -275.9205003172423
-1318.5822628760232 -284.8540258250637
-1310.9781982431252 -296.0948559688414
-1308.1462938957193 -308.3654873148001
-1305.1995402602 -320.60904557507854
-1301.1693432236777 -332.57681857709673
-1297.0295500761524 -344.4972368963985
-1291.8166519093547 -356.10354933601184
-1288.4233180780584 -368.1920062042716
-1282.99908017814 -379.68060295733653
-1279.3852206786955 -391.6854057900616
-1275.659036982406 -403.6558204276517
-1271.820856231233 -415.590795922207
-1266.923428691898 -427.1697857194087
-1261.9207583350167 -438.69351452144423
-1255.8720171971336 -449.82382820522344
-1250.6638866731225 -461.22537069384924
-1246.2873868508625 -472.92361896658184
-1239.9383006758546 -483.85329441585264
-1235.3502521188761 -495.45005256819695
-1230.6537454347836 -507.0033124618999
-1224.9789100814753 -518.0025770742853
-1221.0629810565376 -529.6849972326208
-1219.7767494921072 -542.5584589686803
-1215.6268895504284 -554.2086839828032
-1211.3658074877876 -565.8284903126217
-1207.8957995926442 -577.8483688014072
-1204.3069530403056 -589.8523229239456
-1201.4932350351003 -602.2873119740192
-1197.6625454333462 -614.2641347711244
-1192.8274292400895 -625.756920898586
-1187.00089712531 -636.740033470261
-1181.9500568930787 -648.1497226802214
-1175.917303109951 -659.0314835018274
-1170.652160476178 -670.3540252526694
-1166.141280724253 -682.140391261798
-1165.8047702487263 -696.4648143770903
-1162.7415634465938 -709.2785465765694
-1162.0874205247887 -723.6807494040746
-1157.0462498811253 -735.4488259804515
-1152.725656584511 -747.7296039691141
-1149.9445148069935 -761.0969799344286
-1150.3295330196752 -776.7148546685174
-1146.4057425288647 -789.5681563341079
-1139.8875109941682 -800.690615830809
-1132.4486002388533 -811.1776425771742
-1125.7207585317585 -822.1853646293408
-1127.7088821076586 -839.7074950335353
-1029.1068221541998 -781.1550093263719
-941.9712505567652 -728.8149031986956
-915.5735312114153 -721.9979978816143
-893.2809609622914 -717.8893541363357
-874.2382143747749 -715.9661615794458
-856.0759079098727 -714.3941768353708
-841.065419923358 -715.1398180839502
-825.3589908838267 -715.0150600981991
-811.9765339976392 -716.6471295115754
-798.6348399087797 -718.0935819820966
-788.2858097748428 -722.0571183137939
-775.0074099103616 -723.1621634073734
-763.2259509351542 -725.462023691888
-752.8747515515039 -729.0292233348821
-741.6015929733694 -731.9775114710567
-733.1611013692485 -737.6142619547364
-725.3788900663142 -743.8726139912412
-717.5440885372126 -750.0496523599626
-708.9732025231946 -755.4157782996099
-701.0427535100201 -761.422391154272
-693.7325879270716 -768.0885993477627
-687.6853342847706 -776.1816031120832
-685.4824136538607 -788.7577958862133
-694.7783723476032 -815.0607421033203
-690.804276729343 -826.2677842276373
-693.6536428722528 -845.9790917806735
-686.7888347322177 -854.1294377828003
-671.1633177162481 -851.2319313513319
-628.7453437843479 -813.3039362191124
-610.0700304859547 -804.9313995011415
-610.1011311622968 -821.1611350730658
-604.5788383654983 -830.1887906980103
-597.777629863706 -837.557702629813
-594.902548828316 -850.6085806042478
-593.5279124598993 -866.1550768372797
-590.2377446720249 -879.2612835582388
-584.5532259404525 -889.0407898643404
-581.9837099284399 -903.8362469927445
-587.1839938520266 -931.3516829662054
-608.191636243579 -985.4272847873445
-605.466194530798 -1002.3231451385295
-601.9638615519822 -1018.3950654757838
-600.7120078564733 -1038.819081273079
-600.6008143862945 -1061.922154283693
-593.8105500186462 -1073.7402063285854
-586.8489241994185 -1085.5249145763469
-586.2558653810138 -1109.6526755279594
-566.9077454610486 -1098.322178659919
-557.2837112905337 -1105.476759199509
-545.3666548666794 -1108.061465695621
-546.4411093352774 -1137.56147703253
-555.911932465954 -1186.1964101033052
-559.0971447779992 -1223.28875687676
-547.3236307482183 -1227.5067589323442
-528.0196259280391 -1215.2449442951054
-507.8307774694185 -1199.9653751066344
-490.2678349067228 -1189.9606926515994
-472.1982800379357 -1177.875114063123
-456.5838669313109 -1171.1448127614497
-439.7238666978877 -1160.4843476136411
-424.1454540939285 -1152.4255436996593
-408.0883168857294 -1142.2928370699751
-392.5909386530268 -1132.9048304635016
-377.31017931414124 -1123.3263232854158
-362.55760093738775 -1114.5115459260733
-348.90865280998094 -1108.3802380024304
-335.40991547009446 -1102.090825932393
-321.2171045642188 -1092.7673914129116
-307.5058393350203 -1084.236671015542
-294.25048365164173 -1076.509476442625
-281.67966978927967 -1070.563199268218
-269.0040406820265 -1063.5063827249664
-256.7248295853364 -1057.2778073308737
-244.58909428955963 -1050.9125439134375
-232.59831753659859 -1044.4127645136973
-220.75395367099384 -1037.7806569495428
-209.0574284745519 -1031.018424471458
-198.0782410346943 -1027.0740043583041
-186.65343444450022 -1020.0634761670829
-175.20991815697465 -1011.9439137518572
-164.74440971070493 -1008.6343636170003
-153.90271024898033 -1002.2524411434568
-143.0555008717265 -994.7663663747079
-132.6310007767703 -989.1476217597414
-122.32677789125799 -983.4211505813482
-112.02996539203258 -976.5952523201513
-101.87456953012679 -969.6631229881083
-92.1466627849255 -965.6132727637919
-82.41982084934021 -960.4701833639411
-72.72352267154841 -954.2328275899131
-63.22022733287206 -948.8963077470478
-53.76842128196825 -942.4674831912477
-44.49246741264959 -936.944192758317
-35.612426036547774 -932.3200926247333
-26.57277331825986 -926.6190628937958
-17.644786538955746 -920.8309625050597
-8.85824757906223 -917.9572601433184
-0.12754329107607992 -911.999991081529
8.498426390309037 -906.960184764959
17.047413691831625 -902.8390696499679
25.490409791237695 -897.63814480484
33.798152026499785 -891.3594588714441
42.08358653764036 -887.0022388608323
50.28922336127959 -882.5684075547455
58.414358136987694 -878.0590884236913
66.53416629358205 -874.4725294230906
74.5057193740677 -869.8148640834743
82.39473473416297 -865.0850291665479
89.99200787895661 -858.2950766012315
97.92257355589697 -855.4134495015787
106.05283974958387 -854.4435588036515
113.77569785043175 -850.4228892607766
121.57373786169137 -847.3227403193761
129.17169796806908 -843.1628979290099
136.54075098405244 -837.9484610169716
143.65216484876038 -831.6850699238652
151.37514714575357 -829.2976334384426
158.87681536925228 -825.8566204482014
166.32676173486695 -822.3481065405288
174.1394945521932 -820.7292101766006
181.71962973456897 -818.059885441849
188.81251864909112 -813.372505560267
195.8327520517259 -808.6244698398925
202.77982027037228 -803.8167356376175
209.39940780077802 -797.9830123584609
216.18947643058334 -793.0612273214914
222.9049445677417 -788.0827276925006
230.38926681804972 -785.9273412568375
237.27191663831587 -781.7870794370933
244.6957197483975 -779.4953526075789
252.09739361895453 -777.1331315357298
259.1586724617713 -773.7524038656373
266.50507883844347 -771.2529046644266
273.3092762606831 -767.8066420068673
280.66270529423605 -765.1492964493406
287.63694016355356 -761.486041010174
294.56675199287616 -757.7594793998736
301.4515688418843 -753.970126492268
308.2908245575069 -750.1185023005714
315.472951361567 -747.1263728173584
322.2282298166293 -743.1480121141692
329.34284334681786 -740.0224939393622
335.5964602829842 -735.0095345269552
342.63238156379674 -731.7561418286291
348.33861109180083 -725.730812369597
353.51953896311824 -718.7662593439569
360.39880444263633 -715.3416678457353
366.32793324488796 -710.0738308968504
374.05719338620673 -708.2952887574744
380.3596102371299 -703.7944066986172
386.6101395331126 -699.237870835231
393.30053524814207 -695.4967210372203
400.45530122063735 -692.5572551957627
407.0809688384574 -688.6835883114559
415.2204286387602 -687.3143353961448
421.2698443382962 -682.4483264329892
427.79757337155667 -678.375438984496
434.82743212475765 -675.0808131415004
442.38294455526807 -672.5491285895854
449.92980099321585 -669.9344551358776
457.46710304775326 -667.2367268287143
463.84723276544327 -662.8172784831735
470.7658630113805 -659.150591460821
477.06780582541137 -654.6039326531179
484.5192370755451 -651.6019558777672
491.3524982230424 -647.7204045650988
497.543837358676 -642.9767724470328
504.30892734426845 -638.9589234065625
511.0426625648966 -634.8703781391768
517.1098179476201 -629.9384384066266
524.4131322939747 -626.4821359604933
530.3991991902509 -621.422311715906
536.9929193965954 -617.059644214335
542.6911697032311 -612.0541596347
549.7557836535917 -608.414807791054
556.7997859215183 -604.6966168234708
562.4538168093865 -599.4411597117378
570.8225191594183 -597.023995849828
578.4973562626188 -593.7859957907062
586.1615342127152 -590.4563115162679
592.3916971022696 -585.6287878889603
599.3005468987595 -581.4325880846786
606.9069338378764 -577.8477080161413
612.3066226451889 -572.1228887790124
619.1264232767664 -567.6992795490568
628.1471183021242 -565.2045627635512
636.4256130086234 -561.9283220363591
645.4535062883583 -559.2010114619467
653.7240526577663 -555.7057341585617
660.4496758021888 -550.8232254841689
666.3671678683625 -545.2300409800415
673.0176453861202 -540.2001934458395
679.6322830604087 -535.093412239486
689.3761278651233 -532.3547260330175
697.5336903536387 -528.272421030697
707.2807264478516 -525.2760931123738
712.1823000012697 -518.6110021633763
720.2765541619074 -514.2243532979053
729.1702320120853 -510.3045882092788
738.0534496365285 -506.26288179128863
748.5845314129939 -503.2148639787862
754.9473486860637 -497.26300959540816
762.1044977958288 -491.7781353815635
769.2249879819238 -486.20254818769615
779.7088745785369 -482.6417624941624
790.1931962314833 -478.9266255173882
798.9559411942298 -474.0362897821668
805.9666029237967 -468.01905406882224
814.673379005643 -462.89986556438737
825.1028017396255 -458.62987970848593
835.5233329975214 -454.2045354426935
844.1669322614143 -448.68495681976304
853.6675479549575 -443.5039093047213
865.7676120682903 -439.6446768625434
873.4535176746741 -433.24814190223356
881.9954124407852 -427.18156846171286
895.9244834458981 -423.5567493998893
907.1384962548992 -418.4504135646183
916.5112528906674 -412.34951597495416
928.5964017782422 -407.3140343819513
940.6672718311122 -402.08715933962924
949.0286084952642 -395.1312443448917
963.829267170021 -390.68291970151466
976.7688249077274 -385.25661926614225
983.1551512194005 -377.1139729985588
996.0335123857167 -371.3303680074828
1005.1283101990109 -363.975383833139
1017.0026696215797 -357.4766705430999
1032.6290170369834 -352.07714094106336
1043.4953061841131 -344.84568428751464
1055.2687170506576 -337.74536978951886
1067.0001888847876 -330.45362294855806
1079.6451392847591 -323.2574410880484
1094.1696217109422 -316.4077099644281
1108.659830269954 -309.31275554977776
1122.146728497085 -301.71297572906826
1134.6197725087566 -293.6357809126422
1148.980199557679 -285.8329949890257
1166.211225905465 -278.4822733533906
1178.5304318218807 -269.716557277693
1193.7176761799199 -261.3849834546965
1207.872574063674 -252.58631163385434
1224.9087200830757 -244.13034933092862
1240.9089190970137 -235.18940134598168
1256.8481403492485 -225.9684759001476
1272.7225270909955 -216.46793997058876
1292.4777359834784 -207.32173544281824
1310.1943341410247 -197.52419291002542
1327.8396295102896 -187.41109439405392
1345.4092475950042 -176.98292710271306
1366.8693888112919 -166.72454507553832
1385.2726662415712 -155.74222344620745
1406.5730698232117 -144.7349275334282
1429.7589651222233 -133.73594001848832
1451.8737145239513 -122.11354173237115
1473.894309605674 -110.08889186477299
1496.8130333456359 -97.72790393043601
1522.6228796317591 -85.115018779823
1548.3255542252773 -72.02762062561628
1571.9158148696035 -58.39238788429721
1598.38329907117 -44.40528403649864
1626.72404237764 -29.96481187243178
1655.932000935048 -15.006941035660253
1684.9999273335304 0.4948595728683234
1714.920153753585 16.5489047909496
1742.685211544603 33.124816433344684
1775.28575810655 50.363449683792076
1807.7133970530342 68.21491123632286
1846.9517615949844 87.00684077234453
1881.9996027750187 106.31319369989647
1917.842550842169 126.34852662062598
1955.4664671841103 147.21377557312636
1993.8608635052751 168.87823122592997
2038.9867547882186 191.9297105666792
2085.8411054483113 216.04602014887342
2132.4184131366983 241.05541129700148
2180.6912260517274 267.1980101367041
2233.614071915326 294.91893418672976
2289.1746192578053 324.07339067853485
2351.3014495430325 355.33856162374866
2409.088597952674 387.15904640653787
2476.338828152262 421.77008924944266
2538.225142781296 456.7867385912899
2619.317018240598 496.7236233109741
2692.03067895664 536.6524234141253
2774.008014967283 580.0306309991525
2865.1704262679386 627.1263257427478
2959.5852736910742 676.8685306253558
3056.229476732598 729.1264537450224
3169.614673295738 787.5905172285599
3195.0258303053465 825.7178353902933
3182.3316829104333 854.2775075725973
3141.4464183805567 874.8916506882288
3150.4940185909236 908.9710880016004
947.5824320252835 283.21111298296336
965.855802187367 298.7366220954467
931.5306162658143 297.8837205344265
952.3855647679084 314.59614749979414
956.913761765786 326.24691959197463
930.1740786622586 327.0660229752066
908.208839311418 329.10895490187863
903.1548446995413 337.05685944028414
920.4361560560988 353.5438906623518
882.6107310616147 348.71090808129594
900.5541179179437 365.76806954822405
882.2587585957742 368.17860187827773
886.0602749196074 379.72778303594
863.1759002549617 379.70562969099694
854.046333459458 385.4527990616444
849.4236768338815 393.160803277755
842.9248489957544 399.95837151569253
828.2799323921374 402.7323597582844
818.1353388126927 407.4930274076363
815.9932525638799 416.18627052104944
811.9867061342511 423.9499841505473
800.850344323746 427.90504320063525
795.8552583740835 435.04414456273366
793.4154570129303 443.59092931772483
786.5441112606983 449.64915327521567
785.6732564534748 459.1487058609579
779.5412779249284 465.5957431196826
778.4795239845259 475.0932863520868
790.0360347686234 492.54853950354027
871.3397759601959 554.8477221991955
894.5118686233404 581.667875073035
888.0903427603384 589.6198292932698
884.909747828071 599.7463949027621
879.149337824032 608.1590596246725
874.9428330995344 617.6698461215022
869.8233315084964 626.5711228292128
863.8077633089986 634.8386787579229
856.1134038453647 641.848767044312
851.5414434024489 651.1997928194342
846.2556434313677 659.6820339834653
839.478317803818 666.6784486821755
834.1986023435076 674.8642025238402
829.6111681882238 683.6448709800802
824.9330414285671 692.3976293716019
820.9244681269751 701.7713428392777
816.8136704714647 711.1289810793353
809.60760908729 717.8157976166043
804.5741369335702 726.4409529876468
800.186922309575 735.7104657164598
795.6977102812309 744.9598337180377
791.1065082587276 754.1879690042025
785.6958045850316 762.6972549167067
779.4845949231104 770.4672389385252
773.9018919860634 778.8965666764691
768.2303898604139 787.2877924208635
728.567377018398 760.2621765841909
717.5572133951741 762.4438638382189
759.5090821029497 821.7706214042547
758.102744408166 835.2629699207351
755.1833982625782 847.3033901670548
749.4736423235682 856.3487954462505
743.0101627401592 864.601583427212
735.8137480079558 872.0430770566809
729.8193760940388 880.9651969730177
726.8785503574486 893.729026623984
707.5439102957237 886.1927640211451
670.5170034876743 855.5559292260851
643.2494971425746 836.2147358339392
623.618129003369 826.0299202682295
606.0101530844538 817.9704727913819
579.7793503521171 797.5286232514021
565.5824998553447 792.9643345430985
555.5291182854658 793.9448335602248
545.5044165322043 794.8087389704892
533.8344649275476 793.0679441608511
516.1810976893682 782.0013263340408
497.1421371253246 768.1631958734191
476.2534420591033 750.668807748701
461.5313014684217 742.2027066542299
452.02895473170526 742.1797788165359
443.0324113974805 742.931546275519
435.57381084382587 746.1711970499713
428.58942994012193 750.2047057594356
420.59184995754254 752.4270700534983
413.5497241389671 756.3204517032342
406.9431057181103 761.029768608626
400.2845619277444 765.6815718575926
394.02959106796 771.165793693429
388.1537005184554 777.4945046582833
382.6321700056884 784.6793118699753
377.44005886015975 792.7313554840878
371.70933501229723 799.8475918978039
365.8784968302544 806.925601004971
361.56550432907517 817.6223982250374
355.500884029838 824.6351444451077
350.4985808543248 834.3714669253164
345.34524592177956 844.0856953646505
340.4108728920167 854.7048833468166
336.75337201761147 869.0346175123107
333.5628319646955 885.241118075574
330.78634163997503 903.3406866650265
329.71095789639406 927.1174058570156
324.3047050259616 939.6076086846168
318.058862763356 950.1802775356267
312.87790322955703 964.5223780040959
308.055904752152 980.7576456736563
314.00605880529616 1033.344180335654
297.3012032900721 1012.2435450632793
279.10843465291475 984.1887429276966
264.10451606371845 965.5308408304466
254.57026476341818 966.0201759271299
242.8378508999829 957.6919014851685
230.80988661935004 947.2865438919539
218.99761684827004 936.7411829394384
207.4025969892203 926.0589413002431
193.7226145297283 904.4868979812622
186.47267387352468 912.1342784362718
179.28787379799917 920.7061737106974
165.22637880544548 892.8405477725794
156.76808009572855 893.3491865240038
151.31644353231135 912.5394971817564
143.04892653429494 915.8962848583817
135.7468819867463 926.1040891988742
128.80854210505444 940.2177191910235
122.75472998376135 963.2093626344242
119.0906102889712 1010.00318145093
214.0283591507824 1974.4335545870424
175.79187790422642 1777.327548782977
152.590899480674 1706.1902055151056
134.8078295149288 1685.6179428036098
117.98760172506493 1672.8442622788193
101.72418805024326 1664.8952488266398
85.98179114897275 1663.7797725633086
69.88926227179108 1653.523659044256
54.55534611654102 1660.1038263343967
39.080532323410026 1665.5415671766702
23.438047655989788 1665.8351232706302
7.840275698576927 1675.9816616171463
-7.946001553986346 1685.9812754177622
-23.94759872496566 1697.8311201398412
-40.40736722804453 1719.5252963168928
-57.17801376937599 1738.0597442957446
-87.74025666216167 2074.1450400974513
-106.12972384993118 2052.257654807392
-123.74982072778178 2024.2208332763107
-135.8550690691481 1925.2125597471613
-148.50497486997926 1856.0684988541955
-162.36386803022097 1814.7512155549766
-166.59854304230944 1683.7781699072416
-178.30668851719307 1644.3608864327905
-193.38928024655615 1639.6345892563133
-211.9396176014618 1662.545517720025
-320.40646787366273 2338.1487752802905
-332.77523971127584 2269.7349272183974
-361.48390655039765 2313.9346112855183
-379.5980190807757 2288.7344415440493
-373.41402170387175 2127.4778420455855
-372.61474184303694 2011.7838487673685
-387.4723321257629 1987.584008749573
-403.8800464591774 1974.1088896188407
-421.11545136441356 1964.368289456472
-441.4854132202655 1969.115189600073
-460.1579404383051 1965.8625765428208
-480.4675041881022 1969.2333476303047
-500.8805754698406 1972.3954089170359
-521.1398090831526 1974.3802317154555
-540.4230866577998 1972.3001514493822
-559.1665126669977 1968.1079266930024
-580.1372546361786 1971.412124793595
-601.8014809242188 1976.408605920703
-625.7118563515232 1987.8482519601769
-684.5169845220134 2105.524281004826
-716.3170509017169 2135.0395505909178
-734.3436859797861 2122.5586801927575
-754.2142351374888 2115.5795630313633
-774.0184688527094 2108.414430294696
-791.9876051893988 2096.386565790375
-810.5237162234623 2086.0717402427244
-828.5652305130209 2074.66519197313
-847.6029687866505 2065.8795239084143
-866.5488301909845 2056.919328727949
-430.99315150321064 996.8153807788734
-441.9429629118959 996.3866807282475
-446.71239881963504 982.1858442987291
-447.45206773038177 959.826883913868
-459.01853223875594 961.0031150112773
