-475.378126071665 971.977179388792
-491.5323797900936 981.834975756052
-1016.6082230516771 1983.6705172038305
-1035.2882647599681 1973.9856151578952
-1053.87605119994 1964.1248098599085
-1072.3699260008189 1954.0889800131924
-1091.746947523001 1945.6231913128015
-1111.0596117582313 1936.9655492856987
-1130.8117516153472 1928.9792073551832
-1149.4842839337086 1919.0765698609862
-1168.5925073048256 1909.8462115759532
-1186.038940089154 1897.8818805690191
-1205.5154193213166 1889.130375008181
-1226.5698295307986 1882.6936695290574
-1248.1636054677979 1876.8600411287005
-1266.9482479237838 1866.6489056817443
-1289.636866773849 1862.0047668729878
-1307.733361280532 1850.564631617583
-1326.8983296270435 1840.5710588925822
-1343.6212987277947 1827.157849121152
-1362.0093393420775 1815.992995455918
-1380.3062173988974 1804.6436618374132
-1402.815087510803 1798.6302650217076
-1417.8639410888748 1782.9598550051328
-74.94343384683141 92.43636580505319
-78.36099516681558 94.80798719763173
-1478.7350487144251 1755.0976199925597
-1501.7520242826938 1748.6468647393708
-1520.8264940077418 1737.4025944277048
-1542.4851657208649 1728.9385511148382
-1562.1008698297323 1718.000253922331
-1580.967523051976 1706.111863581899
-1601.8084495070498 1696.2012531205785
-1623.2961415817888 1686.769289715009
-1644.0478162928264 1676.3683299748861
-1665.454241647662 1666.4327676140467
-1689.6732648562402 1659.0443809705798
-1708.8595622693038 1646.4895980360045
-1727.2324351409911 1633.0331028478638
-1752.101145436017 1625.4973319454562
-1766.6278704417564 1608.212351456867
-1630.087263257493 1456.506613155497
-1705.4549802576962 1495.074349426884
-1616.412397499666 1390.1924187713662
-1604.2703035067696 1353.557458435473
-1620.8559763074902 1341.5073253874884
-1609.407699204025 1306.5740919453465
-1519.216202992474 1209.6884427674465
-1300.4521169515147 1015.5413785347814
-1285.3895152495552 984.3448552649186
-1242.6668970707904 933.1103808898783
-1328.7481615190004 978.227132755924
-1434.4375281167609 1035.253581462183
-1476.006203620671 1044.1597994911
-1508.0073120502552 1045.5328530481308
-1530.2386553899353 1039.648814528446
-1541.6708674650954 1026.2333732681957
-1547.122572810705 1008.8710248092099
-1538.057016632484 982.346992456119
-1526.0862487291233 954.495029552209
-1546.1346182616737 946.8034337774808
-1555.8805706493865 932.6476558034868
-2110.61770333203 1238.1849257608603
-2083.20970527715 1195.7597266336954
-2063.910892384842 1158.861867650845
-2049.3623833072547 1125.3256514828086
-2036.1284499260228 1093.1157008303614
-2004.7607195867195 1051.9650456180277
-1739.6592923093463 891.9700368744145
-1701.525460785585 852.1854881998416
-1732.8680361387683 847.4723413354377
-2018.759927918037 963.7309548999465
-2042.2907866370517 951.3450177603354
-2023.8868804913616 919.5710385690409
-2010.5528288869095 890.6617327890791
-2002.3634534138164 864.46607824292
-1995.7034626062177 839.28105503553
-1999.8526321691531 818.847024544945
-2076.2539925475594 827.2813055003239
-2085.8526139725805 808.324113696823
-2069.0755355853744 779.3891377496201
-2054.615162242962 752.2636074417842
-2040.8548894450616 725.5806779595118
-1651.4826054699156 569.7492464499617
-1615.9775320888664 540.58543800585
-1583.8792557842974 513.372674668394
-1569.5443024513459 492.4994240022201
-1568.3553290821114 476.00689253386037
-1566.995546407188 459.58019707123896
-1563.54172768083 442.6762539382989
-1556.0505524000657 424.82429117865917
-1551.2644071230557 407.91511272954176
-1549.20710455388 391.8690434313271
-1554.7595664932096 377.7865672543779
-1561.1578801606543 363.86133789163785
-1558.6476391680478 347.88868466202126
-1566.733462584841 334.2906777295998
-1571.7612012982127 319.9730083828937
-1576.6580220005071 305.5903821481438
-1580.4396759084484 290.96293718341235
-1587.040941469023 276.80688232252635
-1600.422232355146 263.69049695309786
-1615.6725133284176 250.65380442960426
-1042.02140479624 151.65880108477216
-1026.553669601473 139.58353566144396
-1019.881475337481 128.9409797676566
-1009.1276969374705 117.97156976863755
-1013.1731336261312 108.81728400491298
-1030.0734861680153 100.86433013544406
-2299.02360668326 203.35795020872985
-2297.8399733543374 181.53913312268978
-2309.4182183617163 160.66266740906934
-2315.8151452136935 139.28464810910936
-2282.0651562004095 115.77401632490525
-2273.059609345729 93.94153693144627
-2319.8176245470772 74.07556169720131
-2339.4057712445638 52.73175009069117
-2342.79733479322 30.81636068362246
-1428.9898504959183 5.385831379949945
-1416.9776624582482 -7.956387016624732
-1428.8392635925168 -21.43265770720425
-2362.3040353088286 -57.3467066502172
-2370.6618172714016 -79.66522535871987
-2482.7122552411543 -106.60608648375162
-2483.608015802163 -129.84692465839592
-2363.5152158484375 -145.67025932878116
-2298.215451788655 -163.1616902335499
-2276.6590882363935 -182.9737575463618
-2265.8907507132144 -203.38167526182227
-2250.960072603719 -223.21010627626168
-1436.55599807489 -155.9867442927643
-1426.101697554861 -168.31502675383447
-1411.5752761262765 -179.95621642229014
-1394.9753643981678 -191.06996813261654
-1357.5139281330557 -198.84651096954312
-1330.9003398820234 -207.63738897875436
-1323.9743229483367 -219.2167698272501
-1319.903511938184 -231.202766361582
-1316.707811426678 -243.3136644908536
-1314.382717193428 -255.57596276493007
-1309.9838417245123 -267.41603246755386
-1306.4564978420474 -279.40547461761065
-1300.867757331311 -290.91592932633546
-1298.0996564716625 -303.028516592336
-1294.2471189605599 -314.8783813828613
-1291.2559547018272 -326.9282175754679
-1287.185523837093 -338.6951833496137
-1282.0433375744963 -350.15122530250613
-1278.7239297101414 -362.0857793212173
-1275.2934255649902 -373.98887511624304
-1271.7521231832427 -385.85947853968025
-1267.1461539145976 -397.3973133017423
-1264.3383639911117 -409.4990858845465
-1260.4665512924496 -421.266035983105
-1256.485228524676 -432.99638624276406
-1251.4523828653978 -444.3545132217267
-1247.2562468835301 -455.99984058112375
-1242.951748551503 -467.60555040842013
-1238.5392618466408 -479.17063439277905
-1234.0191701283627 -490.6940877529572
-1231.243359879128 -502.931196838649
-1228.3716942650417 -515.0990009002452
-1225.3948295840967 -527.2224498525864
-1222.298638139618 -539.334811783956
-1219.9941945293303 -551.84704884119
-1217.5626407312445 -564.3626634492741
-1214.100369877869 -576.4514653137952
-1210.5184917558975 -588.5244099585228
-1205.9217395163935 -600.1347833293415
-1201.213701099256 -611.7104251943293
-1197.2815013546488 -623.7122786301054
-1197.6427400911523 -638.0445651417749
-1196.962605186022 -651.9582208901815
-1195.2534039326138 -665.4271563345608
-1190.7895320433606 -677.4365581926874
-1186.205620281665 -689.4202103305288
-1184.081462219053 -702.9083089772016
-1186.0846539782128 -719.0077841006892
-1182.7887594879205 -732.0462761526937
-1175.971216810845 -742.9486504681338
-1169.8936251330597 -754.3294412079036
-1162.0352531506194 -764.5620121580563
-1151.596907221798 -773.0417603708029
-1033.8394924388517 -707.9441389500851
-970.6826159610478 -677.9611043939152
-947.2694888213354 -674.7218060416944
-924.8097659849149 -671.6962831063805
-907.3101513853433 -671.8848779315588
-889.0889339357209 -671.2055330173041
-870.9588311939281 -670.2475023193349
-855.2839204476588 -670.8639321231115
-841.2350277904928 -672.4973070714326
-831.8814044962324 -677.7184731533999
-822.5034034406098 -682.8243927457582
-811.5754012154039 -686.5233922759343
-797.6197939475727 -687.4675732738466
-788.2251668242716 -692.1720063574148
-779.5572546817183 -697.4284814037226
-769.3815496164192 -701.2367867631001
-759.2023678988782 -704.9168494061811
-751.2007074065593 -710.5304336845007
-743.1402350090722 -716.0772242647164
-737.0256280486996 -723.7970873106772
-728.7109639150735 -729.3430818688585
-726.6580416255024 -741.2233742543403
-728.6043243288358 -757.454116477903
-735.1118576574769 -778.8783966264397
-735.1621527687902 -793.8895446700114
-737.6829093761005 -811.9316013152905
-729.9455351607645 -818.8946914584715
-711.6098233570427 -813.7397982781465
-662.1850373860005 -771.8808044394556
-650.9677811775929 -773.5385884807051
-651.8743587295091 -789.7061608161553
-644.9809874855824 -796.6332442109875
-639.2584882374672 -805.0668203424781
-637.120173122291 -818.1973386663036
-637.8241021961084 -835.3331159829163
-637.060829486769 -850.9538762668808
-630.7327602787668 -859.378953146473
-630.1420607645229 -875.8778358055652
-637.9385149518639 -904.7007522606635
-659.4556761038059 -954.3155721534006
-657.6594247744615 -971.2945387498709
-656.152458736075 -989.1576976875848
-657.6341146950833 -1012.1098612251607
-656.5908197577361 -1031.8030313048437
-651.0015216657233 -1044.776540121816
-645.2247571280249 -1057.7362680692581
-642.8487601957049 -1076.6900535970624
-625.0364183627881 -1069.7899213024104
-615.8498843254155 -1077.4088917288423
-606.0869566896417 -1084.0768427241162
-608.2451086069921 -1112.5924176695025
-621.2277468637681 -1162.4113241561984
-624.9844696244611 -1196.61790590323
-606.7842010192661 -1189.1332698202548
-587.8907616244599 -1179.6221651005937
-570.1082040606228 -1171.6593513742685
-552.5302827477806 -1163.466495712987
-534.7393580589556 -1154.139427860731
-518.659771544564 -1147.2022669875355
-502.5081174876479 -1140.176123175284
-485.747779749206 -1131.110115978421
-470.74870675312974 -1125.5201708944428
-454.7685686702574 -1116.969806641883
-439.73012063848194 -1110.0781148204237
-424.863802820312 -1103.0026060953178
-410.17174000864173 -1095.7459302677255
-395.3143503061005 -1087.3709415107917
-380.9859653692166 -1079.7567754784807
-366.83802981364397 -1071.969617051922
-352.55774310973214 -1063.0630450605327
-339.39716691280773 -1056.8394216206925
-326.3867173592923 -1050.4626174840423
-313.5281083284413 -1043.9349238759996
-301.10156354776825 -1038.219075354084
-288.81194546668 -1032.36217489588
-276.92106879665147 -1027.3318459273614
-264.9007550851391 -1021.2015422801334
-253.26380986087247 -1015.9067096021937
-241.9840487857793 -1011.4562373791769
-230.58825756463142 -1005.9090691873233
-219.53386491806108 -1001.2142039314757
-208.58946499578246 -996.4007402108717
-197.56070267480985 -990.489661106382
-186.84932927585584 -985.4421992938819
-176.4286081584283 -981.265482029853
-165.768843990297 -975.0085591224934
-155.08557507029104 -967.6510034124478
-145.15248420610027 -964.1347189728195
-135.43963837375435 -961.5077245436911
-125.13935291890732 -953.8260545566143
-115.1178139721502 -947.0289799717184
-105.6815949021612 -944.1034903541748
-96.3112988929335 -941.0845518366327
-86.45365624630139 -931.9988011374512
-77.19175572233611 -927.7943914728646
-68.09091821032817 -924.495877144552
-58.99566779732569 -920.1105972551059
-49.98979800205252 -915.6364016877627
-41.31691758924392 -912.0646426218503
-32.4755515180998 -907.419053444215
-23.75242797450644 -903.6879008625245
-15.136664330545898 -901.8729851774829
-6.5356548048770104 -896.9761898825807
1.970989769985969 -891.9978224184892
10.394205247642944 -887.9391648628131
18.740523251690256 -883.8013310627298
27.009203063139115 -879.5854153803905
35.19951781189085 -875.2925190733727
43.3107545405958 -870.9237501303569
51.40136428306872 -867.4784722111779
59.2932120422136 -861.9630589565409
67.31927021496404 -859.3672764643326
75.2138317451629 -855.7008119162973
83.23888603243483 -853.952743336585
91.02460983480603 -850.1408826802892
98.86137411707705 -847.2516914752565
106.65149732026129 -844.2905057616995
114.25958044022997 -840.2670696139547
121.5126200835979 -834.196429601817
129.2748701959369 -832.0168315219493
137.00669741186223 -829.7651263244886
144.53516233278683 -826.4566454747853
152.37641306791798 -825.0469251748989
160.0129777546724 -822.5812099422662
167.21595489478887 -818.0854627901806
174.34803422514966 -813.5273584593367
182.0651684870759 -811.8351276113721
189.53780194355178 -809.0960521683486
196.50021580893733 -804.3454886968915
203.3895648338386 -799.5359184656445
210.20535869268033 -794.668300095632
216.94711867113799 -789.7435961755506
224.43648937975993 -787.6479303818991
231.62246561196065 -784.5221688542881
239.06159368458745 -782.2873860832636
246.17784631090095 -779.0285411881431
253.56415242908275 -776.6557928728279
260.92759467922065 -774.2130135401472
268.09482657499734 -771.7604317168134
275.14923384282116 -768.2114937409544
282.50646217605913 -765.5364777910762
289.4824957361322 -761.8562099650959
296.41394970266873 -758.1126370280763
304.0463784025885 -756.1618872835829
311.28667816845183 -753.2101990778209
318.4983275138534 -750.1891863862596
325.6806626879787 -747.099127258973
333.241406714908 -744.853116292514
339.9547490701778 -740.7130136460628
347.04518650993174 -737.417546930019
353.2347162709958 -732.252849240581
359.35717182287783 -727.0374289260923
367.21888619406485 -725.340809290633
373.24015037454757 -720.0088819927051
380.13042951138186 -716.3950422493809
387.4628929890156 -713.5940768788532
394.7765567450186 -710.7182776913418
402.0706590289481 -707.7677480275767
409.34443834698607 -704.7425989638987
416.5971335403251 -701.6429493168049
423.8279838636602 -698.4689256467069
430.50928990845404 -694.3707592507901
437.1509724388667 -690.2086838744882
444.29556878018036 -686.8227191657946
450.86420422624224 -682.5287315179028
457.9505008388014 -679.0009858472158
464.44346954988987 -674.5763586077268
471.468653261168 -670.9078245125038
478.4661421505982 -667.16650906316
486.02573937474625 -664.1596048129028
492.3750342580056 -659.4663188059174
501.1027248848752 -657.8944133468175
509.23181731401513 -655.4257824003153
515.4962557344766 -650.5102691916056
522.9703889088574 -647.0903896091476
529.7902315963352 -642.8151448940057
537.2194961861561 -639.2340830380468
544.628693214694 -635.5694977948948
551.8136453146074 -631.9989721863515
558.4065877528637 -627.520583530296
564.9640636390039 -622.9740017019197
572.1640963745394 -619.0938917643322
578.6554271453087 -614.4053195043808
588.5713198015718 -613.2567174577348
595.7197362561794 -609.1157491272639
604.2540467210068 -606.3110150915018
611.363033108496 -601.9960479507985
617.7250950236939 -596.905944833831
625.496713782924 -593.1255019359418
632.5196438349963 -588.5702168499945
640.9890579918874 -585.2837154190032
650.1971994504811 -582.556951573622
660.161547482267 -580.3686166789332
666.3558424890557 -574.7781234360792
673.2666664250529 -569.768370375977
680.1420993740791 -564.679311343191
690.8581288382459 -562.6686821017478
701.5961403775863 -560.5058927498214
711.5670829438134 -557.573570455803
718.3729863272154 -552.0654422397025
725.1381162407179 -546.4784646945049
732.665833637692 -541.4072184779086
745.8307757559014 -540.3493813592743
754.9635936522641 -536.1958338701068
763.2632605977342 -531.3465865343593
771.538265134383 -526.3883598954544
783.9439374312401 -524.1000886899408
794.7012324564437 -520.5285305650494
802.9353224816876 -515.1804226785295
810.2921704135247 -509.191121845756
821.8655726977074 -505.7291571723638
831.7318958233003 -501.0619257838084
838.9985712688189 -494.7296205089005
849.6840826755081 -490.30394618836226
860.3601192745767 -485.7205628361188
872.7754586113192 -481.9460538751215
880.7957443628804 -475.6047273863448
893.1954509609518 -471.4890098217157
907.3037339683391 -468.2317100828493
915.2292071939079 -461.49810216208994
925.7991639302948 -455.982354994102
939.9504388553773 -452.0422242397093
951.3927391698301 -446.60145079805517
964.6334089863545 -441.8182728988974
976.0412041672379 -436.00982531104535
985.5906319033111 -429.2273363899741
1001.5419764360529 -425.03843289350306
1013.8037993289895 -419.05949036635127
1029.751689756412 -414.38081210863794
1039.181818314757 -406.8871446532014
1053.2342281950382 -401.03199443236707
1067.2673536541377 -394.9485989645916
1080.3370851246248 -388.29857391500815
1094.3193566963428 -381.7671352535504
1108.2732662259405 -375.00715642356175
1122.1957528542737 -368.0186031654238
1137.9899334555828 -361.40685017547537
1150.8900878811587 -353.6495519817588
1163.7440234357548 -345.68171475732
1178.471387932871 -338.05500709732524
1193.1570782835693 -330.182050605142
1210.6964817961043 -322.83591647543676
1227.2331929473437 -314.9407724132713
1243.727148182416 -306.76339559020914
1261.1476117546194 -298.5342549283402
1280.4723213567565 -290.44730027879245
1299.7548520468542 -282.0236241534737
1317.0321708649255 -272.8575835611344
1337.193824978486 -263.9728668621199
1356.320313221391 -254.54902856429734
1373.4171606401528 -244.43875073142715
1396.3591725217182 -235.0256609701642
1419.2436396407088 -225.20322231130243
1439.09768519671 -214.5293743557532
1463.8268688033581 -204.1932862984396
1488.4867865106858 -193.4117017739431
1511.085594662051 -181.94594143545876
1537.5740825936448 -170.51375468363756
1562.9662502296596 -158.6741965255749
1589.2780879434908 -146.3255247135022
1617.4867289742012 -133.6625661594848
1646.592542548457 -120.5570355632875
1676.590264922268 -106.98169734996513
1706.4755907325632 -92.85503881830898
1736.2408244749004 -78.17799835451595
1768.8763741354687 -63.05848892383487
1802.3778591523385 -47.36087876541871
1838.7371429960142 -31.092104574244367
1877.9465470110797 -14.169212016268819
1917.9968302080608 3.4870204804326375
1953.8778615118517 21.8472491145561
1995.5788038210842 41.00289916591706
2039.0877541951174 61.00107123249773
2084.391769598148 81.89597567341713
2129.479240300518 103.64441677740642
2180.3280687569923 126.59191360590134
2230.929319065449 150.50040974752395
2287.2518061654055 175.82711734283268
2344.286834707351 202.30728266127858
2404.0077074324636 230.15634383025358
2479.3193866591073 260.81483649575875
2546.3129971097974 291.99164499985164
2620.873085481921 325.43089865050564
2697.9969829012052 360.68861952658693
2781.61265982998 398.4106056238756
2867.7164303630766 438.18201129856266
2964.16918047554 481.36272136401
3057.0993384098106 525.877965971478
3167.157324561753 575.3915896803145
3250.0272351873173 621.9356643099692
3237.1990762081005 650.9578642258042
3216.2850791297487 678.1440037096434
3200.0296374839722 706.0731684635788
990.043023601194 228.1902965040487
982.0292841128476 236.0476332116215
956.4943564354354 239.404565760894
974.5338783127157 253.63895603944
957.6360014623141 258.8383447313608
949.4175179841327 266.08715967676665
948.760909218976 275.67505715603266
958.5410346963888 288.44424903813956
936.6546079474475 291.6147208403812
929.0752868448693 298.9901526373798
918.5939895944094 305.3016250874305
913.7529173180261 313.3873100379092
909.7841059020251 321.74194729325023
893.5248015885685 325.5985702458001
880.0845317105375 330.22903725118425
884.3626095740084 341.4773415432568
855.0472167628592 339.5500804094856
845.2937898157779 345.0324751365869
845.6582910218043 354.61395182096453
840.4057687008518 361.8606692282683
837.8360901226631 370.2521925498466
835.1827191772882 378.62755524080774
827.0049091881888 384.45660376515286
826.0142177444842 393.6057825845142
818.6337541416203 399.69960793075234
814.7900299969818 407.4778607697815
810.872402827926 415.21915458233104
807.766937331889 423.38702737974864
823.0855699036468 441.45910865717656
916.1583709143127 502.67170141518073
927.0270965331725 520.1824317422455
925.5005635400404 530.97806629565
922.1269572124535 540.7798764581593
918.650441110818 550.5654975086067
914.2182029945404 559.8116444961048
908.8452933486864 568.4929487319436
904.2326641902497 577.6610502807016
897.8526668134942 585.7000842546436
893.8985625492643 595.3329823488358
889.8422636080451 604.9435890204229
885.6838369007804 614.5308300262175
881.423360544194 624.0936303848804
878.6821085830135 634.8021361464604
874.2065843752016 644.3282143714051
868.8298747580312 653.2255726224622
861.9421816359603 660.64489365819
855.1597944951036 667.7774523590116
849.884093858049 676.0865528962123
844.5280106811061 684.3547611984689
839.0918538750481 692.5813026356798
833.5759397900504 700.76540482756
829.4998226446049 710.2070432152648
826.074731390387 720.2892045271122
821.7872422691803 729.7031783154131
815.913473808265 737.7568727284955
737.866577687327 679.3834804673954
809.766998629288 759.195237031236
812.2891239713449 775.4452779389819
808.1296498482172 785.5287830730316
803.1433779221398 794.896669070776
801.5755469879693 807.7874983378596
795.6524057921284 816.4173253656479
791.0215910675558 826.4507501750799
785.5893751249725 835.7381968599707
777.3405740768126 842.055599051471
767.6984753529308 846.810516550654
721.4621926207878 810.3809626458443
689.7704528824539 788.9998240369476
670.249604543322 780.7729936476546
649.0008341555746 769.9655299202481
626.7275915808408 757.298835302999
612.9345979441125 754.3839729495114
603.6107016684462 756.7549939255942
591.828155413647 755.8699851559659
580.111089660089 754.8345008366962
560.63286977693 743.2710039586394
537.8417442836083 726.5963515638966
514.8106764805062 708.7636893786839
504.3340063733974 707.6780412132046
495.6381164879523 708.9202053011855
488.65776784532005 712.5374277358553
481.6525370212846 716.0864707428566
474.62308543224515 719.5671801678949
468.6561845975223 724.6588029124417
461.5650860001549 728.0121368395376
455.32277341508706 733.1099317357481
448.3975862534655 737.3659909719637
442.45563827126904 743.2751900621761
436.94545783883285 750.0017779139012
431.842916329377 757.5590377100248
425.6625464637269 763.339633805304
420.3690695433836 770.8267285007896
415.91312697340135 780.0463260673736
411.3205526051544 789.2498989576055
406.13747254410805 797.5445776854632
402.17054504818094 808.4972805740592
398.0330101208582 819.4453751496367
394.15303585702117 831.2901926070665
391.34459686482273 845.8566110782072
388.2962828394379 860.4429073059265
387.02111674621426 879.6224503686302
386.60076112809065 901.6101438510888
380.7894594363948 911.6706574098666
375.95281919511206 924.480112138302
372.38018649123035 940.9978728502825
368.5292956510193 957.5291944619566
374.9111116672305 1002.1684780257467
358.96589911576893 987.7977947292692
336.00628200919107 952.4703556806164
322.163546275209 941.400897307508
312.9675653709752 943.4443825821236
299.78495969462244 933.0214241596458
286.23299730166354 920.5252148940332
273.5192796045574 909.773160565096
261.03385483638294 898.8644651054229
249.85783411105425 891.6541160861273
240.66623999219053 891.0716923615189
232.01113079746682 892.3311241832153
219.4734760209372 877.9842785171538
211.6609406739665 881.9572813878298
207.15591364834674 900.4789988892128
198.88033041336058 903.3668214931698
192.42088617012385 914.985902932665
186.93945699774335 932.4455155221611
182.64454537731166 957.7400325996168
181.59792031695693 1002.6879850364999
334.757784246356 1952.5107492371123
288.01438332858197 1779.8473853102846
256.42685225955967 1684.595283574145
238.2305779770595 1670.0943661113033
220.59263632353054 1657.3843515611684
204.19508257841736 1652.431350541012
188.0231239013288 1648.3107428147114
172.36245419928096 1648.0109782347934
156.72392781655572 1647.5626271707401
141.2796833728322 1648.9587778553082
126.3552172382704 1657.189898314816
111.02214000971071 1661.294400287819
96.13917438041612 1674.241995396559
81.11920461868091 1689.05318881379
65.75284004264344 1701.7301678075542
50.15599467315587 1714.2664250921869
41.12837312401474 2068.591176845771
21.565579292363378 2051.8866746947274
2.3251472644905165 2039.998674923638
-16.328489614435362 1983.9328064294193
-32.75216049619835 1860.7117713345158
-49.511085843936 1835.3323002602428
-63.14510404163499 1736.8525256438934
-75.48663530889749 1650.2744522926305
-90.61578285408856 1643.503811951083
-106.91281361284854 1656.5535458551842
-173.8354636022466 2350.5808285600797
-192.61168839951293 2309.983709356386
-215.35649602225868 2320.026202356563
-237.5940360517586 2322.8805552659474
-255.46112608458887 2285.7689325606807
-246.8932756008309 2036.0856343639116
-262.7183570612424 2008.8939904492327
-278.47271296726694 1984.557620260155
-297.7965918418524 1986.8060272425632
-314.6671317076151 1973.0657860859335
-335.64164451328116 1984.8208197387542
-354.9281971269644 1985.5263722459601
-374.6277460595022 1988.0098218777434
-394.21005522837237 1990.336512340776
-414.609065860707 1994.359125760983
-434.05514394468923 1993.287769494198
-453.2958983637128 1991.0516890645092
-472.995437268879 1990.575624366686
-497.29303098926715 2008.3477391451681
-525.9599150079854 2041.3304896083812
-581.1566109244857 2170.545091348891
-601.3523583158084 2163.998923555189
-619.2617135980715 2149.577616666023
-639.2396939912951 2142.6779071120127
-658.5527829621145 2133.681614499421
-677.7530685198706 2124.5118917322866
-697.4648094128345 2117.0696350452713
-716.7746107006441 2108.4978438345483
-736.6463493059239 2101.637731878226
-757.131791440001 2096.4714284699553
-379.5564181102907 1020.7144191551749
-384.5289908183433 1004.9445035524233
-387.40722520121005 984.5200058210594
-396.30864134321024 979.8920658912892
-412.83067248775296 993.6532774833028
-428.07768654832523 1003.5090902824118
-890.302369678189 2033.6572205131822
-909.0502339277836 2024.2501505979546
-928.9546484417812 2017.3954151673902
-948.3837652832729 2009.4407763721533
