-947.1033191555276 2006.7277600224159
-966.9743905646725 2000.5610533028178
-986.6476607826652 1993.1639153547042
-1005.815218163294 1984.6815227917866
-1025.8313213983533 1977.7902062752028
-1046.2754432243405 1971.5810145428236
-1066.2163373150026 1964.2830045700086
-1086.1124128712431 1956.7840521138264
-1107.4421893695567 1951.6935715435359
-1129.273770720596 1947.2395206451843
-1150.6095050160422 1941.6865779437055
-1169.868996047945 1932.482220380248
-1190.6347578553573 1925.638822154018
-1210.307339504698 1916.8842281006591
-1232.087718001927 1911.2916719194911
-1252.220596702705 1902.9523318237693
-1271.1903679617587 1892.7427316994904
-1288.9481293102856 1880.6947439570076
-1314.0415762339321 1879.1337727603755
-1335.1538803330086 1871.5675557755617
-73.54879908021036 101.07212352502962
-73.30486039084042 98.76941552464201
-1398.3228536596455 1847.4799584658952
-1420.5368498854807 1840.570579499041
-1439.652185868568 1829.4768606691514
-1461.1874752953563 1821.3061692203162
-1483.3291943440047 1813.6657633662178
-1505.456082211494 1805.7693608355469
-1530.155467606453 1800.6646675475358
-1549.6539056491608 1789.2070234342088
-1569.0719846444756 1777.5415907943886
-1446.6212469227896 1608.0596904193428
-1481.9649848416095 1616.4865553735385
-1444.547126831906 1546.20166807622
-1436.2813075520826 1508.6368037325885
-1444.1498364478236 1488.5923719701525
-1444.0354505689352 1460.711339553497
-1374.6847270658493 1364.628484669689
-1190.485720540602 1159.7360687625971
-1152.9183646252986 1102.181584181902
-1120.2118131573789 1050.914598653315
-1171.1022162156175 1078.4171730711955
-1302.8651226982718 1177.3183393018292
-1337.8147702150134 1186.2527726393525
-1377.5718234128458 1198.5707619239706
-1393.3382388314112 1189.467339698817
-1395.2555837575148 1168.6153584449746
-1422.4014808196457 1168.7835673733948
-1403.7374982438455 1131.5166971919193
-1396.2676033823245 1104.0094110762734
-1416.063760607513 1098.192799964609
-1425.5258720143834 1084.2310585007388
-1937.4492440124682 1445.05343391707
-1923.5000139143822 1406.711305304458
-1911.4417249278504 1370.508858856755
-1900.5113554184459 1335.8089638588076
-1891.570183917744 1303.1389946254358
-1875.5543771820005 1266.2798972713094
-1623.8236240692856 1074.2466373763948
-1589.371898318078 1030.1130854604214
-1595.6055531940847 1012.987126579701
-1644.9689940101218 1022.7639066496862
-1906.4852935938593 1160.6626664584055
-1907.0006533508674 1136.5511462839518
-1896.0029405040043 1105.9827528493242
-1886.3379707848283 1076.714010299567
-1881.5306986170274 1050.6508602584022
-1883.422614249168 1028.6084075754145
-1897.4166315164914 1013.2182027799395
-1974.2286166093 1030.5097618950194
-1970.4638503565775 1005.0951270590919
-1959.2366477510175 976.2749398142693
-1946.7444142574777 947.3178904450766
-1932.9796013431298 918.2537017575014
-1594.952724713761 739.3847482387973
-1541.6938774918578 697.1685507136136
-1513.4076915560704 667.3178846239073
-1508.587173847965 648.3276477996368
-1501.6995224467025 628.7149944794904
-1495.503627898404 609.6670394098013
-1493.7309861117167 592.6354200768955
-1486.1011264688666 573.7180857424366
-1485.8019545128166 557.6392668794892
-1490.0298247671365 543.3296617196752
-1490.349407030901 527.6548540122058
-1493.343692755808 512.9967010678013
-1501.8868424383809 500.2248619475746
-1503.6596781192181 485.18818245955794
-1512.918999653461 472.5474584500175
-1519.2012376181322 458.90805137798077
-1526.3205021390127 445.4724736166222
-1542.9465048918262 434.65513115813735
-1553.7125612872592 421.99203416437297
-1562.4413232782126 408.6589180632515
-1015.3678324118422 255.4156708255722
-991.4749717975824 239.53575995868198
-991.7306845685167 229.76999213400595
-978.2228120286322 216.98877857344425
-975.3246251488692 206.762848641185
-994.8648278224382 201.16901938874733
-2254.6239439528167 433.9203513948686
-2254.6616618621583 412.0252304519348
-2273.209048597096 393.40770375818107
-2272.8529838822897 371.41393842634966
-2238.67976406757 344.29335450218747
-2239.8324539881537 322.9854146264298
-2297.2728686269384 309.29171839956894
-2309.0044548896317 288.83806414639184
-2313.599967256562 267.3877175758724
-1404.1228806491208 148.9393703411396
-1401.4772072438734 135.3722186266936
-1399.6971310226172 121.95466947622045
-2346.929459709207 182.31322263908353
-2360.5090694518008 161.09914039433454
-2481.7097709921886 145.98839872366176
-2480.972867970475 122.59538488196445
-2348.121177490302 93.95177391383885
-2283.9298590744897 69.92423634177949
-2270.488608149884 48.19211825188596
-2260.8415672414394 26.76579595811284
-2252.9932140479877 5.529688392425094
-2255.9475697145717 -15.38059488182831
-1436.8141602311541 -23.109932047572087
-1416.54480425254 -35.91402992054116
-1402.1596498402207 -48.552202421206275
-1379.6708100858827 -60.576033189403645
-1335.1124782864363 -71.01880260783258
-1328.4088704839835 -83.01128127831201
-1321.59816486164 -94.8856713858593
-1319.665605261965 -107.04527214487968
-1318.6171969665538 -119.26729586969262
-1315.4654831989956 -131.2804726988481
-1315.1868119183398 -143.57106169445743
-1313.8001867305802 -155.7500219797507
-1311.3088708496934 -167.7886922021328
-1309.6980372938278 -179.93068417781166
-1307.9747780898992 -192.05723074302196
-1305.1512387123034 -204.01285275133975
-1303.2050548941625 -216.0962398985763
-1301.1470027913613 -228.16107715177358
-1298.977259068928 -240.20632885453836
-1296.6960099796006 -252.23096103171693
-1294.3034513478358 -264.2339414781545
-1293.7555793002427 -276.63242946099734
-1291.1370688153206 -288.60711968172615
-1286.460019659547 -300.1026787910398
-1284.5960784961253 -312.24496010724795
-1282.6174898634822 -324.3784436369039
-1279.5570936364581 -336.247890885014
-1276.3868590868672 -348.0884743141633
-1273.1070583504718 -359.89917751810526
-1270.6776993273018 -371.9599231533891
-1269.0911407873034 -384.2963392685145
-1267.3849018149797 -396.635236270599
-1265.5588007162507 -408.9754539451547
-1265.5099833531224 -421.9484352780326
-1263.437715427544 -434.30535252887256
-1259.3596765643356 -445.99238227101193
-1255.173533142862 -457.64112762913345
-1253.6885059825927 -470.30429507621426
-1251.143343237385 -482.61924399341905
-1248.4739828000866 -494.93607089329146
-1244.6901114374043 -507.03306252151083
-1242.634088370763 -519.8745256491826
-1240.4463733698778 -532.7220614856469
-1240.871963278873 -546.7840256887862
-1242.053552469461 -561.3127228185655
-1240.34900303851 -574.6506335691053
-1238.503114271025 -588.0059829125656
-1241.0118284655036 -603.5641155740684
-1242.4416021809723 -618.7752945698287
-1239.2399038586952 -631.7954262926345
-1233.2431999573926 -643.4222639595639
-1225.3730174151624 -654.0504324521621
-1213.9012405174055 -662.6709426784186
-1084.4961514767426 -605.33635066146
-1024.904232700286 -584.7831339847602
-1002.0818745875619 -584.3217577868191
-981.0785537462959 -584.50737495696
-962.7244545946153 -585.9100822869499
-944.4318827325518 -587.0199475982461
-929.5819441703404 -589.981702320072
-913.082194621561 -591.6290272333447
-898.3028053536672 -594.1221001559626
-888.5312203268292 -599.7468386782174
-877.910104108664 -604.6733408245437
-867.2753518507392 -609.4534141935516
-855.0032939587018 -612.9219912189233
-845.972182334395 -618.5750291730026
-839.315567441647 -625.9060458647978
-829.4120346984398 -630.7453342652597
-818.7018153943247 -634.8411907477625
-812.6950654333765 -642.5128252573951
-805.8378437984203 -649.5000919956153
-800.466450022017 -657.6849263812799
-792.7123734233907 -663.8999119004723
-787.9546299068595 -672.6243388462419
-785.3660688707106 -683.2870098769376
-796.862638831536 -706.5655913179195
-798.3438098269902 -721.4036050027241
-804.7649651632445 -741.0731076255579
-800.0471087458621 -750.5555434392493
-791.5389855711394 -756.6313728104404
-755.0491014638675 -735.4025118114612
-714.0600972809599 -708.6283775513836
-713.0194331005428 -720.9710729432774
-714.5956965453199 -736.2261816037983
-708.3609535721614 -743.6086063611275
-704.0993397039796 -753.1302143908582
-706.4818782317357 -770.0054257796884
-707.2710509213134 -785.5040805296055
-705.8448005749195 -798.8361017764233
-702.9201834612746 -810.6985973114595
-713.4428098567554 -838.5704246297371
-743.369456467566 -890.5065138398008
-747.0379943564452 -912.1267647580021
-745.3550006764352 -927.6561447899925
-749.636319467964 -951.0869510904482
-751.7081562814109 -972.3044007819783
-744.9885211219924 -982.4872026629489
-742.9176606480522 -999.0487222839663
-736.4770844816841 -1010.000744570695
-724.6619776984312 -1013.5980554826448
-715.7140191778605 -1021.157403514401
-708.9530092890338 -1031.9348965026927
-712.6644530365941 -1058.4353439762167
-728.6072754250881 -1104.2918265556573
-732.3510392395175 -1132.9002406764678
-716.8968106487104 -1132.1037774346073
-696.7785440487968 -1123.469474686891
-677.923806635696 -1116.2684768444226
-660.2878408206361 -1110.5331905280555
-642.8193290444868 -1104.5665711974068
-625.0261729712631 -1097.5022929820677
-609.3691696418518 -1093.6970399018185
-591.9246190368584 -1086.1833387499873
-577.0261866110534 -1082.8526123000793
-560.8564557612028 -1076.6782416446345
-545.3071217257584 -1071.188192147005
-529.91023688483 -1065.5022950912228
-515.1049966020792 -1060.5224384592586
-500.96435676317367 -1056.217644831244
-486.3369962847334 -1050.92355861154
-471.8549200346358 -1045.4481978745323
-457.5202396795256 -1039.793840279692
-443.3350367699301 -1033.9627871312414
-430.0721010149725 -1029.8028879006736
-416.927751374384 -1025.4853729497559
-402.8002133267061 -1018.2224649574179
-390.2838428693376 -1014.5183694715154
-376.82314223518716 -1007.8592756312758
-364.2062473650803 -1002.91714980862
-351.7167486063271 -997.8273040710972
-339.03279959234226 -991.6454814098528
-327.4410911538299 -988.1615919595283
-315.94575200771953 -984.5477549556836
-303.9551143499603 -978.8954430686163
-293.24982297357724 -976.9363036175723
-281.77357122815005 -971.9813036048248
-270.4174141690386 -966.8973172545939
-259.7032057150365 -963.6172709853915
-249.07532266083547 -960.2215804913992
-238.29306716567277 -955.7412903818565
-227.85067315731592 -952.1161015032558
-218.39237907806256 -952.2781992467452
-207.66556932003465 -946.4861389999253
-198.0932721932805 -945.4708115599121
-187.77557333025044 -940.436778343178
-178.13045438834163 -938.2401298278618
-168.36648970000627 -934.9613495466524
-158.00885441978127 -927.6390472187705
-148.75638138586865 -926.129331679427
-138.9496268998757 -920.5726485098204
-129.82089642757927 -918.8746023537377
-120.3451492268876 -914.1121621866532
-110.97112036299691 -909.2532158015067
-101.69978259901366 -904.2992614280482
-92.73680646767035 -901.2413021639532
-83.93372441924117 -899.0907239567734
-75.17961759274134 -896.8545172426848
-66.47531570527313 -894.5334160342387
-57.983831491208456 -892.1176353405414
-49.18339873809555 -887.638436126202
-40.51963348811747 -884.0719197565256
-31.964745418949803 -881.4205891912792
-23.490907295621835 -879.6864084856766
-15.05311881994861 -877.8709492936832
-6.652157816790171 -875.9747420995542
1.7092468340795994 -872.9983267310769
10.001676542083988 -868.9424414000893
18.23784573895803 -865.807935389138
26.41505400827521 -862.5956439269445
34.4924152900949 -858.3072138153423
42.53997456688559 -854.9423083248652
50.64488136166058 -853.4987381313831
58.72609785676878 -851.9784301439311
66.62631485313901 -848.3878441898437
74.55112989834214 -845.7204792547479
82.23644188851307 -840.9888035078214
90.05184693411383 -838.1763924519438
97.93736336557988 -836.2848036745606
105.79497086930078 -834.3191380633455
113.62397464201618 -832.2797560835842
121.5684085150384 -831.1564967267722
129.34758228705414 -828.9693618925212
137.2596792686468 -827.6960676764559
145.15925330015196 -826.3472582282477
152.86316937702495 -823.9398348471876
160.726153516848 -822.4421581945314
168.17214801902696 -818.9103300305025
175.98639389625157 -817.2666573177896
183.3449075364755 -813.5973481277094
190.87856776097618 -810.8356013209574
198.61465111001786 -808.9754139431222
206.08491554404435 -806.0725820825344
213.0039880456856 -801.1680854081953
220.6467216777174 -799.0970055086403
227.71861443324067 -795.0303344153637
234.73300167206972 -790.9016487060956
242.57035171518228 -789.5793971911709
249.7982601201238 -786.2733807276951
257.38940272541777 -784.8736811517206
264.90729821106567 -782.3682785967958
272.4008119739808 -779.7908678844066
280.20807908401645 -778.082535735153
287.3119378661655 -774.4209774790379
296.15543269213794 -775.3656941643295
302.84880979007977 -770.6274056953413
310.9772834783875 -769.5408560696454
318.72916529366137 -767.4455806056908
325.6846491222513 -763.4327143410322
333.79610076825577 -762.1050866592535
341.09204796881545 -758.86771891578
349.19399717817754 -757.3767571920378
356.016483482712 -753.0878192406274
362.78885603398163 -748.737768472751
370.84454416150993 -747.0142729999487
377.54078141412776 -742.530779408645
385.1086890497631 -739.7616491940988
392.65817085982474 -736.915572407733
400.18844621882243 -733.9926481327757
407.6987347104832 -730.9929833558398
415.18825620762175 -727.9166929719871
423.1599928483672 -725.6277423393966
430.6139056822016 -722.3937044528558
437.52442347670734 -718.2293358401444
444.9230843072172 -714.8478502804305
453.9066828125739 -713.9220708859515
462.9132708737583 -712.8894049212391
470.83637181144053 -710.0824677313466
479.8693098389886 -708.8451491508232
487.7846089825931 -705.8542167046244
495.11020283697275 -701.9593200796836
502.40590677765175 -697.9887569545268
510.2628948141157 -694.7487158504998
517.5041903195133 -690.6217582741981
524.7132100551057 -686.419731063776
533.1189809956163 -683.720083149673
542.1435155718605 -681.7047810624362
550.5483027226348 -678.8023028608743
560.2218037440972 -677.3422551485403
567.1224489558299 -672.8834430199202
574.0726357355078 -668.2825816222409
581.6450923028591 -664.362842579263
589.1944610697126 -660.3596649135764
599.4107988881524 -659.2326555748485
608.2983094621474 -656.5045062339585
616.5007165606336 -652.9401706743316
626.7696609624749 -651.4413189973325
634.2642321618825 -646.9504492618407
643.1431291286418 -643.7910495297517
652.0184121292217 -640.521654781857
663.7684853347346 -639.918274372933
673.3850558359251 -637.0883506836772
680.808220237802 -632.0926888175787
690.4144377263481 -629.0341041461986
703.7504620114414 -629.1830315724374
713.3909589828698 -625.8389086989569
722.2725312500652 -621.7164873168666
731.1393594382179 -617.4821755162432
743.8402274691131 -616.3259819273386
752.7034121062142 -611.831327576206
763.1112918784356 -608.4711630041517
773.5220801348113 -604.9690831306297
784.7274811283288 -601.9333687061952
795.1445111197521 -598.1389524484512
805.5591068137477 -594.2015865255133
815.9694984498623 -590.1209855609949
828.8212174709961 -587.6320187582496
840.0552364897441 -583.8117844358403
849.6371555469623 -578.7060600288085
864.1874338692614 -576.80246110992
874.59151675578 -571.9394013519475
884.1380412516212 -566.3920232592851
896.198377212527 -562.3099400523105
908.2594769628918 -558.0508243046455
919.4621668539038 -553.098837211148
933.2366123039432 -549.5074389446057
945.2911122295753 -544.7069975131332
957.3371967012552 -539.7281647386789
972.8752753820689 -536.5022819618418
984.8487877821354 -531.2568730887707
1001.3190825009201 -528.0000899805942
1014.258942417337 -522.6469149688581
1029.86586880625 -518.4450716015608
1042.790662139541 -512.6710787186828
1058.4021028594532 -507.9970360766758
1073.1116803681766 -502.6493026528417
1088.7232659739516 -497.48432148863986
1104.3319925439976 -492.0689486685826
1123.6034289766246 -487.99624423961654
1138.29034051475 -481.65454497057806
1156.6550840136558 -476.6025772332358
1171.312088847012 -469.7573740994908
1189.6684681807644 -464.1313777546543
1203.34675598768 -456.42697647479974
1222.6146124147574 -450.5801920967145
1242.8195077721575 -444.746749398995
1260.1877869732286 -437.5874101976844
1279.4259173568566 -430.777578334302
1298.646426622044 -423.6430792799482
1318.7984733808128 -416.48479757181747
1336.060519249223 -408.1069576759214
1359.0352818849628 -401.13850798927217
1382.957554695918 -394.0461926087949
1404.9366995942846 -386.0076037244847
1428.8191332462266 -378.1003629587015
1454.613861144324 -370.26951665888146
1479.4147016408724 -361.7473435546537
1505.155946069508 -353.0178154308991
1529.8865248721047 -343.61493130356683
1555.5495129183366 -333.9860968057289
1585.0836635678293 -324.70568133370915
1612.6158500271329 -314.5141018162265
1643.0444966744024 -304.3776962064734
1675.3929129286478 -294.04011173385925
1705.7168731872641 -282.79135157260964
1737.9513641109406 -271.30436042371474
1771.1077885742568 -259.37849034105625
1807.1635039659875 -247.25709278678832
1847.1132163036293 -234.9824805309157
1884.965325471939 -222.05792435413522
1923.7422403973167 -208.42454872474246
1964.4160177509154 -194.2825499205619
2006.9821139207488 -179.57670896361495
2054.4253752174263 -164.49126925991575
2101.757936455521 -148.5347654464497
2148.967660586685 -131.70798666971876
2201.035691156634 -114.27110857359764
2257.95651530443 -96.08524857788944
2309.7275195122306 -76.67976009273211
2371.3257228487505 -56.55365731630593
2442.7430971413846 -35.4282566338727
2510.9665655602653 -12.957879397736416
2577.977461748246 10.779921988169852
2646.75795515397 35.795625838556845
2720.2887198273725 62.211580754365315
2805.5442449171674 90.39076176337227
2894.499730127731 120.33416925583845
2992.121107408313 152.40498220743962
3084.3963308786338 186.00880103484553
3194.2531014746646 222.6008169784775
3303.6856286236202 261.2609179072805
3307.077454346051 292.64092495076983
3283.2992826581767 321.47600298669545
3249.3299344414218 348.8251383471465
1001.1924449014864 116.95164929227818
999.0640927089273 126.17423928713791
1013.6962839212988 137.65480000402982
992.5739960137488 144.24237393116675
970.4306039848523 150.29452035784587
986.745650965146 162.27452141778235
979.275529027782 170.45655824097156
971.7391675775627 178.51327736520193
964.1382552185343 186.4441600698734
949.6145239790161 192.85553102803794
943.8590896772419 200.88558642582683
939.0129454252533 209.04231228100784
935.0710638060649 217.35249166410307
922.3091639020405 223.48782110513088
920.1811280975675 232.09414359929076
904.4470902267673 237.06636408468802
894.4174967759686 243.6110454413147
893.96911030143 252.70581676500785
891.5091001649049 261.2518408033932
887.0535794252794 269.19314112510284
885.3901439050874 277.97174870070626
877.9328006958116 284.8912028519103
873.2690779200176 292.6467453239867
873.2629472738278 301.973218876489
858.0873345407903 305.95281711512615
859.8125565565741 315.8771400206859
874.520400836523 330.8157622011492
962.6384115411796 374.72161483623347
985.0016356200484 394.3257255440347
985.8056385950576 405.63930149110377
981.8774506326642 415.0574320971738
977.8592867205832 424.4375282350893
974.6649780295792 434.18565223024126
971.373563720311 443.91147732999957
967.9851783543605 453.6140369149492
965.4013679461074 463.7253484205761
960.0208650156393 472.50390340675887
958.1326332412348 483.02262588642515
955.2421488228008 493.0896846542199
952.2465658867529 503.1455830640731
950.9051404960319 514.1404611370533
949.4401543570765 525.1555896059858
946.980711848498 535.6972385470285
945.2718452916348 546.7404672227469
941.7164126819654 556.7820023001913
934.6316376730567 564.7368430167985
930.0337183957761 574.1831438199196
925.3405164580593 583.5931190488218
920.5523064463137 592.9658093822713
916.504837345062 602.8498014622724
910.6920087449996 611.5955078383078
908.0948913913264 622.5469205039691
903.7325766230522 632.3578337857919
889.4997155647683 635.1686831151204
802.5572713146418 584.7656165165635
895.8354166333928 665.5335500974203
895.3389573327903 677.8621921026662
892.3167538010039 688.4038138229906
889.9628774034525 699.5642049474568
886.6990529371856 710.1132230287632
882.5419565871329 720.0282597671812
876.739593068675 728.6478476917188
870.8534030672928 737.2213713438558
864.126403964727 745.0949992927004
847.5602382677289 744.3289880876268
802.7561656507787 717.9913220294933
769.5923611096696 701.005419181367
750.7348624176507 696.4001481553196
722.5752055100736 682.5841137779832
704.0987472865218 677.328542193189
691.4930419241189 677.3930712448488
682.4845548285538 680.8162985860948
669.2619309656441 679.856211091829
651.943321466179 674.3989217040953
629.2719719729174 662.8821805489387
602.0916513072631 645.8905816205197
587.4270089534585 641.7394402341135
577.5674071809202 642.5822049841631
571.0497441676987 647.0480582507035
563.8437782893428 650.6928566415943
556.6188008690733 654.2602773507458
550.6577118731171 659.2852829804888
544.651260719621 664.2559779155379
538.5999422088529 669.1719526792947
532.5042548371706 674.0328023029069
526.3647007559558 678.8381263586283
521.9984857968262 685.9749126796261
517.545933083789 693.0881669372449
513.5981339065676 700.9835638926861
509.54945488585366 708.8641287479071
505.39984246642814 716.728678953835
502.85578040624995 727.043371548095
499.60443559512623 736.5428758284717
495.66798088231724 745.2102070745185
492.7076006473202 755.5416734134266
490.52713483294326 767.6614683521528
488.14205161870746 779.818785001669
486.0955408408934 792.8500016866994
484.87788414404787 807.6245646759336
486.4673527120031 827.6167680426585
486.2300261769223 845.106716127608
481.7838980093889 855.6916942561022
477.1826484016228 866.2665410047955
475.2720264469393 882.1113880213879
478.2347044382202 907.726592907186
487.6290990611228 946.8066654543776
469.3616244029053 932.5425810856392
442.1361244235721 899.177205827474
426.82852478027183 888.8269856580058
418.11957974453975 891.8525758410128
404.3987354682145 883.8810229616365
390.0476447898732 873.906078931754
375.91759122560575 863.7418390972724
360.83928724536315 850.6297718633285
349.4754495353294 845.6310721420302
341.2227250670501 847.9168897349648
328.5815188224601 838.9488574927111
316.4930487025539 830.7545667180908
315.00490506981055 850.5415391278427
308.43560615472904 857.1980382945151
300.78021674298185 860.9734381594155
296.29134412949526 874.1512680274146
291.8952630921118 888.2691908337173
292.1153154448818 917.6260907812818
295.34741515714717 958.5295532011477
566.2728666480349 1900.4273310227404
543.0418240222183 1886.3919469088662
459.891085876039 1655.3018423030157
435.68065742312666 1626.6647979062411
416.53842790272466 1615.1531624215477
398.85187616514725 1608.2805044144327
382.25609129327313 1605.1106755202861
366.1991284388156 1603.7216710921666
351.48238211778454 1608.0348674891372
336.10373732043246 1609.2763211329614
321.75426769869165 1615.2656720235464
306.42434811029545 1618.2438378950128
292.4806834851555 1628.9505977125445
278.86355951050166 1642.495392741524
265.48979904993445 1658.8897391329015
252.42465836120107 1679.1324521464144
240.25276809379093 1708.1872284451933
266.776447220442 2036.601661397839
244.92406144985577 2018.1925587324188
225.44399734915493 2017.442689163495
195.73576274906998 1916.0280559483047
170.1844948218906 1838.1385251721965
150.18306606479288 1808.7758420178488
123.13155470322043 1675.4816084446786
104.43095796043102 1632.6635216784464
88.67400706651254 1628.5877073313454
74.17110249262626 1650.334101797278
83.1392133318512 2345.5269922144494
59.78021534357294 2303.224332507252
37.971991293872215 2305.6873439122614
16.21324267660934 2320.94337086494
-5.561804743181418 2227.9930579622546
-24.362997066595156 2033.85408630362
-43.21711843970987 2013.5362625673688
-61.78098463003335 1996.0441152284545
-80.62326306500827 1993.3702339135975
-99.61993648754625 1994.5136921701535
-118.58618074040129 1994.4777055002155
-137.76713777648118 1997.2541690403043
-157.55927881366623 2006.8243753900633
-177.0188920901798 2010.2209609501053
-196.3627196711263 2011.4379638267144
-215.53232708356148 2010.4799964142753
-235.04946205560842 2012.3189981678772
-254.49537738188212 2012.976180408316
-276.8062863295695 2034.2534944908987
-303.5814121894833 2082.9938372863803
-341.9031068070897 2199.5859304777478
-362.2546671017289 2193.285333959769
-382.86213971636187 2188.766909008771
-402.7769111405403 2183.1561464659567
-422.7055999049853 2176.329243430085
-442.94135903728585 2171.280486822051
-462.70140678168536 2164.0878928921184
-482.80196699815934 2158.667705012216
-502.84153529463833 2153.0609351299213
-253.1292613197441 1039.627614611944
-261.66060693936714 1032.3559109028834
-269.31336340291995 1022.1151169475025
-273.8943750486162 1001.2122009428011
-284.92973559192745 1004.3659919449256
-298.58598579600385 1016.0351416591006
-312.77733306707614 1028.4917792182139
-660.4562804437711 2100.619313826848
-680.1698594543844 2094.3192121283237
-700.1411686332561 2088.782263421647
-719.4150340846438 2081.1645799246608
-739.2787411878484 2075.25322378444
-759.09485158036 2069.1522433847613
-778.861554749784 2062.8620115104036
-798.2150407032184 2055.4507410286337
-817.8687641626464 2048.786637160411
-838.2266186330528 2043.785002346137
-858.1744638261782 2037.6598316786467
-878.0811494490255 2031.340073690833
-897.9447783840076 2024.8259616502587
-918.177420644067 2019.0280394832084
-938.3802886893823 2013.028423495116
-958.5513762431862 2006.8271622395125
