-979.5263693838776 2000.0142728694811
-1000.2690000911446 1995.3159968928887
-1021.4260393453069 1990.1904044958512
-1042.110583139563 1983.9572909991082
-1063.7153767616396 1979.272239294242
-1084.8430367895762 1973.479056268186
-1106.4462663763852 1968.3344887548349
-1126.5544406829745 1960.3561136123892
-1146.1042046573182 1951.3108804254682
-1170.7296962623882 1950.6452722853985
-1190.217918650425 1941.162101969707
-1211.754559581583 1934.8746438292183
-1233.278688694953 1928.352840123108
-1253.147548442288 1919.084474908044
-1275.7246930273966 1913.7728463953486
-1301.68854062732 1913.1656862905309
-70.7223378953814 101.85455769189467
-67.06007951737816 94.65170751298109
-1364.948620784089 1888.3366391138031
-1386.946205197315 1880.9437056671227
-1408.925936142097 1873.3028870062938
-1428.4505726526165 1862.2400386331542
-1454.6692912221067 1859.6392803915962
-1469.7421733807091 1842.6358684737875
-1355.9099689447328 1667.2459794872182
-1411.868787932258 1702.8125339163723
-1356.9406547880576 1605.3398579065297
-1349.9071680929103 1566.6443877062145
-1354.8022293769657 1542.5044308770084
-1349.3566519457409 1507.2377469562593
-1277.9838170869612 1400.5618027291193
-1108.6938181049059 1192.133389221175
-1093.11821731246 1153.2621397495147
-1060.9276557223677 1098.253845576441
-1126.0155219672038 1143.7281339063607
-1240.9283765133912 1236.770295715352
-1272.617982176668 1244.5254000785144
-1293.0195984022832 1240.7112146456957
-1330.936522938747 1253.073011403453
-1339.8197488685082 1237.6829321526284
-1363.3500706531242 1235.6684769185142
-1345.609805870726 1197.052734988959
-1337.335114298103 1167.116014826838
-1355.2022341681222 1160.2081298222874
-1372.2924268576903 1152.4224464965225
-1866.368865156559 1537.3325141862506
-1840.444041938678 1486.8495984774052
-1828.6243187091134 1448.800228128651
-1820.9880305986708 1414.7927736655904
-1818.440753197884 1385.3047416034901
-1810.6917763157753 1352.4035237984344
-1599.1595698993444 1170.9025023456668
-1530.5970245263059 1098.5120611587379
-1539.3308691881919 1082.7670456586336
-1746.3319379111238 1203.7299375821717
-1841.3913450985428 1243.6084247849797
-1843.9519156532215 1219.9845625084013
-1835.32107327515 1189.355101722001
-1827.9650916395292 1160.0726803727807
-1822.7681376997834 1132.6218769679767
-1824.905206861426 1110.0526951321078
-1838.8083005784595 1094.7072822100702
-1914.7978827638651 1115.4394058679381
-1914.8852087016196 1091.2518671213143
-1905.0783222609361 1061.8086390924948
-1894.0085155425043 1032.1728261548446
-1885.1971557919455 1004.2547902768292
-1549.6079255623533 806.6748273216042
-1502.8306479703215 764.2617637440094
-1492.1128027457462 741.0501898537199
-1465.794330890996 710.6954196614874
-1448.979797458919 685.6139923863212
-1448.1660098208872 668.4610744085625
-1448.9814932032791 652.2067405005835
-1452.3665504258433 637.2027959795347
-1460.1951394602208 624.1587576063848
-1462.367537796589 608.7176557310801
-1459.7445561843413 591.4142631778344
-1466.229010372418 577.8827641851932
-1466.9852842335538 562.1344819900299
-1476.9465711975438 549.9134712187166
-1482.9221866300359 536.5359152940213
-1494.5107895994113 524.8747467453015
-1506.0106653111457 513.0427623201408
-1510.7726034296556 498.84580856852
-1536.3553417138794 491.3056726593217
-1521.8051968791149 470.911820569115
-2476.553178705367 740.8841697892746
-990.4845004083054 286.1843015451925
-974.8319508792096 271.7474333734069
-959.9627673984352 257.89045195341726
-956.5385169791133 247.34200115507778
-974.3515923821343 242.18789074270254
-2219.694704195827 529.6030779413957
-2236.2789529919055 511.36331937813685
-2244.900312085353 491.1482350564699
-2244.5291502856066 468.9753655770989
-2209.6139071049065 440.0174786625986
-2221.5176854595875 420.69011539407137
-2279.5122245212756 409.48750684003096
-2288.1945935479025 388.8528025592066
-2291.753039714583 367.29961197770035
-1402.1817392917117 211.21167107163015
-1386.2838608783345 195.49183376360907
-1383.1050190523165 181.78422998789404
-1399.644506000259 170.5733180286137
-2344.2569370538527 263.32567872292395
-2465.0075354402347 253.42030349374122
-2455.3353862788954 229.09417471133696
-2322.8545611488453 194.69896699778892
-2279.7079986724902 169.49171303833734
-2259.2484166204827 146.60351973210493
-2253.538884172975 124.94597840835654
-2244.625601205426 103.27105312322236
-2257.490125998484 82.57924084991036
-1427.4736533237892 38.76814499604316
-1413.7775079324838 25.083023426531888
-1399.9514505151517 11.659168088812756
-1390.999182992466 -1.507618748807471
-1342.926027722911 -14.095533489847405
-1325.7372518343702 -26.395815930783773
-1322.4368016475692 -38.59929595404385
-1321.0181804255537 -50.94081845788409
-1319.4844744184807 -63.25916351474768
-1318.8343538420338 -75.61049613687813
-1317.0708374286746 -87.88861811935458
-1316.1902213145004 -100.21627271100321
-1316.1905813564706 -112.62039579275022
-1313.087409721815 -124.7495668531728
-1312.8564337161274 -137.1422052111307
-1311.5148494930954 -149.42824217363676
-1309.0658236279287 -161.57867869658074
-1307.4956110718833 -173.82815372592074
-1304.8207770315628 -185.92132698200302
-1301.045561640593 -197.82933689246966
-1303.085034502896 -210.64043499429704
-1301.0557273412212 -222.83176244109828
-1298.9123638337446 -235.00355546211094
-1297.6374463711145 -247.34198546840585
-1295.2647477063767 -259.4806993769208
-1293.7571366196119 -271.80226534343524
-1290.1789222843056 -283.68882334929555
-1288.4408562416675 -295.97999926893465
-1286.5856472787666 -308.2634785638374
-1282.6727838856339 -320.05394776361976
-1280.5878940760886 -332.30053497665125
-1277.420490494662 -344.27589294688727
-1275.1041721541048 -356.49032266696275
-1273.6315370053846 -368.96979272740134
-1273.952546635279 -382.0273667179971
-1273.1852332730207 -394.82700233839563
-1272.2896675200375 -407.64568183871734
-1270.3160121815174 -420.16809635578795
-1270.112099085278 -433.33503869083654
-1267.885921061525 -445.8713841165054
-1264.5959500130728 -458.06340522959704
-1261.188741494364 -470.23287669819774
-1257.6644296318734 -482.378671210424
-1257.7442963628594 -495.9670200393328
-1259.5331746935979 -510.35005814270943
-1260.239159820946 -524.4256477841221
-1258.0815015141661 -537.2661682516974
-1258.5494544082362 -551.2978059168483
-1262.513843835113 -567.022745685469
-1259.0270507441976 -579.522980988992
-1259.034776785793 -593.71325641588
-1257.0862219296214 -607.0833802985472
-1230.7941849070014 -608.5019921077582
-1134.0948420586808 -573.8204329020499
-1053.2481011811196 -545.2196230496168
-1028.7123339419745 -544.6530400132324
-1008.676017703357 -546.0601535637783
-987.8281427276843 -546.6594556350177
-971.4091676471559 -549.3816788090587
-957.6229567976586 -553.3482381051824
-940.4026063235743 -555.073813127433
-923.2334178450385 -556.5285762421983
-912.080232724809 -561.3828008343845
-902.610262525919 -567.1425869945683
-892.2704187386179 -572.2355282958334
-880.2406102361931 -576.090676969359
-871.5429715806662 -581.9938562290346
-864.4646581587368 -588.9115848703422
-854.8694987964983 -594.0363120444944
-846.8856612176517 -600.1905337673538
-839.6718486440898 -606.8337388400687
-834.0178309250907 -614.5813678423767
-827.492818424969 -621.6756674143691
-820.1140871062146 -628.0938497787893
-816.6288379459958 -637.5055615717972
-813.0394129933102 -646.9064174357012
-822.5500127136322 -667.0026061304435
-827.1317148377036 -683.5072247676976
-835.3020392053405 -703.3736583775368
-833.308043416977 -714.9837094483829
-823.6415654815885 -720.0351183178764
-807.979269593252 -719.648177867182
-751.6648918512601 -682.0739625276965
-744.5837724010693 -688.3247822626995
-745.4592658416894 -702.0445021298646
-740.37104813333 -710.300437199608
-737.3291641568716 -720.629380252935
-737.4763074563044 -734.7174259132653
-738.1221875247134 -749.5863100962637
-739.2449415118531 -765.2534981619731
-738.0709259122171 -778.832657457995
-746.9171048003975 -803.4449816612163
-776.2465444199017 -851.2022687212256
-782.0577960594497 -874.2508813965452
-784.8592248240788 -894.480853461127
-790.6053783697095 -918.6332977270574
-792.7343815575566 -939.1555783237185
-787.5273294055983 -951.3283899050244
-791.6134369687644 -975.1328967943293
-779.744548113806 -979.5419540207538
-769.0946121859777 -985.3900128915964
-759.6196943338663 -992.7124054730674
-752.4753059667479 -1003.1435161083629
-767.1182200545751 -1043.338217674547
-783.39635982686 -1087.1477100238149
-780.4447189363708 -1105.221715622856
-760.7177639308769 -1099.4896468998727
-741.7341576093471 -1094.3100289385784
-722.3672580272145 -1088.0356356894952
-702.6443440273575 -1080.6534716579429
-685.8152681075688 -1077.2123365569778
-668.5882485755947 -1072.7002162144925
-652.5528309476782 -1069.6652760663828
-634.5870805678768 -1062.9878819517835
-618.8272209252444 -1059.5196414611382
-601.704415899218 -1053.242989954066
-586.7101170784541 -1050.2286601106384
-570.3912754412349 -1044.3915898265943
-557.0640276554761 -1043.632439651173
-540.5670437764549 -1036.507728472289
-526.5277960049194 -1033.6191174868052
-512.5938746597714 -1030.5573830026558
-497.4570543359754 -1024.625531153394
-483.3376279173013 -1020.3066879322494
-468.5081231281809 -1013.9966166427329
-456.3086452535728 -1012.9676304141456
-442.4721455119489 -1007.0841079304413
-429.69884525913886 -1003.9038312422972
-417.02674701822156 -1000.5721824393281
-403.70579002064613 -995.2374767379923
-391.625976146124 -992.5311555853527
-379.27659830742397 -988.7518707827303
-366.68597285642585 -983.890947874985
-354.56313065226044 -979.820895052799
-342.220242539244 -974.6662534408283
-330.3304795227755 -970.3127198477061
-318.5551271062346 -965.8217387252839
-307.5040355510066 -963.100341667391
-295.94388244594717 -958.3455631674931
-285.0744804613145 -955.375078484734
-274.2888188929102 -952.2849593637045
-263.3205838112944 -948.113004942596
-252.71545216678925 -944.7851079669573
-242.6962455329367 -943.2786080497195
-232.72885559662544 -941.6672871947316
-222.122396963638 -937.0328920412175
-211.8470242672109 -933.257648406445
-202.08810164851337 -931.3266876730744
-192.5880854836655 -930.2740614086455
-182.54646095384314 -926.1818339792824
-172.60052173974162 -921.9832210486095
-162.75137858915363 -917.6796765578554
-153.33057704059792 -915.2451770669962
-143.9710795838316 -912.7148121091637
-134.82023908070698 -911.0787579206426
-125.57680045013703 -908.3608683715446
-115.88756422788795 -901.582537795252
-106.92926009626575 -899.6677905400777
-98.01805460177533 -897.6644478712986
-89.05575930439923 -894.5781529495995
-80.25085418520462 -892.3989020626062
-71.41558225266672 -889.1365556603287
-62.64986987276352 -885.787217002439
-53.89353467308325 -881.3537807943194
-45.38203122839855 -879.8303650372524
-36.94648396885459 -879.224065481797
-28.727354717519777 -877.5299078042491
-20.286935332505386 -874.7647913895568
-11.915529831990437 -872.918679000984
-3.5729642060734887 -868.9926547024331
4.693626034088607 -864.9872657297633
12.913416172112074 -862.903380270796
21.093885338385004 -860.741568649575
29.234296547640906 -858.5023913218673
37.377483428580355 -857.185466356346
45.44512288362591 -854.7928057758162
53.47053153786944 -852.3244113933717
61.453000382411076 -849.7808710155809
69.31019033376298 -846.1661169746149
77.37745904540424 -845.4665746389248
84.93452224488126 -839.7155035671509
92.8294387589554 -837.8733169756018
100.8165440386607 -836.9498338897623
108.53636554781721 -833.9669402042689
116.48549882473979 -832.8938279057851
124.42403559085868 -831.744948507224
132.19388002271617 -829.5328673925703
140.09964669958393 -828.2343201018971
147.81648697361803 -825.876071925309
155.87222807389776 -825.4113208063472
163.73760796331496 -823.887125605475
171.58809288855417 -822.2879826307015
179.2093699305364 -819.6371158806195
187.01861610455504 -817.8906022386717
194.8108494760683 -816.0696863175427
202.3439006952908 -813.2041231151096
209.84003415413716 -810.2691898783951
217.29861271216123 -807.2653299339506
224.71900432505737 -804.1929924434525
232.37888015800758 -802.0131271098437
240.0176168333852 -799.7603038471103
247.63451946679373 -797.4347275911992
255.22889516004457 -795.0366098962884
262.80005306419156 -792.5661689155411
270.6710736692533 -790.969765464353
278.5355195294445 -789.295232698426
286.18334337586475 -787.6186221606317
293.7317355345243 -784.8348027068348
301.2530535835562 -781.9786427432548
309.1150369631493 -779.9800599523496
316.9663787190603 -777.9025098055188
324.42007205862205 -774.8236036966598
332.63396709008504 -773.5105971723415
339.64091988664785 -769.3666522137229
347.0116192077867 -766.0704511562824
354.3503334572287 -762.7036391539972
361.6563862043073 -759.2665265357356
369.3677831061833 -756.6580739034134
377.0623892743419 -753.9714547612028
384.28356142647493 -750.3166960806515
392.862442271346 -749.2496923273264
401.9289852011014 -748.9680172445369
410.0635660590148 -746.8278729338937
418.19401198158 -744.6004085029434
426.8174312409993 -743.1526629090653
434.4387827863896 -739.8830610380807
442.036648636597 -736.5355397142256
449.61023437179404 -733.1102489722405
457.6897088318622 -730.4547422184382
465.2204650421484 -726.8692584681011
474.36591739915866 -725.7175596677088
482.97678911158886 -723.6251938534616
491.59105522910227 -721.4341511314375
500.7786257886075 -719.9651157891428
508.8253532029011 -716.7550208669228
516.2698244447369 -712.6468047832675
523.6822591607341 -708.4616372396671
531.0618652608499 -704.1997552297693
540.8468459259486 -703.0317839557136
550.6580687375484 -701.7404729201768
560.4940638498564 -700.3252133038429
570.3533521721033 -698.7854131749207
578.3152577553581 -694.8146966259088
585.606295537327 -689.9929467951457
592.8579956625259 -685.0951736649532
603.3775607754537 -683.8709813646603
613.703561873518 -682.7092632620104
623.4841046174624 -680.5854621495828
630.5491353971892 -675.4137900945296
638.9505306115077 -671.6183584680163
647.3361850541586 -667.7243918859997
659.2189463610108 -667.2888285882499
671.8598937854871 -667.3929001139837
680.980379394165 -663.8273291151693
690.0930484668711 -660.1489108206578
699.196582042308 -656.3574785590197
711.967173742099 -655.8404863331386
723.3057644965622 -653.7994884106621
731.676069276562 -648.9484799643187
742.2820170011067 -645.9670326237778
752.8963108044641 -642.8430175221847
764.2837862333162 -640.2181613332027
774.9155353328058 -636.8005285015638
786.3288403448186 -633.8666696096055
798.5395619343858 -631.3941463346324
809.1924558010994 -627.5217681280752
819.8428255151479 -623.5044037144716
834.4970328878567 -622.3308622440023
845.1649569695717 -617.9847858245558
855.8246145169552 -613.4926480300355
868.9287986865377 -610.5790225787082
879.5826309090579 -605.7709100007196
890.2225388898413 -600.8159712029342
905.8514030011326 -599.0235685520894
916.4889373690144 -593.7272333994921
928.7953366192027 -589.3549208027554
942.7988160549613 -585.8586795852419
955.9637777398162 -581.6306866469645
971.709531732354 -578.7413808779265
984.8929286228694 -574.0957404028248
999.8116207596703 -570.2435646229787
1013.8710007112012 -565.6735754097652
1027.9322170175326 -560.8888991747119
1043.7570622597646 -556.8304903495011
1058.7090199670217 -552.0608762088362
1073.6628616469832 -547.0585521861541
1090.326306609182 -542.8743363946945
1106.2019823577084 -537.7891540630735
1123.884882429814 -533.3092639789066
1139.7659016318282 -527.7022735192505
1159.2859340706543 -523.4884173178339
1175.165903470707 -517.3404095176375
1196.5462974546545 -513.3039626260035
1217.0312320677992 -508.52333296667376
1234.752428797498 -502.27028538295957
1255.252459296327 -496.83122227827323
1275.7585941456607 -491.0488870402696
1294.392952901366 -484.2219361814191
1312.0711175850142 -476.7445672466668
1335.3808077871258 -470.97144095348614
1357.750755645315 -464.47592568891724
1380.1156327192193 -457.598995108194
1402.4702216052708 -450.34017976465583
1425.764261730614 -442.9957900158395
1450.0008052444634 -435.53836201924616
1475.1823830423907 -427.94034252612005
1500.3480069794086 -419.90458196227934
1526.4571470363671 -411.6911199693219
1553.5110198879204 -403.2722542982512
1581.5103159860685 -394.62022303684023
1611.427695456462 -385.94012789016347
1642.2946126225238 -376.9527892867156
1674.109911184936 -367.63025619821593
1704.9144818635846 -357.53406765205574
1736.6559411121407 -347.08376827490065
1771.296896243862 -336.62487334845224
1809.8290545371208 -326.25112007971967
1848.3202146676447 -315.17833689984417
1886.7605983152641 -303.4064017864917
1926.1291941588845 -291.08474265898354
1965.430178179008 -278.0453464872813
2010.6020205251589 -265.0726599635449
2055.7004324597533 -251.27023696566624
2104.688618902151 -237.0860971540839
2154.58290221537 -222.10024196563836
2207.3646418356334 -206.47115530709513
2265.9831946048535 -190.77778111819862
2324.516286059145 -173.7384121194812
2383.9220474701997 -155.6813141821818
2449.179214918226 -136.85822303589134
2514.287455131764 -116.82291285119449
2583.2270094567916 -95.7246969852655
2655.9845166759133 -73.45234630572854
2738.5435120796988 -50.00432427488336
2821.889075303571 -25.02092489007933
2912.9995994114065 1.5276874633441835
3003.8523326744194 29.785289766099115
3106.4209765478113 59.98096751256647
3213.676263773926 92.24896560968813
3317.5921140745454 126.4221682711907
3319.2552409310993 157.71380900678366
3300.6553051024157 187.91103453304063
1010.7770165826564 67.07326403466895
1002.1254574539076 75.9576692822795
1010.3354405660621 86.12953927765552
1021.4285986985195 96.74511750356555
1000.5827445494015 104.26011370599615
988.6299614115846 112.40907169498666
983.5607846900081 121.19893902165745
980.3966585947912 130.16678461177554
989.031271678003 140.77692866017603
972.8358387765905 147.80538147120234
965.4817310482 155.97764907887017
955.1034741989131 163.51866429605604
954.5098196794218 172.65863469736357
947.934749980078 180.67847071581895
933.4495515226145 187.01854122580986
921.8658765656321 193.71965729857862
911.2161788518638 200.43471605140698
910.2683490400724 209.20691369039625
906.3187018038876 217.27956820768006
905.2085227689936 226.02329593733566
900.1423842323068 233.7598941405011
886.3215981342437 239.0774449436004
893.6674255780491 250.08505045424468
885.5169389011517 256.7951536130189
874.4776269664311 262.4078503687711
883.4049561503089 274.2638938122747
882.6631729639892 283.2573442880925
974.8541226954565 323.0919984519453
1012.4261543137202 346.25609317603517
1009.0900840180847 355.86121218302884
1005.6628900620259 365.43419592601555
1001.2082979289511 374.623736778935
999.4695888778392 384.83963011670596
993.9079471968734 393.58352671179887
991.9754043729675 403.7645317745078
988.0937736686641 413.1727174405625
985.0417976034433 422.93812428554736
981.8933712927707 432.6828023059355
977.7373949871111 441.9938760252431
976.2149150532641 452.5267280808375
974.5803012973148 463.07044423417386
972.8332108529395 473.6238421591127
970.9733132204265 484.18573400478016
969.8909156074692 495.2096645079791
967.8001004957838 505.79340197391923
961.1863698089976 514.0240874641974
957.1356702138402 523.6146567890388
952.1167162296953 532.6863605124332
948.747827039125 542.7030133402048
945.2743899661338 552.7036526694516
941.6964059918528 562.6871945779711
937.1603714498467 572.1314867965103
933.3783314022372 582.0694893814444
925.2745958363145 589.3012152540881
876.04043971742 569.7176037123211
893.9137803969659 593.504130749235
927.9681296631414 628.9007475981334
930.1743467196766 643.3791142900295
926.4695053319725 653.919150728842
924.2710748024399 665.6154898164124
919.5159895724191 675.5526218738662
914.6553644621241 685.4593819189133
907.3058827857792 693.5128225651765
901.4633741305249 702.7181405807091
894.9090719331825 711.0462382796844
854.9863985174218 692.0970006799686
813.9419194116451 671.2105123018314
788.6645552282735 662.5014862825515
770.4527005855298 659.2409545533895
739.5504381472653 644.5356075781912
723.9386528710677 642.6016082140035
714.3583836645324 645.802678600977
704.0443667380297 648.2056229812009
688.6396195401512 645.6868237772828
667.553677767783 637.4175141135572
640.9407453926494 623.2422971008266
618.1952478813989 612.1557281418313
608.3802675346943 613.4895680241139
600.6854502311353 616.8451911789684
594.3623094905304 621.5572741566806
588.0031949094172 626.2054317684557
582.2866112984 631.5245856675938
577.1930667956368 637.5328725979921
571.373961892161 642.7532930072435
565.507643104276 647.9206013013066
559.5945951787778 653.0343704941569
553.6353067237928 658.0941780238234
550.177387704072 666.1837900002696
545.9881908755137 673.4878584091057
542.3341673268742 681.5531167486993
538.5784256596248 689.6073371230906
535.3291955977968 698.4430201101703
531.9635830781259 707.2762870891981
528.4813665244804 716.1057500372538
526.0552614290988 726.5499720753986
524.0616816665718 737.8240669758644
522.4778609948071 749.9419209314085
520.7166138002232 762.091338431575
519.3338688800072 775.1008532017776
522.1496012344799 794.8338152913939
524.6486802019649 814.680773286283
520.9578263988084 825.3356548179831
516.5902488609912 835.1398175046734
514.1604437379779 848.3531328964169
515.4588682487998 868.563270662343
524.3500663846927 902.7696316792942
523.7485109122845 921.5679558866858
503.4028395871659 905.4731255512658
467.6436968458015 860.0874216034043
459.07072854271735 863.5612695085733
450.93488980892005 867.8373840490033
435.5157196430489 857.770399316622
420.7705502332745 848.3873785343505
407.11255502058094 840.6041681699029
390.64668915388273 826.3117839248753
381.18838149693863 826.3143577427082
372.995684371272 828.9482610153703
362.77844445444185 826.9224874431795
350.2736907428405 819.2614610570846
347.17256564508887 833.5947514610481
341.20215383692977 841.4541521776692
334.3804212021746 847.4141454546628
330.701311408957 861.7224858574807
328.1804206402464 879.7832753061352
330.79965031752323 912.9143395465998
331.82869860912626 943.3396603447635
638.1467072189786 1870.118921369862
612.0644577333377 1850.399443249915
523.5585260038329 1634.1794484843745
498.70122505173936 1608.462958271621
478.9687829987259 1597.752454203316
460.3165129065045 1589.6961055326253
441.8582885849669 1581.4313936458843
426.7167838250803 1584.548448739255
411.55574027375553 1587.5206684159173
395.8928611359558 1588.4073288994819
382.1114173217188 1596.9204315658271
367.7577056430284 1603.364983383439
352.88777165955827 1607.727035479951
340.22553808217947 1622.717037328656
327.90049501431025 1640.551817337499
316.0171115308351 1662.226574573908
306.4179454885242 1698.5829513693443
344.9623732603022 2020.7674188373633
323.028585699656 2004.133861003521
302.88720301764727 1998.1742522233008
272.48162498075976 1918.7490101750786
241.6223168454757 1824.0665163316344
220.61583097997607 1794.4895249404535
189.36434377299082 1669.2936066814084
168.44155850763042 1620.2680152886808
153.06438991078397 1619.7840265113248
139.4907470969577 1640.0787577047429
176.37336312090002 2332.340763435185
153.25688743806788 2314.932466931335
129.91516442265382 2287.3135006056855
109.61413498073779 2312.403455587373
86.80287602848888 2283.3506652972037
59.36494315402045 2073.1502124844496
38.93597287715089 2021.6250864134304
19.725045782014078 1994.9024844760954
1.0297162427057505 1989.9997335890423
-17.563153121673086 1983.9222604861372
-36.33359044510415 1993.6689469932985
-55.039902811183254 1994.2406096302761
-73.98183922433844 2000.632571829466
-93.1409997715661 2008.8418937690324
-112.18209124997006 2011.8747919298514
-131.28817594988186 2014.7268834399747
-150.16004016808267 2013.4082949905417
-169.52100547917186 2017.8918773564976
-189.7235094297208 2030.1541788666375
-210.8871802142834 2049.1770536537997
-245.7147342794278 2186.2351816211335
-268.8504630210579 2205.6752772186032
-288.4631167549724 2195.1275658311997
-308.8788284955801 2191.3381458157473
-329.10001919001274 2186.370091583109
-348.93904344555216 2179.2408182574277
-369.17546855911735 2174.889761209555
-389.18442542984826 2169.366608713898
-409.122323346554 2163.659613834745
-430.15744132486395 2163.6544492300163
-217.0387768531638 1040.6071157464196
-224.33220353426168 1027.8030270715603
-231.1466330615295 1012.9621088788655
-237.93244396008717 999.0581324983947
-252.66562627847148 1018.1164379860036
-266.02974847653053 1030.2058886094148
-569.656206262075 2122.8979736829324
-588.62688795154 2113.5643796157437
-608.5816421473472 2107.905212489698
-629.341369037427 2104.9319326805075
-648.6216957513828 2096.9775620641726
-669.6350336156112 2094.561988042994
-689.4065243602068 2088.1378412761883
-709.4388716583305 2082.4736462630576
-729.0943037998023 2075.6737451166746
-748.6845731878439 2068.688330771587
-768.9062997879662 2063.3921348464955
-789.0947400338634 2057.898318977614
-808.8811236588236 2051.276755532622
-828.9884206644183 2045.3916980383767
-849.4410352411631 2040.2328121193477
-869.8700961566253 2034.8697785884146
-890.6753171157225 2030.2183329585039
-911.8805793450896 2026.2669639051178
-932.2525720677522 2020.27971872042
-952.5927481626688 2014.0881450790316
