-953.2561533590489 2022.6217407323372
-974.5769273741514 2019.0997530161696
-997.6523887972231 2017.843083871289
-1018.9844586913341 2012.760957725862
-1039.3893630586745 2005.6796234594603
-1065.3734562309558 2008.993628351894
-50.069404817147515 92.29330799823248
-1108.5864443662483 1998.0643371441768
-1132.401962937162 1996.1690295002734
-1151.7658818948705 1986.2153340720465
-1173.0820532732687 1979.5149649063458
-1193.3385399878598 1970.8777559705836
-1219.8488107933758 1972.2398127017887
-1241.684790053555 1965.6662692709713
-64.50327996448803 100.0016343557588
-62.69795988720118 95.21011409499998
-1307.648372545139 1945.351313716895
-1243.4278254289904 1812.4820669316794
-1263.4122225708488 1804.7156440443987
-1211.2880186330765 1695.8293946962813
-1197.266407321414 1643.058778589395
-1210.9905188313242 1629.2335508761905
-1199.187064600813 1581.8265973532261
-1156.0140481295025 1495.2362758197248
-1008.5398245543081 1279.2530720260029
-985.5294956765771 1225.9937247602338
-959.0680819950921 1170.1954597836445
-989.3478249006582 1184.077650056928
-1106.8641583462434 1299.5001865980867
-1153.8742014627014 1328.9749159404075
-1173.0414032274525 1325.4711865273305
-1190.9056007010834 1320.2378006324434
-1218.927543345098 1325.826777552288
-1230.7508943931982 1313.488574731559
-1225.8747232610156 1283.6884991576924
-1224.0331693745168 1257.683505605037
-1242.9365378760679 1253.1295873981485
-1256.886503468974 1243.4067385202384
-1718.5086736570934 1668.1585471906856
-1703.8243385572434 1622.8344411368562
-1684.7850961602383 1574.5269701584461
-1677.9412234519643 1539.234306608492
-1673.8150085468528 1506.601246900884
-1673.721112083336 1478.1565001604263
-1560.6331864978138 1352.27551083412
-1421.7101741512759 1208.5926446552403
-1426.14378770176 1189.3539829670885
-1581.2703818525663 1293.6123760523624
-1713.5215925668363 1375.010091529227
-1725.6391757410436 1358.1551587163274
-1717.800975815731 1325.9184769383533
-1714.293846849156 1297.5733530922726
-1711.2090796394918 1270.0096400261548
-1712.609630639545 1246.150975219568
-1723.4825523603276 1229.3481572400597
-1794.018877924041 1254.2795803377194
-1805.779019877081 1237.2886208851066
-1798.2829073880612 1207.3667980344426
-1792.8908734033635 1179.346563172558
-1787.1315670899783 1151.5366958592845
-1462.1859815208238 922.7421933801365
-1438.5053189282457 888.9226329749657
-1429.7202740545013 864.9514078591478
-1391.3568818270312 823.9023166568719
-1389.5548156425407 805.2163773325931
-1373.6060573966424 778.7473268546429
-1375.6487994051668 762.8364049356344
-1381.9094081799328 749.3399679609971
-1384.5037233949179 733.919913822761
-1381.6029348008203 715.7578714549777
-1389.1901686595425 703.1356023553864
-1395.765691177482 689.9906777137252
-1402.2168360290925 676.7842675155509
-1409.4476802611769 663.9436998770205
-1414.743704403641 650.191703153972
-1421.7308474941249 637.2169154092169
-1430.431732813399 624.9688454318797
-1442.708205445453 614.1799686902533
-1458.6028866568502 604.7467395830291
-1483.7203810295011 598.8103463682575
-1488.3760714593263 584.4122431189325
-2377.451336670545 908.1575533812619
-949.6872053837919 352.5098749401546
-933.2239510746061 336.38825357122863
-931.6450804620744 325.89330163538955
-923.3226002049022 313.2097954260982
-925.2944734693558 304.1482161168591
-951.0002697289173 302.659027579761
-2177.1587395488477 670.2714545660377
-2190.1118674381373 651.6402443884468
-2175.9951362763622 625.0929266130074
-2150.973254438426 595.9346094082514
-2168.10912647912 578.65258633998
-2226.7582943569214 571.7941049999165
-2242.747974041967 553.3367193044867
-2239.124581727754 530.0208557241031
-1353.6400634878014 306.9243856729881
-1359.4150884677058 294.73991457951485
-1355.287921066772 280.4472339148799
-1377.5030498634842 271.4799212037594
-2331.469542517737 436.6162758213843
-2430.018504239315 431.3166691127556
-2389.610429327269 400.8628145018526
-2265.8773737785327 358.1001633600572
-2240.477822814993 332.3915243717707
-2226.6834178162 308.8445512266113
-2219.5879271880412 286.48461299185715
-2217.2342445622453 264.879793001446
-2232.5631952882572 245.3111881759326
-1382.0637199445825 138.63936675036547
-1401.2398043956541 127.18494634676334
-1384.4394547452537 112.46508855936081
-1374.469677699045 98.57537768572642
-1347.3947930264644 83.82882395197626
-1318.1691826270871 69.49824438240863
-1310.7751616454177 56.67870511425774
-1307.2549992880245 44.14030852256311
-1306.6143889799125 31.746472412696207
-1306.8562577159666 19.38354117850687
-1306.9811534196058 7.018874978000523
-1306.9890649117663 -5.346419462288305
-1306.8833120320767 -17.464499193215875
-1303.6637002520445 -29.613453786200438
-1302.330390706604 -41.76785177602559
-1300.8838532272862 -53.89991106234438
-1301.3218130494547 -66.11005129085903
-1300.6468909888122 -78.27301553624254
-1298.8606999166109 -90.35973778255185
-1299.952971799309 -102.65608170072167
-1297.9403295508953 -114.7166113747842
-1296.8111401658946 -126.8458384876394
-1297.5571992967107 -139.177277431613
-1296.1993477279477 -151.30185375481324
-1295.7203336309947 -163.53842672345792
-1295.1257286404032 -175.77925649423125
-1297.3842540894748 -188.45449647248338
-1297.5421792888835 -200.88129073225065
-1297.5809744280161 -213.32748252965382
-1295.5299031930174 -225.44904065595628
-1293.3655990486188 -237.5508939103518
-1295.9973319639041 -250.58115560121897
-1295.5580482421456 -263.08428998137174
-1293.041896829875 -275.18476164678714
-1291.3888364191864 -287.47847427572685
-1289.6188421658646 -299.7653114200755
-1286.7600251939639 -311.8086553686883
-1285.727999742506 -324.31390762366993
-1285.5417519508644 -337.08070842322303
-1286.1938036622807 -350.13497314714874
-1285.751404636726 -362.95912369671294
-1287.1010019565704 -376.3668566204958
-1288.3118644883114 -389.83142487317673
-1285.565482275044 -402.1571717412652
-1285.5558318955912 -415.3880150885852
-1289.2053953772472 -429.9191185911549
-1291.749314968507 -444.22934085716696
-1291.3100817729382 -457.62241281603286
-1287.9148077404789 -470.0174975496179
-1290.0174683382913 -484.49863919526666
-1291.028535582694 -498.6996293473704
-1288.1686805608763 -511.4855329547956
-1284.2968038534596 -523.7849936870938
-1276.5954390221648 -534.5653234804955
-1209.0856384566569 -519.5843712794472
-1098.0491003042105 -484.033235760845
-1061.5996908768047 -479.8240264203874
-1038.9372440300276 -481.284118756573
-1019.9549251268924 -484.0794880072852
-1004.6094438890401 -488.31226203010067
-988.3792620991328 -491.8561113296995
-973.0623088164424 -495.59433326140294
-957.762390615131 -499.0903757068345
-946.8950576904037 -504.69669081685794
-937.7630242224737 -511.1012721576029
-927.7206520572935 -516.893017699398
-917.6521985167954 -522.5422878172559
-908.4237863693511 -528.5520072408877
-901.7422706281587 -535.9681682361115
-893.2919139560051 -542.2679747696862
-884.8027289935685 -548.457045506331
-874.5860224409704 -553.4657074750725
-871.0731596584656 -562.672685068875
-865.7947097364072 -570.7613516982825
-860.4411518812044 -578.8005046208463
-853.3639380747738 -585.6577406587517
-849.5105765372737 -594.7274841062156
-849.6312686589105 -606.6817182980301
-865.769987989769 -630.4627886689232
-870.297526525112 -646.2493445445589
-874.6051971858124 -662.1742588288723
-874.7327549660752 -675.1796852612349
-862.9050531967321 -678.9689751141395
-831.580762866646 -666.9553469536976
-785.846848749189 -642.3937502116355
-785.2077179901314 -654.1657585113504
-785.1793169338703 -666.628412430239
-781.9613568676103 -676.5297010226275
-781.6272987105925 -689.0738464855432
-781.8708163193793 -702.3382565317567
-784.8851693142591 -718.3670865167243
-781.0857533292742 -728.3742485467483
-786.6237239957808 -747.2938624443598
-802.5089929733437 -776.9609489523332
-836.4090433114751 -825.254453042686
-836.3208816198357 -840.930070200026
-840.8992341092998 -861.6869954190981
-848.6166628567198 -886.2159779206897
-846.3572400597709 -900.7637993383213
-845.25361663471 -916.8180427794507
-843.250467897178 -932.1897062246451
-833.0659501938596 -938.6299178204378
-824.148554397342 -946.4693129123477
-817.755502586494 -957.2653435644219
-822.7932060826109 -981.8209307324314
-845.8539519922001 -1028.9582556640366
-858.6782078856486 -1064.939310619291
-839.2602509119629 -1061.2498439289352
-816.3127103546121 -1052.5481266495644
-799.0541872845655 -1050.6723589126168
-780.7092992840528 -1046.9617901391641
-762.5068907566224 -1042.9991570220313
-745.0325913843325 -1039.5996526428557
-726.5419514789248 -1034.3272174419444
-711.0536733583291 -1032.9175541172813
-693.4207651748679 -1027.9920439499035
-676.4967419698929 -1023.6606655059675
-660.8042314138602 -1020.7809597291367
-645.7627537310753 -1018.5413422604203
-629.2409461924943 -1013.5604726087015
-614.9493295210652 -1011.7773085623102
-599.725642745002 -1008.096301666708
-585.6333946302466 -1005.9470796686344
-570.6460522263533 -1001.8842663094765
-555.7884897773324 -997.6287659400325
-543.4549709089898 -997.5734031109234
-527.8820544320677 -991.1960132126136
-514.7874613756 -989.049477837416
-501.32778359619977 -985.8531601585105
-487.5302002391035 -981.5957945380673
-475.6037779127982 -980.7655410112418
-462.8813337596837 -977.9902202255687
-450.01895786907727 -974.0697806412174
-438.29823880358816 -972.8225191995058
-426.2397394191733 -970.5254682592699
-414.26445797719333 -968.0877846852848
-402.75865050949295 -966.4338929485928
-390.9457488292363 -963.7226890928466
-378.48649476781975 -959.0145844972168
-367.22677725165244 -956.9584599497333
-356.04027174677634 -954.775536392969
-344.2473620249065 -950.5865314314594
-332.23457314896336 -945.3169777405493
-321.32076419309476 -942.7454409851928
-310.48576371714444 -940.0524403079763
-299.426284476558 -936.2867617159624
-288.76188080278206 -933.3517965886389
-278.7531899880614 -932.2154574300299
-268.51472080984246 -930.0128196473489
-257.8066686527832 -925.7735800929696
-247.9806852927514 -924.313031240898
-238.70557703633406 -924.6862427287165
-229.2049694398172 -923.9962564773152
-219.04432822975684 -920.2910312886759
-209.19699561374816 -917.4516973804024
-199.63635849094064 -915.4858406160506
-190.33567057293018 -914.4005317734417
-181.07356697099533 -913.2214207651946
-171.85098781177408 -911.9491422157913
-162.49300641940223 -909.5999246178421
-153.19508758374704 -907.1555903703664
-143.48671156485557 -901.654348186878
-134.48768424176043 -900.0072570747908
-125.39442687386125 -897.2804676961244
-116.7520428495997 -897.4374409898694
-107.99836768699087 -896.5184619275532
-98.94209600444334 -892.5326109662591
-89.9711686398566 -888.4560702778605
-81.26911416208637 -886.2817447535009
-72.61640571248296 -884.0225436160551
-64.01386791824378 -881.6792073731498
-55.525269618913605 -880.2505009562601
-47.30756530577273 -879.728932265411
-38.80811876140436 -878.1428869598619
-30.377922507923593 -877.4743197519246
-21.939011888850853 -875.7252307415499
-13.567294723402672 -875.894930065181
-5.1765490980775954 -872.9846524077243
3.1609479614553933 -870.9942642796134
11.45992202465823 -868.9244329555872
19.696873237544423 -865.7759717066905
27.90698770306638 -863.549187966349
36.076337847068025 -861.2447374861249
44.204190793805964 -858.8631960424575
52.35076479674301 -857.4032875054749
60.54395577983808 -856.8637169460083
68.65160139539915 -855.2490617509308
76.82345628095561 -854.5537762862253
84.98829187728602 -853.7804110213476
92.9282401144574 -850.940857045441
101.05780548944593 -850.0137175067573
109.17813730479499 -849.0089129889363
117.42551288142265 -848.917103682412
125.38813337874123 -846.7666833359677
133.476316544762 -845.5294630713009
141.55230410131713 -844.2149875497404
149.61535815277813 -842.8233768737172
157.66474198524128 -841.3547581934313
165.5061456944288 -838.8281801044684
173.3136716311245 -836.2286596534101
181.5112303315583 -835.5110252196101
189.4892611068014 -833.7378604364794
197.4499784208527 -831.8885177844475
204.91220425546138 -828.0217319292823
213.06707180147944 -826.9936051227622
220.70350828253842 -823.9532519699037
228.837231631013 -822.7694217819802
237.24562053428167 -822.4661181698026
244.81008635966248 -819.2026743221573
253.22028603424332 -818.7359078119977
261.3392852707363 -817.2305537448907
269.1389332622486 -814.6951789488255
277.00363216113897 -813.1113009727121
284.7971914210645 -810.414437037417
292.90508740525377 -808.5830877356517
301.7032349916277 -808.5444687805283
309.45181177924184 -805.6106852484919
317.17186549201256 -802.6026462330639
324.8626845501025 -799.520628993962
332.908871261908 -797.287704304489
341.73039674843034 -796.8119828028193
351.3792798166321 -798.0705493347972
359.4367376302591 -795.5716382838922
367.4785632451548 -792.9914914772269
375.9330860767293 -791.233413597294
383.94984515601647 -788.4868523981049
392.3948882348342 -786.5540360885398
400.8381265500626 -784.5315776333264
408.81510650503947 -781.5332422189559
416.2994239334893 -777.5723693860558
424.70624368595753 -775.2938840041007
433.59643168197414 -773.7978640657127
442.9940931879583 -773.0700054979358
451.9120670464894 -771.3698747408855
460.8380887610785 -769.5695263892901
470.8149894277776 -769.3745808967967
478.7098522474385 -765.6669493723989
488.1916181565654 -764.4069230205037
497.14680061183077 -762.197519440611
506.6587382359305 -760.7186884579443
515.0633073604839 -757.4732928697088
525.1627857639439 -756.6009836424045
535.2927269459533 -755.6041929997245
543.6940364158834 -752.0510586162379
552.0763531984408 -748.4061064950703
561.0400162973098 -745.4683763333724
571.8249085230817 -744.8068702640768
583.2650342297336 -744.7938639952584
592.8849508924023 -742.2852787205965
601.2471068651123 -738.1096913645913
611.5005479926092 -736.1494955542241
623.06413956312 -735.5862138393221
632.4711772518201 -732.8057109123105
641.9667563458883 -729.837436520448
652.7970939205256 -728.244432981754
662.3048837858712 -725.0353376997452
673.1724305664331 -723.1755518027975
684.7512873340567 -721.9007372861952
694.9751922356058 -719.0337142144884
704.5036341155426 -715.3255409378262
716.8568987113963 -714.324986802141
729.2530010225855 -713.1550045393728
738.8038909874598 -709.0449990386996
749.7975636855625 -706.1895025353994
763.7398357056783 -705.904712660472
774.7794076221306 -702.7324309612444
785.8263605541272 -699.4147060637594
798.3853204917103 -697.2667208632209
808.6946944748137 -692.991984894694
822.0555153593987 -691.1589756830142
835.4526198761548 -689.1356324716268
848.8836067570737 -686.9211178724248
859.2131065392766 -682.0277395759836
875.0485176450023 -681.3010287437442
886.971332191079 -677.3018941883911
902.0974813229269 -675.5361827399265
917.2679122034276 -673.5455272228929
930.0450556379004 -669.5761304612752
946.9130110427246 -668.3088728409948
960.5486980716231 -664.5074857613795
975.0235375820649 -661.0696643780861
988.6848617923857 -656.8647075787914
1003.1906228754397 -653.006565185058
1017.710373926721 -648.9334286365079
1032.2413517768277 -644.6447018955074
1049.3401495796436 -641.7049559417248
1063.8998373153158 -636.9592892488847
1081.9132564501738 -634.0186949273502
1099.0967259287727 -630.2978558210812
1115.4326173707898 -625.8203225410223
1135.2870972095873 -623.0154146643799
1153.4237307686594 -618.9464413822145
1170.6244131155665 -614.2658084395022
1191.5066193666137 -610.9279630247282
1208.8525012406676 -605.458198593579
1229.7936770640072 -601.4719543365161
1253.4734454576815 -598.435728823446
1271.7653378262755 -592.4710334722022
1294.6074133464178 -588.2819437212881
1318.3966852149265 -584.1182931686816
1340.3851601742656 -578.7638744640235
1365.154087146139 -574.208427618571
1389.0295462334734 -568.8566776354401
1412.9241737621355 -563.1041459611058
1441.4945328750723 -558.757113324991
1463.5564528609125 -551.4512755350048
1490.3029124036198 -545.4963146358447
1517.0656536943634 -539.0842256836064
1543.8384174759424 -532.2141868884913
1572.5118085169865 -525.5193736434807
1604.0486580914915 -519.2532161430346
1633.6966687245135 -511.839031921587
1665.2597319458694 -504.4898662605342
1696.8274576933236 -496.5889435116453
1730.316940789203 -488.6791221424272
1774.4196547491565 -483.0692381428197
1811.7961497269894 -474.89336890975494
1848.20403220769 -465.8088184343823
1886.5431060013834 -456.54803602540335
1924.8692247460024 -446.60325527891473
1970.006396208443 -437.4914843717795
2016.117881017847 -427.77294192141943
2062.217922708911 -417.220851897582
2109.2768473203832 -406.02362167512575
2164.1742343099845 -395.4110311420166
2215.1134259491496 -383.11422602119865
2271.930939145404 -370.85550791903177
2331.6751339003067 -358.0112707038516
2392.3643024920275 -344.2122080371867
2458.9424849190013 -330.0952224137264
2526.454222319803 -314.8730895494868
2598.8593899148664 -298.9747003532713
2672.126745670282 -282.32544177517684
2754.26869759931 -265.12816037644654
2837.3112553348874 -246.5133674873773
2931.205915909725 -227.22649171219467
3024.979310222081 -206.21390042463892
3130.58674188868 -184.18102918275292
3239.0333481610237 -160.34952292036505
3331.3111185801527 -133.87393780812295
3334.4111174348664 -102.94901615248428
1055.754466132923 -22.770754058369103
1019.9232833759617 -12.509837233066037
1031.9954642754767 -3.0596919523020834
1020.9795112123003 6.468205677954184
1002.8774054224045 15.68150800229223
1037.6773192140763 25.88013115670287
1021.4011378391358 34.98164691547011
999.0524869176785 43.52158526067169
980.6296549640034 51.86019480468383
995.0760064054704 61.909138874162196
978.4980325170231 70.01857153866189
976.8078091777826 79.0348273187251
965.0751063750486 87.12656916916123
960.2428224169629 95.70121209632099
946.3879207942035 103.21774738301758
936.4495968853946 110.95563299437276
934.3853076499518 119.53282749063163
931.2518701587453 127.9451223214052
931.0111064604407 136.7454556733276
925.7471638854495 144.7797933347288
919.4281383209346 152.56440759135248
914.0297608452588 160.41694514345724
926.2645117190076 171.45860821186082
911.869622571656 177.5803801973223
911.1584497004034 186.25326719163212
906.4534041918424 194.09076750072438
940.7154799048426 210.59531302334767
1028.3033150686113 240.26712679620644
1042.541824470026 253.84157309374933
1040.136039127519 263.5261279420246
1038.607338393575 273.4424923727366
1036.0273542722746 283.06063166677046
1036.1626533705064 293.7617329745177
1037.1472190749196 304.77310571170943
1034.1888309144467 314.66563525718874
1031.1360880594236 324.52945613843514
1030.8421532161194 335.2915971997432
1028.5405153569109 345.4408896893073
1027.0838354006598 355.904193651424
1024.579230611816 366.03469808052245
1021.9747209840328 376.14979684908536
1018.3352621699823 385.8941484671585
1015.5345781682685 395.9665649326936
1011.7061309677686 405.6484987797049
1006.8608065488212 414.91241995854637
1001.0100067415607 423.7310071298307
997.834153791425 433.67153645051553
994.559648526117 443.59001963931354
993.0053137496232 454.3175616955749
988.6205479332492 463.78164280635565
985.0468170861941 473.636747041821
981.3749369114745 483.4658552597065
978.4978683733643 493.71846389291744
970.1836358300851 501.20625770985424
882.2539781527446 466.51036219322765
978.0227230550994 529.164958389998
980.7981097563087 542.8407389819337
980.7899582930588 555.1396740564485
980.635864577467 567.4877100910677
980.3348924760218 579.8831766778777
975.6071457839433 589.7378206417726
970.7805067566999 599.5550080694891
967.5467753930582 610.4008825571068
960.8317002377462 619.0730520853267
944.8497893780165 621.626797614387
909.8148405901227 611.1079739636601
866.8220962479517 594.3235259152266
843.0807532132006 589.9625781025966
817.0620274180498 583.4600614879362
791.2462957762596 576.515654098263
775.2703002137172 576.2915595482315
767.5026666757963 581.6430663607549
752.7105140149356 581.2296293990624
731.7020069152069 575.6502176463225
706.1755521884994 565.9868280192288
677.0124668869676 552.7477902982721
662.7570759629998 551.1778825941535
654.6906192798906 554.5666713993129
647.3745116423529 558.5080497860572
640.792087368603 563.0226467610238
634.9263083481384 568.1307798098998
631.2380781379146 575.1995207827906
625.2747002351636 580.2073329817767
620.7261305859778 586.5279795608728
614.6731096781999 591.4270607932407
610.7252073068572 598.3642044440796
607.4099119392852 605.9844873244776
603.3050266740686 612.8809385107365
599.8199958350915 620.4715727544582
599.0008516763227 630.950061170486
595.3131323342936 638.5383891907611
593.5627768630444 648.3241703982907
589.0094649022375 655.1555924019727
587.0282679385206 664.9562486668582
585.5726155470209 675.529948944842
583.325163967811 685.3697929453315
582.8709366757064 697.5259645194469
582.8782647642813 710.5025886408721
583.3251957091228 724.3146526551244
586.670128184816 742.1146546832313
590.3529258798142 760.8235162671712
587.0798622333955 770.9074103678194
583.0737138266244 780.1929532137725
581.3128149581785 792.6943996051685
585.2134401620966 813.3444715823942
606.0873639212082 858.6379372558849
598.2934444560558 864.0867747633386
571.3493826847556 841.337555863132
537.6617694251222 807.3535914942391
533.0683648152299 816.3719240843703
522.9641732236704 816.9507167047979
506.86608588410905 808.2096083198485
489.9400795764119 797.5303871481382
475.3181782030493 790.0358406235342
458.8473590209902 778.8935107699015
449.61843782862155 779.6430339357557
446.31355529253597 790.7390279745501
425.9206242852179 771.2020628917497
416.86131945147736 771.5929239859405
417.6418251238273 790.4500654103574
411.6828497691089 796.9480730925857
405.1885264042507 802.5105968586033
402.1658298514893 815.1954644745412
399.8108220090404 829.6941042362874
403.6075785196929 857.7907218905261
414.0123540279839 901.4753300630069
808.4351643968654 1804.1512090084393
788.4941538690682 1804.2278041628506
765.8776155805929 1797.6505438912718
672.9017089490685 1620.8726939810613
627.8786862638444 1552.8661743162509
606.882857631254 1541.8632225697982
586.8603871032223 1532.4737798895799
570.9028666082082 1533.155542304345
552.9415425239185 1528.0316261619946
538.771414018413 1533.0852433692655
523.9095003912777 1536.1145254829673
510.2938389971265 1542.797847380393
496.2940572307763 1548.4082823200781
483.7160783777877 1558.6669803132463
471.5656162512619 1570.7405481394972
460.6261676828745 1587.524026163317
450.2253387685904 1607.1272956211988
442.6306238044415 1638.2573457398232
513.0848405559029 1971.3226388371143
492.1404207459675 1965.3177367204476
472.98884227350294 1965.900698174954
445.7719657014353 1931.220172480258
400.2411204660722 1810.28258719131
375.191236692193 1774.7753480115118
343.5165373377256 1702.6935686069583
305.07448189815983 1587.9605034428814
288.37902610731066 1581.9296878500634
274.03559723186464 1588.5365880110458
264.09058350947896 1622.6497353716306
351.24046442977016 2295.280840365109
322.06768876510824 2247.0363601538584
303.38138429636484 2269.814912203729
282.8147229562529 2280.5306032761714
254.1165836851198 2221.513169417684
210.72377967603546 2010.9896789091301
188.97897508226282 1985.0246716292615
168.68468926927466 1969.790464898774
149.68290775055624 1967.3139116895754
131.07534434725034 1969.6434332396943
112.55090409241362 1973.7936300403799
93.86458170567148 1975.7716063101066
75.56856772109447 1988.5646561207363
56.83875130835918 1994.1901504996224
38.008968942448945 1999.6387969530726
19.0428280000443 2000.909385929748
0.05610786024129101 2005.999999215331
-19.006582764169735 2008.9100900268356
-38.295028653082895 2020.6371497080963
-58.660754707698885 2062.165831318404
-83.45807899646945 2199.417138482425
-104.181707220122 2195.5295880221474
-124.95283567922917 2193.4438193980986
-145.62742201110157 2190.163841806909
-166.02359575011357 2183.697819217257
-186.56601086437888 2180.0314501378534
-207.05381157727828 2176.172033436539
-227.58934551887492 2173.1148358534324
-248.08551380402514 2169.863953763137
-129.1651466568198 1042.0251268031507
-137.32525042139733 1027.8671001626137
-146.07940468097306 1019.5885481546233
-153.02558594629232 1000.3635189498835
-163.47433614421993 1004.7886053405495
-175.89011767540774 1019.9449330743945
-187.89084452943564 1031.019413271164
-410.14494411056273 2138.015464121002
-429.7123920082255 2132.1285749585013
-449.82582966002974 2128.9980561218617
-469.4865558826007 2123.7248818633484
-489.5379712857714 2120.2189921490212
-509.56484327186723 2116.523723113284
-529.5653826543605 2112.6392274816208
-549.2856037126162 2107.5979990392066
-569.2190810858768 2103.3379751546704
-589.6613639042184 2100.81495518254
-609.5476834967741 2096.1728510654166
-629.3987140555759 2091.342453723251
-649.5097947911784 2087.278856902048
-669.599842240203 2083.021855687524
-689.9819128704894 2079.5206081959323
-710.6807138986703 2076.7662176789368
-731.0555812290803 2072.863173765652
-751.4194798324487 2068.7604417448465
-771.0701184166901 2062.5845128102924
-791.0298275122835 2057.1552717249824
-811.6905678683917 2053.3929049340477
-832.7262334560847 2050.3502188928705
-853.775755767033 2047.0932951051427
-874.4434250807305 2042.7023024251675
-895.1034527802625 2038.1034833444676
-916.164408420237 2034.2083906876398
-937.6497137626222 2031.0051733761961
