-966.6607424104901 2039.5136697463931
-986.4027249628849 2032.2624496323783
-1008.2135722020967 2028.2333181435235
-58.96287170154988 115.85931020296371
-1056.4871537705194 2028.3500422554946
-1080.2902302847692 2027.1117429365556
-1099.3775085632365 2016.8237636603974
-1122.261872587981 2013.3438080306398
-1137.256474050905 1995.7095761230648
-1128.3641314107388 1937.3586108270429
-59.8360555307576 100.54176474739288
-64.93854464807225 106.80817112463974
-63.83368825120539 102.79231607590094
-64.26563010053752 101.34065713118741
-1041.8798564797996 1609.1536174839343
-1023.3883594503155 1548.3579255913642
-901.5030622022225 1336.351835722919
-874.9515562533245 1270.9479824956982
-847.2490794936193 1206.1695557827743
-892.3819543085782 1245.2624011124735
-997.3395444515777 1364.3364075890959
-1035.8767451209005 1389.333785998789
-1051.3666523230684 1382.6775337666352
-1071.7251008407056 1382.1744854496408
-1090.9266906537641 1379.8405544189613
-1103.9034222743126 1369.4810091020104
-1109.1630341896614 1349.7282554600329
-1110.937969471257 1326.1662143136812
-1117.5628229939857 1308.7758924513064
-1139.7153062920459 1309.4827301662394
-1345.799613251427 1517.1049406591192
-1402.9817779069801 1551.8073755659782
-1424.3440654774138 1545.8486287923772
-1477.8909796135463 1573.886670753937
-1499.5959817233554 1567.0905818104982
-1508.0386026296749 1546.4215379316008
-1485.2098935015345 1494.5235268289223
-1322.785377339527 1306.1852263353485
-1306.3301546021125 1265.8050905163957
-1334.164121016898 1268.5768002731281
-1577.8598711897312 1472.1828102817683
-1600.2915592491368 1465.5943932056941
-1596.1837294886227 1434.4035351726484
-1591.6316717312402 1403.4217546917314
-1593.4453393772594 1378.5430535231355
-1592.6452372093129 1351.8143912514365
-1603.0109757333414 1334.822764144529
-1635.6574138082433 1336.1021011337905
-1687.9782918135104 1352.5155401570598
-1685.7131002327196 1324.8046435998751
-1675.1564536512353 1291.152917276113
-1677.6790695937077 1268.0701634559464
-1674.2924007750858 1240.8871651793324
-1639.8024639546543 1191.543905698923
-1370.7780281847286 976.4510215294916
-1343.0246423624335 937.7253382559616
-1327.8707184779453 908.6475416842694
-1319.7651541059238 884.9525060746298
-1309.6608036887687 860.3938512572532
-1305.0987751915943 839.8935569424261
-1298.5758096039303 818.4899918212175
-1297.7233490201972 800.9613657398232
-1325.7564613384454 801.1059887551478
-1322.0592932954203 781.9560249855575
-1323.3127587066938 765.9532248408383
-1334.8244585198463 755.909825929786
-1339.2658871862361 741.8408747293881
-1346.1988043484032 729.1843245510217
-1340.6396994826766 709.9114002261118
-1362.3695639297007 705.0568567697198
-1360.9230604475633 688.1231165583946
-2190.447762231417 1081.752097726359
-2235.676269700523 1077.9961118194974
-2271.0725568150524 1068.798129527527
-2308.3093964248196 1059.8621280038672
-2152.0898376089694 963.6769847102289
-2139.081918682484 933.7475810762055
-2120.1816395198607 901.801427944575
-894.3024354917618 370.46882982715704
-884.7706017862289 356.7870264104827
-880.6469535821393 345.50968603860815
-897.826582449262 342.67831540305946
-905.7022634954546 335.94554603270154
-2104.6008182120254 758.1717457023004
-2082.385606401568 728.0839142925588
-2106.1974502551725 714.2186643729008
-2162.2318089889577 710.5839881367581
-2179.310758149241 693.5226163687673
-2173.321772946978 669.1400983610266
-2153.6495441197117 640.9388747087812
-1318.6286908483823 378.9490409955953
-1320.212114713692 365.9781033930878
-1317.8038240700396 351.9788079790887
-1333.6513284763455 342.7873014761178
-2370.7453909785586 585.6025026875507
-2358.641220342398 559.0953350741923
-2226.3041667078496 505.6270931222598
-2191.879442218848 476.14442218552955
-2179.6211046444823 452.0263711204974
-2172.9905768243084 429.34479504561295
-2173.006820841945 408.1205172181192
-2183.6460017260683 388.86262245908364
-2235.5315728661103 376.41411599297794
-2278.483328962367 361.6112825128226
-1375.7986025399466 205.08341046786285
-1363.8033783750557 190.18239963988415
-1355.6174334879174 176.04083055823116
-1333.3871742496246 160.39839009978002
-1299.0575499957272 143.86966948978088
-1290.405843200438 130.62067154231968
-1290.5830690964267 118.36951364962006
-1290.6440802680117 106.12661338767859
-1289.591684038794 93.82051192562946
-1289.4201510503558 81.6068260948666
-1291.1301449101302 69.51222125889865
-1288.7305450359797 57.215227791789445
-1290.2116662517403 45.10938115190145
-1289.5796361456128 32.92965287623085
-1289.8325902130734 20.781944669206236
-1291.971071870961 8.645776344562263
-1293.9951882971568 -3.5288332074134017
-1294.906774504113 -15.538511619656568
-1293.7059181296365 -27.586181257187437
-1294.3921224381488 -39.67408940434884
-1294.9652980887802 -51.77718364141399
-1293.4276499724858 -63.79587985640448
-1292.7768297264984 -75.84898497873263
-1294.0090802173033 -88.03124624341406
-1291.1383039215125 -99.93437920295699
-1292.1432515150677 -112.13749401546505
-1292.0373072046293 -124.27226879481194
-1290.8228545411548 -136.3097875951115
-1290.4897030133852 -148.44974373984158
-1289.0499623754451 -160.47178723957506
-1289.480519669579 -172.74544680735355
-1289.7940956795994 -185.04105152653185
-1289.9903189391136 -197.35748539987955
-1292.0429201885017 -210.0145051913537
-1292.0002896152535 -222.38761573905464
-1291.8390848273632 -234.7781482855687
-1296.4698482640836 -248.12483257849146
-1296.0615476523064 -260.5925261727748
-1294.5547956700552 -272.86788196426113
-1292.9317271637562 -285.1377717759371
-1292.1667980568025 -297.6255466179454
-1296.1429879704642 -311.2914305518174
-1299.9760947702005 -325.057153476152
-1298.8254630164695 -337.6631703636825
-1296.5871666492465 -350.01531292284807
-1299.0462124063372 -363.7030904910616
-1304.2434851389078 -378.3026982096684
-1308.3229299079997 -392.7430598711423
-1309.3806632596786 -406.4028526987038
-1310.297007170248 -420.1163565022087
-1313.9191441182757 -434.82465744193684
-1313.5946966437616 -448.3447032690178
-1314.075379025308 -462.228188495134
-1312.5305487917308 -475.4782418665214
-1278.9948888276872 -476.8616931067665
-1143.7771701788895 -438.63285898068756
-1100.5657038605539 -433.8711000814914
-1069.616138785285 -433.17123132781757
-1048.887651149722 -436.26906292518555
-1030.035926766256 -439.80221642322414
-1016.7071762937628 -445.42846526997283
-1003.3642861205983 -450.8437748685261
-989.101770738487 -455.6299892697906
-973.0299913711017 -459.3349931067235
-964.1788143510472 -466.261958513247
-956.179821104928 -473.5072858064043
-948.1300437950202 -480.6437558662892
-938.2555012047195 -486.7500533734749
-928.3502774890057 -492.7136717060792
-921.9316464899343 -500.4428430903561
-914.5754915377162 -507.60976180383363
-908.0359900533532 -515.1763200767546
-902.3002575038096 -523.1665559920272
-896.4945955985826 -531.0945679090812
-891.4752089501601 -539.4774803708384
-885.5267878453602 -547.2872262425631
-882.8930969969582 -557.1676401902032
-878.4704676184988 -565.9634595290902
-879.8091242052952 -578.5714346259339
-894.2733872255249 -600.1700666479347
-902.6326749880435 -618.134495109219
-907.4534969374821 -634.0166802978728
-908.7975597997996 -647.7213870962805
-901.0663311956379 -655.0385231309934
-859.5390148334629 -637.2540168403176
-817.6298701783294 -618.1475514730835
-812.5896689642866 -626.3976611486596
-820.0463802640361 -644.4943244248562
-817.0886640374091 -654.6564863358202
-814.0121998110465 -664.8196285901771
-816.1965377322468 -679.4609715015961
-819.7021546216503 -695.4950594422826
-821.465140857675 -710.3457062273834
-829.773188678774 -731.2403540217539
-864.5448163777735 -776.4059894631944
-879.3580908866918 -804.7318485011715
-887.1320400640539 -827.2640107558105
-898.2735428855045 -853.3613784042044
-897.411255073826 -868.7082590069122
-892.7796826391409 -880.6023156151447
-902.1100885662414 -906.6633267685467
-882.38415547574 -903.6410803883172
-874.5576111597869 -912.603410448639
-865.9554138446147 -920.7699067808429
-881.0148530481556 -954.575208513471
-910.9539080989138 -1005.789231061516
-913.433343681983 -1027.7473068074428
-896.5189553807096 -1027.9833474541701
-873.1794998124594 -1020.3952964940905
-855.2067019889511 -1018.5879917185267
-837.3454492344807 -1016.5341109113385
-818.3417249475783 -1012.6800191619375
-801.9696992179665 -1011.6944210265491
-785.0750144261548 -1009.7020460134627
-768.2889899862327 -1007.4825198810819
-752.2132893484705 -1005.8385393926574
-736.2366761774574 -1003.9823487747032
-720.3617102555966 -1001.9156683062861
-704.5909277547445 -999.6402475519423
-689.4952623985475 -997.9806025820131
-674.4932898155523 -996.1263986030051
-658.4815628126786 -992.4127324030927
-644.2346242651486 -991.0023960101927
-630.0725706938365 -989.4127327153519
-616.5267143088093 -988.4937078927634
-602.5327392866574 -986.5547618291226
-586.5770934257147 -981.0078049986353
-573.8098818040241 -980.4275697592616
-560.6085304255704 -978.8268874597195
-546.5104412068399 -975.3206332544725
-535.4116777246351 -976.8983239601199
-521.4973736557298 -973.0655112941657
-509.09480278335167 -971.7157412427671
-496.7637717941956 -970.2194365362943
-484.0585596151193 -967.6834765889806
-471.4450003793284 -964.9951355407627
-459.7858513912592 -963.9610836856511
-448.2955655398715 -962.7435203195536
-436.2725581665633 -960.568193826343
-424.73599195191133 -959.166480409228
-414.0576700170109 -959.4692521910664
-403.024254669623 -958.7342959068455
-390.5268422320502 -954.1749239506681
-379.26211381991 -952.2527232940074
-369.51373386176436 -953.933226430203
-358.35809634596916 -951.7712302771571
-346.5896339744454 -947.6057332147479
-334.93231038119256 -943.3034227981559
-324.36465651359333 -941.702484654691
-313.5407115037491 -939.0379237441493
-302.79638686839263 -936.2533567894145
-292.7303886027825 -935.2587447270749
-283.00008153950387 -935.114941517156
-273.0181804702956 -933.9111698297055
-262.81298647440656 -931.6401312418885
-253.20008941202298 -931.1899455652126
-243.36606209661136 -929.6741148486325
-233.58347037236774 -928.0559047647944
-224.08826126257736 -927.3081748611488
-214.62817075071308 -926.4641106487627
-205.4206293527721 -926.5006017463296
-196.23164700495454 -926.4459729059881
-186.66622336004383 -924.3401544109712
-176.96961287598916 -921.154577754745
-167.3500704822371 -917.8687018901942
-158.14872669434286 -916.4545707480312
-149.47133057871594 -917.9097566400677
-140.17504793771093 -915.3288785653277
-131.22506911914954 -914.6343429123326
-122.30080401081521 -913.8525665217055
-112.91004360874155 -909.0144784613016
-104.07732039575843 -908.0550156126217
-95.16841236789533 -906.01543766504
-86.30743980416504 -903.888834887593
-77.58087951008305 -902.6722589813215
-68.96127935369768 -902.3687394573802
-60.28760940266522 -900.9852408072575
-51.93114692457507 -901.505494148038
-43.31794309324072 -901.9603959188955
-34.66235879371398 -901.3337455586892
-25.99381915940219 -899.6245446660002
-17.380431566583773 -898.8319757321494
-8.78455792487882 -897.9570321246248
-0.20675438647789082 -895.999976145437
8.33286154983841 -893.9611643792985
16.833512426960258 -891.8411477720522
25.29442782840134 -889.6404846458112
33.75281161529729 -888.3590196019076
42.094006159401545 -884.9994885001076
50.48821291082353 -883.5586796342795
58.792158938931834 -881.0405677647876
67.28094836371707 -881.4359159844116
75.61138698388856 -879.7567380579546
83.91589409734685 -877.9989309320614
92.29837521537424 -877.1573461657846
100.78657653188135 -877.2291980953343
109.16093585471778 -876.2265061519893
117.52533582926858 -875.1438712795843
126.0215716646372 -874.9711786540028
134.3732120882715 -873.7275547177624
142.87403249471978 -873.3910984425578
151.03895328251215 -871.00128277249
159.53179546231917 -870.5025021426238
167.64957529997872 -867.9571532637638
175.93232146715906 -866.3162345605537
184.4073862959367 -865.574327183692
192.884310550762 -864.7494681948971
201.36228196264224 -863.8415545705111
209.8404864659561 -862.850491243837
218.80926262575437 -863.7149452158238
227.3039801491172 -862.5525494764767
236.06048182636096 -862.2710994344565
244.01254590569678 -859.0150624061375
253.61852702714745 -861.4416072773477
262.70984505260276 -861.8494864606217
270.9299166943497 -859.3008671239619
279.7448598646306 -858.5754558449235
288.012082890457 -856.8926654541399
296.55314354116047 -855.0328841956056
304.7482725880166 -852.1464019489961
313.2610748747359 -850.1196968476411
321.7630198118768 -848.0079947037892
331.34440431107686 -848.6058482780669
340.59415070407744 -848.169572966496
349.48442484247954 -846.7092988697605
358.377983298046 -845.1563293777225
369.2699176336063 -848.0947635322775
378.2110749393301 -846.3364477518597
386.318949985116 -842.6664042682594
394.3912168880353 -838.9186897677121
403.2953670548768 -836.8953619850407
412.19693921390683 -834.7782240228161
421.99761994079955 -834.3518495001377
431.82794078699914 -833.8139058301078
441.6866597058321 -833.1637862016715
452.04937107495334 -833.2798846190511
462.45480344898766 -833.2733973714498
470.92701756640855 -829.6648384293549
480.37644511879273 -827.7001093240423
490.341656635631 -826.4902054881383
501.8831491967185 -827.7302124197138
511.913333553567 -826.2740095937148
521.426826291404 -823.8562161103562
530.9409313389531 -821.3316793043631
541.5563177375992 -820.3692794824125
552.2019094498306 -819.2783722276338
563.4430578813779 -818.8821163789586
573.5777279630336 -816.7083873603627
582.5572677598725 -812.7896590017323
593.8756591350021 -812.0022792375441
605.8303570912252 -811.873499029694
617.2312132143505 -810.7938267117856
628.0535110701373 -808.7798138136689
638.8937469500128 -806.6323698613719
649.7503528689049 -804.3509675177456
661.2575769893137 -802.7069308746634
671.5063608533816 -799.3842676294349
682.1407156716 -796.9222321048882
694.179356512934 -795.7707088045457
706.920301855092 -795.2104669992125
717.6971103636405 -792.2574441276525
727.8020628511209 -788.437161294198
741.3239081735779 -788.1388603350634
754.2115825478178 -786.9338528432464
767.1412743884915 -785.5560229096338
781.5215605520937 -785.4222115475346
793.1182500250678 -782.2783657223138
804.7242639573129 -778.9857887011552
820.687765017122 -779.6765947180927
833.808455147353 -777.4081682904963
848.433711606937 -776.311945682196
863.855043300412 -775.6774227502327
876.3370998511197 -772.1769793412185
890.3418411158251 -769.8184240186013
905.9038151938015 -768.5585713641576
922.2881851066692 -767.7138162184175
937.9609149169441 -765.996293782267
951.3404029440359 -762.1761198871816
967.0888561522326 -760.0257523966976
983.6717825492194 -758.2570963838328
1000.3056365541222 -756.2437659102072
1016.1839754806823 -753.3890946757035
1032.0958653841678 -750.302688690975
1050.481332171929 -748.7248965797048
1066.4676565790596 -745.1494732406169
1084.1285342016197 -742.4697443868317
1101.8318840020627 -739.5238328792827
1118.7387591759125 -735.7612307790753
1136.5115952109136 -732.2877808287838
1156.8535603498483 -730.1464509986198
1178.1046074164597 -728.2132476027263
1196.8532051914065 -724.3917484504204
1217.3532107179021 -721.3017124302529
1242.2244739599832 -720.3987481213741
1261.9657706531464 -716.1308495657829
1282.6093123989847 -712.040976171599
1305.9222294156802 -709.0579177457786
1329.221295393086 -705.8298292602309
1354.4545096427803 -702.9430853976269
1379.749745511359 -699.6425085437136
1405.1014354848712 -695.9266886665248
1430.5039911264091 -691.794283997356
1456.8561217596084 -687.6708809390964
1485.9807517768206 -684.3662801079516
1517.90711606741 -681.802014511484
1548.0828448052005 -677.8934323474726
1577.3978705914444 -673.0831730578151
1606.7577150665966 -667.7796381097356
1638.0096764254047 -662.7316952860643
1672.09849135629 -658.2519541968857
1707.1798140804265 -653.545011759956
1743.2556265270237 -648.5829326939414
1781.2678678824489 -643.6775457086527
1818.396036168683 -637.7811973130141
1854.6218240873834 -630.9190832577391
1893.7262547409364 -624.3691793361246
1941.4426274165608 -619.8746038110302
1989.2387981437353 -614.5347866147757
2033.2703179503767 -607.2032725059828
2078.297800392704 -599.3723824825831
2131.0620853137857 -592.8898620638226
2187.748193935356 -586.500502926116
2241.5937702456945 -578.3445073619117
2298.3874752473753 -569.9465006700151
2356.1902816009797 -560.7596248742389
2420.8442108439503 -552.0890388545404
2483.5847026628844 -541.8219492590822
2555.152477838813 -532.2554039126085
2628.716381895812 -521.7759898199523
2703.2863060343634 -510.1413016087659
2784.754774016218 -498.37922167149264
2869.192796558725 -485.6260867946887
2962.5182791058855 -472.7424731960347
3061.781593775926 -459.03101421903085
3163.0218043891914 -443.7669038566814
3234.4906687201164 -422.7459212842766
1038.4104657586452 -125.77640717922239
1045.4949180833098 -116.80914459910012
1041.5672034475704 -106.52117490155433
1029.573191457808 -95.57742113796482
1023.4459602112694 -85.36607363134779
1023.202035285061 -75.72050573331336
1021.8693804238441 -66.02249126009305
1012.4571724817571 -55.91488075857441
1009.9388150575734 -46.30971647618425
989.3415879162488 -36.10017201282133
975.6409967930963 -26.469706771582896
976.8456630906676 -17.365209499284013
968.9656021832194 -8.164666907541863
968.9995872308928 0.8943972045905796
959.9493538329125 9.860936860853297
955.8159843033657 18.756442898066247
957.5980235789317 27.749328599513255
950.3018896613178 36.43238265785681
951.9174877245586 45.41031341187761
942.4659789187693 53.79478209534621
945.9130672511196 62.86866630984683
946.2811152455108 71.78475415930912
942.5795042877819 80.3733668362808
939.7958214239399 88.99333702082474
943.8958741772024 98.29332994285488
983.6736973120461 111.741027453881
1071.912065543974 131.9262056653315
1077.5711447130902 142.8615696460056
1077.1785167544442 153.07005926273013
1076.6891098375338 163.2836818462247
1076.1027937897259 173.5015192957875
1075.419447153549 183.7226515265737
1074.6389572124042 193.94615655237095
1072.7788218270016 203.9843117484041
1071.8055314984522 214.20061309277392
1068.7774302925461 224.00625995105963
1065.659750502706 233.77402798110492
1065.377117930957 244.17329212902837
1062.0752253348276 253.8901646972081
1061.5959923778641 264.2914091817169
1059.078780264218 274.2045535618552
1056.4908503956703 284.0124698498877
1052.7707964400756 293.8071649278295
1051.8418596104857 304.39070677528105
1048.8908507566825 314.408942619199
1044.8893168134464 324.1023227456557
1043.6551021603736 334.66405205014144
1040.4157296413223 344.602828651935
1038.9741969426345 355.1571737800145
1036.4826958455558 365.38284197910673
1032.950665036965 375.2518135861463
1028.388067104403 384.7362517846086
941.6155420196865 362.54816373410586
1022.7218518533351 405.0185350594277
1030.852926656655 419.6561015920168
1029.57117798043 430.6265080925575
1028.173689270434 441.61053507816735
1027.5751119432125 453.010363363681
1026.8522783377223 464.4387994909868
1026.9117555770702 476.31528031086685
1026.8376843951091 488.2349535890379
1022.1343740227668 498.0063467879569
1019.1275945186395 508.6255460460588
1013.3397001834858 517.8674077715677
960.5062814168275 502.4775451289522
915.9974937546018 490.37698909643825
891.9831900209477 488.5232734681675
859.3648127455971 481.37004332916797
840.8505810187198 481.59246298138976
826.726400665182 484.03249730074197
818.6398216046063 489.84165041692665
798.5734746670475 488.23806238166065
770.9801175394036 481.5294989498851
739.3740965480199 471.6512963554743
722.2734662666735 470.4944632268529
716.0878903664596 476.2542737556411
709.8583001808189 481.93899371642306
702.7636186689767 486.97874314520647
696.4540777186979 492.5045356430719
689.2922766226374 497.3692364716394
681.2959424078034 501.54943810023656
676.6163260493599 507.8448063370011
672.0007456136228 513.9367644902776
667.3303176065693 519.9867759886931
663.3886447611332 526.6160897674768
660.1591659949444 533.8453667054342
656.0812233291036 540.4233788382835
654.2364993583652 548.8994469912607
652.2919246469625 557.3860825678746
649.4928125483386 565.2256951413733
645.8567200204772 572.3968004840619
644.3710343609813 581.5582258695678
643.5085070647528 591.4159292201159
642.5200988849875 601.3051825228399
642.1291059784643 611.9143822915901
643.0337930377397 623.9579641382081
645.1954565386814 637.4729977511538
647.1647698648961 651.0773845294551
653.8300553946299 669.7777681161531
659.5172061752154 687.9288151828199
656.0173841800582 696.7712620749753
653.0902863529222 706.3406245370983
652.0602326996132 718.1347038903818
653.5319890190849 732.9528902519988
666.6459111969468 761.3982066464254
679.9495166895231 790.896740892061
647.6200967156561 767.2054550966151
603.6521968893751 728.3680561300249
602.0963704972638 739.9972706936301
596.6347106249885 746.9692243174654
574.4368338224461 732.6549828862445
556.2068028645074 722.7572154238538
535.7926732499719 709.3991903657974
524.0028384470559 706.9802156350831
517.5944582020497 711.6853074488236
509.9821422383533 714.7042847205969
492.6086690171351 703.7170590579474
487.9291793244189 710.6117899133106
487.63375996006175 724.1148501081944
483.2762911186876 731.8285498957837
477.1885831973209 737.0041085815828
474.6201305860911 748.1522115468495
472.9465987379791 761.0108506073858
475.7546404906774 781.5897402420187
486.4133327099213 816.0282285325842
490.9288144064312 841.2282087433207
1105.1104573001655 1934.6097480282215
987.5984350862323 1766.6989927588754
937.1193497976273 1713.4807627268165
912.2417930954663 1705.336011151459
809.7289078467196 1548.0142427630822
750.2804415535567 1467.3047601034355
729.5017754280477 1459.880529237693
708.4870063888585 1451.299818017681
692.8586620449929 1453.2882970798403
674.7226808763317 1449.6724816009498
662.0896930381994 1457.6824888749206
647.3406571864665 1461.0113187629292
634.5699081931036 1468.7821593469182
621.7106667187095 1476.4416164847757
608.7639018950216 1483.9887168538542
599.4399992346276 1500.7090615164518
590.2204661702284 1518.315119240337
580.7257472281467 1535.8781222825953
573.7157659199736 1560.9033345902167
1111.3971153643333 3112.526538354306
659.0058245089748 1901.0142880218566
634.0330583001739 1885.2382027167093
606.6200496747811 1860.6077274193415
557.734579668617 1766.0226891639504
522.9333486521227 1710.8657787411255
491.1876493757803 1661.9337210312256
436.2358416121988 1527.9461019593907
420.2014957704767 1525.173663210932
405.02614101983625 1525.1353464825931
397.31880458768063 1554.0121516645281
548.5743299588977 2231.56227887777
525.5783935252937 2226.816416379979
489.035289338366 2161.365421621652
479.3596388136112 2213.693595933386
455.99330248162977 2204.3300814741647
408.06040366421036 2069.146613210722
364.3098396195704 1944.1610891992368
342.9005187010764 1930.7874648118402
322.4396855004385 1921.1290037929205
304.06691461685335 1923.1100622261292
285.97917704891756 1926.893850292336
267.98445038831045 1931.4979509049642
250.31223786029864 1938.9091736276273
232.52358710104997 1946.1584677105975
214.61998431242623 1953.2442915144368
196.5031360174406 1959.170109392064
178.20286146594643 1963.9317045573016
159.74904709288302 1967.5254107515143
141.38607584403144 1972.940439434862
123.86519287107483 1993.1548896147062
107.70853572156928 2046.1671171565424
93.2736556440846 2161.9889049583
72.68436341711667 2159.7772994720194
52.193689710046016 2159.3693104132167
31.71727434302109 2158.7670125579207
11.25174262782041 2156.970653089151
-9.172642461662933 2153.9804694170907
-29.566822101240355 2152.796972087901
-49.91619380901951 2150.4207433885167
-70.28855013643697 2149.8512785120083
-42.35605276733199 1004.1070484734041
-51.40327970250699 994.6726611482925
-60.51985260799424 989.1503158975923
-68.47856601974041 968.5823072903407
-78.77212534363694 981.8451773415431
-89.41246758101663 995.9946840425774
-100.03135006008503 1007.0440551461276
-231.47928026595403 2125.432036741602
-251.4890431692848 2122.1503860861976
-271.4574116683232 2118.6804557673
-291.6555730894212 2117.0040214146693
-311.7004652023644 2114.145647771844
-331.71737534025533 2111.097483039893
-352.03366378086787 2109.832528795833
-372.18181473931946 2107.3871729649836
-391.7053602240016 2103.8457431028028
-411.91505222937093 2103.0394646194527
-431.9424328667869 2101.0594314985765
-451.7582144251597 2097.910988507232
-471.99211320576575 2096.5267575377034
-491.55330041853784 2092.0268528027173
-511.7850598143353 2090.258369807627
-531.5328439794182 2086.356114322565
-552.0201204517057 2085.167328205697
-572.2665332580856 2082.813245327764
-591.969193907421 2078.339114164144
-612.4868887952838 2076.5559975723922
-633.3146691057215 2075.527048702452
-653.5749924974444 2072.3823800597143
-673.8317441212906 2069.040062592907
-694.0829970276593 2065.4998894304263
-715.3089376325235 2064.5963585512377
-735.5698291817978 2060.6506318144907
-757.1991907488168 2060.2607566833226
-777.8240778544924 2056.8399801418213
-798.4509983389942 2053.2133360300054
-819.4490300919448 2050.309071111322
-840.8420882395769 2048.1163498797882
-863.0422911146782 2047.5453606080443
-884.1139181409015 2043.9842415609626
-905.5996938036129 2041.1217980764407
-927.5229885027587 2038.9460772170783
-948.2167220045546 2033.8193253361858
-974.067495642806 2039.3117745779218
