-982.9056698581896 2040.6179074389756
-1002.6684607264756 2033.2105050546045
-57.246545180362425 113.3659255019458
-1053.8440343760906 2038.7343503286359
-1070.2934601736304 2023.361784039018
-1051.3277517569823 1942.7791841549079
-1023.672012020552 1849.6193153743272
-1000.2605742263569 1767.6084927518195
-65.59358650200006 113.39524421158337
-59.03093002202274 99.8566437486012
-65.14384443127804 107.85304600572691
-66.16204609800711 107.23144900692698
-70.37309403020635 111.67644172615698
-823.5779538811558 1279.9231828047061
-812.598748503712 1236.9653487184678
-835.4123894965003 1245.8274918606298
-932.4518684180775 1362.4736742717769
-977.9459518195318 1400.3162911713162
-994.6417359154668 1395.8810182730715
-1020.1607200918224 1403.3877244659561
-1033.401865192054 1393.6662387449815
-1056.2015616455658 1396.5812762519295
-1068.1552031500903 1384.9351833148687
-1058.9645471339047 1346.463177332928
-1066.0345437920132 1329.3556151166454
-1086.1683007935208 1328.4932902921698
-1205.621923350194 1446.4317398126257
-1328.0440495405644 1562.9779277008038
-1348.6746169411679 1557.1373663291863
-1377.254991604533 1560.0415661450813
-1411.361139541755 1568.489634582071
-1434.9345813395253 1564.6378965357965
-1436.02686982084 1536.3709933321963
-1313.9412961230908 1379.3416075586106
-1257.9824419677059 1295.8071522032003
-1269.4910671047287 1283.127986812421
-1304.3030282557304 1293.5851771270925
-1542.954258787946 1501.5662340663298
-1546.2531365154919 1476.5314889347953
-1542.649681014026 1445.4161897762608
-1541.5419032437246 1417.210132811544
-1541.2524505585236 1390.7972115471566
-1545.43331662683 1368.1125187132072
-1560.6482802222488 1355.3102764457064
-1637.4194856212862 1394.8686060370428
-1639.876595068742 1370.245873172311
-1638.1471216343361 1342.534173822454
-1632.1428661028 1311.8481865786673
-1628.0607074870225 1283.2565342661833
-1622.792449856377 1254.2510373482407
-1360.4858562427858 1030.9836249734203
-1335.718986923866 992.3461029152485
-1302.259513741444 948.3887171776653
-1312.8538717051401 937.1145669280908
-1284.8390469851768 898.7839692285474
-1258.6913988505787 862.7699359965975
-1265.1847367563255 849.637323732207
-1261.5169657018112 829.8644137728135
-1279.4449808110191 824.3206542829621
-1283.0030667081953 809.4393929241188
-1294.0512818728268 799.2948641667192
-1299.032038555736 785.3914710548675
-1305.5868755161139 772.4842461047808
-1312.0137749468297 759.5234389732615
-1329.6245619548663 752.9160140721738
-1329.7310089123207 736.3527985531266
-1341.9547710282502 726.5214329354064
-1337.3175546066852 707.6374482323529
-2178.989259409094 1126.5943402040543
-2212.8202760477157 1117.5273714375458
-2257.4364747233 1113.2248481725694
-2207.5584596104195 1062.6314729963879
-2081.801524837349 977.8048942324275
-2084.6487325644835 955.0333302127699
-2071.729650777965 925.3633092398956
-872.8871627379499 379.9631575920116
-863.5744423305559 366.17370543700883
-860.5497858155676 355.2675979213144
-869.4592845006421 349.29865816465934
-900.6867795333769 351.92659060348683
-2056.6590947888444 781.1231451073076
-2066.627497691593 763.0594903315115
-2121.7354278148036 760.7593406298281
-2151.4789359108045 748.6136442332003
-2148.9644583267586 725.1039627862896
-2128.1395359292674 695.8039347508485
-2124.1163660684 672.3939793011044
-1297.5306492204236 397.3200401862786
-1295.464691570005 383.3695774255328
-1295.1745898938182 370.0429457419501
-1314.0301407989987 362.0687629052851
-2337.0769009886503 620.3189170622541
-2229.4577947420166 569.3144486696816
-2176.453136659506 533.9782242048805
-2162.894998518481 509.0866580295948
-2159.793311309159 486.91770600812885
-2152.556381447381 464.0097247797241
-2155.8549116651434 443.4981396232423
-2182.51037257392 427.5797862472564
-2247.396697498811 418.33489463758156
-2260.103133095628 398.6964105322823
-1364.1747770134332 227.41191208982346
-1354.4029745164005 212.68188127136378
-1343.486432007215 198.01062348400097
-1323.4990044969572 182.3359127971308
-1290.44287595579 165.40309517947202
-1276.0559648798421 151.34785923353868
-1273.4494233931466 138.87968195406432
-1273.7068151048513 126.77124735308166
-1274.845147667202 114.75996457558813
-1274.8734406211129 102.65822129223733
-1275.7844378293225 90.63701336937123
-1275.5839760535353 78.54629230876512
-1277.2663130075287 66.57150784046884
-1277.8370593175512 54.529348379318705
-1279.2937220223366 42.51555943694807
-1278.6379158388183 30.431565509565747
-1278.8679548964662 18.378083113589845
-1279.9843583166346 6.3279115633259275
-1281.987122281286 -5.746155666795958
-1281.876010140388 -17.82959973077831
-1283.655056297684 -29.7606525699496
-1284.3193251089237 -41.81950683304208
-1284.8702266617886 -53.893419246545285
-1284.3088521673446 -65.9300556999418
-1286.6292034459402 -78.14277215498231
-1286.8380885797767 -90.26479812389248
-1289.9232323777176 -102.63554244130383
-1289.9009937092715 -114.80603828995274
-1289.7638462759176 -126.98512054390842
-1289.5116272958323 -139.17170354944525
-1290.1373615887906 -151.48131314691545
-1288.6613749167143 -163.56301781809825
-1287.0722496436883 -175.63036240108102
-1289.328154926745 -188.26021595970727
-1289.4838124943155 -200.64021858821127
-1292.4803756398596 -213.52863645386586
-1293.378080866224 -226.14627994907062
-1295.1359490417528 -238.9809061404653
-1295.7848531156428 -251.67760018736692
-1296.3092742082022 -264.40738567937905
-1296.7086496504003 -277.1690421418589
-1296.982428738078 -289.9613414658521
-1299.0777155775609 -303.23767722660386
-1302.0092990714284 -316.81506455900706
-1301.8918161583267 -329.7373182094709
-1301.6462300374137 -342.68512052522533
-1307.0597707807872 -357.23907345988346
-1312.3140921059135 -371.9243520666969
-1313.569170344127 -385.612544818554
-1315.639359412283 -399.6474395829873
-1320.423550754379 -414.6536465692757
-1317.4315714268623 -427.3161061880865
-1322.8526792519608 -442.81575061859445
-1315.8097085396873 -454.21229718349
-1263.4455579923726 -449.4288842401455
-1143.683859914548 -418.9406026765137
-1103.215135393647 -415.8814314662019
-1076.892975865934 -417.52427298375477
-1058.9993733130973 -422.04303965646375
-1037.4151115254983 -424.7480269271866
-1025.1353259361904 -430.86142031713746
-1010.9864243867718 -436.01313019867905
-996.8311770676082 -440.9394566445679
-984.4939979855042 -446.46676016308106
-972.140883633639 -451.8031677268406
-962.4829898478523 -458.23846876221444
-953.6887710683683 -464.9717496129259
-946.6424110806239 -472.47449195005566
-937.7580819092306 -478.9768050896838
-931.4939174423915 -486.74437004225035
-925.1665243094477 -494.4369548255632
-919.6542870713884 -502.5335732776632
-913.1985020171649 -510.0828324043128
-908.4189186143458 -518.5470743370776
-903.5608841941987 -526.9665345676116
-898.6248182963601 -535.3404859917041
-893.6111471992601 -543.6682054352841
-889.3697496805236 -552.4766495999654
-884.1972334696102 -560.7176226271899
-907.4910936246846 -587.3848099771342
-914.5094937887111 -604.0599190232003
-917.1490202212595 -618.1210841794539
-920.429488596488 -632.8495528338527
-916.9648893933427 -643.0982752424818
-897.1221383063942 -641.7015419652371
-829.7192858948359 -605.2230222109561
-827.2687564428543 -615.2945673524947
-830.2801140026723 -629.6022016255259
-827.558086897477 -639.7371435289559
-825.5045701174702 -650.4945846931939
-831.1188584756992 -667.5308555310763
-835.7129861718561 -684.0934181409139
-837.7664592447903 -698.8764982201412
-850.2832552801846 -722.8238968034556
-897.1948072441984 -777.1811100728361
-902.6792672327045 -796.734673845834
-907.8766893893719 -816.4563165677598
-918.682877988628 -841.7468560621606
-919.5928865949212 -858.4363243269826
-919.5466647072714 -874.5255464683312
-914.9896101898997 -886.4930982498032
-904.3708381750357 -893.0590053622343
-896.5294633618911 -902.3408010968137
-891.3853830494967 -914.4184484609341
-919.268877752819 -961.1684193704415
-946.3394396656859 -1008.5289608797736
-931.2733300242578 -1011.6100952370581
-912.8835979935915 -1010.7856036342598
-892.6053667091836 -1007.4580186399648
-873.7862710076012 -1005.3464838545123
-856.3867440325711 -1004.4907887309329
-836.5174714637621 -1000.3272064359111
-821.2452744163406 -1001.2897678738304
-803.5240393161599 -998.9359930651424
-785.9228648330358 -996.3364143363596
-769.0566358547699 -994.2841097230429
-754.1142229387816 -994.3921453639091
-736.8534306042231 -991.0963736220547
-724.4362977348842 -994.0281940288083
-707.3804281472876 -990.3039583249982
-693.3292549568577 -990.4420953397371
-676.511800925177 -986.2797692384112
-662.6260112280482 -986.0379147091691
-648.8065938520791 -985.6216331706926
-634.513749619113 -984.19169959124
-620.8412594820174 -983.4252033198978
-606.7155579479397 -981.6375256396427
-592.163022496029 -978.8150769110412
-579.2481059433532 -978.3867495837409
-565.8941468017438 -976.9364434882785
-551.6347722922778 -973.581058771198
-540.8837234532108 -976.1663780848993
-528.2283554486061 -975.1183540986505
-513.7706511465029 -970.383284079285
-502.2083773908076 -970.7912987241348
-490.68514042397175 -971.067501756241
-476.1050605799713 -964.9352161104609
-464.2902687169744 -964.019992725628
-453.3869613699352 -964.7778310366263
-441.26145313654723 -962.6885944976302
-429.86711999929355 -961.2612855740696
-418.69531895544145 -960.7279687220525
-408.3543866121449 -961.9104401838141
-396.5010717145847 -959.286662124094
-385.1081805921705 -957.4527086185448
-374.15070203494525 -956.420541480973
-363.95883584510614 -957.1363360620445
-352.74783667220277 -954.9308685570286
-340.9369234126799 -950.7165793515418
-328.90993945541845 -945.4201456111631
-318.2933165115747 -943.771881687552
-308.98019767961745 -945.8098315421893
-298.75276153127174 -944.8956489885214
-287.6937574471733 -941.0038798676268
-277.30266599306833 -938.9058693144573
-267.5259677514199 -938.6191222102105
-258.0448908906309 -939.1958444782655
-248.32140440985538 -938.7105411743905
-238.87715565324743 -939.0946195709004
-228.49904581260574 -935.4983624051561
-218.895278438345 -934.7111088873393
-209.32729346247186 -933.8260460126801
-200.005510136098 -933.82160818606
-190.70283571823123 -933.7244927970056
-181.22942046006852 -932.55342858182
-172.15848065499887 -933.2536940931776
-162.0584376491911 -927.9553129255219
-152.72562721163084 -926.4965638321677
-143.28210237870695 -923.9562972013005
-133.9008708616376 -921.3205505048148
-124.98607221272805 -921.5630644469398
-115.82891102243613 -919.7351050010849
-107.0644248050165 -920.7965078893225
-98.18419718761177 -920.780029878268
-89.21744831838275 -919.6826881678032
-80.19345170082535 -917.5020492098682
-71.45184842279801 -918.2241738034159
-62.56759979833357 -916.8676542748552
-53.7156823730825 -915.4253795188301
-44.89692200958831 -913.8978424277326
-36.38159157653514 -913.2756318846781
-27.620033060857825 -912.5821243996165
-18.833666721535767 -909.8050851681486
-10.114057765869408 -907.9436688669119
-1.4333370665955492 -906.9988674440854
7.228397401663916 -905.971164149833
15.887891112361704 -905.8606818468289
24.54593316091917 -905.6674318784239
33.16508596609216 -904.3921036104095
41.76210413118164 -903.0348424388376
50.33620972380555 -901.5959549546799
58.95191316064057 -901.0736218171634
67.48741046933479 -899.4717613289166
76.08202602550423 -898.7855836159448
84.66969003625394 -898.0172846828532
93.24961785454609 -897.1669347284155
102.0467927808573 -898.2218278816991
110.6278818825437 -897.2053676556901
119.33072016478162 -897.0981993209855
128.04160560778067 -896.9065431991125
136.60893485654736 -895.6416688147998
145.1637822713667 -894.294960466999
153.70536620362176 -892.8665412032252
162.23290621656946 -891.3565415368453
170.74562315664457 -889.7650994351538
179.63841856069155 -890.0528290933149
188.1378786606353 -888.2950740677762
196.8366907880379 -887.4324296303434
205.31031781939694 -885.5104027604069
213.76518583402208 -883.5074676115341
222.44496733737597 -882.3934703443094
230.86925902573864 -880.22689417951
240.06126669601682 -880.8743316911351
249.28667381110958 -881.426204659354
258.2631583670978 -880.9223240616913
267.83372002250564 -882.2409525854634
276.254480288782 -879.6405300578043
285.5761924915498 -879.8131837396103
294.2907446879887 -877.9914336660632
303.32339099295535 -877.0284604712293
312.1133094158481 -876.062373398999
320.811471477308 -873.9799767549395
329.4982973929868 -871.8112593991448
339.2603036906204 -872.3522490025163
349.4339174560122 -873.7144483933781
360.0445316650756 -875.8863711795476
369.9502855285878 -876.0923388760549
379.09709413680196 -874.3537002935556
387.4312919129175 -870.6928241617061
396.1453889555315 -867.8622187935541
404.416804884623 -864.0388000124259
415.24661500393734 -865.5462140912938
425.70074131233173 -866.0276432344012
435.30236340347915 -864.6015570280598
445.373661912703 -863.9596641478521
455.0055736034923 -862.3195045861812
464.6466590837283 -860.5739260530321
474.2957809757426 -858.722604889734
484.4436174992492 -857.6359259407462
495.1139031031004 -857.2993776703759
505.82172984239486 -856.8368442237106
516.5656607385762 -856.2475799356856
526.8195273699246 -854.6795806509766
538.1560332702556 -854.6859562756507
549.5404339112586 -854.5532818359693
560.4222074631614 -853.4447547334961
570.2189827936239 -850.5447146751338
580.0113359462352 -847.5351616150585
592.0885444455746 -847.6952020250679
604.2213621332827 -847.701330388127
615.2315946356181 -845.9350358993972
624.4753231047596 -841.6261467143272
635.5033108104151 -839.6097557490629
647.7716886456482 -839.0422154988183
659.4681767187052 -837.5307301199798
670.5684373116521 -835.0921930430248
681.681995225959 -832.5176619055932
696.0117358101006 -833.6448066260658
707.1836291325153 -830.7661010699492
719.01917649389 -828.5049328966294
731.9694342371395 -827.7957159484229
745.0893178465017 -826.8076610863224
755.5494125644785 -822.6992677603837
769.414559243909 -822.1175317577781
783.3352305122307 -821.3470135322525
796.6121462506252 -819.6694995215893
811.3338047747204 -819.2352880764938
824.6966650022267 -817.1881122080797
838.092434915654 -814.9613920531145
854.4127752156323 -815.3157729053949
867.8936293671005 -812.7002203174316
882.8731767638164 -811.2557881155406
897.1591752147293 -808.9310318735626
913.7259793625823 -808.3964588232002
928.8511805947724 -806.3097942526169
944.0174655694601 -804.0093436644958
961.5242766163684 -803.4177403302527
976.009275133751 -800.0311836752926
995.1910808887255 -800.2022947477283
1011.3209114820721 -797.6051742554525
1029.071310712702 -795.9982647393409
1046.083534417853 -793.5226770671728
1063.139570166636 -790.7965947991307
1083.4680235778521 -790.1759562808164
1100.6240778421106 -786.9152681669124
1120.2706967518536 -785.1226439220287
1139.9800992784221 -783.0289734416975
1158.08919668415 -779.5161400018991
1177.901896406241 -776.8321069848887
1200.2855083012641 -775.4712751365947
1220.211576281087 -772.1526462491889
1241.880530241089 -769.5802418254456
1265.3178847181782 -767.7047939229734
1287.1090582829936 -764.4339553459575
1311.54326479196 -762.3275310382325
1336.9197020672916 -760.32210951958
1361.4992201403675 -757.4192191627906
1385.2626929568626 -753.6420048682936
1411.7229532148865 -750.8923380660101
1437.365324573789 -747.2489034537867
1466.5195082039886 -745.2150911361978
1495.8355242547068 -742.5470250278071
1526.1283212685078 -739.8299446644248
1556.4996296960448 -736.6090569332388
1586.9426556036776 -732.8826698903091
1618.3623338401273 -729.0599127695449
1648.0165618626093 -723.9070463992902
1685.9880996452086 -721.8033858709294
1719.4476144187918 -717.1254431893532
1756.6713482093935 -713.3875345001424
1795.8334829897237 -709.7486184368361
1833.2121560911605 -704.7192283169223
1871.5884339101476 -699.4002674104157
1913.7832380507602 -694.7875342548589
1956.0529583686216 -689.4438512724321
2002.172411369553 -684.6616939413428
2046.472278996883 -678.4447002499937
2096.540906674562 -673.2905959837881
2145.734031704868 -666.9591180751437
2201.6927003075552 -661.7780998283538
2258.698825472512 -655.8838432291907
2317.7093314317144 -649.5170936891162
2376.794380758742 -642.1000479626729
2440.7784270356433 -634.8894944141153
2507.7414651607155 -627.2621014485002
2577.6877336862526 -619.1340304032959
2652.568888828736 -610.8701089576109
2728.492183206391 -601.4702039017571
2812.2944821521583 -592.3476560741362
2898.1195627037073 -582.0987891020494
2991.8504281847636 -571.7928080788065
3083.667188563467 -559.4217283741175
1052.5890437841779 -180.77694793725726
1044.3667387545268 -169.29889244538532
1044.9197376556258 -159.3478643022807
1050.327739784452 -150.10875737039677
1031.8646171929681 -137.6096355100527
1028.1474909196343 -127.31353783341494
1023.3349110440589 -116.98572493448948
1024.38687502632 -107.38496297811234
998.4607016959716 -95.31645801637767
1018.2394562219112 -87.59229299947893
991.0967186132549 -75.91636420455463
987.7730661632626 -66.36542595679545
979.3661275528965 -56.5949485558878
977.8554267380039 -47.326149209885536
966.2647952556339 -37.70073539850164
962.5771834420012 -28.533592778757598
960.8025575533803 -19.47935827698675
960.9428253051439 -10.482675925909271
961.9988513304448 -1.4866199597166943
953.9708482018995 7.457934093874632
970.8566972786938 16.681527181486164
952.664296873003 25.293031915267726
950.3870143196757 34.13975706610431
943.0328834994816 42.71979211856074
956.5706824953738 52.31184751406524
978.9918859034532 62.73665065334584
1091.0576664514754 80.1820957412638
1090.2591118374287 90.39396581332885
1089.3649802487298 100.59791154733126
1087.3804914308516 110.69176507581497
1087.2903080534543 120.9784526807346
1085.117161434029 131.03337727981886
1083.842755432624 141.18739850361092
1083.4637039593924 151.46749553152887
1080.0199907190615 161.30970103251136
1080.4375418877726 171.72861753216173
1080.7544982346865 182.1694665565313
1079.0015050798993 192.2803995089263
1077.1539218424602 202.3744763042192
1076.192943254799 212.64465403243287
1075.133990977494 222.91456086313872
1072.0225237895588 232.75890635562155
1069.7962531827582 242.7858658903608
1067.476199466728 252.79154173363895
1065.0625660277221 262.7750567432994
1062.5555644556082 272.7355357199059
1060.9216455321812 282.92978288135214
1058.2261202433929 292.8506077074385
1057.3878655321507 303.2010913986991
1056.3673231432583 313.8344764284936
1053.3283020650522 323.8880795409956
1045.428657992833 332.397233814158
986.1598186658234 323.93334507115856
1023.7504665733617 347.1253119419905
1050.6016204115008 367.43058553790667
1052.6965414506194 379.4614494489584
1050.9071659134515 390.17320337480555
1049.9431753300676 401.2422317974707
1048.8633996677388 412.3282294937287
1050.4488467975177 424.55414290967093
1048.201917070975 435.3133825748213
1045.8451523779784 446.0682876505378
1041.5463363343874 456.0156020010886
1033.5041763040435 464.28236835152404
1010.8675923015771 465.7421076458649
940.3757189467339 444.17733757522274
917.197701557568 443.9700172956666
885.1517463343939 438.9195666191844
862.2041746838278 437.82754728063816
847.3449720351387 440.49006613857955
840.4598275510232 447.13675567202534
821.2287250632069 446.9993077523274
795.9618793732535 443.1316808631473
763.0238280412119 434.3715435446192
742.4277657735308 432.06713900564483
736.5572500516063 438.10092147405436
728.9302195786586 443.0234022994818
720.4270159494538 447.3129940993951
715.2866225199176 453.62324416199056
710.9308160741222 460.41978102182213
704.0080338874177 465.5198043284223
699.5393578550822 472.20830870676036
694.1836708772827 478.2865575022368
692.047836055293 486.60640420280765
686.5662300187523 492.5970074998809
684.261017806835 500.89006729017325
680.2573828365528 507.9870993404888
677.7715645924048 516.2651510899836
675.3252188586407 524.3670935265952
672.9430454435129 532.2702862167022
670.4732070241367 540.1728229583279
668.6885750807962 548.7081096142232
668.3391250333883 558.5372091003471
666.343639798409 567.107709081977
666.5149456534837 577.6519949074302
667.2999761856407 588.9063947544154
667.9361616744468 600.2210292280729
669.898033978994 612.9442259056516
675.3431034781426 629.1587181184974
680.5501334882872 645.5195704307303
680.481665663364 657.1610934131857
678.119374599281 666.7496635117863
676.3462088188172 677.0559842556692
678.6444320321264 691.6666356502911
689.0611653286711 715.013084101189
725.9216476677213 766.9248734050688
691.0907599984771 743.3831861461001
639.2122292029029 700.0797997638952
633.5685870536273 706.5350985611899
626.5386921989497 711.4444933918808
607.6972248537214 702.6699672713255
589.0648249975527 693.615622625819
570.644987929777 684.2845152059373
555.6088381163252 678.5483173710087
548.2411411228253 681.9506222449997
540.8572396358575 685.2754528899169
518.1462785184328 668.7603711775232
517.5691894911388 680.5491415683997
516.2235709164876 691.579514466869
512.9483581957819 700.2199524608334
506.0572420653098 703.9851331905046
503.1745308331899 713.4033862554895
501.87025717950695 725.2932130928673
503.2006716087192 741.3535486476975
510.9324001414872 767.4842555294924
520.4209569229785 797.1612306148434
1223.2647665754707 1911.0165647777778
1191.7063629501017 1899.0523806636404
1138.9619927100518 1852.9410619774037
1009.1374165796358 1676.75003338571
981.7073657682307 1666.3152906927312
934.5821045769426 1620.8631311139545
811.7437815946912 1438.8106314044078
785.6638610480856 1423.5899330365519
765.1661393663873 1417.6888865922376
746.2486957317396 1414.1831154835209
730.2149575957521 1415.7807442197516
714.6670814210896 1418.0955407634076
700.9067545804095 1423.8324063539071
687.1017042391679 1429.4359894838353
672.8284537908003 1434.0006526391405
661.4439120203274 1444.7882029042337
649.9161039937869 1455.4879105542364
640.2414451904923 1470.682457861108
632.2914775790949 1490.4256061208976
624.409128062691 1511.0718847202438
621.7932289913147 1545.6161167575067
721.3773225539913 1842.8390484534548
707.9921104982894 1859.7976157292433
683.942014736801 1848.530313648593
645.2850149659064 1795.5698954539337
587.9203629345974 1685.4004410960772
563.7695085207837 1666.206752255624
505.1296830915757 1540.2873119193719
475.54033812558544 1497.2983626570235
457.9649802216603 1490.2177951194162
448.5383850951701 1509.7808838027513
441.26711948461354 1537.9477654529596
608.5101478164576 2198.3349153403337
582.9885364762226 2185.5819285346665
545.0777560189384 2123.147248754395
539.5351479321308 2186.413918759633
513.4938079346796 2168.0193977943886
452.42978186773405 1993.2995992773174
416.7572097883618 1919.2731509843563
393.6798613928206 1898.6145387449578
374.515962106085 1895.3526833092972
356.7404089596275 1898.7786286493003
339.82184538690507 1905.9425787252453
321.6826741201195 1907.0595840641502
305.28059003707506 1918.8675726445051
288.09439323209796 1926.5787345935876
270.5134618842262 1932.1551353189554
253.1122954651269 1939.554115224521
235.23608573411093 1943.8178885812565
217.96751935019577 1953.8797712521418
200.12517645757052 1959.8086421249975
183.1140557356853 1975.5316354318472
168.3996047934867 2021.9996471575848
158.72844754878722 2148.143682331038
138.41140447621004 2145.5400912383166
118.32200127889591 2145.740176259315
98.1951927235772 2144.753296798021
78.02430981987251 2141.5791386444566
57.89417845548844 2137.216007824423
37.92330064693464 2136.663479181512
17.959373038614896 2134.924462579428
-1.9733965153910107 2137.9990892669234
-10.155246707250129 989.9479132582254
-19.21950233598668 980.8117101309288
-27.969468150316636 966.5954214930817
-36.60874458466131 956.2995345705941
-46.43809067438562 974.8946116040017
-55.93488626805473 981.4073000024912
-66.15325919495648 996.8072764069717
-160.27670307488364 2115.938415562099
-180.021705654594 2114.3500621924486
-199.75102087575004 2112.5774612210307
-219.35950681535488 2109.6261296186403
-239.26841676742353 2109.4737791064413
-258.94963115222936 2107.14833092645
-278.60828028193833 2104.63926271424
-298.52361447455263 2103.926959664011
-318.3001861585855 2102.037343029712
-337.9085389911631 2098.974468467127
-357.82374648586676 2097.7002089075595
-377.567235587213 2095.2527252365117
-397.2961966986043 2092.619347155336
-416.8773616341245 2089.826372059883
-436.7254189600234 2086.7905760842873
-456.76727870589724 2084.543032202408
-477.0286909613533 2083.0776817007322
-497.07051851569435 2080.4427172173087
-518.0710492875035 2081.496429948931
-538.6339904976479 2080.402466899273
-558.9623758880766 2078.1398081797956
-579.0269807145501 2074.715343271118
-599.3544441816099 2072.057733326886
-619.683080897048 2069.2010243690543
-640.3068318486651 2067.1001816767193
-661.2506645917554 2065.7464894262707
-682.5393802350605 2065.1307451172042
-703.2294146834109 2062.403789349706
-723.5968188145858 2058.5265710700487
-745.3153556695418 2058.2094209781435
-767.0917649571028 2057.6652361681668
-787.4912383012046 2053.158189131767
-808.2405923946122 2049.379453592137
-830.8665095195711 2050.0255713914316
-852.0385466598676 2046.7338163536901
-874.4009881781936 2045.9833606051145
-895.6195814541592 2042.2452265376646
-918.4859440896867 2041.9364756303457
-942.6817991002082 2044.1017649924368
-965.7173290970608 2043.2792369819742
