-52.57512269258276 107.8696272073834
-51.78725483229231 103.79826702279387
-50.493197317787796 98.85057928321385
-854.3338863350115 1634.1510366730843
-840.995136458819 1572.2010623494095
-58.08017559624518 106.14939096720869
-51.269993677451495 91.63180533152277
-58.093552205676104 101.55855056137018
-62.08080747735752 106.18367738479994
-61.03185055518881 102.1572964491969
-61.99631081357069 101.57488589955264
-880.8439570998152 1412.9185833729907
-907.6077316335538 1425.6045052815296
-927.6043646572159 1427.0088095975032
-942.1791397651289 1419.829027943661
-955.5794414811403 1410.8451123417453
-952.9732906560363 1378.7015294458065
-953.3037480361957 1351.6389917356416
-973.6509061147326 1353.1049157482062
-991.1519326831734 1350.2751002438022
-1181.2956369258693 1577.7774298613556
-1203.463313899132 1576.0599773165104
-1226.318096000089 1574.8523509912654
-1251.1226641911435 1575.701773543222
-1269.1309628125714 1567.6720317816594
-1290.2818205459369 1563.2983795707917
-1267.0394169673327 1505.866898451215
-1155.589704662678 1347.3074758486368
-1155.7881479008186 1322.0021774460115
-1198.1908175653266 1344.5965062806515
-1412.5665376053166 1555.267429363107
-1427.90735714181 1542.5578042395337
-1422.5472841359763 1507.875400819762
-1424.284171620198 1481.3641005749282
-1425.6476912734088 1454.9562400178224
-1430.8796117193028 1432.9021378887037
-1439.388857728923 1414.3845715525272
-1490.8689021095906 1437.4807535137797
-1529.8363640303924 1447.3550702195603
-1523.682846758634 1414.436842878997
-1523.6986224141635 1387.826901329262
-1523.0817357097455 1361.6427675228879
-1520.061599379611 1333.3779412047804
-1512.0976897178957 1301.3783372831294
-1279.034168860347 1079.9757381014267
-1265.2836621948843 1048.0964908741475
-1258.0327016784784 1022.2498332147328
-1251.1904199904568 997.2575058249021
-1236.899718445908 966.9431661211705
-1220.5636010999642 935.7716044366208
-1181.3714882397965 888.1696948072976
-1199.3498731500597 884.1153102253891
-1206.8195601782893 872.1855015827085
-1209.2751320047028 856.7249588491096
-1211.5469788084058 841.2959753500692
-1228.5170114158543 836.027483197686
-1245.4945591534254 830.5132769072476
-1234.0121684230353 806.1575331062028
-1254.190553489119 802.5752647189279
-1265.0891056956552 792.842074217916
-1271.653728136619 780.3594016325027
-2034.1520060581895 1222.0288933775025
-2075.750988915405 1220.5416142093309
-2120.1002682802223 1219.8732935998432
-2161.132748444307 1216.5135607964085
-2120.8187505054716 1167.6338584952096
-1997.011350034602 1075.0672852584514
-2022.1000293566328 1064.1129974189325
-2006.250701270955 1031.7432450226174
-1986.3988360064745 997.972276324409
-1984.9441352005272 973.9187749155634
-825.2115917376777 395.2857559560783
-824.3712879860548 385.37252048402877
-819.7784088356358 373.8507194147327
-819.6109193751495 364.4817428089123
-845.0303609875023 366.28498332491296
-2029.4517625754456 857.0499071695983
-2067.959932793835 850.4338400835884
-2076.8124415793577 831.2755755471153
-2065.918520379836 804.4064067071992
-2056.574712377324 778.5251777624968
-2063.7047400022775 759.4232983600997
-2122.569328392795 758.4295920955092
-1252.8340807648547 434.37629547902554
-1251.1884853092045 420.6273579186916
-1269.3629987748136 413.45202544117774
-2219.2895582696783 699.77343230161
-2126.3148908442968 648.4704966101435
-2110.275184272471 621.8831454893993
-2100.6579319142656 597.5719647755251
-2095.593065209808 574.8205850911743
-2098.0214815835934 554.2615472985507
-2112.8483169518995 536.9096661017816
-2168.3356319359023 529.2868667151406
-2202.441899176152 515.6487959390025
-2204.280568350739 494.19447183405754
-1327.8487413314656 284.5728731703757
-1320.67666612508 270.0317454536491
-1314.3308637997015 255.8424915129045
-1305.8690021386055 241.4335296795422
-1282.4781245842362 224.61936684734133
-1258.8885128004279 208.26836615080825
-1246.9638524830784 194.2296336828123
-1246.7615087812958 182.16953702907236
-1246.4427747014065 170.1305657272045
-1247.9921202356431 158.36561441722148
-1249.4304210033165 146.58657193438725
-1250.7575490262366 134.7944863630609
-1250.978176849211 122.89264032896448
-1254.0739116964082 111.2637587108633
-1255.067641888875 99.42944374529635
-1256.9472749461138 87.6558498078614
-1255.7218117373554 75.67517113990351
-1259.375906565896 63.979105662144
-1259.923376594297 52.09688197219624
-1262.357723162517 40.27379758535501
-1263.681202088212 28.38695983883034
-1265.8925790840474 16.491762184152087
-1271.9917842264706 4.57174587659821
-1272.978301200928 -7.432675938009194
-1275.8512068015916 -19.485843654356447
-1275.6156926563567 -31.314607595235813
-1277.268160744889 -43.24402325603591
-1275.811690864095 -55.07748591302136
-1275.2443034297394 -66.94002218403222
-1274.5666201593167 -78.79676881482074
-1274.7761771125092 -90.71768441939147
-1275.8709325941618 -102.72956420283205
-1277.8483371718576 -114.8591623995186
-1279.710225312131 -127.0344017641485
-1281.4559193514597 -139.25418040082374
-1285.0709514594164 -151.75193479883745
-1286.5799993574483 -164.07591308107388
-1285.9892187370008 -176.16960376920397
-1285.2846885166468 -188.26648524011406
-1288.418502359728 -200.98199615168315
-1291.4265472498555 -213.77201186852486
-1293.322695617456 -226.4628115183536
-1297.0608860896068 -239.57056951229194
-1298.7033536986817 -252.38581396702253
-1300.2193035303574 -265.2522624352756
-1303.5637604852734 -278.5866514201505
-1308.7240117849674 -292.44223528324414
-1309.8431775865652 -305.5091653779469
-1311.8038623069358 -318.85831780997336
-1319.4459315302454 -333.74156733658856
-1322.0879830800363 -347.52318627015615
-1322.6578373079617 -360.85626696487617
-1329.8294623577972 -376.13508350747077
-1329.1529678402726 -389.32940818976823
-1331.2168939557484 -403.4136602134463
-1335.0418835780165 -418.1676327652125
-1228.337345609369 -397.3265223733863
-1143.9616506801667 -381.8216098822962
-1112.9396554246607 -383.00694952342224
-1090.4794802915685 -386.65682854830123
-1073.685450713178 -391.9802966053779
-1054.0794764177047 -395.97027337286016
-1041.0232444961944 -402.15246414589643
-1025.1557243205816 -407.0193372467007
-1012.9925763631468 -413.1368299161359
-1001.7391633270888 -419.42180279134783
-985.8659302121947 -423.55326423821117
-978.2390329978726 -431.0561382458056
-970.5580503018136 -438.4541834608745
-962.8242685923185 -445.74704464490486
-953.2319015557155 -452.0773626897003
-945.4044064960607 -459.1421437614187
-940.2144641216439 -467.436371559221
-934.9520619813059 -475.6738817687014
-929.6178051781277 -483.85404441401613
-924.2123042619851 -491.9762358597739
-921.3711737543701 -501.4739875352402
-915.8116373292577 -509.5027428113651
-911.9211439349549 -518.4600536631182
-907.0785043498664 -526.8866927019598
-905.59806897473 -537.3091637681608
-918.541371107878 -556.5588464513519
-932.9050042223927 -577.1457814944309
-941.8913102289221 -594.8417938538317
-937.1802327193471 -604.0846061605198
-949.9234275855385 -624.8315626824098
-954.8880179288334 -640.8501175906453
-874.6471077259263 -598.8258819946511
-851.0243585229586 -594.3076149609619
-852.8123752119375 -607.3878931007545
-852.0030802136774 -618.7889392243579
-851.0553147184044 -630.2268252697261
-855.554975735256 -645.9177064414981
-861.4210026918445 -662.9651997815399
-860.7492358231555 -675.2382935155958
-869.2959859196695 -695.049270817508
-915.5340007548143 -746.0284803289239
-930.8934689785235 -773.0054006364578
-942.7762072005333 -797.7455879768793
-957.3082398358632 -825.3829014114367
-955.6302848571697 -839.4967293943465
-954.5175974402222 -854.3167774174553
-946.5614383467015 -863.1236547766626
-938.5240255747698 -871.8564408312463
-932.5849859461632 -882.5764805317409
-933.7205146394955 -900.2083095269427
-982.1593660504623 -965.1383215266887
-986.3407817290582 -987.9007350428029
-970.5827170014308 -990.8270229753126
-947.9297290943714 -986.3332239659534
-928.8818976423564 -985.136752046301
-912.660100543422 -986.6040446278694
-893.8071850254491 -984.8902050466756
-876.4005884059488 -984.4013453067334
-859.0852240069491 -983.6709703416736
-840.5629254954844 -981.1819241519244
-823.4535801063499 -979.9613264869361
-810.260538475101 -983.1347109069231
-793.3104711266913 -981.4797483395911
-778.9509267851731 -982.7265406309733
-762.7991012693112 -981.42066979595
-746.7435366340219 -979.8969795316817
-733.7794854854538 -982.1627495892433
-718.4769914708013 -981.0437363986715
-705.5955642808211 -982.9724816429143
-691.0168498229356 -982.2915622465596
-675.380584401682 -979.776028596966
-662.6539738067372 -981.1960614465083
-647.754947377192 -979.1269213684052
-634.0436082298535 -978.542131368327
-622.0099107580528 -980.3186578448659
-607.889459906635 -978.5573077415647
-593.8595144027689 -976.6165456069784
-582.4791810096376 -978.7946688097263
-568.0923675233369 -975.659808520229
-554.8085208549367 -974.0782849374876
-543.0666390207257 -974.953653043432
-531.8369593293876 -976.5722956808017
-519.2162925655357 -975.4175729063426
-505.74335522892045 -972.3372144692365
-494.6415159079865 -973.547004895115
-484.00717132425723 -975.5296295380736
-472.0724075354272 -974.6982312714564
-459.3431018810386 -971.9202203649771
-447.965919165048 -971.7131959928371
-437.29612166128044 -972.1769910772434
-426.41834981584356 -972.6311690154356
-414.3933146860007 -970.2078028667617
-403.98935464867225 -971.3375321331661
-393.2263116164194 -971.4304235778013
-382.4982253091401 -971.4067673407254
-371.4488299251741 -970.3333276494316
-359.75746555677205 -967.2634418689502
-348.8377274087233 -965.9405985547544
-337.97590396220664 -964.4979462606073
-328.1383954589306 -965.7769894885871
-316.7438159223606 -962.2070229815108
-306.35797804827166 -961.3666258437386
-296.01693281331166 -960.4160429146315
-285.43639709825845 -958.3976540098402
-275.4738226216114 -958.1874415010025
-266.07546396648047 -959.8019834710815
-256.413387601389 -960.3583574160116
-246.76486645595432 -960.8179331605832
-237.13086617034043 -961.1810195323793
-227.05179641910024 -959.5016840750512
-216.80524573229314 -956.7426432552069
-207.47872455136263 -957.7852467325542
-197.94961167038016 -957.7577727377344
-188.6329230856217 -958.6170352795604
-179.13409815165332 -958.4028249537843
-169.83083218833545 -959.0795005828336
-160.69591213290033 -960.6522908023356
-151.23525439279683 -960.1624330438815
-141.79850248510346 -959.5796916843238
-132.11303978563828 -956.923270026703
-122.61835920333303 -955.1616292472612
-113.28709298439367 -954.2992374319207
-103.98336768662234 -953.3459284250123
-94.90599392563995 -954.2923306392997
-85.6410464904319 -953.1603281484305
-76.4862630929031 -952.9353868747257
-67.34352472436665 -952.622616610428
-58.15265244259239 -951.2240897989764
-49.14906584226484 -952.7331049810501
-40.2710225387629 -952.1487513743231
-31.19460650483838 -952.4893157012357
-22.092150862941036 -951.7436298028209
-12.99306771051324 -949.9111433136628
-3.9392164123128226 -949.9918328986081
5.1149927052504545 -949.9862298210566
14.168737201620262 -949.8943345899645
23.196751315624795 -948.7164543362791
32.23757280916593 -948.4522860425683
41.275465997543805 -948.1019649313494
50.25659663467199 -946.6669290171174
59.33918396538717 -947.1429993651021
68.2913306554713 -945.5370400768577
77.2998022094218 -944.843235980649
86.48332237565032 -946.0553022687782
95.59642907117612 -946.183028144576
104.60981717335143 -945.2289596446767
113.7331706420048 -945.1818692165633
122.73619333187182 -944.0549914313261
132.1431767153255 -945.8135021491195
141.15138313336954 -944.511136535476
150.30398978923205 -944.1105394250392
159.46176777892697 -943.6211870326035
168.97588893932846 -945.011718952291
178.1601713944981 -944.3410153798695
187.34700149337363 -943.5809986595967
196.73959693768575 -943.7105122847775
206.3650491928833 -944.7234867788663
215.58220497830317 -943.6886737143203
225.03035092753103 -943.5366135775719
234.49513871480988 -943.290003084482
243.72513431198027 -941.9803919958244
253.21114843823906 -941.5461296753272
262.97987217530664 -941.9796106236373
271.9455968669922 -939.4304616865771
281.17382446844596 -937.7538485305126
290.9874121984406 -937.8967565473583
301.44000433653224 -939.8419674528221
311.32702437982294 -939.7741664308534
321.5635522851021 -940.5492447723226
331.2672274796756 -940.3568599196419
340.923125818385 -939.027381007722
350.58381344226507 -937.5990559681036
360.2482813000084 -936.0716723736435
371.38781728680027 -938.1642122629419
383.3539623518605 -941.9812840758186
393.88360831635276 -941.9642790996322
403.65864843301256 -939.9939869729133
413.0285904945733 -937.0076752268714
422.3782876541743 -933.9280390470818
432.54834487879975 -932.5695305673518
444.44858387184803 -934.7141040416096
455.55300457128425 -934.9178894566493
466.2551253041693 -934.0996510691957
476.5279273241625 -932.2714918306457
486.8082565760938 -930.3320489638869
497.5669968655 -929.1625711522432
510.2696061082511 -931.3801206178551
521.5931971831187 -930.8219682905492
531.9582030846218 -928.3967202500127
542.3243662125634 -925.8581326597186
556.2860345411557 -929.211949866378
569.3172395856775 -930.6765714847153
580.3070469412678 -928.5842618041214
591.8467219414123 -927.2095004513297
603.9589666687697 -926.5363277175871
616.6661769974176 -926.5483398870183
627.1804870448593 -923.0929729286065
641.1041524179869 -924.4514404512628
655.1106242033491 -925.6273926672105
666.8557798320951 -923.3766127125639
679.2106933123091 -921.790558690103
693.3984863770772 -922.4502908503949
707.6604564429059 -922.9223577241034
719.5301615480248 -920.0545345916585
733.9035684777972 -920.1709363892968
745.8205034993049 -916.9927898081006
759.6585546404389 -915.9797379645465
774.8363112239565 -916.3125508301476
788.1303506402825 -914.1660409354666
802.5122013226105 -913.5809579497254
817.0844778218157 -912.6872170150357
830.3625896209335 -910.1219532337507
846.3881421092711 -910.3164905113035
861.8025690545035 -909.5632644137833
878.6664803320317 -910.0385795893047
894.9137177808274 -909.5633225497265
912.64532083027 -910.2744192641105
929.0396032857452 -909.3324010100295
945.4964084677406 -908.1616274510851
963.468265342329 -908.1326454203942
981.5226168288704 -907.8448946011684
998.1752032126134 -905.9526829208345
1017.8656314465087 -906.4869311357998
1035.3946401959845 -904.7557344683856
1055.2580712899673 -904.7267007098764
1073.6812497358812 -903.1154820761276
1092.166811540217 -901.2367368067486
1115.3749331937856 -902.8641970988539
1134.7935121063672 -901.0242421163241
1155.8533655361575 -900.1266562982886
1178.585325070364 -900.1253421211871
1201.4185324146495 -899.7746995613012
1221.1243240558967 -896.7052945081953
1244.9356871935668 -896.2651029421381
1268.0286936225214 -894.8783337135621
1292.027140036569 -893.7040166682277
1315.2868272322564 -891.5949540622718
1338.6200854140807 -889.1261254321566
1365.3748625961068 -888.4776218851338
1393.9210783914564 -888.4779272531196
1418.3451710233699 -885.3705302497297
1447.952414568588 -885.0100593467828
1477.6768039809726 -884.1692501871903
1508.374821331021 -883.3512316030417
1539.1865310865498 -882.032211725713
1570.1052081078474 -880.209995099245
1602.8777917766402 -878.8440047182671
1634.8804203398138 -876.4650655841987
1672.2928138325155 -876.3451059965629
1707.9367718009137 -874.9359882472967
1742.929892381321 -872.2364302433356
1780.7166326320373 -870.2713796670655
1822.228510598346 -869.3930383678797
1862.0657449619152 -866.9643368901792
1906.5685287889685 -865.9286604746765
1949.385073970411 -863.320238023745
1994.1547802054204 -860.7733224164605
2044.5770573964496 -859.78407543294
2097.004692070658 -858.6776586319476
2148.6599792944476 -856.2880901766554
2202.317205761139 -853.7229791966762
2259.8557095334213 -851.6320637982087
2317.545804577527 -848.5313451400027
2374.4313231544347 -844.0828701158905
2438.0517319951937 -840.9189925999027
2510.3536330114625 -839.4841494788035
2578.0824662141276 -835.2190116366376
2652.627622230472 -831.8453568902771
2731.159850652454 -828.3005916839995
2810.813999937893 -823.6295634283298
2889.653812873406 -817.2575125051999
1040.993614209453 -283.85435556838047
1045.5554183544032 -274.5448363195872
1047.1253528573673 -264.43996559395856
1034.0204235299689 -250.79426572970877
1053.8687415017191 -245.12175685887706
1016.1109972027717 -226.2729355525953
1027.9780889320714 -218.77396708833118
1035.8731455435914 -210.27559616281135
1005.4069240940204 -194.2496254405674
989.4873728382413 -181.52338415112075
987.2122406686985 -171.51090890636567
984.8366302925922 -161.55745613846548
980.3848698666898 -151.3588680470157
975.8288891716322 -141.2585539288087
982.0710346350393 -132.73086653398877
978.3165957044514 -122.8521003860047
974.4636298708784 -113.05588909416272
977.4740087856335 -104.08439916021673
976.4064200500673 -94.82353550153935
970.2752118054987 -85.10001971676972
968.0359588175526 -75.81149277109525
966.7057387314646 -66.64093864625079
968.2835299392627 -57.680201528434274
972.7744042549881 -48.846273413157114
1085.094310273696 -44.34340775866981
1110.448318009404 -35.00761388735181
1114.7255692496494 -24.736718881953905
1114.907813374306 -14.337631496295506
1114.9930482723412 -3.9372965792012695
1114.9812665273826 6.463380925945112
1114.8724691645714 16.863496045952704
1114.6666656504733 27.262143856564908
1113.3644444089432 37.624645193876276
1113.9641202361247 48.05141856966176
1112.4688139587956 58.38782380865444
1111.875781634439 68.76224410827008
1111.186003903528 79.13068133732
1109.4027727943703 89.41189918664385
1109.5164607076927 99.84599851108315
1107.5417446042636 110.0921612057109
1106.4666354820215 120.41837303790247
1107.281406597771 130.96902917431242
1105.0196335362823 141.16518515321053
1102.6640756679158 151.3305528682849
1101.2045125423465 161.60947235967603
1099.6491325278541 171.8743300517504
1098.984592137446 182.28786642146844
1097.2364234041397 192.53111736883363
1094.4094861165336 202.57560736215171
1093.4538314897488 212.96647247956156
1017.9399525993754 208.13277709669245
1061.9117380367813 227.46309727008918
1089.0184840900201 243.91543885181767
1095.4595717478464 256.11194167009234
1100.795542799573 268.2129246561274
1103.0924253426751 279.6982322997677
1101.4024377421626 290.23037424711686
1099.6118623345524 300.7553028844835
1097.7380977062403 311.2106502745122
1094.715456569839 321.68162699645865
1092.54963702054 332.41433580139983
1085.5092050107103 341.63396470054903
1063.1772587176622 345.8006890473139
992.5202291040357 333.335558888146
963.7792553064928 333.9603974139183
925.7021136532757 330.70318531556046
906.5474024315739 333.65821905741495
893.9679432959905 338.75849267455544
879.5112435898175 342.92269157798904
848.3504552680444 340.14335955079576
810.8535094047874 334.1340842924294
787.3653073209111 333.28797282147326
779.5603017323627 338.800436780928
770.808963507172 343.78705876894065
763.852685033212 349.4697062229467
759.5745060154873 356.3250900671024
755.2351400515938 363.13066963732143
749.9380927338359 369.4439836656383
745.4823017941259 376.1397848031126
742.7440013302939 383.7021611717405
739.0451430994375 390.7790634887338
735.2788577443932 397.820312897796
733.1953584745723 405.7937484872621
731.0264646603998 413.7635894639804
727.9065307260389 421.22806474210887
728.1534235344275 430.7070835209154
727.4294553324974 439.71170954918443
728.3012291415065 449.7925295410884
725.6632827004778 457.79558772487786
725.4606238853371 467.41403829142473
726.8108739103212 478.16937748638315
727.191189451884 488.43523008025744
727.4412505201051 498.751668710738
727.5601283924993 509.11713737949333
729.9883448199168 521.2734564766158
730.6336012759435 532.3443816614819
735.9488204278722 547.054232878993
739.4550884600297 560.7050669920592
736.598055871299 569.3718504515502
733.7770382430414 577.8643942546297
732.4224808984482 587.603871221559
734.8230393109274 600.5298501305755
749.346065142682 623.7831952330708
802.4070093545487 680.3285907109073
768.9760529151649 664.0269799059474
697.6104512728282 613.4987027491753
692.780107374008 620.448001710746
690.0976565019984 629.3816207123067
665.3278562355749 617.9019693422042
645.182948710914 610.1499509896645
623.7931600861342 600.6980051821002
612.6245251279882 600.7122366089332
607.1683347736982 606.2265362454323
593.2476513167944 603.1361572705678
580.8226978969063 601.2827900478768
576.050881712143 607.2350300161073
576.6720211573661 619.0035379658814
573.0769320394072 626.4054836639768
566.7217567094526 630.8172877086931
565.626114224283 641.1646425899812
565.698802951079 653.0550239755578
568.1937743783537 668.0455334463965
578.7958453030947 693.1120901123253
586.4537218831784 715.3300162088598
1446.4573767645559 1797.2228735477968
1423.3301403170778 1801.595768108087
1391.0506644871127 1793.8444884743944
1356.0008628163162 1781.6797299294299
1321.8846832171423 1769.8310326909502
1205.335404701604 1644.5934337011142
1120.3581891744457 1557.998243885325
1095.8499705231861 1553.3556714752524
932.6703232077393 1347.7563089103205
900.2296282898163 1326.3467179999275
880.4438719336408 1322.7772255276013
863.5295721085073 1323.1465066628482
846.6809685239025 1323.3186832881286
831.4941555646024 1325.8365167930428
815.5013534171151 1327.5245920791274
803.5983601433792 1335.9306402560246
791.1020166452693 1343.3683780928402
777.0386920033295 1348.0900827206447
769.3428720739049 1363.9895693109515
757.5525549495812 1372.8576497544682
751.3629945251286 1392.1844886573876
746.7450772884326 1415.0518681467097
741.3067524599202 1437.0641247896097
735.9722056555634 1459.9896960261349
871.6455735705218 1770.017794846966
850.3297684366449 1768.1581617351096
815.9507095125464 1737.9943727313885
778.0447972193011 1698.2550731618546
711.1681216377563 1591.3167198160854
680.3143932261833 1561.2114931582107
610.9944350070786 1438.6294868347377
587.22617461475 1419.3172372120785
571.3457158364234 1418.2401323454942
568.3118274366644 1449.576030015535
585.0515088234264 1534.2355529785616
781.3441663988359 2107.8437545592674
758.9379958217504 2107.513491889925
714.8248415419256 2044.647022327952
706.6423853031113 2083.4242341139093
690.3012747103968 2099.4247188535246
642.1610847707973 2016.2056296930612
567.6510796885244 1841.4942985870068
545.8787574637602 1831.3758167426536
525.4517893064544 1824.8565469961318
508.6746346574704 1830.641995600475
491.83524500767135 1836.2731528202016
475.18474272734915 1842.7176832817183
458.69742434259393 1849.981803397393
442.579063011328 1859.0440481559372
426.33144982072156 1867.9661385832885
409.7423934336475 1875.7694877098481
392.84049586483087 1882.4466379710937
376.2399203023175 1890.932976699837
359.1431460817564 1897.3078824014035
342.9509647739255 1908.43014956289
329.8615621566276 1940.158588830199
330.4562963688164 2060.671646864246
314.05702963973584 2083.462786356854
294.60297314143423 2087.312407910284
274.9738430780524 2089.9888482053884
255.1993074739288 2091.488061994337
234.97374658225925 2088.8253489502413
214.92326355698899 2086.9623836528567
195.3009416185093 2088.890026354409
80.3788921840555 956.6290993333122
70.04667331666207 939.3920712659165
60.565527414378266 930.0300085959691
50.98857243478352 915.5813265248821
42.28944525146391 914.0222113386104
34.39752594220039 933.3663858362672
25.898778612737626 943.6446647262774
37.54058314259537 2080.6613623118287
17.97666749340194 2079.9223157189863
-1.5700409870171292 2078.99940715992
-21.1079681722222 2078.8928432412386
-40.644031093720336 2078.6026707229194
-60.205449246592266 2079.128496240917
-79.74200023298445 2078.470883461888
-99.27150837585364 2077.629699350869
-118.79224882167912 2076.605018201557
-138.30249749130468 2075.396930514177
-157.80053123221265 2074.0055429874897
-177.2846279707143 2072.430978509365
-196.8476596846453 2071.668892192157
-216.41201703737315 2070.7220573707655
-235.97595456260586 2069.590381903691
-255.78296292018942 2070.258697815268
-275.35946100423877 2068.7547382992157
-294.93027049638306 2067.065585690239
-314.6441862245914 2066.179816975053
-334.5273066678324 2066.093047540107
-354.9438475863509 2068.771583587854
-374.9051199490077 2068.2964369345173
-394.70116756120916 2066.646314279688
-414.4360833038131 2065.8392320932903
-434.2006087585514 2063.8194764449977
-454.1787069354453 2062.5871380784006
-474.3960100431834 2062.135889231141
-495.11135205723497 2063.4313046631955
-515.650145987127 2063.5488671081803
-535.9830543292011 2062.4944037431815
-556.3414385314132 2061.2397249647597
-576.7233284434084 2059.7842611373544
-597.4053860520131 2059.087857454374
-617.8373365817021 2057.226537240279
-638.8800105866512 2057.072758089222
-659.9739684950121 2056.7047335261677
-681.1170379209833 2056.1214897602104
-703.2770700780799 2058.1609175918175
-724.2061626334407 2056.1919740150106
-745.5010553627511 2054.9511372422035
-767.1860089485741 2054.4280536620304
-788.9264868267586 2053.6784067577837
-810.7201413996273 2052.7011112991995
-831.0604278491019 2047.788701322299
-855.9963831353494 2053.751492284108
-878.3632374451325 2052.9897766683853
-44.617482479777806 101.63798629039597
-55.010695526774576 122.18765640464876
-54.89682845912042 118.94258373320257
-56.43727233279726 119.32658669229451
