-52.775826596259265 108.88393879301746
-57.33903104338544 115.55620069475147
-808.9459300441033 1592.2947221745983
-806.4317727538946 1550.8616301569302
-713.962744532281 1341.8856879108343
-699.3685341981874 1285.0107600224517
-60.789936839477555 109.22263308972336
-61.32522288384741 107.77391631673424
-61.83859468303995 106.32491809367502
-63.35190033317603 106.59520028676398
-65.39480386908768 107.70106604357987
-893.9004619567012 1441.3042579946805
-905.3459136196348 1429.4099400424739
-920.4478170406951 1423.3062973601357
-923.3941600301836 1398.6848198297398
-929.3110703860431 1379.1120093951567
-935.5077172948096 1360.377267849568
-954.0704981427409 1359.658223442076
-966.8816993911495 1350.5779427276616
-1152.9986029220127 1578.8030978117213
-1177.4306871995677 1580.6637772912852
-1199.5804185774628 1579.0173587917009
-1222.4160372588944 1577.8830856094064
-1245.336710572452 1576.4572551454053
-1264.5753411067446 1570.0653510808907
-1177.8251473696394 1434.3862528007187
-1125.2189721174875 1344.2065558487895
-1137.8764493433098 1333.5089748591354
-1306.6232560287874 1502.2705038722986
-1389.7572563592287 1567.6733615128087
-1395.129722170167 1544.0770894995471
-1394.0845114199246 1513.8997242284806
-1393.2791274566193 1484.610815329634
-1396.8841992357065 1460.5326199457577
-1405.7433507381465 1442.248810661839
-1420.0198811565056 1429.604328868748
-1482.5581291398767 1464.608273130146
-1499.209932303168 1453.311246389957
-1498.3909344028086 1425.2889558610489
-1496.446349678296 1396.730941353596
-1492.6221732351396 1366.987581496924
-1491.1024758609265 1340.3874091028365
-1487.9212359090932 1312.3819549699533
-1485.1020917523356 1285.2111799516988
-1485.7157603367793 1261.4474541124991
-1226.307651101599 1021.4624539598502
-1247.496656472861 1019.3493474216933
-1225.057432139662 981.90340052338
-1249.1950765124623 982.0553247231156
-1173.6583797651554 904.9033139551595
-1179.7426536128344 891.9911833905913
-1189.704561005668 882.0227080536594
-1197.9654421183902 870.7696592613285
-1202.8623053376837 857.1180049431428
-1214.9870026867434 848.6050808840845
-1229.5332952756214 841.6340510035651
-1224.1240708249284 821.094549505114
-1235.1518944909162 811.7165746339672
-1242.7480681347515 800.0382735515487
-1251.0797231885558 788.8222399415769
-2018.2999863272967 1246.1336867251582
-2052.2068633968565 1240.5043288222882
-2106.8402579192134 1246.566535573173
-2142.7276674126106 1240.6829342360254
-2069.058668807584 1172.126369054202
-1987.2976984840268 1101.1956491015073
-1992.313695580007 1079.5564544776407
-1982.0763704037734 1049.9629811983866
-1968.795844936812 1019.2800993640287
-1968.5001404519114 995.7124067926468
-1977.7980362837413 977.1135694852345
-815.1236586159488 393.19005730632387
-805.2223980181824 379.10010515673537
-806.9424947610111 370.65861672012375
-819.5265161920636 367.1243512191739
-2026.2178539906397 884.8515175833548
-2051.031073025018 872.7614436292682
-2058.2425893585814 853.0072938436583
-2050.4260205817245 827.2086400185823
-2035.7913555174855 799.0760644646285
-2045.1013412918153 780.5648620367297
-2108.5025082336238 782.4437185973931
-1241.818101889209 447.5352520419841
-1237.49202080504 432.82155496677666
-1246.2576289233468 422.7267703261262
-2121.3373298327224 697.292573499945
-2107.814180474578 670.8676326894027
-2093.982958944116 644.7607057286017
-2088.4745690417676 621.5424156610744
-2085.598767295466 599.3144265372149
-2084.417528219392 577.7305323866485
-2104.2705042884463 561.8982512712134
-2166.624803781927 556.691979138309
-2191.2002245790736 541.0088500243012
-2200.1018419324173 521.2224910012851
-1318.4684992080067 299.24039933836923
-1315.3710396717565 285.50836764067435
-1304.2987127288916 270.2385390238717
-1297.9619083644357 256.17159177971416
-1282.6308113706773 240.58928014896694
-1252.3544365678608 222.6934332412962
-1240.594507754868 208.54080494823302
-1241.5201188757433 196.66416660581635
-1243.3212614177621 184.93577508568978
-1244.0211480267592 173.05312265944232
-1245.5992969814401 161.30217406886513
-1247.066449703215 149.5368517276556
-1248.422475453069 137.75820405199767
-1249.6672533945896 125.9672806455018
-1250.800672604736 114.16513220567754
-1250.8259580135916 102.27131933920148
-1252.7330407640163 90.5313679237277
-1253.531817518459 78.70185810302405
-1254.2188911674893 66.86533510417186
-1255.7932404540288 55.06666169262126
-1256.2571031984419 43.209844520192874
-1257.6087089431358 31.37411656731392
-1257.848839295541 19.501217471228546
-1263.9767715882267 7.662955396157429
-1267.9927681621539 -4.2825096004633405
-1270.8956000928554 -16.290293570744776
-1272.6894399601176 -28.117421894650022
-1273.3713019404527 -40.01908787661772
-1272.94261058918 -51.89518423132584
-1275.399399026422 -63.91692235269987
-1274.7477036341184 -75.81089683905526
-1273.9850911889575 -87.69827494462876
-1275.1055381923259 -99.73397851915414
-1275.1159431998058 -111.71092783461135
-1276.0090978594915 -123.79330426079981
-1281.7595372366166 -136.43125999188956
-1286.3912751044193 -149.07208771338358
-1286.9292562090538 -161.31363709622065
-1286.359587699802 -173.44454771711747
-1286.6652414074108 -185.72171804613848
-1287.8419775112495 -198.17174611915289
-1290.8719555604048 -210.98245033096035
-1293.774567574917 -223.8668539474669
-1295.5649785956941 -236.64400739578974
-1299.193263655645 -249.85168334792846
-1302.6873655545137 -263.1475396515057
-1307.0242674432752 -276.73735619603275
-1311.2203935886716 -290.43085138664065
-1312.351356820776 -303.5505168018473
-1316.267712748121 -317.41976683380864
-1323.9185392995835 -332.3623042687865
-1324.6310714512954 -345.707281592091
-1327.1398872536734 -359.6174629523809
-1326.6158188560432 -372.7927965517978
-1338.4430731997752 -389.62307401325825
-1337.6229818847596 -402.95627347607325
-1303.2536002923366 -405.9002997351225
-1179.4651131053647 -379.4509809808765
-1136.9632361057431 -377.5163569223941
-1106.9023783644434 -379.0344638303209
-1084.458491506773 -382.687575182229
-1065.803856113475 -387.32175293113517
-1048.0950704445331 -391.9919939359336
-1035.9930797066806 -398.52018618868874
-1022.9312898934555 -404.4892781729958
-1009.8490942206487 -410.2496884846294
-996.772504655473 -415.7458045042126
-983.6933825680854 -421.0075166689525
-977.0125868790577 -428.8769113392461
-970.270596367112 -436.65887123177606
-962.5603798353343 -443.9341338208371
-952.0863845649943 -449.8227610136662
-946.9873837059758 -458.16906825069583
-940.0232847613067 -465.5719322581239
-936.5713654558081 -474.6936669139827
-932.143299959015 -483.3310132212888
-925.8686554585685 -490.9900537071423
-923.9276857929598 -500.9577142087602
-919.257376711967 -509.4770606814723
-914.5085146782405 -517.952871003722
-909.6815054944906 -526.384420895297
-904.7767616413058 -534.7709898581558
-934.0399811093445 -563.7821509140348
-942.4095895339191 -580.7866781827129
-945.4648780319428 -594.7984233402467
-941.6091365052291 -604.5934452587762
-961.0733668056258 -629.7134138772168
-944.4038200112582 -631.3457252157039
-857.5628285358918 -584.8333054072081
-855.4037118421011 -595.0197389723769
-858.8385476657438 -609.2662382270956
-855.6005031901664 -618.937621203247
-857.8902629994783 -632.7561115079695
-863.1939880413013 -649.0732924788646
-867.4747311620372 -664.9335235911567
-870.7471256715108 -680.3120189551277
-891.8010000498418 -710.1344776238526
-936.4467728471308 -759.9364720976315
-946.3358389949877 -782.5806538840918
-956.6495422666889 -806.1157815605243
-965.0900566994119 -828.6043582192442
-964.1632168853383 -843.4158471390706
-963.0444340707653 -858.2805007719327
-954.3290122806437 -866.473967479376
-947.012705023497 -875.9377469455686
-941.7863498392314 -887.3975835309091
-976.8032028733543 -937.6414575179344
-1002.8196679069287 -981.2042160829911
-986.3144019008507 -983.6833334986251
-960.7375282325075 -976.6695458780785
-948.5803475718155 -982.9299691231995
-929.5163992491979 -981.7857523547619
-912.6034940878627 -982.5659583858095
-893.7407724275387 -980.8957292702557
-877.6598597666263 -981.9379667547363
-858.345035699083 -979.0034727674565
-843.7316415840332 -981.0978121420476
-825.9333288523877 -979.1808496344348
-811.4366237277692 -980.8667624470097
-793.8334864586986 -978.4827008061139
-780.7088382020976 -981.3305813807756
-764.5272885322835 -980.0750099300943
-750.26419685086 -980.9835038999045
-736.0540355093026 -981.7094564128789
-720.7145736275261 -980.642393210131
-707.2167346256598 -981.806747922125
-692.0327793089633 -980.3523001257822
-676.9417736561754 -978.698030589227
-664.1900284309155 -980.1569293398582
-649.2604212993725 -978.1292886598178
-636.6109432178614 -979.2601834932659
-623.9994667079013 -980.2390859113173
-611.4277372632296 -981.0668285622377
-596.8143662078764 -978.3295008778437
-583.8474562819249 -977.9791141906487
-570.9421030078987 -977.4707745057741
-558.5962249783884 -977.6739013801553
-546.298902151339 -977.7307960314239
-534.5311976633118 -978.5200042536818
-522.3275498795861 -978.2918432843998
-509.2522894520455 -976.1470717508967
-497.17417445704586 -975.6243335695121
-486.4893407688896 -977.6462148028045
-474.5006275900197 -976.8547253387668
-461.2868136176753 -973.212965173837
-450.2845774572006 -973.9470207892165
-440.001206189191 -975.3455482812525
-429.09598605616833 -975.8240798168922
-418.2216020240109 -976.1837386478377
-406.9942789726799 -975.5022587792959
-395.8179135015101 -974.6959420000223
-384.69386059681557 -973.765697495613
-375.0577176803449 -976.446469812048
-364.3564000325754 -976.2214983062511
-351.98968084211367 -971.1808609011335
-340.74742672602895 -968.8241280952852
-330.2276148492156 -968.2348487794675
-320.37751913073396 -969.4324345902794
-310.2298228483257 -969.5779788214543
-299.5170680414438 -967.7078722175702
-289.44122190007323 -967.6382480374536
-278.56150965417385 -964.5825445959447
-268.83945260039036 -965.2612852101355
-258.87059707591 -964.8766832966594
-249.43330576493594 -966.3265628011972
-239.99187247959958 -967.6842982831413
-230.31572234720312 -967.9771009893188
-220.65574901488077 -968.1735590412919
-210.79997887647082 -967.2969393654047
-201.38815050875473 -968.2787887972468
-191.39380499947418 -966.2263768950955
-181.45677796021306 -964.0718011290953
-171.92933986161938 -963.7848837239293
-162.59004817491143 -964.3902095285289
-153.2548071913239 -964.9051580713776
-143.92449037103043 -965.3298612761542
-134.59996903014712 -965.664459497751
-125.02485946220493 -963.9257152480454
-115.73340701437562 -964.0782014446986
-106.56011452837554 -965.1351936343941
-96.97604334453305 -962.1250682823097
-87.8221726657184 -963.0037725721913
-78.49767025133302 -961.8020148477092
-69.27584434560782 -961.5075961167458
-60.066723580196154 -961.1248559465832
-50.97691416135467 -962.6512110949561
-41.96185064545336 -961.0843891617473
-32.772815522980395 -960.4410146191678
-23.624427230408937 -960.7095744490294
-14.458834870480693 -959.8911094984619
-5.316514237286052 -959.985278364395
3.818317179371503 -957.992390603348
12.941726195981891 -957.9125804179984
22.04093009819185 -956.7461509723499
31.15164395436938 -956.4928515566336
40.217463819665895 -955.1536816679888
49.363769021471676 -955.7260163394083
58.46352835758777 -955.21255009133
67.55798493912333 -954.6124442259096
76.56622368921438 -952.9289655530328
85.81727046962698 -954.1485188843207
94.90035307409806 -953.2879538662028
104.08336125725404 -953.3350166176589
113.62985073305015 -956.2725851044694
123.11424323925372 -958.1225825079096
132.37036963513015 -957.8972206049347
141.7796732313639 -958.5716062237644
151.21380175509836 -959.1534737250186
160.34158399138204 -957.6698681921316
169.8038544984435 -958.0687089126079
179.47211884285738 -959.3569505445068
188.79379565483802 -958.5853653807986
197.9144631384055 -956.743886983678
207.01717939912783 -954.8156300740104
216.10111880311152 -952.8007695484106
225.39592359911444 -951.6725684944913
235.16826510410618 -952.3953418029325
244.72579401884502 -952.049518534538
254.81436214734455 -953.5400572830918
264.9534244425805 -954.9244383071101
274.8653461125892 -955.2408290616595
285.09291495610006 -956.413106268329
294.7780835180945 -955.5657389616892
304.1690518401519 -953.6677555116682
313.86350281734155 -952.6272626789707
324.5315348359155 -954.3287079916673
334.02749317475735 -953.1661102889608
344.84183056382136 -954.6251158928267
355.3658794646309 -955.026749212989
365.9291416387984 -955.3140129295143
375.4304943411912 -952.6950949378971
385.29074566591936 -950.9085346678721
395.91992908118795 -950.866662448709
407.3699559916631 -952.5469641730798
418.88829337071536 -954.0946481754153
429.6519320977408 -953.6850723612478
439.6070697342597 -951.3409610858022
449.5566485510907 -948.893471230312
460.3731732802203 -948.1416251404114
472.1071572120906 -949.059972872694
483.4467987342755 -948.9489937786861
493.90252014931707 -946.9341585295957
505.3057338374275 -946.5701851162538
517.7057981625047 -947.8294712388532
529.6883111601867 -948.0644983440046
540.7304027946972 -946.4199023126492
551.7894130232986 -944.6504346452203
563.889212817228 -944.472845384327
578.1192786237315 -947.5642984428953
589.8149345490975 -946.2258414262653
600.4635837851179 -943.0628211036277
614.3764716094753 -944.8124423041281
628.9306845908862 -947.2144392797436
640.2201652517631 -944.4570609641315
653.7903607685672 -944.8593356506071
668.0034587891149 -945.9045295619317
679.9574713701345 -943.5183289835617
693.7040103564282 -943.4064585402247
708.1104647692498 -943.9171413234728
719.5512240367003 -940.2670024983787
734.678662856485 -941.2137176770254
749.2668769169718 -941.1738134665071
761.4000417090024 -937.834727702877
775.4508226202621 -936.6600352836449
790.838615260093 -936.829912317865
804.3431947851199 -934.5164658810816
818.9075023542849 -933.7850408888904
833.624727303684 -932.7758648399188
848.3945029206245 -931.5722019328756
865.9353985934863 -933.1049702272194
881.5176321251446 -932.2100966265481
897.8524762829237 -931.8245171879854
914.9575071446008 -931.927443591902
933.5571546467626 -933.2047144157817
951.5464957222816 -933.5139348068918
968.9025306661325 -932.8734566214029
986.3294604276009 -931.9888387167509
1004.5574793641448 -931.5386576270229
1023.6025393720425 -931.5008542084684
1039.7508042366223 -928.5226249743714
1060.4450948287874 -929.2772464951263
1080.4856653803395 -929.0725089612785
1100.6146375860221 -928.5727863400851
1122.3688908509048 -929.0517062306648
1145.0040212910303 -929.8337438635843
1166.1869734088586 -929.0258032215714
1187.4543495962562 -927.9014859482294
1210.3894670397062 -927.6757720665858
1233.4235041054224 -927.1005660230724
1254.9419821970203 -924.9873627890349
1279.7701245260787 -924.8942795641592
1302.257586020443 -922.6815158288417
1325.6361922133515 -920.697934120679
1353.224046024634 -921.1697353152235
1380.9356346714328 -921.2039800688048
1405.41694368338 -918.6099359399869
1436.7068224077661 -919.95081740655
1464.7547467316679 -918.6590945106063
1493.7551715992595 -917.4445418228105
1522.859811847266 -915.7657961839968
1553.786058165416 -914.6353838829867
1590.0220169088095 -915.9994463673225
1621.1908998324857 -913.8167575068514
1657.710897272591 -914.0260286576644
1692.6145115633688 -912.6801823448886
1727.6363213558984 -910.758881994493
1764.4511017379264 -909.3609347095452
1805.10463996145 -908.8664581717408
1849.4924923083445 -909.4495702869228
1889.5412738995126 -907.1106736392244
1932.4243117969527 -905.3685874692551
1981.8060694558856 -905.8066587676495
2027.710861457704 -903.7636097600172
2079.253213074023 -903.3244577234427
2130.9638673671307 -901.9916828750255
2183.7550727631365 -900.1432009304233
2239.4813376377247 -898.494484330509
2299.092839304084 -897.3272069098789
2360.7469255802143 -895.8230591827642
2423.510718125148 -893.5797665192122
2496.793637045371 -893.9382159913225
2569.3485655594754 -892.6634016567863
2641.148223077076 -889.7780980316409
2720.7215072766967 -888.0982377203657
2794.7706349372547 -883.1863326005522
1032.8267985317766 -315.70366522199396
1037.676874126057 -306.51379235521364
1052.0619612698463 -300.00271606944574
1033.6324008873476 -284.23240461963087
1048.8341851436355 -277.798221869914
1032.9961725084968 -263.2012682013443
1018.9203941554282 -249.4037497194996
1041.6716491140753 -244.5816334722675
1015.6388885558216 -228.38267896908312
1003.0830235104643 -215.63962517381972
988.4192239401647 -202.75215842383145
985.3804867474937 -192.46115539836197
985.1856472167118 -182.7928896817067
979.9717825969716 -172.27972983991413
974.6478559947999 -161.88130467950802
977.1194676299785 -152.8350286371138
971.5918432848985 -142.59484584743345
974.8751327411884 -133.695458273085
971.1330553825348 -123.86116721306388
970.2719744587669 -114.46089104967719
972.3026630708448 -105.41124885581904
970.2528406302746 -96.09591692097518
964.13857368418 -86.37598470775922
977.8640202658406 -78.37702386240234
1036.4109442179438 -73.30316981734386
1114.9060664412343 -68.36273116643157
1114.49901603031 -57.86141432311024
1114.9922430757213 -47.41621959806327
1115.3875788791765 -36.96686194484174
1115.6849887319925 -26.51425876946474
1115.884446522938 -16.059327762896345
1115.985934740528 -5.60298682047661
1115.989444474558 4.853846038675979
1116.894881308841 15.3239716167192
1115.7025358614776 25.765315295338638
1115.4121427036366 36.21811576106672
1115.0238214385645 46.66773644114701
1114.5376061590998 57.113259906462716
1113.9535395527305 67.55376908761717
1113.271672897845 77.98834735544497
1112.4920660592309 88.41607860148463
1111.6147874828187 98.83604731841643
1110.6399141896727 109.24733868043089
1109.567531769229 119.64903862355521
1107.4045464377566 129.92371041879306
1106.1385721691217 140.29418790404884
1104.7754839705224 150.6523481984208
1104.304922054371 161.14167408367618
1101.758452990833 171.3280807785067
1100.1047750913253 181.64383782904463
1075.697872823251 187.98427169189776
1019.801443714361 188.07981124539975
1101.4365670161555 213.82583763349464
1103.3040820002318 224.9357744815744
1110.9273317231139 237.35303585705896
1110.6064661182766 248.18798805799042
1108.2322363443448 258.58327542053553
1107.7040492635713 269.4285420015627
1105.130926740169 279.7957018297733
1102.4607787534824 290.1382968693812
1101.6231271684705 300.98253385796266
1096.8607678570734 310.6387869149498
1079.4553810475343 316.8612950922257
1016.1066624539436 308.8223607783404
974.9562540072695 306.50334871272213
933.945986270245 303.4285661069165
914.8922436789508 306.91559500308125
904.3633958301791 313.01093955724116
888.1511768543186 316.91716118299587
851.2989857412881 312.95213192412376
816.4768042794188 309.0220511123236
799.5147973471418 311.3520335937422
790.9388787214655 316.7328371464363
779.5593247262557 320.8368109060185
773.7006270210197 327.0891923425182
767.7938301924279 333.25910988064703
763.6669276516252 340.15999707656306
760.3878718818992 347.4280994607609
756.1340949556552 354.2403568844071
751.8196261361209 361.003115992845
748.3423152291462 368.1572751386033
746.5830125081426 376.17789067709253
742.0724987850313 382.8229441229193
739.2718181558826 390.35007221786907
738.1545860325324 398.8092365017901
736.9430034567596 407.2824691244768
736.5072776648484 416.260771568393
737.6986972799324 426.2682629888022
738.7657477229964 436.3360745930618
735.4266753193375 443.8790434665121
736.2667223252138 454.02237125111645
737.8258493108949 464.75479135632014
738.405682074034 475.0168930477954
738.8564224104792 485.33203795215036
742.4992584237225 497.9265520538367
744.3179355194267 509.5044758037937
750.0815102387968 524.0255031941535
754.0063092167121 537.5411478774363
752.0798962684768 547.0610840014097
747.6310619328686 554.8051867395718
745.4948112774812 564.3248057265893
748.9389793586575 577.9328725701736
760.9864942617745 598.2671272526799
810.1920372111393 648.8704515075901
795.7781141561455 649.2042768113043
713.7424126960668 593.0900170453026
706.0694326101793 597.570879756987
706.7059138541858 609.1434570965366
683.1415180087718 599.6654620475243
660.5528474238466 590.4794118004864
636.7080967220352 579.5893370038854
622.6493857198511 577.1557350167215
615.9594644616501 581.380201021773
605.6391376113321 582.0663493051303
591.0687439079547 578.4174443903577
592.1985123052044 590.0821315914443
588.9535047655872 597.5406004819517
584.9264138883301 604.2698820359475
580.8257115078592 610.9750345565596
580.0636452350494 621.3100413454033
579.1619299637136 631.6806621076083
582.1345856628586 646.5441393865789
592.8339905356462 670.5019460565206
599.8689688608137 690.9285203245444
1502.5078493375515 1762.4772800461983
1474.9829991853208 1762.1660398822455
1450.7616854329874 1765.365551969234
1414.0453491587177 1752.7064073947467
1380.1609006992896 1742.6660288709727
1337.368128591865 1720.316101368203
1191.9713413286365 1562.1873515846974
1139.4590066963242 1521.6550765724228
1036.2617096917688 1410.1991593483144
936.3465281969969 1298.6362766892933
915.3452464411674 1293.973755459344
897.3557598106394 1293.1467976740576
880.5816517654911 1293.7545959624488
863.8701103025577 1294.165535210178
849.9615954840763 1298.5643173143808
839.28472187628 1307.867407509284
826.3792202471989 1313.6976000372506
815.736956565019 1323.8573252786873
802.7895577385272 1330.5806724832507
792.8391536040987 1342.343874166503
784.2400458231305 1356.6342729443827
776.9195271147687 1373.491917845811
772.2566538776854 1395.5804027506408
766.7715859483744 1416.8212078389477
759.5526873293734 1435.42875656395
897.2251837954343 1734.7034240939427
1471.3977185629506 2911.2939998921
849.0914740256351 1719.8161729490087
793.4322980601717 1645.719960502076
736.2577213122771 1564.4058194113359
699.0419112570451 1522.1581410307201
627.9347429716765 1401.7824219789227
611.180330665501 1399.3525657987727
597.268341957647 1403.1733776319886
596.3611110374455 1438.2636841838785
840.049768587342 2080.8297350567523
819.433531735613 2085.8115176274437
793.4438741209908 2076.5779105585884
750.9876939639342 2022.0451240055777
746.9550301636003 2070.3765799760426
725.8849673043711 2072.5604971246394
668.8094943516837 1968.4854229241946
599.6729982528819 1820.7913925451203
577.7363685698365 1811.0830153341228
557.8044020781948 1806.8578386309719
538.860518474771 1805.2936995483867
524.4275621328546 1818.9075655665933
507.64248433625187 1824.7013750465906
492.0898370804759 1835.1696358217437
475.63571093440845 1842.6013324872856
459.32635778174006 1850.8560984168817
442.44050943993744 1857.021108013188
425.7020907546171 1864.0069017917149
410.1526460594062 1876.7034413914382
393.3808324382852 1884.3769582199209
378.2578266350518 1900.727496667875
367.88458982377745 1943.4878256809818
367.3590272488103 2044.25447170816
352.96306272698735 2076.211231149274
332.61503737659166 2074.5043352355206
312.0324533911387 2070.621101995898
292.111319563747 2070.495587288881
272.350600069599 2071.1702370017124
252.6030805960234 2071.656507163627
233.65237459662026 2078.910909068823
95.57685781488301 929.0969078897172
86.08446526771185 921.9899483397702
76.31644003964249 909.8048147705505
67.08232860820189 901.5076046204498
59.63164475225041 918.0653936099222
51.43175789247489 926.5736745019739
42.89286855451883 931.0124606186347
75.8004038473206 2068.611683902173
56.21889746755231 2065.234958925384
36.76108325804474 2064.6727640857994
17.3356150035029 2065.9272679483297
-2.108169971068502 2064.9989238785024
-21.5433772891622 2064.887619919054
-40.99651964776667 2065.593204233779
-60.43559776586179 2065.1158656411226
-79.86932229148012 2064.4555920040275
-99.39209560222632 2065.6101305260386
-118.77128587738179 2063.584837522081
-138.32172569959135 2064.37111494021
-157.7449910906854 2062.97782774944
-177.32552917559988 2063.394450099785
-196.73787487379312 2061.6341112307355
-216.55023910048706 2063.6693034363625
-236.1908689616803 2063.5268046282135
-255.9710421068425 2064.1896292740976
-275.5197862890902 2062.680258150355
-295.2045026561459 2061.975582205458
-314.74930456642386 2060.0943850403924
-334.76581789483834 2060.989045863466
-354.82699667490533 2061.6890654098806
-375.1098261783772 2063.1775537515978
-395.26389555703787 2063.4842991573923
-415.1683029230052 2063.6521703639964
-435.0981352985692 2062.608448702688
-454.8292254972083 2060.395684239707
-475.00638916837164 2059.9429434450913
-495.68252011571474 2061.237210815809
-515.6957184500408 2059.414219134241
-536.2221577848087 2059.3323669336633
-557.0532323616216 2060.01157674307
-577.6738684096701 2059.5178809023746
-598.3340080097083 2058.8182083076294
-618.4554864628951 2055.9965494289972
-639.7645731163203 2056.79782452853
-660.8368014745165 2056.4276602440773
-681.9580611415054 2055.842698954402
-703.4498952948304 2055.9881431588296
-725.3366540221982 2056.8538446695434
-746.6183312984962 2055.6094150808535
-769.3408627855853 2057.8930090868016
-789.2998790045538 2052.463568739625
-812.9012412123003 2056.1402121537094
-836.6403348548198 2059.5538230631446
-815.8522546085635 1955.6446759700812
-840.0383423740674 1961.706293852734
-49.877487473543475 113.52636805309379
-50.52782893257789 112.1424919616117
-53.67255975586446 116.20351255126998
-52.19179548861496 110.27246475741164
