-52.77215297039516 112.21007027388055
-52.50842651339556 109.01314207510642
-637.943066368212 1293.2102087722333
-649.6174004526628 1286.26522654899
-638.717817808626 1235.6862664988175
-674.6126974501625 1275.596608822325
-58.52265786109814 108.18548200601062
-59.53677775766789 107.63072095937137
-62.02236225440034 109.67783085192711
-64.55155124828092 111.68749809822299
-52.88546415392324 89.54958225041645
-865.2775678071102 1434.1965453346384
-870.323911977954 1412.3800084394393
-875.5699498591571 1391.4428708731211
-878.3379723697144 1367.167658443345
-893.889529586852 1363.0339353424024
-977.3011328288457 1460.1135215357244
-1093.6311083113617 1601.1533339857438
-1114.919402526405 1599.8295927598551
-1138.0171661278453 1600.6913911177096
-1158.2935201849693 1597.2116707241755
-1180.9831309192211 1596.707501230026
-1201.3561495219924 1592.7235799113705
-1185.7881897143836 1541.7299922923874
-1078.6595043531397 1375.4990634924618
-1078.425070658154 1348.8989461690433
-1107.479943240788 1358.8587768121383
-1322.1314876883584 1591.455098098268
-1335.7368202997989 1577.4334049003091
-1334.821496839325 1546.6417075637214
-1336.0885798734162 1519.011621657925
-1338.2903510344486 1492.9849082720468
-1342.8197796513955 1470.0054555602771
-1355.2125732351753 1455.85709509735
-1389.4806355682026 1464.82236581129
-1440.714841366999 1490.5266672773294
-1441.3262546423502 1463.3846478894927
-1433.7637457570452 1428.5998464765169
-1438.5463104810851 1406.6728520168638
-1438.7150006231934 1380.628533307133
-1439.2503699291233 1355.3919627395176
-1436.3348284562005 1327.7342582624347
-1432.5271265212245 1299.3159861176355
-1447.7345880650503 1288.3743875598113
-1466.6293192453236 1280.5496632032662
-1503.7319439554662 1288.0955867977789
-1535.7470452698913 1290.5491129533966
-1557.9100338598062 1284.2419267408059
-1157.8514784176698 936.2162965501168
-1629.7064983821092 1292.4615000575934
-1127.9840682940112 877.321458574274
-1156.9007589000032 882.3863292552738
-1155.581076639782 864.2229893447885
-1209.6669064012237 886.9644725453738
-1218.8099671564878 876.0726362351476
-1185.3461663976018 835.1373933710006
-1178.3763629467087 813.6664840390603
-1215.0037026548505 822.1040095602284
-1952.8535314432027 1294.6088539515758
-1995.197281142164 1295.6962643007491
-2035.2020828558582 1294.486957037102
-2079.603941319525 1295.2789071270709
-2105.416669706613 1283.891213040075
-1938.8584733783441 1157.320966806096
-1947.985888128423 1137.9310083008193
-1937.8197539397659 1107.5552362030644
-1931.6195102496488 1079.914379764853
-1927.7035993062163 1053.9297098107913
-1930.525647658549 1031.8874569121094
-1940.1945585970764 1013.5906840486928
-805.1712282142704 410.99305743032113
-792.0169100177922 394.88506460218093
-790.3199763683538 384.75360291116795
-786.6963302350144 373.83135769322655
-802.8964609324979 372.2664006085829
-2015.494133291412 911.4424823695132
-2022.190556718381 891.5409986753297
-2012.152750226087 864.4890454815456
-2007.3207274216186 840.0235099469203
-2020.7289188886225 823.2731237974546
-2079.5504836364803 824.4020778766148
-1216.6226096804994 469.30312764162477
-1219.1130203378266 457.129569862618
-1219.6030165506095 444.2662287645252
-1240.70039727157 438.76932915846425
-2071.472143960849 710.706097338587
-2059.0915964874216 684.8662623278218
-2054.976197659969 662.0829457484747
-2055.388577897295 640.9265120505903
-2057.5001074955894 620.3985071352422
-2076.6893823048713 604.9216556069156
-2141.977347138264 602.127930216266
-2164.9230012574885 586.6492978145183
-2168.413303637637 565.7426487434979
-2185.2812162327755 548.2289722189106
-1304.6790770356424 314.28729841567616
-1294.9127257933424 299.0686084804895
-1289.8587297798917 285.1411180636778
-1278.787483018809 270.0954891782145
-1258.72565431231 253.50685824262638
-1235.5204532714608 236.75559032023762
-1227.85543456344 223.32718556643744
-1227.9319571444764 211.42163707467571
-1230.8544748507668 200.01565373700845
-1232.68246008417 188.42227204032534
-1233.4113533262553 176.6704091971698
-1235.019505173685 165.05399674211526
-1237.5106450112125 153.54609563233063
-1236.913964124547 141.66455221296133
-1239.187025786349 130.12115555428426
-1241.3522817760145 118.54751169671218
-1245.402007217996 107.11601382326701
-1248.3491658091857 95.54245246753061
-1250.1908562048704 83.8559661665951
-1250.9247164094925 72.0857397536502
-1252.546606407394 60.35725952460794
-1253.0591977839204 48.56590212399951
-1252.4612188730205 36.74092022674341
-1254.751145831448 24.99123915831505
-1254.9307826168085 13.18069955520648
-1255.9992527354661 1.3700831911028333
-1261.9577658037601 -10.324598180168282
-1264.807025497969 -22.09498248426322
-1266.546605528624 -33.89241838405843
-1268.1759775934331 -45.72406210016601
-1269.694656445103 -57.58888256210396
-1271.1021664968255 -69.48584263773627
-1273.3960011415502 -81.477753262526
-1273.581826579141 -93.37200333793102
-1273.6564730617035 -105.27672405627872
-1274.615555619093 -117.28250241971782
-1276.4562242917889 -129.41602476799537
-1284.1447244693636 -142.2544432258714
-1286.739815312254 -154.65008144254682
-1286.2399741763272 -166.72051112829953
-1285.6268332304585 -178.7949822501251
-1288.8568572542638 -191.46018256719245
-1293.937575777931 -204.5129580000531
-1297.9001760606652 -217.51122495561955
-1299.7631027797147 -230.25176796812917
-1300.5179859092234 -242.86203558114346
-1305.0755368803345 -256.27688744111686
-1313.4132137673957 -270.60437893944237
-1314.7538257050796 -283.63246956908296
-1315.965400719324 -296.7087193016562
-1324.834579239331 -311.6638215317018
-1329.6534470478273 -325.856886920978
-1333.3532874891569 -339.91912382485583
-1330.1393404530302 -352.2858711035367
-1343.2029787457186 -369.12702134716244
-1341.6408845146607 -382.1318319621106
-1299.6680131992316 -383.25977543535953
-1180.3169573753216 -360.01094446178064
-1142.5881677847235 -360.13369578303616
-1113.5200621753834 -362.3728344301352
-1093.991103255948 -367.28662648786127
-1076.358300604044 -372.52356800714614
-1055.8980203426022 -376.45766114740366
-1046.7241458097471 -384.1790761856444
-1034.6918281321764 -390.70298283542047
-1019.8327184651266 -395.9510403421485
-1006.8295553131658 -401.6842622606627
-993.7345007322136 -407.39138681923333
-987.0738140825986 -415.6035196583778
-978.511063339424 -422.93273569487354
-969.8983656496191 -430.1373737658675
-960.3270468717034 -436.80311702948427
-953.4357919625559 -444.5944113512156
-947.3855676674449 -452.7257295266451
-943.0632864262305 -461.6618218945092
-939.550677748399 -471.0048024622723
-934.1662591307045 -479.4094286742237
-929.5923082475975 -488.2193568949346
-925.8161658538603 -497.45897021127024
-921.0719526959002 -506.189152350148
-916.245418795297 -514.8740938682297
-913.9383380413332 -525.0073468612092
-925.3191831057533 -543.2434163213591
-945.0108655378625 -566.8848772152771
-953.2517037478751 -584.1533953524306
-956.1633042656923 -598.4444298142587
-961.4169641947879 -614.4578268347453
-977.339574228176 -637.727494034472
-908.0139634040054 -604.8071116177038
-863.3867616211604 -586.9406271994857
-862.7292848392719 -598.4966007261181
-873.3571413524459 -618.1806399821041
-869.0954496064674 -627.5803530013766
-871.9803183935755 -642.2922421563558
-878.6614564725033 -660.1174478148711
-879.525784375441 -673.8682323858019
-894.3922053436297 -698.7757744946216
-949.5364668624386 -756.4234912391319
-957.8676106974093 -777.9753468952832
-972.8068564715243 -805.4910427819736
-978.9035780237849 -826.2619348198436
-977.1128952767791 -840.6969667388065
-976.6399099151918 -856.4902138149894
-969.2448155205009 -866.3512495441038
-961.0112551293746 -875.4755093745707
-956.3560036709712 -887.9235295015496
-1003.2961092151436 -948.9773006946765
-1019.5819553530768 -982.6029901839281
-995.3671751112803 -977.3787324834677
-977.7029926979823 -978.1543119924428
-960.1120480623554 -978.6857795868445
-942.5973546663118 -978.9745793308788
-925.8487367151512 -979.7490070027928
-908.4886782285907 -979.563332067135
-889.867482096817 -977.6604033644152
-872.6944523615011 -976.9874066831463
-858.2491919725686 -979.087495823756
-841.2329274116826 -977.9709412034546
-826.2482447626852 -978.9151332095045
-812.5956016610623 -981.2055789492312
-794.5585251224485 -977.8940383064207
-781.6417114645983 -980.5876987290293
-765.6644010166045 -979.1869203660168
-752.2165495261581 -980.7478078583509
-740.0090959437613 -983.7416011943874
-724.843437033461 -982.5695862327101
-711.523184328869 -983.6314137737298
-697.6682920661907 -983.7148744658914
-681.5910457932921 -980.3415967377935
-669.0173242515505 -981.7126972038692
-656.4778345760769 -982.9348161044582
-642.3314678570688 -981.4984897597058
-630.4287684873669 -983.2515282792607
-618.0178118045866 -984.0213332505909
-604.0760912347679 -982.0901567567636
-590.2249077948836 -979.9849785677948
-579.0057891622492 -982.0144072856574
-567.3006653963936 -983.053892236234
-553.1684045680129 -979.6069192220313
-541.0847801588426 -979.4836704511499
-530.9534173688912 -982.7397766368755
-519.8743625943339 -984.1237966420358
-507.43958155667264 -982.7212580735134
-494.1757853259244 -979.3872028965387
-483.22959961275626 -980.3765368765693
-473.1756790064931 -983.0492239947826
-461.9139015985417 -982.8690388398715
-449.60186149603436 -980.8665383931194
-437.37030456846065 -978.7191715102408
-427.61647916809005 -981.9292982409102
-417.4507371570701 -984.1218837354543
-407.2821416739302 -986.2100471367631
-394.50163400220595 -981.6987627422119
-383.6645760801934 -981.6911393412928
-372.50857498079586 -980.6316135867621
-362.79255192036834 -983.2016905351144
-351.71257224916513 -981.9100093806335
-340.36216970947146 -979.5522412973496
-329.4081100338812 -978.0154891635952
-318.8246124033358 -977.3100155661267
-308.2846504811885 -976.4919734834954
-298.6652566642472 -978.431430638693
-288.75412293111174 -979.3171378518219
-278.03235301052456 -977.2174838179222
-268.43489806351016 -978.8604116530778
-258.83142007718175 -980.4092492325996
-248.48476638066032 -978.956240532103
-238.66300193894517 -979.338537741414
-228.62910079712714 -978.6489331055836
-219.28470816292128 -980.7850002757498
-209.2937395655254 -979.8980204994181
-199.53923458034737 -979.8898376159889
-189.80396112642012 -979.7849030990019
-180.45049996049676 -981.5506186967673
-170.90920001330053 -982.241846670571
-161.53316483718234 -983.8272392334356
-151.8372347598899 -983.3465585135639
-142.1651959873791 -982.7706024550541
-132.384260706093 -981.1087643667756
-122.64799447344612 -979.3500239708178
-112.95735338844158 -977.4950825019422
-103.73454125455915 -979.5224065587812
-94.19584874388059 -978.4764392050633
-84.77288911753992 -978.334072426523
-75.36122188299655 -978.1010613614023
-65.96171804676845 -977.7776085349464
-56.951052379852065 -979.3454843071609
-47.55301234978467 -979.8467793570898
-38.150595602390936 -980.2578905855248
-28.71536612985147 -979.5792095323525
-19.3360938235681 -980.80941852923
-9.92574045438102 -980.9497844825862
-0.5144735329699234 -980.9998650952934
8.896840739916007 -980.9596557579973
18.30733615916681 -980.8291601715129
27.65964068964707 -978.6091887351761
37.04672328781242 -978.2987990862691
46.43039615381494 -977.8983680899563
55.86680256801798 -978.4063063834094
65.31722301142936 -978.8230996344923
74.7807763046683 -979.148525758616
84.25657829758389 -979.3823711980848
93.64847392139625 -978.5289793011721
103.13656384276973 -978.5800167583162
113.09164060337484 -982.5127382510809
122.63611551511238 -982.374868963658
132.58850904192934 -985.1173977095513
142.03319983842144 -983.8000661433497
151.92195536209377 -985.3571532591409
161.529910174965 -984.8411486726516
171.313245383394 -985.2166116931895
181.1186201208226 -985.4948226376073
190.94506710513656 -985.6753934983946
200.39242554232683 -983.7981885454267
210.4482963172287 -984.7641923715422
220.541088095875 -985.6275302879316
230.44204442453312 -985.4138542569012
240.83323849789022 -987.043743323779
251.03047796688767 -987.5954126724748
261.260400349076 -988.042004779878
271.25702604974 -987.4186679512651
280.99155090631945 -985.7325947331058
290.71866575306905 -983.9505360447523
300.72996288278677 -983.0287327563308
312.258773251007 -986.7722424793759
322.9543994205794 -987.5330150910869
333.37537788276967 -988.2863236033982
343.82735041768 -987.8758794022445
353.9642881934524 -986.4143564870204
363.7580003297368 -983.9111327737436
374.603475629096 -984.1144425556416
386.5802958806071 -986.9932496409801
398.2729808280034 -988.804648422719
408.88830712817236 -987.7101560143327
419.1278416405064 -985.5824939403959
429.3641139139336 -983.3491026501741
440.8228157545422 -983.7475515142272
453.58148013177896 -986.742033604257
466.01150526025464 -988.677033699616
475.91002006348174 -985.0612431738324
487.55655539575076 -984.9312693232102
500.60083671535284 -987.3438115873764
512.814449460757 -987.821006267968
523.6753090897589 -985.5050332949829
535.494187627929 -984.8283987663558
549.7785596583839 -988.3848113664802
561.7077028311796 -987.4109866616429
572.6629804880174 -984.5700131420725
586.6815880875529 -986.7667982857282
600.7946295402352 -988.7845129832948
612.8901755873244 -987.2231929348796
625.0108179978295 -985.5204094211769
640.4168374309903 -988.7114211613459
653.1826852042711 -987.5263944570485
665.9844341841826 -986.186966768662
681.0905943860797 -987.9856285588453
693.414799879908 -985.495263970105
705.7536442750351 -982.8589896788386
721.060625183647 -984.1095339492288
735.8572684003681 -984.3551597580768
749.5116918950092 -982.816475092212
765.6599352984008 -984.2631068362
779.4181156886457 -982.3560459102194
794.4678396053994 -981.8298487175512
810.2151441023825 -981.8759699000458
825.3920379847123 -980.9444345279927
842.2625865759181 -982.3592699488534
856.1593267659837 -979.5877741129774
872.7397558313527 -979.6271324291864
890.069730527025 -980.1795115179409
908.1674207531103 -981.2242026584155
926.3644123976504 -982.0127165384142
943.9643918006658 -981.8224009526361
960.9436510314358 -980.6713514436801
980.8120209097434 -982.1159705650576
997.9402227035068 -980.4673946187478
1016.564741453271 -979.9694517861484
1039.627971020495 -983.3283693008196
1059.1804257488857 -982.9353110507371
1080.2970797589117 -983.6052152486624
1101.5208956302472 -983.9617454403085
1121.343667089394 -982.6847817476925
1144.2737594655182 -983.7268743907779
1166.5590678552696 -983.7763674761884
1191.258951451219 -985.4025119652082
1212.2107149440656 -983.4969153865189
1237.9277021738649 -985.0172608591868
1260.6278455043312 -983.6759807676043
1286.5896961632675 -984.4221420338487
1311.8779587529202 -984.1627006436851
1341.3038026946936 -986.4730654593436
1366.834112009627 -985.387999849224
1394.096684912239 -985.0601164988385
1422.2967950020945 -984.8714773648235
1449.7898175723178 -983.6734645519442
1477.3866951339724 -982.0410139302323
1510.1097580674634 -983.2459095208211
1543.8299658882447 -984.454181983855
1576.8588525490413 -984.579686535184
1612.5868498805914 -985.730009481395
1646.760224593242 -985.2622811706615
1681.0678794319158 -984.233094720088
1718.973140329012 -984.6280225686319
1757.034901231473 -984.3903472985234
1797.8755895831328 -984.9585597278206
1838.8826539310423 -984.8383547930727
1880.7123300516587 -984.9112303104584
1923.8090666719434 -984.316857008365
1972.428200275323 -985.6733712334174
2019.4455573625487 -985.3165181040379
2072.0477056562695 -986.7336547846078
2123.9480579372785 -986.8174335633023
2177.854704662422 -986.8281944592751
2238.352180107878 -988.7307610296688
2294.4849020552497 -987.5945697706677
2360.0160695703644 -989.3458199081097
2421.1529610697994 -988.0502715464135
2491.7675478141828 -989.3712587598723
2559.821367467041 -988.357509537499
2635.56537926459 -988.9490035496768
2704.968589264176 -985.7920323750715
1029.494436081252 -364.1499774512487
1047.0941401619539 -359.22536330066976
1050.4580207228405 -349.26629768566653
1041.352788252926 -335.2914708098857
1060.7203027968683 -330.44430579829975
1039.872148373618 -313.1483914006841
1029.355743656761 -299.3505520302857
1013.858135421974 -284.43045061785887
1005.8944386963362 -271.91980104395236
1005.5277984991089 -261.60054748707097
1007.966539153909 -252.040583926659
999.6180890031293 -239.89096718662006
973.5886166732695 -223.88882393775174
976.6473462262582 -214.84869352455357
980.6007352495031 -205.9762074321542
979.5707549380592 -196.06666231177863
982.3707478693162 -186.94307617742976
971.3082882496728 -175.29748765310478
978.8435279327759 -167.07587445264738
986.3096775317026 -158.7268723540814
976.8960561330342 -147.70949702616795
969.3433885331704 -137.16557551744256
973.5764320838 -128.34691617245008
1007.5076871036927 -123.0985801175945
1110.9848730168653 -125.04643908444564
1119.0595760898784 -115.458499737099
1117.1046324388462 -104.69594158165842
1118.035917284709 -94.23209464582337
1118.8691901173113 -83.75998690444086
1118.6065130238137 -73.21522396813712
1117.2461182435245 -62.62676161016773
1117.783510416136 -52.163433953103265
1119.222218254612 -41.73279484081338
1118.5642865829498 -31.22397766423407
1118.8076021308318 -20.74968467852794
1117.9528801626645 -10.264391652849715
1119.999981490261 0.20362174494465365
1118.9490284700275 10.680434728127002
1120.7996258808714 21.194306435892084
1119.5524596909297 31.65896397529687
1118.207677857673 42.102127976511206
1118.7633652261059 52.61684737761176
1116.224860435359 62.97666985529868
1114.588453070091 73.35925492275335
1114.849930536845 83.86675373466932
1112.0229615470005 94.13252887412783
1111.0928724795292 104.54008190731808
1110.0653800570608 114.93847049083752
1108.940574354162 125.32678305558288
1028.3122060210244 125.97621580351579
1090.5370686885349 143.97535141897646
1113.8944619150006 157.68363172850576
1116.3243635551235 168.7036316540001
1122.5945318465842 180.41761850813893
1122.8277096516254 191.25620104583544
1121.9719807554218 201.93779834334018
1121.0145777601822 212.62012239945824
1120.9361086970862 223.4977409707624
1120.752050294688 234.39249510223965
1119.4852119412922 245.08949435820435
1119.0910477433338 256.0063023847798
1084.5463708339328 258.81300104698283
1029.6701556730222 255.93040170385004
983.6611229076889 254.29666785073005
946.4688283598166 254.1589206445368
927.6948484822067 258.36266777453676
913.646739549906 263.91406804076644
881.3761775998205 263.77269297546644
846.3293490116899 262.15002002946517
819.9687211509603 262.62577241020875
809.8183455889266 267.961279194614
805.3196578583882 275.06589877127385
796.9866343172691 280.77981537074834
789.5585402706514 286.70073506302407
785.8371439704766 293.9064190457982
782.0502421013836 301.0671334256985
777.2686074085348 307.81408664516505
775.208181177659 315.6283824931242
770.3017285457719 322.273559261997
767.1768309546572 329.6433072980085
763.9814262988012 336.9827596041811
759.8047713544195 343.87891681092964
756.4732346872674 351.14704213731085
753.9751389031052 358.8126111440947
753.1971168284597 367.3392208862206
753.2192183411534 376.33071774908564
753.137817898695 385.35623421814813
753.8380930556837 394.87862623617684
755.3059408254559 404.9221354208399
755.7732509039196 414.54890328900996
756.9971151423688 424.7109224709571
760.6972766866123 436.42714539951737
759.9287791649043 445.7232892691812
764.1977525123737 458.1296705683194
771.7087765915976 472.74788643789793
779.856329387996 488.08206842034406
781.881817104777 499.84479999389026
777.8914296813244 507.8640798760482
773.8190689258693 515.8527392257414
773.798494648071 526.623100215305
774.4633563099995 538.0106966715911
798.6377676221509 566.2320338231556
875.001704169128 633.0655714071977
761.8900534998173 562.4344818537048
733.2980327415765 552.2662357752226
734.4914368980667 563.9134056957799
726.1805958373625 568.1071573473557
696.7411317712749 555.3672616369126
669.9243866943452 544.0315396300158
652.6194312633912 539.9045081655162
644.6221427601711 543.2414684680153
635.8596219205136 545.8264753665779
616.564172820437 539.0822022607039
613.8749818363087 546.6639796762465
616.2837669366188 558.9439315444899
612.6426503359309 565.8842487553142
606.0126193490021 570.0637729147165
603.6900714084192 578.3202380021797
603.4146003956369 588.6763287489772
607.256726831884 603.3036281321591
613.6937799884694 620.8936659392365
624.7353666827299 643.6728374071682
631.2724177986172 662.3595205979061
1590.725528310422 1699.7577161411944
1570.4603821587177 1709.0041509808848
1536.0910487338765 1702.4315815913599
1511.2565381307725 1705.8559950819395
1470.736754974688 1690.862027950987
1430.6169103237878 1675.2743822716382
1377.412978896973 1643.0062341835976
1214.3490066722156 1475.5600597719508
1187.0505705355606 1469.432524136852
1008.9896022593214 1272.5234703268056
977.7189060369747 1256.3955351631355
953.5031178810177 1248.548278678553
934.309556554923 1246.7676818598336
919.9669927409059 1251.1873290068336
907.3766653599041 1257.8825808319075
890.6973823028445 1258.7383259275377
877.4991028972543 1264.3244537754201
865.9610765041828 1272.2548541780914
855.461651923742 1281.7434852917734
847.051341351123 1294.49334687949
838.4795822263674 1307.1958499740947
829.2143139774719 1319.0025100411565
823.7656200290008 1337.7037053317285
819.8973943268281 1359.9677432851406
822.2886359774755 1393.4724249666021
967.640609645475 1675.6779674403233
1612.90043017457 2854.8893502800925
1577.6970754050956 2855.0859773846055
898.9586996041799 1663.6568926332022
818.7812827209044 1550.0342612555087
785.7858972261607 1522.1397845534677
715.1132678413805 1417.8705914706115
671.6686612917598 1363.5472890364072
655.752473263762 1363.5093302975447
643.2961329904437 1370.5349631729728
656.579081289022 1433.8175999804382
908.8936155751783 2035.2772281845735
887.2744077224413 2038.2524685133565
862.1658143789466 2032.7159438830324
813.5706582196699 1969.5846729917487
818.098793799656 2034.6899920094827
793.0553465072979 2027.4102242457468
717.3867082547351 1886.1814098382572
659.0159881055672 1783.1149507031907
635.4232754532696 1770.4231869844673
617.3917696645416 1772.5564596792074
600.9766650903318 1779.2445160845384
584.4903054204066 1785.7805248320858
568.5382845594243 1794.0702937706278
552.1887448019618 1801.2616661978996
536.0381665317545 1809.2628565306024
520.6107949611545 1820.0036813616382
504.7624768808465 1829.6499233277148
488.5216027619615 1838.1922216228868
471.91672335711894 1845.6217397440573
454.9765415220485 1851.93016786936
440.25350408044454 1867.8163325511666
438.0447183883114 1940.1643808430524
440.2076052595543 2039.0226247571773
420.16149088345645 2039.1636328599504
400.72959872290164 2042.052102348856
381.0972936997458 2043.7724562031678
361.08608775753527 2041.3098337165668
341.098225284286 2040.6893444882567
321.776573191575 2043.8250504740095
133.45338200131442 903.1938855154032
124.21852398743628 899.4630388728503
114.93883856263957 894.6468931315144
105.05324429857356 883.7781485544572
96.79600430802512 885.7265568729441
89.60279788147331 898.5434539363201
81.72658752843529 906.322660475262
164.54385866763408 2040.3760238188365
145.37497071463872 2043.8363725821393
125.90928644037041 2043.1240421443033
106.57423083805782 2044.2237972690946
87.14440926959946 2043.1423963916593
67.84407426213915 2044.8748571948147
48.42394620281022 2042.4260381796319
29.09896196684237 2042.7927575778344
9.771373164533049 2042.9766323349074
-9.561768214731993 2043.9776350509826
-28.94125172439602 2046.7953986533741
-48.25691584981121 2044.4305490949464
-67.6626464654098 2045.8814154963372
-87.10014298093918 2047.1479099207022
-106.46373432433701 2046.2322627878088
-126.00200986266427 2048.1278020452164
-145.44397529645892 2047.8415588247942
-164.8917963422293 2047.3706785775341
-184.61283367143977 2049.7029300959202
-204.09535683123653 2048.859703669319
-223.5784402397743 2047.8312140066498
-243.06032143421726 2046.6173751202973
-262.92120422690965 2048.193701867055
-282.69692280748444 2048.5864516380993
-302.6496358357183 2049.777353257789
-322.8055526839902 2051.761578535962
-342.8612757462659 2052.561118601257
-362.6127976930487 2051.1950075380987
-382.5525187119982 2050.621752158868
-402.7064826519652 2050.8358025034777
-422.91501031722714 2052.8903755554948
-443.4763228998826 2054.6855601349807
-463.88857261583087 2055.2995869693664
-484.1222011178129 2054.7376217865003
-504.6247169785801 2054.947662354029
-525.1739328797729 2054.953366921885
-545.767814717061 2054.7538763606126
-566.6701090978385 2055.3123819641246
-587.6310815381466 2055.658948369186
-608.6485894834773 2055.7925222453196
-629.7204757662383 2055.7120718623855
-650.8445688229646 2055.4165872721883
-672.3295148669048 2055.8555453724935
-693.8801392088639 2056.071582511535
-714.8368222929638 2054.17460735306
-738.5193395329525 2059.5953935508333
-758.5566426808945 2054.432237832314
-756.8959137649991 1992.0515996644883
-736.660194592422 1885.1810941400443
-755.8547339823785 1881.878747718999
-37.37948650798625 90.5912467537525
-43.691588173707515 103.12635513223155
-53.43237523598296 122.88604996760664
-50.91992196144653 114.15849310252915
-48.66423400469016 106.39921206821391
