-53.98620879956625 114.95429204448887
-624.1859852519968 1297.6871178427386
-624.1131157394136 1266.5807588788175
-632.5167527168937 1253.4506601906896
-657.2505918635554 1272.2600596949533
-57.95707916774382 109.62197304529724
-55.66573529366223 102.9093091717942
-58.09347204715641 105.00070716669606
-59.0886362514495 104.44392306852461
-59.577810714864974 103.01205983002048
-852.8447184268371 1442.7861540268013
-849.4550507983319 1406.369480852455
-854.3789578765476 1384.6174909836236
-864.8320030664216 1372.2061093261905
-882.1622087683047 1370.6530696792045
-1046.1690176977104 1592.028701503025
-1076.2916500794536 1604.4376846637724
-1099.9637952785617 1606.5144409797201
-1119.1896886777276 1601.7273303397963
-1144.2288907692898 1604.8617527777526
-1165.8983781167485 1602.811583407337
-1177.5013189335189 1586.8417198668
-1103.2085353862028 1457.5715857037792
-1052.8487147644573 1363.9056359656377
-1063.9062736288718 1351.4819425109345
-1210.0365632897363 1507.4151768845782
-1304.744533219023 1594.127254341721
-1312.1457355568343 1572.443184557081
-1312.7737077787679 1543.1465232325756
-1312.964664633815 1513.9814362874515
-1318.019749624732 1490.9473295858438
-1325.4341099118435 1470.926381666397
-1342.7341966159338 1461.9472894869236
-1406.4547990920169 1502.414356331513
-1417.906985512616 1486.0874067276548
-1419.4159015978307 1459.6419075551432
-1417.7356251564809 1430.4620572256233
-1417.7623248055318 1403.5579754189043
-1417.4069479733644 1376.783768003107
-1414.500277289382 1348.074540056395
-1416.290373490647 1324.327217102225
-1418.9311446831252 1302.348035913686
-1434.188237853471 1291.5123299460815
-1465.1048496040055 1294.408273948689
-1502.2489011385283 1302.0722864065897
-1534.3349236645313 1304.6119507437286
-1565.8344427061343 1306.018184419792
-1184.9649572608994 969.4426491874984
-1633.21557305369 1310.51245394117
-1655.7840737382076 1303.007329662771
-1145.5572516393206 884.0291755460148
-1169.8365427915935 885.1957202502803
-1205.4831932238965 894.3216819773062
-1192.8816232806985 867.5588930091177
-1184.7684521087647 844.599736495224
-1869.0099123915613 1305.833813079631
-1905.236323802161 1304.4368710155456
-1948.2457599488664 1306.9255750964799
-1984.785324632681 1304.320595222947
-2033.220629831926 1308.7161152923372
-2076.838702651509 1309.1088584104823
-2006.6127749795105 1238.4139741173099
-1918.9778470020776 1159.3481024762457
-1927.3018087448875 1139.573928277005
-1922.4399316135855 1112.2345567988586
-1912.8828644000778 1082.6278894821403
-1911.6881348898214 1058.146244581285
-1916.3584182998554 1037.1168750971497
-1926.105899227267 1018.8999288261439
-795.9474401817479 411.4409708185647
-784.6377982253638 396.2127277057785
-774.9060648073964 382.1211728296603
-776.692316982252 373.8890807990266
-796.4944366777689 374.1612117007367
-2002.7430813193823 917.730434401816
-1999.4856006677983 893.3965148365726
-1985.862614369572 864.8154004463893
-1990.2909465171876 844.3849526203776
-2041.6469761207238 843.4207875652016
-2077.3868290505384 835.2155185862804
-1212.571210841028 474.20993097943807
-1207.5694163617727 459.3910150053955
-1212.799515532366 448.292689126711
-2065.017928637529 741.1726886533047
-2046.4396736151082 712.7227106344303
-2040.7743058954104 689.1706845166194
-2047.2030235115515 669.8326511339694
-2044.8686333443939 647.7169693347789
-2049.9488529485207 628.0491225175335
-2096.071086163229 620.5497576749997
-2148.0003261851366 613.8815836206086
-2155.6400778033612 594.0638475516906
-2163.0969382852204 574.1564556643981
-1304.159767013618 332.9914444891727
-1292.683555060884 317.06501931804905
-1286.8645629847608 302.75996521013235
-1278.940296144812 288.1539846974543
-1268.9006445283057 273.30414251461696
-1242.0436200594263 255.24820443967
-1220.8494989236628 238.87758575856665
-1217.1558368229094 226.22039892088281
-1216.287028767391 214.1748436492763
-1221.2181766032718 203.15059717800506
-1221.1095677915846 191.27839252735615
-1225.8326675471067 180.15346561846863
-1227.4821882899073 168.54814573593157
-1230.0137871528123 157.05439635360761
-1230.4514865182457 145.2932872676483
-1230.7768327756562 133.53796427504906
-1233.9753990312997 122.08486632480076
-1239.059298205336 110.7612546466495
-1243.0422053 99.27273464004536
-1242.9282313584106 87.43804487894998
-1246.6942944255743 75.85734141610357
-1250.3522169383386 64.21318865608129
-1251.9028864711165 52.42292289911917
-1253.3422933270406 40.60906004470293
-1253.6703926245798 28.749724460106485
-1253.8862794070785 16.88781556843773
-1253.9899343511179 5.0243950958386
-1256.9813035572529 -6.8558374768640995
-1259.8633797713562 -18.55436097243741
-1261.634917616676 -30.35349486242659
-1264.295224819477 -42.220664356077464
-1266.843656487599 -54.140096205400646
-1269.279469197064 -66.11073343126563
-1271.601929530904 -78.13150973379383
-1272.8128119846037 -90.13071423130776
-1273.9103102336142 -102.15929463586274
-1273.8979708079196 -114.1269467368018
-1275.763394094108 -126.30028618131222
-1279.500644154937 -138.73392377894177
-1283.116508503797 -151.24822513016755
-1285.6178188795504 -163.71567969925084
-1287.0070721597301 -176.1073428646267
-1288.2767541318092 -188.5391332419085
-1290.4143034972005 -201.16392651227127
-1297.3610100277492 -214.66115079300772
-1300.2273407219338 -227.61560236321316
-1301.981083351092 -240.4605135898969
-1308.5161491534923 -254.3117917134698
-1315.8851373813952 -268.50568936010734
-1317.234914681896 -281.6046511387515
-1323.3340276086954 -295.84295052096263
-1330.2551968003788 -310.44663210539954
-1332.1598697722425 -324.0232728808253
-1336.8348548155852 -338.3985386348369
-1336.5214354253117 -351.6169117785215
-1342.8302226598885 -366.7028676069971
-1336.4647139463739 -378.3953863041106
-1232.1195120420402 -361.29974819432755
-1173.1939192408308 -355.93823601341177
-1132.6097764297201 -355.1958534890568
-1104.5122954053277 -357.7339644183284
-1085.9524667889357 -362.9493626871739
-1072.1199263486535 -369.47917874510546
-1055.4339069826376 -374.7789588428958
-1044.37858673412 -381.8604032512953
-1033.2836450524337 -388.7684514812846
-1017.4882533417041 -393.69868467096546
-1005.4086993339629 -399.84665473602377
-994.2521567745741 -406.1263950411346
-986.743465846114 -413.80832834779795
-979.1782044069605 -421.3858611941801
-972.472501324465 -429.26243041726605
-960.2389661552173 -434.57695276804475
-952.5272442565364 -441.80521607270407
-948.3773089587135 -450.6445160569792
-944.1453485399645 -459.44483981251665
-939.8317290224013 -468.20542619961554
-935.4368234908281 -476.92551751545983
-931.847641595769 -486.06683990208927
-928.1692621904838 -495.18261351220025
-923.523975922249 -503.79307845261377
-919.6721970001443 -512.8470045392953
-922.6823430496868 -525.8339032663641
-945.4057917008085 -550.4942225115242
-959.1534098687873 -570.5091904054465
-964.0622354675011 -585.6347036723528
-967.921999898564 -600.3732190166082
-993.5565914062635 -629.1433061498526
-967.5062759889014 -625.3283984612306
-876.5029456801508 -578.1371690299965
-870.2588168245414 -585.7052089055973
-875.4911186209381 -601.1316837564449
-873.9581941356207 -612.116063261866
-872.2963294267465 -623.1236744568648
-881.82071836895 -642.39646687639
-885.4414519115295 -657.7251973558582
-891.2440411004999 -674.9874511447234
-934.0029144881854 -721.1369881843361
-961.0458615351988 -756.3860469535828
-975.0306503805648 -782.186186798548
-990.1652039697757 -809.5763514625984
-991.0441713675966 -825.7914085277915
-991.7064504727144 -842.0922254069382
-983.8321926689711 -851.2785775926494
-975.8728432526259 -860.3913027233806
-968.5730023036537 -870.0978905896087
-995.847195366449 -911.4759258920542
-1036.3281951943648 -966.3916762085602
-1019.3483464866985 -968.3826457113086
-999.9812650427226 -968.3498693982234
-979.9973140285231 -967.3335849110587
-964.3549104842118 -970.2801691392996
-945.2557834758632 -969.4366940679687
-928.3356494049912 -970.4854053739364
-909.4297527140841 -969.1122354394251
-894.6996865178506 -971.8814078604754
-878.6599116232102 -972.973668557527
-861.3555387722139 -972.3516009275808
-843.4882940796285 -970.7334844078667
-829.6235032947474 -973.4299372738391
-814.5020427699557 -974.4159390750796
-798.1702167355967 -973.6556399036831
-784.4342832990772 -975.7903746118134
-767.6356409541819 -973.8252013256088
-754.0046544365454 -975.5849430408538
-740.4106344578894 -977.1735221452052
-726.2593313962437 -977.7890281445589
-713.9301360635584 -980.6491527657937
-699.8705309001367 -980.9211181219215
-684.7254904082115 -979.3753125259152
-672.5002186338271 -981.7552933075812
-658.6207016833248 -981.5002655700939
-644.2587670619638 -980.2344826947265
-631.064209247577 -980.4661971770013
-620.5902824285885 -984.7658104113915
-607.4667600951362 -984.6995152733234
-592.3341441974065 -981.0485521206002
-580.888090792097 -983.2258265403287
-569.955169548776 -986.1400025881852
-556.5593124604751 -984.582516457368
-543.7295097965061 -983.7348322472125
-531.4425120267063 -983.612147348102
-520.1417022366949 -985.1135008689677
-508.4025358253737 -985.6002544471717
-495.8020391901515 -984.1668242401221
-484.1584697160312 -984.3777609242454
-472.55643397481964 -984.456406708292
-460.9973934947208 -984.4035773965236
-450.187515088902 -984.9975640873837
-439.18587573246623 -985.5743333493963
-428.2140229397181 -986.0313131730566
-417.27323652249993 -986.3691226321097
-406.7456351815179 -987.5130319447858
-395.86198724094044 -987.6179863984119
-384.28671658135227 -985.7422175493568
-373.137317112873 -984.671286561057
-363.0794497808593 -986.2932186458693
-352.0148849104704 -984.9880815530046
-341.6631516030647 -985.451820657236
-331.01585023051325 -984.8601458563396
-320.10113266259356 -983.2045895275941
-309.54837601801665 -982.3847529886691
-299.33162322861307 -982.4100871506377
-289.4247457209564 -983.2895385207552
-279.52820787788215 -984.0696017053771
-269.64300226826913 -984.7505528446045
-259.7701171446075 -985.3326779512983
-249.91053634514137 -985.8162728539653
-240.30175667376898 -987.1732703732921
-230.68976152483344 -988.4367627357935
-221.07545943214555 -989.6068114341502
-211.2510114111923 -989.7055168977024
-201.24521068948988 -988.7271439454582
-191.27709304627172 -987.6482540235506
-181.34766269322247 -986.469475065349
-171.62937322527304 -986.1766364329972
-161.93302819185513 -985.7883618610111
-152.56499749530298 -987.2815816874426
-143.18321001989497 -988.685778378752
-133.52066685266888 -988.0188416843165
-124.25724346209968 -990.234385106476
-114.73361451633886 -990.3762909621859
-105.21850523226097 -990.4267091292968
-95.80898725144394 -991.3811769253301
-86.3908301786212 -992.2462519259262
-76.73306131109271 -990.0308264401812
-67.39638998007706 -991.7125221643888
-57.918041214997736 -991.3094877493193
-48.72420060712698 -991.803888011736
-39.22089488925277 -992.2251364504359
-29.713989847856958 -992.5553278318149
-20.184011151510067 -991.7946388712916
-10.692871860773344 -992.9424265743553
-1.1780270426068276 -990.9992998243172
8.332171199650253 -992.9650421455428
17.84398224502915 -992.8396609209561
27.35415573814768 -992.6231662437933
36.89894059567117 -993.3148887351468
46.41279223208778 -992.9158336521888
55.9786444847354 -993.4240742812968
65.49266659584625 -992.8422385364985
74.9253008419687 -991.17213403815
84.58673380580791 -992.4016749603284
94.08964906516319 -991.5458324952984
103.68792959402839 -991.593572617584
113.29574989978418 -991.5483210891165
123.03524354873831 -992.4023019143509
132.93400979518074 -994.1516730558646
142.4514708823323 -992.8326034349699
152.1073604731524 -992.4108780590277
162.4120827517008 -995.8430174361091
172.62603639637706 -998.1829749890932
182.53997909255858 -998.4508781271558
192.8533785430221 -1000.584116596172
202.82702087584286 -1000.650887973738
212.8196042941979 -1000.6182169179517
222.8301371287495 -1000.4857470185084
232.63088686619633 -999.2791754439031
242.19289268093428 -997.0048158032345
251.97802579985492 -995.6083941560596
262.5224952886551 -997.0170206508102
272.85310244433555 -997.3500812084495
284.3065462479962 -1001.4243794518566
295.015978841396 -1002.4921806319753
305.18887915775554 -1001.5331986701354
315.37042645666935 -1000.4711360736693
325.24981596250336 -998.3549254730793
335.7552857659403 -998.0367668980094
347.61562051495673 -1002.4392153013576
358.2476484014963 -1001.8755523590731
369.2466148736838 -1002.1381827893424
379.92887846426237 -1001.3466169658176
390.62995634478216 -1000.4420209117935
402.4666228853583 -1002.2078713836042
413.99158983876237 -1002.9137368401999
425.17672967220386 -1002.5695729201288
436.3933772382978 -1002.1026994787273
447.6402036506262 -1001.5124802395754
460.1663226778289 -1003.5252639934704
472.7722565840073 -1005.3891750981137
484.1536394432114 -1004.4004447499478
494.67383460280644 -1001.4922852220857
507.4400782930358 -1002.9359735007803
521.1995536386412 -1006.0020006376137
533.190380382392 -1005.3616355658695
545.69386259139 -1005.462186424775
558.2483027225313 -1005.4147564599463
570.8520064065265 -1005.2183776581302
583.0011111224494 -1004.0073228965958
596.710803283378 -1005.2349064994241
611.0163064122886 -1007.1460039628238
622.778859258889 -1004.6245529849432
636.1543146095798 -1004.5042000925708
652.3003351822073 -1008.417211634738
665.2727316639051 -1007.1053532299617
678.2798962980614 -1005.6368043572645
693.0213726218961 -1006.4816824409985
706.1162848741038 -1004.6809405157409
719.240315591832 -1002.7209823412304
735.3448013312435 -1004.6357664124417
749.7568855215463 -1003.9290874424503
763.6168697444623 -1002.2421245595642
779.9679910839569 -1003.5392034616567
795.171564487062 -1003.046451083497
811.6947140173141 -1003.9087066244373
827.0349501054367 -1003.002089381721
843.0758272016369 -1002.6580421999694
859.836844564751 -1002.8567199400582
876.3353036169839 -1003.1253339610803
893.045313592641 -1003.0548678263923
909.8308646242829 -1002.7580953435529
928.7258507116088 -1004.4363067014248
947.7320387539932 -1005.8468982500267
964.7683083152101 -1004.8239205306608
986.0645100994058 -1007.8575206458594
1003.9719161845303 -1007.0374330245934
1024.8009952593006 -1008.7749600954353
1045.031327847131 -1009.5140037751147
1063.9138015228232 -1008.5848615407901
1086.5312183750714 -1010.7946930491786
1108.5446032567852 -1011.9930150896579
1129.1858321545524 -1011.5311940130326
1150.6665267926626 -1011.4299501789093
1173.7586600005725 -1012.3194199824779
1196.968096668142 -1012.8629599104935
1221.0597766700162 -1013.6972041978659
1243.7209551643994 -1012.9038383207727
1269.5992171644075 -1014.2696031014256
1294.0374719520635 -1014.0034621163344
1320.9603764642181 -1015.194406905156
1347.220009997743 -1015.3655719304652
1376.010864339555 -1016.9145004470685
1403.3287732756012 -1016.836935844089
1430.7653582061305 -1016.3343395543038
1459.1356913665516 -1015.9759023619879
1487.624166782112 -1015.1725658260407
1520.381232937608 -1016.7014834901731
1554.1330365381823 -1018.2507081954861
1588.8878872953946 -1019.7937446395608
1622.1137652814232 -1019.7072778422855
1657.1796252570114 -1020.1331724990767
1691.5382403142 -1019.4721092578943
1731.1965556371945 -1021.3023478627248
1771.0362502387459 -1022.4752321402619
1811.9191491194856 -1023.479358391814
1853.8500974169365 -1024.2869794677736
1895.9536397645256 -1024.3948437314818
1940.8729819347404 -1025.200989072752
1990.2784153229334 -1027.8092378937024
2040.9684019962808 -1029.6814954405788
2090.073660278406 -1029.8019686378675
2142.0633015988674 -1030.3852735474047
2202.3936632870536 -1033.90093911991
2254.7943663506353 -1032.6191773705534
2317.4075120672037 -1034.9233899253093
2380.2606902465905 -1036.1346661833222
2442.4181945487767 -1035.8582735766
2516.7937560749615 -1039.4605280538972
2584.954709840027 -1039.1367321367584
2662.6421289241853 -1041.2578418807143
1030.0596375450855 -391.63904695585086
1045.9078256831096 -386.3959370578706
1052.3351326876925 -377.5112826276541
1043.5770475866013 -363.2794320498103
1045.0673314469725 -352.76518073968657
1043.6008968881824 -341.3226743335131
1035.338509874329 -327.8264326914532
1019.2660109677921 -312.17430849735945
1007.7863085547492 -298.274632326639
1001.9053675803966 -286.2684656290144
995.8882984065689 -274.40024981196507
982.9714030868281 -260.8758722333528
980.547364847266 -250.341497341297
977.0412372206363 -239.63810375307247
980.2348585658424 -230.62658574501532
981.3942460835336 -221.13645957673393
974.6413059204799 -209.96029337382228
973.6426956248371 -200.13970434774055
974.5085386561987 -190.7409449650502
977.2500826372864 -181.70931727739455
974.9837078157689 -171.77534600115192
978.5357730346606 -162.88566815855597
978.0549783114725 -153.32468620592388
1047.7251304024546 -154.12024890701264
1122.444925369785 -154.29319334182443
1122.8604808221799 -143.5560538876117
1125.1595930124251 -133.05972438012066
1125.3722215521593 -122.31665037417174
1123.4726458017944 -111.58052758037834
1125.461974595248 -101.16987565557955
1123.3676468622984 -90.41089526745242
1125.1607155460774 -79.98352450247964
1123.8626085738433 -69.34577888809268
1124.4613855809089 -58.84379608304125
1123.9629503249864 -48.29375007961474
1127.3633648624211 -37.89252652013625
1126.668451705561 -27.334958046317062
1126.8746474556735 -16.808596659185785
1127.9824829812076 -6.286341348496766
1127.9919883550706 4.251377044494265
1127.9030515209615 14.788724410964358
1126.7159322971072 25.302330087577218
1125.4309016980137 35.795048584905544
1120.0516303620122 46.10146769245374
1118.5733564989496 56.512353788120734
1116.99840514362 66.89964803053417
1118.3199156286937 77.46977674055505
1115.5535653259037 87.75672560359605
1114.6850767465346 98.17423123494548
1013.1959381698995 98.78254337694068
1117.6279960006666 119.51427762210662
1121.4292138628953 130.52784490233742
1124.1295909408207 141.49792497144017
1129.6954120849034 152.93225923368962
1129.207110725724 163.6224345450899
1127.6293002245213 174.1641790815676
1127.9267041971107 185.01445878374966
1128.1196230941264 195.88546651032124
1129.1913119912886 206.95647108363792
1126.2267929788873 217.3067205046603
1119.2472200620384 226.82517581476444
1101.4285636630461 233.94682974376718
1029.8851959060644 228.8263167853019
985.8151901545245 228.71906536316294
951.5604425963173 230.1602139508491
933.8530667636524 235.13283415150983
918.0720025444845 240.30147345357702
882.0120042517548 239.68901592647592
845.100659166894 238.09425838453384
823.5866558062946 240.55980623912234
815.504884296397 246.6896505504845
810.2447832658493 253.58310509668593
801.1218804767954 259.1673834056348
796.7092095571353 266.1849646521093
793.1811510928657 273.46784372389504
790.5289776649494 281.0425865807708
786.8654883136938 288.2476423162073
783.1365791324033 295.40835875918805
780.2749910456849 302.88601543923465
776.4132815795599 309.96518544323493
772.4876214216299 316.99822515331624
770.341461571028 324.76150108135096
767.1996784320062 332.11542182474193
764.9015552409447 339.8449805278636
764.34554395365 348.3904267315606
763.6957888700377 356.95621869099114
762.9518509752438 365.54134252290726
763.9086220068524 375.02615538598377
764.7533387182646 384.56251886951657
765.4851043788113 394.14915320746326
766.9876820641146 404.2510303782995
768.3665570538678 414.41746343655126
771.3717620003723 425.613210307717
775.1033482615792 437.39547267168774
782.1440380611482 451.2867200853589
790.7115485206658 466.36814539165385
791.3529361958426 477.0078934087135
790.1597243937431 486.6534803594893
788.0076703379686 495.7871634971274
784.911670192437 504.38345531521844
787.5756364965396 516.8061694649847
802.5347948693534 537.6745326161589
888.9764232534274 607.9884200373748
769.142560955333 536.9019658439255
743.6098657019053 529.7295230877684
744.1708326377548 540.9341659122955
731.7334451390813 542.6667165626533
707.3693887852082 535.1612353390714
678.6213006552061 523.3757066362903
659.6972994900545 518.3825547272296
652.6305681918642 522.4646796306565
644.7692577130427 525.8294441243966
629.2087758410278 522.7048080940477
623.6827216865065 527.7393889693204
628.7221064783905 541.8565426617781
623.0343484474646 546.8721977342086
616.5618399332395 551.1628593602242
615.2391457863268 560.0935578027218
615.2715983560105 570.4049966965928
616.6215638137421 582.13559162784
623.5760892684847 599.4813265587368
635.982565470799 622.596318987818
648.0198417710835 645.9839662646278
1640.086731610072 1664.8376836186137
1616.5886729458618 1671.0074992360558
1586.9152792109924 1670.36400123048
1560.116166207596 1672.2459591632185
1529.3611437190941 1669.3563107024886
1491.4310590096256 1657.8701385275708
1457.1468115167022 1649.5830290369468
1369.408820431222 1578.866518273527
1229.2653808916 1443.510520689555
1185.9868064760014 1418.533149018681
1016.3759725370171 1238.2987856125162
989.4272957370833 1227.991297383822
969.573808747263 1225.9264371859047
950.4529107961033 1224.3934271136932
936.2881721108621 1228.9790310519138
920.9210700796777 1231.806958367788
907.9459330570883 1237.6829895595613
896.1084019005552 1245.0484858202244
885.3655594149367 1253.934936989107
874.5352010644035 1262.7288632557836
866.4275500134324 1275.5654826694397
859.8218862037752 1290.855268418959
850.2758445821219 1301.9431585596046
844.3736145074753 1318.8590520308003
844.6125828401924 1345.9385516835525
835.7624553403414 1359.675372375143
1004.0041930526762 1668.1680312044841
1658.9307038953957 2815.630110592144
1625.0223401645128 2818.033249265567
918.4622008851163 1627.7555668911928
830.7055910226313 1504.954890036157
794.262370511515 1471.3025816566178
716.5129770147224 1357.510277592586
691.4017657491621 1340.159542113901
675.6821110132211 1340.3188743193602
670.1812262443491 1360.9357530719885
730.225022152516 1518.5507620828346
945.4411263331799 2014.1415234878227
919.8928982556804 2008.352074646964
898.2074892735181 2010.479372242591
847.8101811405622 1946.3676160361913
852.2267059491273 2007.6032082229544
824.9999328584673 1995.1581668588394
769.6984961338823 1911.880023706833
690.8620698718559 1763.503785199333
666.4999832922584 1749.331807368579
648.3679627704148 1750.8020975692662
630.2669237769977 1752.086643060976
617.4734843475571 1768.2916886440673
601.2234374695237 1774.9384153365236
586.1508339603578 1785.236174809254
570.6349872077153 1794.4538755215892
554.1155140997275 1800.669874528364
537.8148148581281 1807.692237334419
522.5358963172393 1818.411459780195
507.10333501732356 1829.0025171153559
489.96929457278685 1833.6668427977438
474.5360674527421 1844.9500049287208
475.25638614342563 1922.1163771816448
476.8821116246334 2009.1810400291038
460.72554452072063 2025.2557795562725
439.8432094390015 2020.683535616203
420.5116986098287 2022.7520637320522
401.37438900698237 2025.6168442845433
382.035116223803 2027.3179745594584
363.7497406402335 2033.7261679449775
150.78637085029496 891.3357786860109
141.29425399995475 885.8018592137839
132.21611129041685 882.1467564499911
122.24686451188475 871.467557696219
115.21187125129491 881.5028217327357
107.51776504580245 887.5110873671132
100.05355587383505 896.433648385089
207.41098642930467 2031.4390669445202
187.74330372865506 2027.3254430172403
168.75129266251636 2029.9980298573516
149.72561032632916 2032.492617849425
130.53975711374136 2032.8129210069199
111.47052038655632 2034.9492187975477
92.28203665209932 2034.9086037734817
73.1400864359244 2035.6865003620144
53.965161361493415 2035.284688037334
34.83847158803718 2036.7020599236919
15.66679746122987 2034.9396923391387
-3.4754690968999324 2036.9970351265993
-22.621714725436334 2035.874322747571
-41.82920930333976 2038.5709007167393
-60.96975495992615 2037.0877960903224
-80.20405372439184 2038.4227505024994
-99.4201368453219 2038.577110729358
-118.64621330301783 2038.5502387895312
-137.94806233472556 2039.3396804108172
-157.27524295536108 2039.9461997693302
-176.79850645009958 2042.3619385694137
-196.38108970499846 2044.5905378843652
-215.70629656056894 2043.6476686611427
-235.1454441984578 2043.5155052195494
-254.60116529916016 2043.1982886221076
-274.2046768303927 2043.6868143637714
-293.9821573072779 2044.976892579708
-313.9597052756245 2047.063824960825
-333.84155625052006 2047.9684605286848
-353.7681364183287 2048.679844596296
-373.5581433687257 2048.2134443272535
-393.5592883361545 2048.5377923202536
-413.7228532587918 2050.6821793470103
-433.7613143011276 2050.62603178048
-454.2672506395056 2052.326792934406
-474.61784988778066 2052.848483587598
-495.25245939842523 2054.140696607662
-515.709421568712 2054.2560192208916
-536.9697035439781 2057.070620439632
-557.5430329913912 2056.77095622307
-578.4285146567004 2057.228585605412
-599.6511465955199 2058.4349643325336
-620.6584112457416 2058.466209717787
-641.4211915669532 2057.3293015482063
-662.8302562028373 2057.887278609322
-686.198956814434 2063.9176319966796
-706.170512136434 2059.284392158831
-727.1151555049017 2057.2864532279123
-703.2744715136362 1931.9785241345762
-700.6588650666329 1870.0497733492384
-699.4628738474463 1814.8764938995357
-46.781046052509474 118.07003739405265
-50.14844582826627 123.1833323993528
-44.35827389088319 106.10062929795181
-49.29479281561844 114.86959302298087
-47.1460730946629 107.08056682588445
-50.617206760263194 112.10217830081967
-600.2513627752205 1296.8189162278943
-594.3862812921479 1253.1855204285164
