-615.2226160332538 1263.1413747958698
-661.2651590287367 1326.2927238942011
-55.465877219578765 108.66248876343029
-56.95370221013667 109.01961201801754
-62.22436926103165 116.4136068939829
-58.52499981653004 107.04589855045899
-59.04638045709312 105.61498451884663
-53.095165893247284 92.89727315033822
-825.2017418351688 1412.6351564619235
-824.1683412861832 1380.7282662499458
-836.1432636424818 1371.1675472622956
-854.8840787038671 1372.5386012708861
-1014.3367946932507 1594.7479007452628
-1047.3408643338971 1612.7635021590502
-1068.6186613497007 1611.9584847678843
-1090.5346984350404 1611.7227030445392
-1112.5411841818993 1611.2157253140056
-1136.3628118075758 1612.8882664154949
-1146.3069004435897 1594.7653401034931
-1093.3315398242632 1491.1160732905757
-1025.3290074554936 1371.0012496239133
-1035.8184538611727 1358.0663204132004
-1209.4634523382222 1555.0235231205056
-1275.6843555856917 1608.5516544127263
-1278.8878087192325 1581.6453372072133
-1279.7893791988606 1552.508661776093
-1280.8989451097768 1524.2633933860188
-1284.1922668377854 1499.1751804889348
-1293.7037429485492 1481.6948489756296
-1309.647855259457 1471.6393903447624
-1375.9044154958203 1516.967712055568
-1387.4687238693325 1500.9552092865417
-1385.139240742254 1470.3024463544812
-1386.511045506976 1444.1575816673028
-1387.5134283842804 1418.119348310748
-1388.8546166154974 1392.9005183091215
-1387.7058411094613 1365.6798667882172
-1381.851756450549 1334.4387296517334
-1387.872550172928 1315.125007167187
-1409.7638441879149 1310.7978118766114
-1437.6065080094647 1311.565296936768
-1468.329622934531 1314.857071476949
-1500.2173322311585 1318.0883718754317
-1530.7805123669393 1319.5271967479907
-1559.2124244948463 1318.567637742146
-1593.1488471811435 1321.6568203302224
-1625.7295918121474 1322.9585383927606
-1134.8285328934219 905.7969976385237
-1126.011465046325 881.4750028130286
-1184.2604215578926 909.1623913974458
-1159.2413104135483 872.6743861433538
-1158.5832175828587 855.1519911310212
-1142.3055399928787 826.5821515745289
-1870.2798724136928 1326.6130554326007
-1912.2873348511598 1329.43527445598
-1951.2066606425233 1329.3282391735509
-1996.1142618157146 1332.4893447138347
-2038.7420574852467 1333.2767241052484
-2027.668653753711 1298.8548150523266
-1878.0495283726086 1178.142168407286
-1909.545610264428 1172.9094433586308
-1893.9735175950916 1138.8434109430827
-1894.305379781544 1114.814391784884
-1890.020275553902 1088.3861254146682
-1894.9900753637041 1067.5381090495378
-1900.6109786134543 1047.1761589980968
-1911.2989423177323 1029.6491407732626
-776.8704469833489 409.0920539486092
-772.6977423289674 397.61689979139067
-766.5913502445775 385.3591853455624
-770.1975295048226 378.10020569244324
-788.1635984317473 377.72230819362443
-1982.8650046358507 927.3442582937948
-1968.7920754986114 898.1947246860614
-1968.966171127582 875.8979489387963
-1989.997299288578 862.8277631278246
-2048.724813833568 865.3916091473336
-2076.2298245103007 853.9875384418237
-1195.7485479950637 478.67463894350715
-1192.7623392925364 464.4545208794897
-1205.5137809251344 456.35241206723896
-2038.3659369190298 750.0988649559512
-2031.225395449538 725.7908740683289
-2026.6433659431473 702.667536804306
-2028.4419383043162 681.9261711712121
-2029.079130625807 660.9038369224519
-2050.4824023548813 646.5461450143796
-2122.48886315047 647.3036581097205
-2135.2148000866 629.232673572456
-2143.9407189729386 609.884573939856
-2154.420113980079 590.9568279308253
-1283.9504735221253 339.1978501439978
-1280.3085443547977 325.3475545506667
-1272.6342642634552 310.64775779428055
-1266.744876581863 296.5778441718136
-1252.8978529271133 280.8967250265294
-1224.2022269123675 262.3602630407293
-1210.9468541028182 247.59587342782663
-1210.283760317425 235.58909039239077
-1211.4688333093088 223.9805034376476
-1214.512694018712 212.71557551672186
-1217.4517435703196 201.41313779788197
-1218.3093740979682 189.76635366949887
-1220.0451907359825 178.2659040927351
-1221.6724492900114 166.74959264041584
-1223.1910049686392 155.21844401942295
-1224.6007226526942 143.67348425683585
-1225.9014769072733 132.11574060862804
-1228.0883613619144 120.64400808746393
-1232.1599910789969 109.31951511146777
-1237.1238630532912 98.00789490699982
-1236.99573089935 86.26448711249851
-1239.750787104766 74.71268883605737
-1245.393937738043 63.26879045257222
-1248.9327682338392 51.642428600511735
-1250.3638255552721 39.89114867718062
-1251.6842286506658 28.11746338466423
-1251.8937669930706 16.309388826665412
-1252.991906946358 4.503457219636444
-1254.9786080181968 -7.327579184761616
-1256.8534223742952 -19.195693944769634
-1259.6205115572172 -30.92194793886922
-1263.2740827491793 -42.832135765331714
-1265.815640681629 -54.77009955949648
-1268.244138013084 -66.75931691868868
-1270.5588386771096 -78.79871483389893
-1271.761556766611 -90.81598279249214
-1272.8504557603053 -102.8626135716146
-1271.8331840022088 -114.75779742920979
-1274.6850316229322 -127.03964009884687
-1280.4003500201316 -139.7102131854522
-1284.9965186882353 -152.38092715007275
-1285.4995728272404 -164.64157512907462
-1284.8948532822942 -176.78861956775305
-1288.1326786199393 -189.52098108499783
-1295.1960898711868 -202.9484880022234
-1299.1608828451263 -216.03240609934463
-1302.0088451485667 -229.0348601302775
-1305.710026892232 -242.29181924507205
-1313.2024846687473 -256.40443494570985
-1318.5850694484802 -270.27655212309224
-1322.844658059955 -284.0616317671932
-1330.8639742959297 -298.82617342067476
-1332.8802143809278 -312.39611731238284
-1335.730063683434 -326.2670638790391
-1346.1899803852355 -342.1893287500354
-1345.8325769412736 -355.52591304096387
-1346.3076212004546 -369.1500902039342
-1245.6468259183143 -354.10307126545587
-1171.294396232204 -344.83392720994976
-1137.4079274592982 -346.4450989013175
-1110.273284609937 -349.55576591076533
-1092.6919146430896 -355.28211279716714
-1076.0498245186723 -361.0287733039217
-1059.396949531462 -366.4957071009602
-1048.3887530604577 -373.69776886722025
-1036.400379105592 -380.3817216820299
-1022.508388640135 -386.1678328920663
-1009.5318573578106 -392.0898225913154
-997.4635203619811 -398.1739890388168
-990.9217724650099 -406.3435010613597
-981.5815525147849 -413.1859820500505
-975.8840443190553 -421.44908594453506
-967.3747754720708 -428.42740783049885
-956.9991533544581 -434.45784660752804
-952.0354529347776 -442.86397048673194
-948.8037219726242 -452.07576485683796
-944.5842128137107 -460.82715295770333
-940.2839864575224 -469.5391621702602
-935.9034103696755 -478.21104803048064
-931.4428588818796 -486.8420695029868
-927.7846377205246 -495.90287961434024
-927.5485373530101 -506.8557100934069
-927.1888486259808 -517.8463468864371
-944.9436565074989 -539.2823806005883
-962.3794577938266 -561.0898138591184
-969.1804828683452 -577.1249358909051
-972.3485166170267 -591.2549046161628
-994.8781375017358 -617.623260184619
-989.1263453321757 -626.793485104794
-898.4802150332893 -581.0622197267124
-876.3776036497909 -578.3271529342627
-877.6302719370136 -590.8714799173874
-882.0226242370675 -605.7524992387212
-881.2996973865253 -617.322317259322
-888.5749531419007 -634.742902795194
-891.5608085489316 -649.4061322928628
-896.7592275562594 -665.9668819038234
-924.8478959034354 -700.1830970846041
-969.0027252006772 -747.8032619303427
-980.126371612134 -770.9483093375541
-997.1452842879348 -799.3655496844568
-997.4576129267773 -814.8756410731734
-999.1048234947775 -831.7388722847271
-993.6613597582638 -842.8796486589046
-985.8273585378524 -852.0290013598601
-981.6616450092847 -864.4098650048281
-1007.1255471271716 -903.4971678559901
-1045.9728715555705 -955.9444293314302
-1031.9682224556161 -960.8025748517724
-1009.9823925690772 -957.9141750180139
-994.5849131792569 -960.9837930351428
-976.7973732267138 -962.0332071490006
-961.1987241638794 -964.9564822652524
-942.1395274104148 -964.093932607648
-925.261809712763 -965.1215381945751
-908.4513376671956 -965.9151966351305
-893.067250126029 -967.9462210021449
-875.7148533470643 -967.5476709843964
-859.7803824581508 -968.4021344153036
-841.940083934398 -966.7786174013878
-828.10727419172 -969.4654931614429
-811.7317458415448 -968.9105081446055
-797.9825795958196 -971.2223240132001
-784.263867895596 -973.3602547430418
-768.0979394576348 -972.1864818032268
-755.7012513459779 -975.5365798954559
-740.8917966169392 -975.5533535925772
-727.943160456597 -977.783081846102
-713.8410601952105 -978.2392042743829
-699.2155639933051 -977.7022016286576
-684.6661388171653 -976.9755771549226
-672.45924018261 -979.3582441032632
-658.5952713597062 -979.1078942295558
-645.8983704487661 -980.3526381112199
-632.6960654532319 -980.6042467580893
-621.6847694409031 -984.0752244850041
-607.5092174981069 -982.3225288340067
-593.4245157959153 -980.3893838941665
-582.4905056667295 -983.4397850443705
-571.0512156945167 -985.5057123395148
-558.1466977138068 -984.8331147108998
-545.3076159442951 -984.004371938026
-533.4884293953156 -984.7792116516877
-522.6403272272579 -987.1859441644137
-511.79512550817503 -989.4754921199773
-499.1504561433796 -988.0778421419317
-486.1372998783307 -985.6325510386748
-474.0844145166312 -984.8314413707673
-463.7920053952674 -987.5110003090782
-453.0753613862293 -989.1747656024884
-441.43643631788706 -987.8551881176533
-430.4113581169011 -988.3471367915045
-419.41709361636356 -988.7190205424403
-409.2183937105316 -990.8200170812922
-398.6448728688063 -991.8887363688597
-388.0882141829408 -992.8461804389922
-376.4840547873257 -990.888367320403
-364.95258007494493 -988.8000881354334
-354.50713148934733 -989.4067382644989
-344.0833215435183 -989.9043730762986
-333.6822768184155 -990.2934606152251
-323.6153905592771 -991.5251277668996
-312.95295443459656 -990.7479236973738
-302.33478376446624 -989.8579082505194
-291.76205689732046 -988.8558550946871
-281.5097836526526 -988.7043247138331
-271.5516047263338 -989.411808081222
-261.60553164664856 -990.0194673903511
-252.16507080167187 -992.4660080161879
-242.4647246831733 -993.8510236873094
-232.98864149928713 -996.1151002430978
-223.27295910516733 -997.3129828355902
-213.55561262077094 -998.4162460207502
-203.83752221498506 -999.4249669371161
-193.7386062258606 -998.3758573090903
-183.85935545207295 -998.2087644439656
-174.17266057982312 -998.9293690279336
-164.32655409828095 -998.5693684557847
-154.65610530366638 -999.1008403020694
-144.70334221146504 -997.5594933400372
-134.92812766662533 -996.9104274529276
-124.92906586101576 -994.181436410424
-115.4551662979789 -995.3261297560242
-105.8650354528998 -995.3861533437946
-96.28424291922884 -995.3538790628543
-86.88727697202526 -997.221941746363
-77.23152826439602 -996.0101862139492
-67.87799583274457 -998.6959385527358
-58.30538367830851 -998.2987940662481
-48.795293298964125 -998.8088001974493
-39.53231174369876 -999.218292630894
-30.014315760700537 -999.5494689355885
-20.514091018899304 -1000.7897741632197
-10.971020273512243 -999.939816546055
-1.4488954809193757 -1000.9989513989939
8.08433174955665 -1000.9673539032945
17.61682571558019 -1000.8449667414563
27.120601200391885 -999.6321688453855
36.67615553697185 -1000.3278760561599
46.20126267442979 -999.9332194338222
55.944845319437334 -1003.4416646134364
65.49873322899762 -1002.8633585615722
75.12135359105874 -1003.191298922916
84.75615441835575 -1003.4268255773372
94.49590043200512 -1004.5653412304969
104.36813321376448 -1006.6038410265847
114.40033555711406 -1009.5387873798707
124.3758094989048 -1011.3810646890182
134.26521332280024 -1012.1333175483272
144.18020279947785 -1012.7887583897747
153.96946838925476 -1012.358337153367
163.60383003715262 -1010.8460747300622
173.5616793630393 -1011.2133026501784
183.36278973155035 -1010.4984351011451
193.54181934876829 -1011.6528871916339
203.95666854745693 -1013.6851963775651
214.2211330359044 -1014.6321038488844
224.73796321460568 -1016.4515964324866
235.30880175048338 -1018.162446674769
245.2291956142184 -1016.8474033100559
255.38955547879473 -1016.4055169824412
265.5636971572637 -1015.8621573580567
275.22636704925736 -1013.2869518951023
285.6779707323865 -1013.5073246100523
296.43911493719395 -1014.580135393579
308.11524908063905 -1018.4110139251125
318.9950014643822 -1019.2478545676408
329.3030120319341 -1018.0665627878641
339.6173998175918 -1016.7812064260128
350.5887679727322 -1017.2824169184099
362.6824915144808 -1021.5269993244665
374.1982100715022 -1022.6909110671141
385.4169898951824 -1022.791642466899
396.3105190946208 -1021.8385256267021
407.59174864312627 -1021.6990586459589
420.04507737269194 -1024.2124452353473
432.19576353272817 -1025.6587258851562
442.82419129704056 -1023.294549776418
453.4470126335977 -1020.8206535595103
466.1366603713605 -1022.7866903014699
478.90567418684526 -1024.602535245567
490.8880942355086 -1024.4632150242537
502.03031603547777 -1022.3925673543007
515.8741469202062 -1025.5622187558147
529.8248507060955 -1028.5594915094914
541.5481372382277 -1026.9598897005694
554.2392747683128 -1026.9896914303933
566.9807107130192 -1026.8699400018288
580.2624860749376 -1027.470411863102
592.1075457441516 -1025.31197899607
605.9980591987977 -1026.4649785780762
619.9650080471043 -1027.4450782388099
633.4815064104766 -1027.3997182381904
647.0540213009132 -1027.1889278600686
662.3039102554243 -1029.3345085347014
675.4576448365478 -1027.9382131392258
690.8740065702224 -1029.705349624643
705.8210504206527 -1030.4453623473137
719.126589182405 -1028.5338831224183
734.783660283449 -1029.7174236558578
749.3520167610592 -1029.0775262224577
765.7646384037402 -1030.6602343014836
782.2762369969306 -1032.0217483318468
797.0489605855055 -1030.787055811997
813.727542896418 -1031.7187048472847
829.2433911888679 -1030.8658487745079
846.7201859670836 -1032.1288324021702
863.6554457739251 -1032.383296544962
881.3220873506598 -1033.1676429059692
897.770273353783 -1032.197915267355
914.5977062516253 -1032.0620309454591
932.2848213111041 -1032.3400660407028
950.7341446580446 -1033.1120879078594
970.647349074275 -1035.086819419068
991.3712815022545 -1037.5008348009064
1010.1322035184418 -1037.4665929151538
1030.387577661841 -1038.5906025957308
1050.7520664305257 -1039.4248866041162
1071.9395035715065 -1040.6640671623443
1091.7937108283631 -1040.21656062362
1114.654788224599 -1042.2191243150232
1136.1747941673898 -1042.5309765655356
1157.7977686645363 -1042.5297726565996
1180.2690997165723 -1042.8757606993422
1205.1144282662012 -1044.8560737176324
1228.5761806387684 -1045.164852244399
1256.7549505334964 -1048.9690149425523
1282.0168882749729 -1049.8007897585883
1306.6241321394004 -1049.6234454845978
1332.9105370186846 -1050.313524765135
1363.2796208477446 -1053.6591836932994
1389.842416286286 -1053.5056041101527
1418.12602584084 -1054.1383091572309
1446.5422706551194 -1054.3317595557535
1477.5262335959198 -1055.8277459111666
1510.3018604894246 -1057.9812333884674
1539.948457180419 -1057.347033488839
1573.033038050349 -1058.4814883606089
1606.272468648886 -1059.0867558706482
1639.6597179211249 -1059.1600490137537
1679.1030264319259 -1062.4415403339362
1715.3496026118673 -1062.9674222756353
1754.316375951178 -1064.4613910656997
1796.8987182605356 -1067.3588882440827
1838.8225292429338 -1069.0466341318418
1880.933429270346 -1070.0399219904348
1924.9696508326713 -1071.3080058382575
1973.5838986278354 -1074.2325609833997
2026.832973547992 -1078.686283095602
2071.4642472562045 -1077.6181477403236
2127.718441167576 -1081.9349495766457
2182.6100760565473 -1084.0582345503556
2238.6268745979473 -1085.6766168283389
2300.287401969223 -1088.8998431176678
2360.3876603811837 -1090.2156175363857
2426.183513184118 -1092.9567971121146
2492.2361552846537 -1094.5514817915
2571.4005841645417 -1100.5035373674418
2610.280356766374 -1088.1270417922763
1035.9401665512805 -420.4188046766046
1043.580212007631 -412.0974898080646
1033.4180416285985 -396.85784764385386
1044.610489278358 -389.88963270344743
1052.9423820403615 -381.7228577163928
1022.5374258455079 -359.82386350163415
1021.1541153433229 -348.54737514059036
1014.902501920896 -335.7587103780119
1003.739755930308 -321.5936914259449
967.5674429232531 -299.97040419840977
1001.006781338108 -300.0173723555374
980.7386342704486 -283.888589501824
977.5939711250786 -273.0110393736834
980.1257232970692 -263.7774943610562
981.602215594739 -254.2697196669307
978.1347764583918 -243.54950027189977
980.3886012556442 -234.31216470341772
978.6561637693957 -224.16090898318944
979.7502578495746 -214.7054546202591
976.8379543939618 -204.42996564941342
976.7614637190752 -194.81540748454606
975.6081963441613 -185.03417853491885
1030.4569499720176 -185.38466563976306
1121.8699561327487 -190.92354890558752
1122.6336141760946 -180.17427208655354
1125.2720231528847 -169.72587872629825
1126.8229421864721 -159.1039187519354
1127.282144860547 -148.33733811351954
1127.6385821249748 -137.57626286237203
1127.8923988064826 -126.82167288976392
1129.0384966402723 -116.17690434967538
1128.0758408659326 -105.51728415107749
1128.0171893212855 -94.87476269117649
1127.8582301515678 -84.24258234036418
1129.594902498173 -73.75199149950238
1129.2370340088653 -63.12464671474086
1131.7760341530575 -52.649867205692416
1131.219772684292 -42.02173114114713
1132.5630255457384 -31.46415685638084
1132.8078303711532 -20.8667067310788
1134.953394360676 -10.285554393402407
1131.9999511819326 0.3324516537014493
1125.947576167077 10.865345069743002
1125.7966426845799 21.39904951459903
1127.5463598784845 31.98759642078686
1126.1984513426034 42.49762573982082
1125.7515604746065 53.03229288828138
1124.20772027834 63.50591835866494
1044.735250120578 68.82773536513808
1078.946821771141 81.22657071398405
1126.964835894286 95.45291330161258
1129.009267543867 106.2735799719796
1132.9389695305802 117.34688457299325
1133.7788487367068 128.1659945432799
1133.5227037556087 138.88945269736737
1133.1650617839405 149.61932613201603
1136.6662901851041 160.91533412584687
1137.088589980861 171.84160885925607
1135.4311014940881 182.47250138013055
1130.7168136507341 192.58371511509188
1106.2291820419455 199.0803777342419
1063.0536435620131 201.59600916071793
1008.1630375109019 200.97584381410593
965.1277003379467 201.8031764873551
944.6368231166372 206.76139004201744
923.1644447251144 211.1312577411765
889.0495677064272 212.10107534148648
852.0886966177766 211.72825294754304
834.5794744615783 215.68750730497965
826.7301731627712 221.93066661066564
819.8009512547849 228.31425781529674
811.883941966859 234.24232063475216
804.8290157564364 240.5208003406893
802.5053512288853 248.16357760357067
799.1566006855868 255.4794073514683
795.7413692939888 262.7540165137874
792.2601379293653 269.9868030999718
789.6568299692772 277.508722174407
786.9821088060866 285.00554454102274
785.1731771621285 292.8260266184151
783.2865917904526 300.6378471205793
780.3922084809694 308.0730448159902
777.4272498213234 315.48038169631695
777.1609660139399 324.01363073839957
774.9638566875323 331.78309304120063
777.266719930848 341.55152772010933
774.8951748749901 349.338615036269
775.1688103548685 358.37036073455886
775.3404179809252 367.4387516922572
777.2084205559423 377.41630995087854
778.9562870687371 387.4623889309608
781.473961864952 398.02945484862744
783.8605395748642 408.67915838393674
794.9375148348634 424.11713889935106
800.5237987383824 436.92750846504254
803.3179405797474 448.41976578058376
800.7542892998368 457.0301611140267
799.8268534696844 466.6401230807142
798.7887469875508 476.2735954113545
799.347447943867 486.9698732628404
816.754838629922 508.2868615010721
881.0885421779951 560.0169469245153
822.0389520577039 533.5278449152133
756.908902790445 501.55050879902865
757.0749579135494 512.0874027938956
761.2233312813506 525.51312059065
728.396311986086 513.1469698683493
702.3717678927918 504.87513274784504
678.9915406587506 497.93020365695446
668.6204877373995 500.1716139264623
661.4487588268997 504.68756616975804
642.5325623452242 499.7478427427983
634.8704989147578 503.0302670890953
644.3213324274784 520.0327110662165
640.3841471870053 526.449564565849
634.0833977323463 530.9117108523819
630.0370854867201 537.2497286285022
628.1931005172104 545.5249109459384
629.2473348054823 556.4600539483471
634.6137137259199 571.47303904121
645.6562730624955 592.0337634417891
651.2621066930877 608.0614018219551
1645.9253617366396 1564.7270380459693
1675.5962437580808 1621.9128299337826
1657.3598241128245 1633.4281170032268
1625.6404782431118 1631.2884587029687
1597.5928390044712 1632.2846322751536
1571.046209415924 1634.3508827298551
1531.5496749507097 1622.256636034624
1498.5196072097165 1616.1853194507235
1419.2684858519797 1558.6343269245128
1263.1896625419265 1412.5780956985045
1076.875790610676 1226.2799564522907
1035.7473709715782 1201.092579081839
1011.3176579604958 1194.34567638406
994.7663068593723 1196.4848493555467
978.2589224703681 1198.4233311343344
962.4231282757845 1200.9424308266623
948.4766236047349 1205.6318237651833
936.3575663405082 1212.5421674964052
923.58702403659 1218.5351899027107
913.1720089635753 1227.6061591754205
905.6164408752254 1240.626802070828
894.4063481591501 1248.732671300232
885.9984584593522 1260.8281927398561
879.7152471390741 1276.1665580758013
876.0278070025431 1295.63547395026
877.0341334644903 1322.6413454667863
890.706639364393 1369.8896607362906
1048.1941939624242 1644.3202035319837
1015.8552295350538 1625.7082003318685
987.1652425175276 1612.881205782159
964.9033042237672 1609.9970849346455
874.9699180610563 1491.264108898296
841.1224963985246 1464.6617172754648
753.959039649981 1341.6656686857864
723.6050628234321 1316.206561697782
707.5260569184023 1315.843029689141
698.0318887023565 1327.6865150910514
736.3727374145261 1432.8559563307952
993.613715487028 1978.5165615672927
972.9407276880111 1983.1962435437204
949.674576907306 1982.2517998417682
908.2941145308965 1942.0962389924282
894.3181567926309 1959.5690940691607
880.095153423406 1976.9492964971641
853.6804694601033 1966.7144317521997
759.351576080628 1794.9891876843901
718.596309139567 1743.7360306224655
691.1525415840074 1722.511005556123
675.4430265403245 1729.805109802271
661.0777102236244 1740.695338376446
644.4900910205545 1745.8389165602644
628.876721106755 1753.6485023088342
615.8039630281071 1768.8737883520344
600.5820471794436 1778.322300542213
585.2374368115868 1787.6403840130163
569.166712257364 1794.9201245899894
554.4779724243601 1806.8354042624278
538.4786435329456 1814.7974406139433
523.7566086176452 1827.4244211264506
515.2431075577556 1863.0656295778276
525.9427019634572 1973.1062501171543
511.76798953183777 1994.38575127545
493.4098372817897 2000.0366827819828
474.7603298713467 2004.5454919209117
455.84824384193854 2007.9052215147558
436.2778763504447 2008.1550275332695
416.5392842677965 2007.2356674445757
171.74442129833412 868.1755892403911
164.39055187859748 873.6685564062897
155.40391146196953 870.2330861914642
146.57690388987493 867.7068694242649
137.18166526502458 861.141794778952
130.88360048172206 874.2571035598972
123.51893555774012 881.3870163320327
115.5140761749266 884.4888344153662
244.01306526594226 2015.2810285365958
224.67594864955265 2013.5035927701801
205.90149985726967 2016.515205089346
186.90582391374764 2017.3602090323689
167.8294785119512 2017.0298129037178
148.922905676058 2018.51380182673
129.87479636967103 2017.8247042961725
110.96244166895238 2018.9530298000655
92.04034497110963 2019.9041004210073
73.18248225585928 2022.6765248775869
54.20036346211699 2022.2737996128453
35.284492357490755 2024.6925703916322
16.319994567976476 2025.9342678816856
-2.6620458928565855 2024.9982502490377
-21.678534737020012 2028.8841862293805
-40.70791510243613 2029.5917977879228
-59.752457369236176 2030.1208446391406
-78.77170048220603 2029.4718572089491
-97.92846506265631 2031.641212352829
-117.01778050186951 2031.6328012331403
-136.18238533111048 2032.4427071692644
-155.37242939468317 2033.07166823602
-174.58620277499725 2033.5192789350701
-194.01173271607658 2035.7761290398573
-213.5990444263178 2038.8416927805267
-233.14728240185627 2040.724955673505
-252.50389884508198 2040.4356841292579
-272.00764882626794 2040.9539041781434
-291.68463253780976 2042.2754650490426
-311.25955514167066 2042.4185392159484
-331.0226421249801 2043.3609594001246
-351.33813035053817 2047.0687624410148
-371.21690807235683 2047.6227697408524
-390.94925532203416 2047.0013873378657
-410.8955757103301 2048.1908665604574
-431.4043032659067 2050.1012967957604
-452.2004903236226 2052.7831635492034
-472.6367008649695 2053.3055176946946
-493.12276877890764 2053.6245847067144
-514.1419420395911 2055.6797083776833
-535.4951862966908 2058.4882573026916
-556.1641751598908 2058.180120948776
-577.1446963611719 2058.6276981188635
-598.182845282318 2058.862133220666
-619.5644988856085 2059.840001485704
-639.8292925605577 2056.777692503849
-662.8454912113915 2062.0843471547737
-685.0731623629596 2064.2915884656445
-675.0108113119902 1971.6532161138095
-669.257140606555 1896.3691306671121
-670.0056444012171 1842.990351703044
-669.8095126056274 1789.7698781751278
-673.3428344241618 1748.852603088561
-42.32938890039972 106.9262495148816
-47.47967552574892 116.71195488025037
-48.19132134735099 115.33688285538305
-48.09290233999726 112.12079532591395
-51.563864632935136 117.15446156299956
-43.613226086539086 96.61204122843294
-584.2365033246122 1262.3583913386208
-617.5274919552885 1301.975728145272
