-682.3086387002467 1440.587005895519
-54.55115508416774 112.46853550652769
-55.61196404488197 111.94779790183796
-54.85443300403743 107.85170921133133
-57.25682804114418 109.9893433140995
-736.1977976867532 1382.160917795455
-755.4511431760906 1386.554928689786
-908.2131553927278 1630.062840620442
-932.4918952732737 1637.0445520051242
-953.9641428893237 1638.5262933750676
-975.5472082350151 1639.747433144772
-998.276864001429 1642.415082370919
-1017.4513467131849 1638.8513529516722
-1035.0409643135722 1632.5376572051348
-980.8706857853706 1515.2285958781722
-921.8244631380849 1394.9278329577419
-933.2929558926762 1383.6637085943646
-1054.0630545445324 1531.2844533411323
-1155.8569148409595 1645.6353765079125
-1163.7904383418684 1624.0676758140473
-1164.3385198106498 1592.8103500684397
-1167.9873876960244 1566.4997485422768
-1175.4809247793007 1545.835888922236
-1185.7527595193471 1529.1224258679397
-1200.155675604083 1517.8443116193791
-1251.4811099472838 1552.363047564942
-1275.6251282486803 1552.05075051705
-1275.4694880628062 1522.2922140708738
-1278.1137591138013 1496.478940300861
-1281.04161442477 1471.5071804486647
-1284.9399636670814 1448.1109383508017
-1287.8405820739695 1424.0318237888432
-1289.0462623751828 1398.5577333297942
-1289.8864835002055 1373.1893022025313
-1298.6615187591017 1356.599520748221
-1329.5844957746772 1362.8723596124466
-1357.920333665455 1365.8434637314406
-1389.9883908210495 1371.9115399262116
-1419.4175116043937 1374.7108524161692
-1449.0223137578998 1377.0749196146526
-1478.0658309723435 1378.3186856863097
-1516.5995683027197 1388.1864966293267
-1034.9046333948702 929.4371413806473
-1052.6549238793846 927.5379298079874
-1106.7735655662048 956.7765018873896
-1131.029084336176 959.1987335196346
-1083.9345769228246 901.768170291643
-1076.147394449153 878.1957557517002
-1758.1611987680267 1407.2573322411847
-1802.85969978456 1415.2600124686367
-1840.7326235886424 1417.0506019392792
-1886.779900605091 1424.2744141044745
-1928.3029255551362 1427.1821282847902
-1952.240822581925 1416.5097142782497
-1809.092590103348 1286.694991220981
-1814.6218576680062 1264.947237505784
-1807.5162368505037 1234.7493889538046
-1803.3274568767918 1207.025303493793
-1804.6310579017331 1183.3303616727117
-1805.6486255755544 1159.7193802627908
-1811.4607326305693 1139.390193979886
-1820.4561602966235 1121.152696307722
-1831.8379972522162 1104.3960122270405
-1812.0607983824907 1069.2294716128104
-1809.9711720080034 1045.0379689274332
-738.3592718504256 417.0486610367061
-728.2666790128301 402.3078973120259
-729.4006400286796 393.9742457645581
-729.5580249949687 385.18838010178956
-754.4981015921376 389.27318774076963
-1899.3862952384593 957.3195398926736
-1946.0408941349674 957.8548106860335
-1983.8588139412395 953.2603035622843
-2024.4776063717002 949.3083910402936
-1148.5438123496451 525.3723547288564
-1149.8097217868153 512.8533939485301
-1150.0247992460493 499.95895943475614
-1168.5155427616394 494.90648240296014
-1965.411472938016 810.5761790501978
-1961.8557844090374 787.4756384681374
-1968.2865565700697 768.51612294443
-1974.3927309972905 749.8782193030153
-2011.404378709096 742.285945784962
-2068.2149622148877 741.144972370771
-2077.0080769926767 722.2454209665733
-2084.680927529833 702.9263335466637
-2093.1245990286834 683.8372708042557
-2098.5331409207456 663.7466809388287
-1242.168152243482 380.0253696163108
-1240.9053055258587 366.86512878410196
-1234.6971074731496 352.3904834092963
-1233.1478203194804 339.3927713451108
-1221.7974781027215 323.89338138009225
-1194.7618901916026 304.68512557358156
-1180.1018161314214 289.1101927696791
-1178.884441251336 277.04236891768954
-1182.4227203098258 266.121232702525
-1183.904527173071 254.73725785425853
-1186.2564317717986 243.55015516324414
-1189.4840507063236 232.53320862895285
-1190.642916364251 221.11183982688706
-1195.6317143244735 210.38251757577325
-1200.5237839698493 199.57866650199452
-1208.282059485013 189.16517841996162
-1211.003276211587 177.89621975973114
-1213.6193235260973 166.59272962544844
-1216.129791863376 155.25569020922006
-1217.5411803643012 143.76882178380697
-1219.8382361025124 132.37702875616714
-1223.0237653592644 121.05316751926385
-1226.104029260469 109.68094379263408
-1227.0847595273387 98.10195174273052
-1228.953670734951 86.58449738313453
-1228.7181032432466 74.91877443150486
-1233.3652764928372 63.522395592007946
-1238.9055453422957 52.086943854565824
-1242.3404409013463 40.48739187757709
-1244.666743148257 28.80448750995358
-1248.8828182183531 17.108663272853867
-1252.9886388949 5.335803623242133
-1256.9831264563425 -6.513048751444634
-1257.8686017408745 -18.181879838376137
-1257.644488547006 -29.905525030329944
-1262.3083724317712 -41.79201943736232
-1265.8604014460352 -53.72563681225494
-1269.2992898451446 -65.72908639720863
-1272.6240445893966 -77.80129261731892
-1272.8411097480748 -89.73020302712757
-1274.9399299941263 -101.8291456635683
-1277.9195703539692 -114.06389308771801
-1282.7718915354844 -126.5593705992389
-1288.4959926723525 -139.2626183413522
-1293.1009612870337 -151.96678557681477
-1298.572563618817 -164.89480591108315
-1303.9149070939943 -177.93795283204713
-1308.1368081973374 -190.9504936869306
-1313.2170260312262 -204.21077969025544
-1321.1230467766422 -218.0708492109895
-1323.9584866489283 -231.23564956615002
-1331.580072178787 -245.3783025785616
-1339.0521857945985 -259.68296771006777
-1341.4730078392786 -273.15045165373397
-1340.824713476258 -286.0595877283448
-1357.6202026502879 -302.89995931956076
-1354.7379348116879 -315.54100840011785
-1292.4597379677132 -313.76396499985543
-1197.3733930676733 -302.5259618175064
-1167.419755355246 -306.5617634446567
-1138.4620629854048 -310.3290691234329
-1115.3116616232187 -315.21563642569396
-1097.9292020095754 -321.3836762727955
-1085.315249609504 -328.7047443604361
-1068.8437408611492 -334.6237553162423
-1061.8723300296517 -343.34116373863264
-1050.088656038659 -350.3752480683002
-1037.3212540045372 -356.89440453788933
-1023.5818526254633 -362.87214136087164
-1012.6401476314763 -369.6537993919469
-1007.2783970018203 -378.3731371720823
-998.1109880706583 -385.58326661385905
-992.6148274451774 -394.1317093764226
-986.1399395125699 -402.18530517430054
-974.049699138299 -407.87643178858616
-966.5335042981785 -415.3516402629016
-959.877921849264 -423.12572026093864
-954.9840996041986 -431.63569071979913
-951.8298419104793 -440.9319131665022
-947.681768341993 -449.77801852935534
-944.3508648912194 -459.0222695896201
-942.7204374912924 -469.13449749109924
-946.3298278050016 -481.9791043256501
-947.1205862749629 -493.54492708786967
-967.1919694582316 -515.5149796228111
-985.178008593273 -536.9434713116391
-992.364087323056 -552.9100452980379
-988.9092821137435 -563.1184881970049
-1028.567369913918 -598.4556504440118
-1008.3352559073691 -599.3237953679302
-923.2107818875461 -560.4300600490536
-893.3022749012878 -553.7256050212814
-901.6263632314159 -570.5776907013549
-904.6728958072974 -584.376549488118
-905.0351642760514 -596.6299954107409
-914.3743002633435 -615.0801890956341
-919.3244357037419 -630.9259718207808
-926.515392539688 -648.6372078342622
-974.9600190166424 -696.1730828745594
-1005.6189216239707 -732.3022493969565
-1024.4461659096335 -760.7141730985767
-1035.6537385089975 -784.1060731255288
-1038.5967190185436 -801.6613095590409
-1036.5863070733058 -815.6284864986794
-1029.7247720299931 -825.8734127381621
-1024.3107200937704 -837.3270261379249
-1031.0653204919338 -858.992610491421
-1095.4394936252152 -930.0437171478189
-1079.9234212833148 -934.3176141782515
-1059.172500747943 -933.7545789228283
-1040.0146538672618 -934.2234849014231
-1024.629229490137 -937.7931232817011
-1004.8799860247403 -937.0657467258727
-991.0733923522879 -941.5213916695297
-971.2856300659734 -940.4829742357621
-955.8790109656896 -943.3686004925407
-939.0960528450986 -944.6282885509812
-922.3765045606044 -945.6545795556437
-908.4888499531561 -949.3387222223646
-891.8772034159106 -949.9284467932385
-877.3699260313256 -952.4951511140549
-858.8723252629596 -950.4206063093313
-846.4650341464858 -954.8156607258746
-832.7397966809871 -957.5517902566463
-817.7416334039874 -958.5919992352214
-804.7248970322817 -961.7348075724324
-789.8196387837382 -962.3980144366078
-774.3482535671728 -962.0861615247718
-762.0527907426831 -965.4923842896372
-749.7629644375442 -968.7520307890073
-736.2714635672381 -970.2722978301282
-722.8193944656272 -971.6239617178777
-711.7655796953276 -976.0398350277383
-697.2044462457341 -975.4521823929553
-682.7195391770383 -974.6763723543793
-671.1425527158071 -977.8362204040666
-659.5675089793041 -980.8642623211612
-644.6953773250282 -978.7501573209271
-632.6343522793471 -980.6440619899205
-622.1982015607801 -984.9337023244411
-610.685823136041 -987.4126925559829
-597.6292232329581 -987.1956804696681
-584.122770276559 -985.9597300318296
-571.6974127221796 -986.2870111112514
-561.7852088133292 -990.8170260742213
-549.8989403605041 -991.749542672138
-537.5695161840356 -991.6667864104666
-525.2918045373578 -991.4396199899852
-513.5271710160796 -991.9570780170995
-502.7030537397454 -994.12556538937
-493.2125538586295 -998.8680477001196
-481.50641506470487 -999.0158018027223
-469.84239418803463 -999.0315934061622
-458.0562087009121 -997.8920330729906
-446.5242481901758 -997.6297388200686
-437.037950043541 -1001.8217557139291
-427.51230222094745 -1005.9235713759497
-416.8010036594444 -1007.1628087595767
-406.1047829270569 -1008.2895939578907
-395.0600242501266 -1008.3732331034423
-383.3385107084262 -1006.4693667508445
-372.38298683360455 -1006.3100472105422
-361.80326003070195 -1006.9748760674996
-351.2445361796521 -1007.5297890404736
-341.02816044524525 -1008.9225905803339
-330.5058249764296 -1009.2620569785876
-320.31001587151854 -1010.4461854707491
-309.53530624305455 -1009.615716096485
-299.37337304487664 -1010.5897206639959
-289.22087663957194 -1011.4619540624539
-279.0788317839924 -1012.2326835516042
-268.94824900829974 -1012.9021864698336
-259.325029610904 -1015.4085527595796
-249.6784613123834 -1017.8234945002404
-240.00941266279833 -1020.1467942572082
-230.098984432611 -1021.4026910886231
-220.39685534788762 -1023.5400461890889
-210.6748823460875 -1025.58524460352
-200.74202678295586 -1026.556690438025
-190.99231462126824 -1028.4152545327254
-181.22540604519685 -1030.181222991253
-171.44218043989974 -1031.8544368107416
-161.64351865967654 -1033.4347453396942
-151.39484318876865 -1031.9537787400404
-141.32462423775004 -1031.3623759785203
-131.40563574618164 -1031.6649450738073
-121.49364113843791 -1031.8722281188327
-111.80456354354743 -1033.9727944055574
-101.98848613353418 -1034.9871248939235
-92.16322596518157 -1035.9082680332708
-82.4088308194586 -1037.7330025603742
-72.62809799621311 -1039.465804815845
-62.70143087787319 -1039.1099703909433
-53.11515622148078 -1040.6453671542326
-43.28258400717352 -1044.1032601815118
-33.26126914671908 -1043.4700225568292
-23.27832952717628 -1043.7404463631867
-13.293259874946566 -1043.9153649802734
-3.306973852013027 -1043.9947624025428
6.692410965211332 -1045.9785904288256
16.713481817846834 -1046.8665910828965
26.72662524140472 -1046.658820964695
36.73732310351269 -1046.3552786177304
46.83395196522257 -1047.9539975320097
56.91031933519658 -1048.4565873478816
67.00058233141674 -1048.8622035173405
77.10380687368325 -1049.1706262403584
87.30188506174494 -1050.3782084871457
97.89953802582211 -1055.4694123726802
108.19501531978055 -1056.4742489336654
118.51865578391981 -1057.3785170085368
128.86947574678203 -1058.1817699340456
139.50724677950998 -1060.8664987150837
149.7885483341761 -1060.4736634108083
160.07508698567833 -1059.98111611789
171.1597715170373 -1064.325294547788
182.3421255540779 -1068.5538588430725
193.4433124624726 -1071.6812421907673
203.68573729844672 -1069.7818097262582
214.49880675215556 -1070.726044281123
225.34852444522454 -1071.5610307072388
236.23378718372112 -1072.2861548079582
247.37796429331325 -1073.8752920065235
258.80786951502586 -1076.3212748418073
270.0640162225469 -1077.6764018673452
281.1173313273063 -1077.946680512266
291.9388655675713 -1077.1386627408374
303.3122456207758 -1078.1473376382664
315.8515780008276 -1082.876623015931
327.9305754418756 -1085.5494174335688
339.7911251181535 -1087.1352221738284
350.48212139912204 -1084.7867452082787
363.05842443480776 -1088.0246230885195
375.7333874474127 -1092.1764608145024
387.88873606045587 -1093.2256530275083
398.7251086226887 -1090.3849264153578
411.65736013187956 -1093.0517910187293
424.677523763694 -1095.570171559055
437.78393397110574 -1097.9386263160534
449.07845943553633 -1095.5293411273865
461.14339154708364 -1094.8473740355105
476.01565394265066 -1100.4590393111189
489.0089658693919 -1101.3152279430933
501.64793503610883 -1101.1127777271536
514.7513396796573 -1101.674660822331
529.6397123520778 -1105.6933458692822
542.4492587959583 -1105.0383711128386
556.1935033023351 -1106.0256718920566
570.4644235024324 -1107.7392931182126
584.3530088003004 -1108.3954894828994
597.8317985002087 -1108.0063811648406
612.8067193437747 -1110.0864492133576
626.8931386899792 -1110.2387097662497
642.0388771180185 -1111.9541718384953
657.2751373398952 -1113.480306891335
672.0830823478534 -1113.9593037547684
689.0598076874768 -1117.6607631252418
704.0374233200602 -1117.7532404626927
721.2443951379506 -1121.0243184169074
738.029619799298 -1123.2311784752521
754.9233950025006 -1125.2180533913854
771.9230341416516 -1126.9830652505593
787.3068140761226 -1126.065708788482
804.4864580968987 -1127.3981278761762
821.1752565111092 -1127.6950820562774
839.136391227771 -1129.3799701239761
857.8092650414806 -1131.6197527478014
876.6020530223949 -1133.603916999638
894.2729516418538 -1133.7600663111075
913.9077262286515 -1136.017899480275
933.667773729815 -1138.0019720098953
953.5496353897684 -1139.7100915794508
974.1988551675494 -1141.900867234208
993.9294289206182 -1143.3850140375
1017.2301577413798 -1148.215487694469
1039.3680941045188 -1151.2232472277217
1060.974325436816 -1153.1792925490354
1082.7081623607621 -1154.8298728199672
1105.2565473662523 -1156.895831310681
1128.6359012699168 -1159.3554253828474
1153.5664984991606 -1162.8965274436011
1178.662090334551 -1166.0701851982094
1202.4830166637398 -1167.480447217542
1229.329355604399 -1171.3041174047296
1256.3523596440484 -1174.7249671377685
1282.8099924243409 -1177.0639419064125
1309.4211824911686 -1179.008128404308
1336.9302349512402 -1181.2169770508808
1368.3729449422433 -1186.2868470779283
1400.7889347381638 -1191.5164121048103
1431.8866534622434 -1194.958414187162
1463.9447769274213 -1198.5531653234755
1496.1950854473234 -1201.6493940760245
1527.845501597072 -1203.6249927820504
1561.2460022084433 -1206.3332543655392
1596.4244225460723 -1209.7264414314666
1632.6050551954834 -1213.1598137715216
1673.0301548840698 -1218.9627151183029
1712.8922204388825 -1223.5298284716864
1751.347070689864 -1226.3064209185375
1793.3010292875676 -1230.7300347176672
1837.1496926772795 -1235.587717119176
1886.2551596974606 -1243.0295541597986
1930.6186596796229 -1246.4010553978428
1978.5899902580218 -1251.1844989651847
2028.5188826595038 -1256.227345146506
2083.84444478757 -1263.5510792714258
2138.6230478708308 -1269.4331251057217
2195.4218153437405 -1275.399565905836
2254.256362864659 -1281.3966015579247
2316.889254492898 -1288.3420285061504
2385.11828886971 -1297.0874095831894
2436.0524086977794 -1295.2720417262728
1015.0283526619842 -527.6868799698346
1024.425880160095 -520.3389434380388
1023.0249415100748 -507.52730867245754
1026.8737910541636 -497.4044805247032
1005.3092216176999 -475.28661766392537
1018.8347934732243 -469.95708698600595
1027.7887346789753 -462.36275462778224
1007.3839931543819 -441.78896583813884
998.6387095076494 -426.7513654024981
993.393275882676 -413.4559219930045
978.7184235385347 -396.54286959450627
974.0478822506452 -383.97880551279553
971.0955444218087 -372.25454141502576
983.939656208028 -366.55525223522255
967.6113313092898 -350.0990024576818
968.0449065568716 -339.94861213027116
968.3733106550619 -329.8213625751901
969.5466252553665 -320.0317819466214
974.4316650261204 -311.46738223194853
965.8662461836866 -298.7028531551621
984.9327119891643 -294.43429293081675
1015.5324970880458 -293.15993477642587
1108.8110984237867 -308.7700568582319
1120.3710240661824 -300.61398575730595
1124.1290939626772 -290.2667395804254
1124.8798849173775 -279.1527261344007
1127.4667727026676 -268.51382916235696
1128.0031664023552 -257.40601505454504
1128.430487246948 -246.31206923660048
1130.7069796570524 -235.64109606523613
1129.9400125283867 -224.36481026968013
1131.0264608741918 -213.49506973792282
1132.0084688008549 -202.62484192009651
1131.900148472887 -191.58824047173803
1131.6845080275248 -180.57179815934435
1133.3398244001878 -169.8730185419425
1133.9036894885658 -159.02019671795864
1136.3468912912167 -148.43093563266305
1135.712861455053 -137.44925000004818
1136.9606308452635 -126.71433978812532
1138.086644637913 -116.16707492580252
1134.1442522568045 -105.06100643366015
1135.0768874355044 -94.453478547522
1135.910313743734 -83.83769516519361
1135.6465264164408 -73.15030443048421
1136.2807678000463 -62.53012656102035
1136.8156950906962 -51.904483384936036
1020.3282407965553 -37.03081194095872
1140.5863414399182 -30.72129099992249
1142.823395741948 -20.091942286473117
1145.9611875847352 -9.431677972855155
1153.9992777603843 1.291095856806878
1158.9365022044003 12.131935469253257
1159.772239165131 22.985936176240305
1161.5058130198145 33.88578346710723
1161.1382607336702 44.743038122004286
1161.668076492622 55.64422753468473
1161.0971008374306 66.50204829111463
1156.4334997097903 77.0880065183045
1134.7227546966142 86.30336015317056
1052.1641859446893 89.92511226209012
987.5637207182089 93.71177898859595
971.7254469576628 101.38370547050644
948.8762319563208 107.97636976845676
909.1183084037981 112.07096557546367
866.3962427534718 115.03717026538484
853.4026009586972 121.44134665315042
848.2753065610558 128.81383574269813
844.0723181672673 136.26049208679518
837.8331229504576 143.30267997174178
829.5683265039843 149.88459447648043
827.1484640759465 157.44655720847786
824.6598028783354 164.97639078566638
821.124038264199 172.26814500857165
819.4776461594513 179.93717638377288
817.7596294338949 187.59048075032703
815.9701382469603 195.22738918818848
815.0796619360203 203.08900683755112
812.1773643483386 210.44934982124786
811.1400560594979 218.29294412736917
811.0075761533338 226.34202310197378
809.7675891867094 234.36179616726085
808.4482997297465 242.3785193949371
811.825094771135 251.87301463205176
815.0937250726481 261.4540482516849
816.3543478891148 270.4913652642873
818.4625292486996 279.90013972097523
820.4649983060414 289.37378346123126
822.3607089963183 298.9111311060073
825.0851604457625 308.86158390481376
829.5602892182142 319.61027291404906
837.6232764606958 331.94615034859004
841.8208308185538 342.9558117308408
838.5041921793232 350.9867799471948
836.0296540813855 359.38060256023704
837.1307669245268 369.37390144453025
834.4728188912457 377.7712463008512
834.4517800411163 387.4147993897658
860.5077368695603 409.555166964876
885.3151549157919 431.789389027136
824.7897526346351 412.0750707685403
809.2399199116289 414.0190237433788
803.473786992074 420.80740679866284
799.4147472788354 428.46827401000843
763.7168708756045 418.7810181228074
721.3025797619434 404.5387353873116
720.0052284049068 412.9073395685744
711.7121088465701 417.24198508919
685.3883418356314 410.66266067881526
683.9902334195785 418.7616990444929
688.4344633155823 430.58331333132975
685.9726715948473 438.2208276942435
682.590085635853 445.30413763139325
679.1346866730307 452.36277185188925
678.9143814913001 461.64516958838146
681.8643902752427 473.24513021749254
684.6539963199057 484.9431980378554
690.5234924718168 499.0804607921701
700.2085038321885 516.3410221559856
704.830544508306 530.2243897899501
1792.5601545312456 1374.7032743057378
1776.088903558681 1387.8127419272826
1759.527588955163 1400.7368288531682
1779.3823493730865 1443.0798504377763
1787.818281587429 1476.9789409540583
1765.9437038715507 1486.0372925187403
1735.7004500756393 1487.6625785463661
1709.34086541282 1492.151066691892
1674.8226198592797 1488.976222781176
1632.3496781023314 1477.9169558534795
1596.0986204723147 1471.63521082039
1407.0036783026649 1321.0755653038061
1327.0323583504112 1268.8109078546518
1124.8927690957441 1095.2242957659903
1098.5882334004004 1089.1799178437818
1078.82055503304 1089.1442558441024
1063.3281392285915 1093.1414676631114
1047.8523323293487 1096.947806247838
1031.7111585975072 1099.8345717540387
1021.7019146594768 1109.1389442180628
1009.5962797100364 1116.127390576745
1000.7684555486676 1126.726008565851
992.4886193120474 1138.0098156589274
984.0862973372577 1149.2359024121404
978.7794097789863 1164.2301606609833
972.0080611611477 1177.6796376934376
971.3683409528162 1198.87136348925
969.8010680877736 1219.3645428401687
967.3260291546788 1239.1385529148229
1175.0013925691683 1533.6217680577292
1152.6417711818106 1533.0169429353539
1937.8119414224936 2626.5149684858807
1094.7635350755897 1512.343149641905
1022.5333742747187 1439.8546796445669
951.711727585453 1366.1880498585517
857.4918232857648 1255.0329768568054
819.9215137719682 1223.7065462168143
805.50392385752 1226.0719508455197
797.6089009501259 1238.3654715491434
827.9938005940706 1311.4980999520305
913.6307452763726 1477.3110238828315
1133.4012186826828 1871.5623627035807
1111.7748370897457 1875.1951129453355
1086.666479185675 1872.5333009092813
1033.0643576145796 1819.1322197757852
1036.8960504037054 1866.2988990665983
1020.3579454382663 1877.668411403089
996.1900100907604 1874.7625086381931
920.9995244468311 1773.0662356405953
845.0867643760984 1664.7874821358841
814.3801986177042 1642.1552582199374
801.6077169507387 1655.0969965911438
786.0994435799983 1662.5187712634156
770.9414528560291 1670.7032280654262
755.2886194354295 1677.8376266347477
740.3736518797417 1686.6567094706186
724.966369831813 1694.424020902939
711.7870318462473 1707.588715497824
699.9290882303204 1724.3608298291495
684.8799963251798 1733.6191596292485
672.947299691115 1751.1476042408408
657.2466300694553 1759.235875959317
671.8201656952926 1850.8426904967232
671.7721563490535 1906.0858243935772
657.8058713529052 1923.637293154207
636.646300708391 1920.2110529299432
617.749277264161 1923.222771922069
598.8516664851637 1926.0492417246091
581.6830495471773 1934.4365665147814
239.37897805672856 823.9306432367449
231.66571862166492 826.1325528119005
221.84426493684958 820.53953111025
212.14781853490112 814.8357522169008
205.97816854971467 822.603789245409
199.44786986689064 829.3548982224437
192.80924194937606 836.0553786794909
430.1216870968483 1948.0811929406232
411.0647391383642 1948.103380274545
392.8342623533582 1951.8612251697846
374.5694507634755 1955.448471976377
356.4225708017756 1958.837397800811
337.9569316667023 1962.1075690028895
319.461310648127 1965.2036716327855
300.7861997428518 1967.1369200043634
282.1030256652122 1968.892806353493
263.5459736331024 1971.4625331924976
244.84238094180674 1972.8649747245115
226.1357611500796 1974.0900733069589
207.53223985272382 1976.13242709635
189.00538044063373 1978.9949383877895
170.35730838452287 1980.6873522795013
151.77042795338008 1983.2011338235081
133.15130058355254 1985.5404128732582
114.4440557916994 1986.7064599718667
95.77476193210138 1988.6950985449853
77.00076797574687 1988.509713763336
58.32660758771823 1991.1459029531984
39.55002064214784 1990.60714252391
20.809652050450183 1991.8913018489586
2.0516845204628633 1995.9989455384562
-16.773424197483482 1998.9296266353879
-35.67136442861296 2002.682339703379
-54.69592914108769 2008.2553013338204
-73.64542720210932 2008.6503804923889
-92.65326701457197 2009.865510951299
-111.69052217431339 2010.900601038358
-130.820344650747 2012.753098973011
-150.06920991490284 2015.4206092613813
-169.46354827108277 2018.9002218552987
-188.8436837911871 2021.1971856036646
-208.28208939924917 2023.3078290847102
-227.8887362175038 2026.2249934065044
-247.44764364937637 2027.9592361909968
-267.05939412345975 2029.5044419784872
-287.14154732705725 2033.8303104729814
-307.1796782464195 2036.9684939322026
-327.1438960148695 2038.9217423187708
-347.33980534725083 2041.665021403201
-367.79331850919056 2045.1924297874755
-387.97147148960755 2046.5500573673219
-408.29776532499403 2049.7299663201043
-428.93156471753485 2052.6633218306815
-449.656149467291 2055.389342009501
-470.4694399001812 2057.9065834289004
-490.6733467039358 2057.2954738768954
-512.3537239497534 2062.30906062957
-533.6706608917228 2065.1597094906224
-541.3448970596603 2016.603506499844
-524.2769252252849 1882.3521736583516
-528.5924610966729 1831.2361972372005
-535.4325865410173 1791.7064338975836
-546.3035568309936 1767.4989176216786
-543.6856162771178 1702.2852142497657
-547.7234975400781 1661.0237717270827
-556.1893109965108 1634.9869878177094
-556.2735847209633 1586.2914924255533
-468.5183147443538 1296.9701572315034
-473.68803588354064 1273.774173337171
-475.96324804836775 1244.059076775395
-44.660758995097034 113.53156656182394
-46.09814133351972 114.03491292404638
-51.383442406843244 123.75678505206339
-52.149525808997744 122.34960955351136
-633.1224226102713 1447.6035361894158
-647.8963459899544 1444.340446312041
-671.4388829119866 1460.0064474220324
-44.33749550507204 94.07542980150406
