-54.54030974566719 111.36136948173132
-52.88160484352825 105.487136036452
-842.3334630157815 1641.4930207234636
-863.8007519711072 1644.9961279267955
-885.4082223343502 1648.2394485701177
-907.1528752475806 1651.2206578558928
-929.0316805440533 1653.9374645207997
-949.547794532853 1653.785955284962
-970.649105433874 1654.2564233275384
-938.3688538576688 1565.275980174054
-862.2021341238942 1407.9802839216898
-872.7741271262696 1395.5577103864168
-903.1022944920571 1414.2454686804485
-1087.863110929884 1668.7174272110767
-1094.1144195300046 1644.2440928817475
-1098.3166599298888 1617.3204736602
-1103.248918681012 1592.1089232301847
-1109.5364475850056 1569.3988885813721
-1121.3442932398607 1554.8234549357676
-1131.198583407944 1537.7486026317372
-1178.0386643068018 1570.2209734296143
-1208.574308704005 1579.7053966928886
-1212.3280838419141 1554.059721223156
-1213.8395133948961 1526.1368338786801
-1218.082784415068 1502.208484302906
-1222.6209979288958 1479.1074658128634
-1224.2555753176505 1452.9963132450298
-1230.0684693473866 1432.29730179086
-1227.6971191587133 1402.5889574673672
-1236.1934604106448 1385.7397765951425
-1261.9717469373138 1388.0934082157382
-1291.9806980560322 1394.4844480490442
-1322.2204891900012 1400.4317112826866
-1350.6054198616164 1403.76956792788
-1378.469089363942 1405.9814969152847
-1408.613282086879 1409.9140475675924
-1440.3791648593028 1414.8034709595595
-1476.6803560359847 1423.3819326159219
-993.8318928851695 940.0649810966692
-1023.8968990611487 950.3915719812353
-1082.3361393567857 985.8217290373797
-1079.5018861026488 965.0801406623308
-1055.5183559958657 925.7953338377685
-1021.0361825069765 878.5750474555832
-1726.9866163905094 1457.7781816202557
-1764.5982615146602 1461.1207942738474
-1797.768706825056 1460.0971463435458
-1849.8486727110228 1473.5280411547203
-1888.944326425815 1475.6348910430806
-1840.9210171747595 1410.237855301101
-1740.6612049131759 1307.4507905501496
-1761.8282354755963 1297.422548239758
-1751.3393002709124 1264.2826643304852
-1753.443617416569 1240.701205182415
-1756.0809311163991 1217.763837272794
-1762.577380967862 1197.698616556132
-1770.5165008352778 1178.728263965026
-1779.0922868850369 1160.261451029969
-1788.3200583595756 1142.276397755291
-1759.215232126921 1100.3575632732407
-1769.5618285821504 1083.6401316050437
-1826.0659422257352 1094.5885869326603
-722.8113613612738 424.0138392636047
-709.4503479686806 407.1906233781888
-712.4045374323354 399.96096690279705
-710.902619449304 390.30560546848164
-732.190656506439 393.01124987036934
-1926.0435222323033 1010.4362179113448
-1949.7690388426468 999.4406911721285
-2039.6272292869216 1021.2158271155786
-2084.248327858376 1018.9744392375917
-1122.7149620511732 535.7677799069596
-1121.3949998011967 522.1515626912113
-1139.0389340279762 517.2922836930895
-1927.5123956962786 853.4400766528327
-1932.7574445547534 833.950634341254
-1931.3532550370144 811.7263111775598
-1950.063629723548 797.93536080902
-1993.769766684312 793.8501857753666
-2039.435353281915 789.7293459052098
-2047.7621677450288 770.7231048516587
-2057.6376291168635 752.7339418694584
-2063.678478820673 733.0287416277713
-2064.8036578755746 711.6472823131186
-1232.9764204366704 412.03051664552135
-1225.3775862143139 396.72883838155985
-1220.4637517815258 382.50389617278694
-1218.262539296632 369.27684106442723
-1210.1629050651516 354.43863108339764
-1190.3455819841552 336.52101784406113
-1172.2300055315818 319.53374490251855
-1165.5088773150107 305.96414316044167
-1168.3327944996315 294.9974259153492
-1171.0535240913916 284.0046543863893
-1173.6708257944283 272.9867994592864
-1176.1844684476687 261.9448342351408
-1179.5723165432078 251.08793289381796
-1182.8598975864056 240.19047167170834
-1188.0104018346867 229.63293564422824
-1190.115980810958 218.4581246334668
-1195.0721089107499 207.77789705262884
-1195.9852005433868 196.3756606130071
-1198.7661480970742 185.28011813603612
-1200.4544337035431 174.0061855265656
-1204.0186183735113 162.98517297576754
-1210.4580424695077 152.28699032053646
-1211.8357493257533 140.90463674446553
-1215.0951254514268 129.7221496282791
-1220.2417809233705 118.68443911887142
-1222.2994351206646 107.29907224065064
-1225.2477259008642 95.96358775473564
-1226.0954642224497 84.44473111530303
-1228.8313899997827 73.03707928991678
-1231.4610152651094 61.58545187157266
-1235.9821092782254 50.1719597399699
-1239.3975760594287 38.64774842099261
-1242.705336215096 27.06376438201231
-1250.904184917912 15.482898787175388
-1251.9944453233413 3.7294610198566884
-1252.9741850956855 -8.043101628282054
-1256.8427658048067 -19.881198256740706
-1260.6031441819007 -31.634046195611816
-1264.250549615292 -43.53788921654895
-1268.7842588580452 -55.556318038914746
-1273.2033208115604 -67.66316482706759
-1272.5162203209243 -79.5453896850653
-1275.7079351323814 -91.70749282515382
-1279.7798414722772 -104.01710129201312
-1285.7244909615242 -116.5913090317166
-1291.5452979644247 -129.28551081225518
-1294.2583786297164 -141.77182141306383
-1304.7944984153357 -155.2653113386012
-1310.2312037990362 -168.3306050346415
-1314.5464652832623 -181.37417294444342
-1322.68904948201 -195.09658731094476
-1327.7254566326067 -208.52125025938312
-1332.625887604389 -222.0568478714726
-1339.3583557090012 -236.0491368179099
-1342.9954687594013 -249.63807981098532
-1338.6437964537092 -261.78003402857286
-1360.6311934738933 -279.2915239419356
-1343.2999166226546 -288.82751600491497
-1258.5904941687993 -282.9310304437071
-1205.2693292059673 -282.7893988030621
-1172.4640209323525 -286.6655187132562
-1142.601382297006 -290.694136805287
-1120.5023351750174 -296.23557664016846
-1104.1872177496136 -302.9778674397971
-1091.6924165481669 -310.5360971790937
-1074.3573259497198 -316.47485868259383
-1067.5299949584899 -325.3240075123972
-1056.8161864895733 -332.87166892608224
-1045.1041971589984 -339.93854897708417
-1032.4050791430386 -346.4978391846852
-1020.6204179974221 -353.1769561661229
-1015.3952416853928 -362.017269149778
-1005.4003758498295 -369.0678585856826
-1000.0403905719222 -377.7303498856789
-993.6743018985203 -385.9629279432008
-985.3844384141877 -393.3681590204727
-976.1180858548884 -400.27300991571843
-970.5214786836324 -408.530365350895
-965.768026671444 -417.12841986508806
-962.7672781662365 -426.4834909962831
-957.854971225894 -434.9917862418113
-954.6810069526132 -444.2895170538514
-953.222229665228 -454.42643064862676
-953.4545553664149 -465.45183515701393
-954.4584533758592 -476.9675678485517
-963.3432583719518 -492.6395909275976
-991.5116839626821 -518.7153174579349
-1002.5232702954353 -536.3917341981935
-1005.394931105806 -549.9973022722489
-1039.520967118263 -581.2720180100806
-1038.4197262330752 -593.380545830435
-964.6405224201961 -563.1675261455432
-912.1309851382676 -543.931122432513
-911.3111981286874 -554.9782880124739
-913.7614125060943 -568.1690602407593
-921.1102577776534 -584.6681905292822
-927.3911177361484 -600.808384382323
-930.9480903816258 -615.460521085475
-935.1411496576545 -630.7892121913312
-982.79020296301 -676.2931442502769
-1020.6667096715851 -716.413615007546
-1044.0558710990167 -747.3977107428638
-1053.2243337869822 -768.8527184831744
-1058.8742639490945 -788.1530899173481
-1054.696282981543 -800.3697587146314
-1047.2186456174525 -810.1290688965237
-1043.5768799076536 -822.9145130098308
-1062.3917071800786 -853.8693462790419
-1114.7577538275334 -913.1243892709211
-1100.0890371174441 -918.3099206771179
-1080.8504785074692 -919.4146198044573
-1064.7097808451556 -922.8618978875769
-1045.6007758870667 -923.4413990418473
-1028.060434036176 -925.0841820987695
-1010.5805140980946 -926.481529511102
-993.8948603405544 -928.3172984430646
-977.9873836921051 -930.613065317198
-962.8546547981555 -933.3766194487223
-946.814868366695 -935.4691897864717
-930.823102236045 -937.341641208618
-915.5799377694318 -939.7113267137537
-900.376542690335 -941.8763620417488
-885.2154260325842 -943.837724142212
-868.7448419702702 -944.1246737322621
-856.3701609662694 -948.6380486816907
-841.9995847047279 -950.7558568618264
-826.3550656100313 -951.176800358714
-814.0225049804328 -955.1923164396694
-800.4059496408836 -957.5250992947784
-785.5510848614025 -958.1390781473604
-773.8907033707014 -962.4542478665679
-761.60037603488 -965.8492984019449
-747.4807412788131 -966.724646120743
-733.4138661759812 -967.4192994254353
-722.3845006317559 -971.9473407788144
-708.3912683373542 -972.3120954422992
-696.2003522535335 -974.9405466601827
-683.4504648561676 -976.6060936159924
-671.8633252182913 -979.7671520451279
-659.720456996847 -981.9663530996729
-646.497347793556 -982.3528792118939
-633.8687484869907 -983.4177188212221
-622.8799624768673 -986.8685587983927
-611.3573765770433 -989.3488556140525
-599.3266331120408 -990.8438761190308
-586.3042650212925 -990.4788280512824
-573.3434482314066 -989.9562062890058
-561.9247465980794 -991.8873822973474
-552.4598494941481 -997.1901096064397
-541.9923818307052 -1000.6439217011609
-530.1056648630541 -1001.3375974565718
-517.795598455051 -1001.0078512282387
-505.54006890489836 -1000.5349762660127
-494.66805494330936 -1002.6103507437987
-484.2363496411297 -1005.4706150287204
-474.6457036602726 -1010.0333935058012
-463.7620371491757 -1011.7775313275378
-452.7280494579454 -1012.3824935438207
-441.4820362106676 -1012.9751288670826
-429.87504327023197 -1012.5252822391233
-418.31670857581287 -1011.9467037973386
-407.9280830874527 -1014.0235100965837
-398.2666151020943 -1017.856916906851
-388.2136225985967 -1020.6635994434574
-376.41028620309976 -1018.6811554360376
-365.6929508817078 -1019.390830680475
-354.0101498745353 -1017.1557470642385
-344.0016293074155 -1019.5287534120082
-333.0479825760473 -1018.9519327730945
-323.0414069048425 -1021.1196058371124
-313.02375027081143 -1023.1891964668101
-302.99597236253004 -1025.1606902003632
-292.68472592925576 -1026.072439551768
-282.913887738826 -1028.8093759897909
-273.11746402040745 -1031.4532712862283
-263.04957751494385 -1033.034810531189
-252.97633309480412 -1034.5182332341499
-243.12697377763308 -1036.8771743180241
-233.03660772348564 -1038.1666241315652
-223.1534550685745 -1040.33578016473
-213.0496983184827 -1041.4311432093837
-202.94530767468936 -1042.4285117420886
-193.20474079199522 -1045.294660914088
-183.0832092825776 -1046.0996790357942
-173.28989438756972 -1048.7800591654786
-163.00125348904956 -1048.4043072026166
-153.02391076297414 -1049.9069876588142
-143.03272920564152 -1051.314718995214
-132.9032319694779 -1051.6352651618654
-123.01246500678623 -1053.8448336700021
-112.98519291275504 -1054.9669881955867
-102.94770291871616 -1055.9937359964592
-92.90090277254737 -1056.9249842179179
-82.92378372296886 -1058.757595530283
-72.92020414045594 -1060.4959423911598
-62.89105544095243 -1062.1396872095133
-52.83723306873958 -1063.6885008317236
-43.01286758699475 -1065.1318665883318
-32.84462468295967 -1065.493890470253
-22.694659166439386 -1066.758619578637
-12.511815030088682 -1066.926639692089
-2.330012703071247 -1067.9974583494118
7.878454137263628 -1069.970994915473
18.124380697982115 -1071.8467739487369
28.3539300101359 -1071.6249598870775
38.616885866534304 -1072.3048708860606
48.895400532213024 -1072.8864058262618
59.188530188372276 -1073.3693296783454
69.55991468350578 -1074.7513285729044
80.03716941103079 -1077.0301999074445
90.73148985466703 -1081.199702528979
101.32639466581703 -1083.271416471434
111.86645752305546 -1084.2443892781932
122.3221867030505 -1084.1209723274355
132.90733964598692 -1084.8892289391697
143.91148042833285 -1088.528128162486
154.99713347640795 -1092.0553505267471
166.1631651538816 -1095.4696721251776
177.40842589271838 -1098.769880558376
188.22531448623067 -1098.9978302920163
198.88447406646088 -1098.1352220811912
209.73189416988194 -1098.1514160478569
221.18859470061219 -1101.001637407669
233.1313429242156 -1105.6897290589038
244.75232081403473 -1108.2965764885064
256.21925089766216 -1109.807503790383
267.2687572756521 -1109.255791683924
278.3310312726959 -1108.594081271715
290.6687552430911 -1112.6597299828154
303.3712633405448 -1117.555312536772
315.1088020988933 -1118.4589589429736
326.0500718816294 -1116.3603139784145
338.71697169912744 -1119.8976797381858
351.18229194572035 -1122.3399653508516
363.72492812849464 -1124.6458005336265
375.07625663859716 -1123.019947154091
387.7329311222596 -1125.0614090454533
400.82437715345753 -1128.9569605080358
414.0418813307356 -1131.633474453679
426.2896195152547 -1131.35235903477
439.6546161819007 -1133.737102890236
453.47485745614057 -1136.89777625569
466.6371758213722 -1138.0464604494202
479.0865844335462 -1137.203607370201
493.54793633057375 -1140.8152499611108
508.5281994404375 -1145.1672674216054
521.1494305072648 -1143.8759858839392
533.7925372122269 -1142.4476037072918
549.0479338118073 -1146.2928798422267
563.1040018609949 -1147.2566770728042
577.6780175057214 -1148.949132072721
592.7937589237312 -1151.355965538492
607.0759418137785 -1151.808491404241
623.3199854086281 -1155.6129091482958
638.242964626783 -1156.5841595424067
654.7161791614828 -1159.9873812866194
670.3132157758672 -1161.447886371238
685.9981204706651 -1162.7151752302518
702.8013867062436 -1165.5004122023213
719.1961314666835 -1167.218027826574
737.2861981918029 -1171.2664350846385
752.2746046908683 -1170.0273155517343
770.0510481286989 -1172.787441643153
787.9490826689237 -1175.3132531887836
806.5306371420818 -1178.42790672624
824.6711106612762 -1180.473447071427
843.5049582321305 -1183.0927205582036
860.6993355195568 -1183.0323976274672
881.5459001224549 -1187.5680300417703
901.3503952155073 -1190.2169823376107
920.0633989336385 -1191.0114785100438
940.7306358786965 -1193.91200292118
961.5373525834298 -1196.524516918416
982.4799147734739 -1198.8466194917128
1002.2721570613901 -1199.3412871987307
1022.8121304554838 -1200.3267662570531
1045.42998404257 -1203.2922124175623
1068.4727225348952 -1207.0252860644093
1092.4957115465195 -1211.0384470579224
1116.6873741112986 -1214.7054410433882
1140.3596450281364 -1217.2936703981102
1165.5590967749224 -1220.989759140193
1191.6247802896144 -1225.0352578598415
1217.8681506693788 -1228.6973458037367
1244.2842911813245 -1231.9730527569948
1270.8682450743438 -1234.8594671709236
1298.3387279141255 -1238.043839126196
1328.9005607905285 -1243.5526927036983
1360.415482946013 -1249.2712730871408
1391.4106236236776 -1253.8363036964467
1421.8608768055258 -1257.265145866146
1454.7627985318318 -1262.1969735377413
1487.119674181086 -1265.9715931503126
1520.4416775852856 -1269.8890128911435
1553.966756088273 -1273.290352186998
1590.8058367052502 -1278.6781416386648
1631.0223398843775 -1285.960779650021
1668.3494807250418 -1290.1515454257626
1708.2875338994347 -1295.5653983970815
1750.8794885058803 -1302.130952220009
1792.1270453108089 -1306.8300017468032
1836.868967902134 -1313.1932054188176
1881.8858979899526 -1318.8288239747224
1932.1137763619824 -1327.1293664116695
1978.5127028803058 -1331.8079758513484
2031.010641433769 -1339.5838064051054
2083.8259352632404 -1346.4881995488417
2147.086543996636 -1358.9335423737919
2204.810877198963 -1366.6180870254636
2262.0104194500905 -1372.8163978840093
2329.83387364621 -1384.1871698620441
995.8803163575094 -579.0737392523225
1010.839168149797 -575.1288343790687
1010.9568228108716 -562.6857936825385
1003.9038951139975 -546.46680537334
1011.6434231473637 -538.4176672460553
1013.9972739245575 -527.5021596861627
1009.9308729965916 -513.5451603981314
995.0023962806312 -494.2582638619226
989.6996139995387 -480.0986086723895
990.5460583050949 -469.07835846075807
974.9334806292846 -450.5338037795479
955.4152268155531 -430.68055954382856
963.9919425870298 -423.7080771324576
967.9254926756845 -414.64351029352133
980.0795685111514 -409.00860551704216
967.1986347884866 -393.01755795802273
967.1243408699123 -382.453277273104
970.6706260863106 -373.36113302432796
972.2581065790384 -363.5356573863741
967.1674559474476 -351.3233726300344
970.4216223415281 -342.23219441197654
996.297981935687 -340.88022997950117
1098.1642638450164 -364.258492850521
1118.671132928139 -359.44387093574665
1115.310605434015 -346.851918556624
1117.5586561957864 -336.0828022405615
1119.7028924356732 -325.30206373644074
1120.7804244450278 -314.24073603023436
1123.6798512414996 -303.70971652859856
1126.4803293564948 -293.1519530429278
1129.1816121863062 -282.5683752657651
1130.8111393004006 -271.7262726239955
1132.3367048564937 -260.87849055592534
1133.7583459470675 -250.02602463617575
1134.0975952997558 -238.96368831960942
1138.2508618257418 -228.70499678178427
1137.4002360699433 -217.45046099752807
1138.406740377175 -206.58919009429064
1140.2952100986834 -195.89750847317924
1142.0832680281603 -185.1885765648552
1143.770756713308 -174.46333737340555
1143.3776528342041 -163.43972283183246
1136.9312244050104 -151.64560980431955
1136.3193420241275 -140.7243864504443
1135.6027847516193 -129.82802187650785
1137.7656165340875 -119.27028897763157
1136.8316264574273 -108.52581760189761
1035.1769031453675 -89.04930765798298
1143.6498352609692 -87.60167982155349
1148.410908236278 -77.15818714774905
1151.079658581539 -66.517814153862
1155.6473225085501 -55.93090361168291
1162.1157775411605 -45.34224950202421
1163.4889320108923 -34.48920248647336
1163.760850147903 -23.594144676808096
1165.9306288301746 -12.71883468221666
1165.9986077456326 -1.8018699303842676
1165.9643700245438 9.115252781402328
1163.8282138335733 19.99721693022646
1160.5910269355263 30.813441819124687
1106.2864614635973 39.73996958167978
1003.9703897425625 45.48028716012028
979.5363669394172 53.56776869655324
952.047155098771 61.009953846373016
908.5498483887513 66.769551389663
871.0113928207611 72.21602022015486
859.3436727190619 79.35648781110318
853.5887114800281 86.89252921779436
849.756136550003 94.54897353019021
844.8624925712339 102.02141268538504
836.928898065082 109.02302318119636
834.8810808389103 116.71581237027316
831.7736375409622 124.23210491606415
828.5988095464728 131.70046627923554
828.3154913477524 139.61893422215903
826.9719564480979 147.36818940465153
825.5559254996958 155.10452563462056
825.0485554031777 163.0211066921386
823.4860531986087 170.7387483478139
822.8285916415756 178.65359995572774
822.0950240957749 186.57108928493543
824.2045040549851 195.18180113800565
826.2244700907853 203.8482892329515
827.1854622106557 212.32100957593403
829.0262038858027 221.0872073881604
830.7749687156692 229.90639694336244
832.4526286825842 238.70195013752127
833.9724699696965 247.7698919010212
834.4388868341531 256.59451307262873
840.5304704441614 267.2686443541716
846.4935696063617 278.08206812931996
851.3790548414809 288.7121489948541
858.9698522662003 300.45098252091316
857.9466536515615 309.30816265997174
858.7073769629745 318.8693160988809
855.6270610350139 327.04484772670634
852.4689099989159 335.19062857612874
849.2332111469349 343.3059176377034
873.6250707960089 362.89838202542103
858.166834786205 366.1129384124882
827.155695485349 362.24640153650756
820.92667771453 368.889400520785
820.0955770671814 377.95799300298796
815.5492946524004 385.33537080311265
774.0352895102973 374.7924366802381
741.7584571577321 367.93802635087997
729.2998155836096 370.46697422268704
720.4100392827257 374.63765867923854
701.7971330441903 373.50473096194503
700.8375893463101 381.6158714718936
705.0287748788933 392.6619749769091
704.7274862330104 401.3479415017625
701.7317247998707 408.55426372686236
697.8031667440109 415.22854006201226
695.5200249928441 422.9041201430336
697.4010580551256 433.21214690217454
700.836956027553 444.66567336149717
707.4740602132122 458.39879376524567
720.5840375317734 476.7123292452248
725.9490631441602 490.2794689971386
732.7666043144924 505.1268193250167
1739.6364028620428 1223.8440202236607
1818.0564007916516 1305.1110770890366
1810.3665907644854 1325.9369544000856
1796.0357757023792 1341.9461585313895
1843.6010308630616 1405.0833566022538
1820.228022257148 1414.1410633277824
1799.606711215989 1424.2333674459292
1771.1662817547847 1427.7937534444288
1737.3983728060718 1426.5170500806548
1696.1267784131744 1418.3352747322285
1661.99680262339 1415.3641326773925
1534.3793897703663 1330.6543083190008
1395.6851487282884 1232.5205741160248
1174.8634806593675 1056.454353870983
1139.509419923261 1043.332776206208
1117.6541820251773 1041.9372003156582
1100.2687822689854 1044.364690500557
1084.3687936171616 1047.954349878496
1072.0576726682689 1054.84991656306
1061.8298339254156 1063.73229892954
1049.428727758532 1070.3739278192033
1035.606939298945 1075.4381745483424
1031.3991859133212 1090.5121362448647
1024.2813707114392 1102.6661659874646
1017.0281931402279 1114.780092376036
1012.3090407410872 1129.8315830396405
1008.7222674360755 1146.3892825644448
1012.7649636485388 1172.0529546082691
1013.8387762447052 1194.8305050435558
1239.9049750617355 1488.1547812029355
1217.618862651927 1488.3995785118416
1187.2884811021236 1478.2293673994614
2010.4654977042687 2549.7132157442193
1128.7043545781441 1458.2052255962928
1012.1073479327702 1332.1290163720985
934.9382420216372 1253.7888512845736
865.760075594499 1183.053460967258
849.2622525271873 1182.662093090181
839.7533822034716 1191.8801353650585
838.1076492730481 1212.5393058495074
933.2418097289956 1376.455129880284
1207.109581285063 1815.2923893328589
1188.565137732699 1822.714709812386
1166.7529427611285 1824.8954957909912
1141.2804274270577 1820.9008720882948
1081.9692336591193 1762.3752657748853
1099.3982121078475 1829.0105443146217
1073.0713848077698 1823.7252542822164
1041.451939492614 1808.5759198128987
1010.7030938293553 1793.8674020461406
894.888524582588 1623.7273565997461
868.7115271826551 1611.8006336206656
857.2891555527291 1626.953073623111
838.3329913973676 1627.8079725614878
832.0224645223244 1653.4629171923382
812.5117483747499 1653.1148353193757
799.5710910253217 1666.0702477376449
783.9135120894649 1673.4944294988138
769.4340631851865 1683.499991805861
758.092903245041 1700.6878461521105
744.5038852225003 1713.2244350605679
735.8154175619444 1737.6261598163574
716.0580869360657 1736.1292625071044
734.399269640511 1829.0704504615137
733.5909312162765 1877.7913477373454
714.1753119888538 1879.9134617704144
696.1699665378662 1885.5893979577488
677.4459190002927 1889.2104241798606
658.7152649476034 1892.646348297803
269.6166887539331 798.721378920938
260.2497856021181 795.5118158104577
252.778979580194 797.9171557764602
243.82067907504174 795.4718577394083
236.6350456947227 798.6819486811108
230.2358428810053 804.7114120309673
222.68009348752784 806.834912460031
508.8499807873612 1913.4972424993723
489.39757590806295 1912.3718290895501
471.6829364388951 1917.8478061286253
453.21948008103345 1920.2398555584346
435.1938273123315 1924.405189316752
416.28423300840865 1924.491734809116
398.220334962227 1928.3105467798935
379.9283697493993 1930.9786207670877
361.8052437168388 1934.4562454651175
343.85355085734216 1937.7277248268904
325.6958687226051 1940.8622313541543
307.50963463590426 1943.8265932449049
289.44344310864494 1947.609687088615
271.0578901152933 1949.2438585785633
252.66712216764665 1950.7045715267907
234.27277481744406 1951.9918716478649
215.98634310747997 1954.0997670515846
197.7815269074494 1957.0312893804632
179.63197159491486 1960.7889623263702
161.26556927137656 1962.3848797235414
142.88502968903427 1963.808765712885
124.61841613763679 1967.0564939419883
106.30350160184278 1970.1341491246699
87.98639864648396 1974.040119565259
69.6054611653288 1977.7755382691842
51.11065263099839 1979.3402186556089
32.674907203745 1985.7311878598339
14.09559726424973 1987.9500280786144
-4.52012616423287 1988.994863859497
-23.154178944780117 1989.8652929274867
-41.846920212882225 1992.5606227336464
-60.62251436546628 1996.0796353733008
-79.4676621768435 1999.4213889693556
-98.42975470080053 2003.5836851475758
-117.35989978229226 2005.569159596121
-136.3358376008286 2007.3755352164876
-155.3558714570054 2009.002128720583
-174.67758967197275 2013.4370463628582
-194.00017308250685 2016.6903413374987
-213.29387674120153 2018.7634141089216
-232.75774739269727 2021.6450803809944
-252.41790093106962 2025.331134232018
-272.0344586043087 2027.8346217904113
-292.28889768201304 2034.1072243841604
-311.7755642256995 2034.2467887529642
-331.77265540629685 2037.1605005803187
-352.0215314329425 2040.8630138761412
-372.7271112625481 2046.3319624464345
-392.62382339293185 2046.6808577070133
-413.36109801119574 2051.7752320005666
-433.28811533429337 2050.7260687644402
-455.3912611432423 2059.2473866134605
-474.99174286237127 2055.8411524756884
-481.9172337137624 1999.7511794845066
-468.5985700669017 1867.094100502504
-477.07161580862027 1827.7646657569874
-485.8927893264297 1792.3049956077737
-489.7573168352399 1741.4415782926358
-494.10690577015686 1695.4687746078491
-495.0356265635768 1640.955736280783
-499.7477991600728 1601.8539687607806
-426.45425121283466 1322.9651437670234
-428.47619865965135 1287.5780159594894
-431.81835006136674 1257.947897390937
-439.31110702620333 1241.5694709694708
-38.010181865815866 104.28914648479775
-43.20598925262509 115.16181004439815
-43.568612411444775 112.88390501989777
-42.785695762746656 107.8210751110268
-44.17691977235048 108.33928077769073
-605.6953814541793 1446.290809237574
-626.3999929985184 1457.058354621206
-642.5174458099956 1456.5834448564212
-641.7814754758163 1418.578703398611
-51.332010648595165 110.67531198407579
-52.37215844005983 110.18691855356184
