-50.41268188074391 103.3613153244042
-821.0086064407994 1644.4418105090058
-841.466821657002 1646.4308634286663
-862.9618167139045 1649.9517880513472
-883.181897996412 1650.5677008385494
-905.8900653903457 1655.3344645198067
-928.2774295064551 1658.9460551413022
-941.3789370262234 1645.7890803269347
-917.4748719642441 1569.5107069766023
-846.0715596337841 1416.567300193978
-852.60550053808 1397.4379630066624
-873.6625925314195 1402.0762013568587
-1063.9808695516156 1672.2047450082746
-1072.6020978033566 1651.207358204244
-1077.6070924438843 1625.196281780954
-1082.778634571728 1600.0670075078056
-1089.2779585646592 1577.4544459302806
-1097.7519142749973 1558.132450950682
-1109.4608062074 1543.663732646986
-1148.1919202403326 1566.2117718542463
-1186.2464351682333 1586.562445997843
-1188.4043710267192 1558.6195978892952
-1191.9836756200818 1533.1467369613515
-1195.8107443800045 1508.5296363099199
-1201.1664331792892 1486.3109364474662
-1204.3028889621162 1461.8107099202348
-1207.728434442226 1438.1502107359056
-1208.8651958374694 1412.2768631868316
-1212.252421919997 1389.5251223166504
-1234.588867125586 1388.5079507044827
-1263.0562022566526 1393.8615533620987
-1297.8384212080664 1405.4125488397183
-1327.4657946133657 1410.6039714007281
-1357.3046403054393 1415.3604181993087
-1384.553712017828 1416.8175671333458
-1416.1831374995934 1422.1372370702513
-1450.8830341504424 1429.7927896077829
-970.4396192353596 938.4811907642743
-1002.4474244819863 951.3270526740172
-1066.9809468302785 993.6375894163638
-1076.2924571083497 983.5438712999392
-1052.611025500197 944.1430129993145
-1038.2435143978278 913.640741654425
-1701.620114360184 1469.0108870954068
-1743.7074228101576 1476.722527639082
-1784.553007275287 1482.487964276516
-1819.4604456552584 1482.5561327302144
-1863.9019268016766 1489.5857166558083
-1822.8472449898143 1428.6650837173293
-1706.27905161028 1311.3793494012036
-1740.9978899275504 1311.9932725695724
-1729.2307466814784 1277.5997122461388
-1734.7876919029202 1256.4536059967113
-1738.4688496837596 1234.1596568836733
-1742.7048060004304 1212.4804984588422
-1751.6440957508355 1194.2122767001006
-1759.5623068639857 1175.3282470286713
-1767.2801925929891 1156.40162610941
-1741.9622184664465 1116.3908945505852
-1755.8572415873195 1101.9502471370336
-1807.123377754628 1110.3810596244443
-713.8312940054949 429.3412205908498
-706.666833373752 415.95911651208456
-707.1128251118402 407.24372624062863
-703.1011230056614 396.1032830313045
-712.0804537182739 392.3141947882808
-1905.1937117021207 1026.222646841657
-1932.5356113198204 1017.4291675496276
-1998.1176833342874 1027.8787494382887
-2064.0666219627105 1037.1735535094622
-1114.1107050183373 546.6610805275454
-1112.9306756750627 533.0490701065414
-1117.934855462139 522.4726394203302
-1141.946800976646 520.5597984278121
-1918.0866998900362 852.4930566901704
-1919.6602191887375 831.4858043672475
-1932.9859023577312 815.5792428000282
-1967.4568359901937 808.234247304243
-2024.245123599351 809.216707430246
-2031.8268749561257 789.9870569863944
-2048.5802033245027 774.2216417453973
-2057.54799733103 755.883746801761
-2050.4430756184693 731.4452772752542
-2036.4467432090441 704.918195305865
-1224.8466215297533 411.114039807873
-1217.2499644911727 395.85669622508425
-1210.429467280723 381.0793942717252
-1206.309454150929 367.33976210871583
-1196.2827428560543 352.01789605756653
-1174.5323529651666 333.63865459222353
-1161.2244360358784 318.07830663714856
-1159.3321049145088 305.859560116231
-1161.1901628692276 294.68865885157
-1166.8269128852262 284.45729972481405
-1168.478747306135 273.23509491623855
-1173.9261165620046 262.88110022147055
-1176.3482985489375 251.8207308801638
-1180.6258205003041 241.13828391191632
-1183.8246798028263 230.2067060051378
-1186.9222649790765 219.23625817126833
-1190.9031591323994 208.40025328312583
-1192.8118278239717 197.18251292453837
-1196.5910363517503 186.25491060008102
-1196.3120154055255 174.6956261512283
-1200.8756888131597 163.83400140849687
-1202.3644683673458 152.52437578206957
-1207.7194998668656 141.6672497132911
-1211.9820765206537 130.61564298614567
-1215.148135147594 119.39853285247956
-1221.1984839773495 108.3986288263062
-1225.1552331582975 97.13729801079452
-1227.012774472673 85.67176478206189
-1229.76111660732 74.24012446593498
-1231.404085228049 62.713466525714026
-1233.9380694023732 51.203914689638104
-1238.3632801883978 39.71632260206804
-1242.6812060746572 28.149956817644767
-1246.8907561700075 16.50582254196923
-1249.9908563474758 4.7811136468335365
-1252.9804440428306 -7.000488999431976
-1256.85861045192 -18.852939634678616
-1261.628308319823 -30.62697579034029
-1266.2834254102486 -42.60617949649456
-1270.8243859549787 -54.67522347600518
-1273.2526568120816 -66.72834420975305
-1274.5682728392796 -78.7700315570315
-1276.7673188631077 -90.91321951790815
-1281.8407449766692 -103.34555877084479
-1287.7887398630703 -115.9705198827945
-1292.6169985631602 -128.6168535829083
-1298.314931851882 -141.47203868765973
-1304.87790767892 -154.56275764712356
-1310.3169579367966 -167.66177186007369
-1315.62450330249 -180.87610762639937
-1324.7563116450933 -194.78633103092295
-1329.7901931925214 -208.2643562614511
-1337.6466128364539 -222.3455400208474
-1342.4004039217848 -236.0723523639082
-1336.198371786788 -247.90101095868317
-1357.374046844504 -264.99942821254274
-1350.914871404972 -276.89349977362747
-1322.8426717252298 -284.0708817581553
-1212.797747637891 -272.3428415149892
-1189.7489219152994 -278.8933538135736
-1156.9712608790423 -282.663229833593
-1130.044927567437 -287.3229223001639
-1111.8362146497836 -293.80304932597335
-1101.3216155576652 -302.0839272544217
-1086.9026534370118 -309.0996958128281
-1073.4091325621469 -316.15476294400406
-1062.7494190911689 -323.8590314031452
-1053.9478066763932 -331.99250112317293
-1042.2347244779496 -339.06161548068576
-1031.430418423101 -346.2589954810517
-1020.5833685087987 -353.28400462408956
-1014.4052555201614 -361.8162207158158
-1005.3410065438777 -369.2295499568567
-998.0982086517101 -377.2120966859988
-994.5226880216594 -386.5405839108918
-986.2167779295487 -393.9802874894369
-977.8591458531384 -401.29850594211086
-971.3316002050105 -409.1832382236272
-966.575080273833 -417.7817781972224
-962.6569049907337 -426.73256645545746
-961.3870579612261 -436.88777138374815
-959.1048757167713 -446.63389635843424
-957.6270161978288 -456.8057550513602
-957.8398077566569 -467.86632992414667
-959.718254425909 -479.8644309820081
-982.8216616834447 -502.8693481668897
-1004.6924309840886 -525.8793769708815
-1006.8226338886525 -538.9547141360918
-1012.3049396739635 -554.0349349198955
-1049.011141379776 -586.8386705569937
-1020.0806016701199 -583.1471221710061
-930.8651203945302 -543.6672949818452
-914.616073012065 -545.6211496890393
-918.9079636619667 -559.807247468821
-926.4110883852094 -576.2321540116725
-928.6222117428499 -589.6276688367141
-936.5381968135271 -606.9202632218398
-935.0368615607074 -618.3421929018774
-969.8778768209784 -654.3981235098638
-1028.0149493081515 -707.5939965820503
-1041.8658213784245 -731.4674362153527
-1061.864937106687 -760.3149711424941
-1066.8787658766546 -778.9805510547142
-1064.4174767859436 -792.4294511895965
-1057.018763215575 -802.2719826905438
-1051.901750804523 -813.8812607834013
-1060.7935452287893 -836.6110532385622
-1123.9114828768854 -903.4306717493494
-1113.9331072105983 -912.553030053674
-1093.1352265126202 -912.5959547122716
-1075.4802027662374 -914.924222795469
-1057.8768775422586 -917.0040959349316
-1042.576882440018 -920.8226996559398
-1024.3243213066787 -921.761186414145
-1009.0933521025382 -925.1441005283788
-991.6959682388032 -926.2764741581764
-975.8140783950115 -928.5450362831598
-960.7006175390992 -931.2885285774723
-943.9172698742273 -932.7106666234632
-930.0136707414224 -936.7361273240534
-913.329031351849 -937.715884737959
-898.7840838337206 -940.6317933427401
-884.9513998090362 -944.0852821520032
-868.4279068094613 -944.4162062748276
-855.9986273663826 -948.9733136115414
-842.2366745441142 -951.8814968539266
-825.2206238785509 -950.8374844974799
-814.7844379647773 -957.1704757515361
-801.7392302702259 -960.3203666723442
-784.9077278564283 -958.6661873411718
-771.9384518185841 -961.4572411729642
-760.8437274729074 -966.4454575221162
-747.2803213343811 -968.1431306095108
-734.3579425856685 -970.4676255091377
-722.0556264439269 -973.4370407585014
-709.1759875622439 -975.4513922616114
-696.3242736125704 -977.3088078892598
-682.9298571514784 -978.1900685506174
-671.8410339971074 -982.2065083462326
-659.6247612216787 -984.4390150655566
-646.8788995594682 -985.691985005829
-633.6291578056332 -985.9503488404089
-622.0317785957283 -988.5850830439608
-611.4910855501965 -992.7913437841015
-599.8944393260064 -995.1736841706258
-587.8003686246392 -996.5639601374005
-575.2351160495249 -996.9481236571387
-562.2251918386639 -996.3126184396027
-551.6959437185537 -999.8977876185617
-541.1496658321872 -1003.3728315883942
-531.0537457486026 -1007.6224090036795
-518.6373195834656 -1007.325335100472
-506.27549661727426 -1006.8833703686503
-493.9699083214476 -1006.2975353606411
-483.01828507597116 -1008.2744350038176
-472.9209680945219 -1011.9460252091217
-462.797658804363 -1015.5167782982221
-452.54948942657876 -1017.9366186652993
-442.4655435972535 -1021.2704062730825
-431.5815024976874 -1022.6619219966287
-418.43076027717643 -1018.389266859124
-407.6278603305286 -1019.5310331139289
-396.84110700012684 -1020.5597169175912
-386.4252168753033 -1022.4111461456564
-376.35465962185646 -1025.0956883047145
-365.59655891769324 -1025.7973270132563
-354.53240186482446 -1025.4422343691324
-343.5080721835806 -1024.9698553346434
-333.1422983482522 -1026.2832011931425
-322.782612078569 -1027.4922799416725
-312.13942462453923 -1027.6404914147076
-302.08567377118897 -1029.5985847417462
-291.75049762138127 -1030.4963110742688
-281.95208176801236 -1033.2202202757571
-272.128242308309 -1035.8509640571804
-262.03497255970893 -1037.4187549662058
-252.17216312428852 -1039.860182979047
-242.06017924733794 -1041.2338208215995
-232.37922057554988 -1044.4615348803898
-222.2429741795656 -1045.642893356915
-212.5024654213833 -1048.686179078295
-202.34561236344567 -1049.6748321062396
-192.3691142458585 -1051.5489165437164
-182.71647745483918 -1055.298862344926
-172.68746032992675 -1056.9863012569274
-162.33915046829537 -1056.6016279682858
-152.29868141039628 -1058.095511587047
-142.1114164633229 -1058.5028792170515
-132.05380570059316 -1059.8046010468108
-122.0985051500382 -1062.0042161122178
-112.00854909736479 -1063.115743900495
-101.90849323893389 -1064.1314105907081
-91.88512224234461 -1066.0474306101532
-81.68172581968805 -1065.8748029985122
-71.62377621417875 -1067.6001286440637
-61.540419532982796 -1069.2304600803816
-51.43255377488152 -1070.7654703118671
-41.579711364642094 -1073.1948227618473
-31.318668951320124 -1074.5436896539468
-21.016033393819576 -1074.7945507586041
-10.721430521346011 -1075.946583677636
-0.4066700970570181 -1076.9999232216464
9.964136851529055 -1081.954119164396
20.33591602661012 -1081.8088789242574
30.81934130713099 -1085.5626044597311
41.30067552127557 -1087.215826872239
51.768994582914395 -1087.7688041122867
62.194595657119365 -1087.2225311641805
72.6811607270781 -1087.5741119001339
83.33266083234334 -1089.818639792237
94.11965164185052 -1092.9549355645074
104.8790576512279 -1094.9887594245845
115.79096534090404 -1097.910949187329
126.65408893240534 -1099.730758757207
138.05843568267665 -1105.4120807811232
148.78264755122117 -1105.0288339168571
159.5121873073072 -1104.5414714262379
170.39845710425277 -1104.9381728479154
182.11637089756834 -1110.161532143453
193.77865531119824 -1114.2759230755116
205.35569757005172 -1117.2846716372321
216.62777071996518 -1118.2099127412966
227.53721625323962 -1117.0616881890303
238.65351600030814 -1116.784893925724
250.87710135530506 -1121.276807936185
263.2086037578009 -1125.6363670865778
275.17257610670845 -1127.91890371551
286.2191292634987 -1126.1982996096401
297.76915167022963 -1126.303037514146
310.40682557173307 -1130.1467173064211
323.1453909029153 -1133.8509850673508
335.13345669955294 -1134.5371594622227
347.1642730227989 -1135.0973383532144
360.1414004149221 -1138.3910451629436
373.2133904996366 -1141.5396467717474
386.0587980645491 -1143.5941607217815
398.31988448207215 -1143.6180610790427
410.9322680701184 -1145.5233175534877
425.0230866414539 -1149.9701630137067
437.4584754744569 -1149.5782192767763
449.9253316627698 -1149.0531736730666
465.03690795024954 -1154.8877323117044
479.15424822927685 -1157.7651775743805
491.4130561081832 -1155.8759484851373
506.07998717283596 -1159.3567382747824
520.858602262532 -1162.6617377591479
534.4941504563658 -1163.0631982518955
548.1851100785196 -1163.3095396704186
563.2345454853792 -1166.1011305936884
577.5005399029554 -1166.9177890544795
594.0943904134099 -1172.0272416967614
608.9962783722012 -1173.374421456684
623.5091986822624 -1173.659779986774
639.5161650449718 -1176.4098242730604
655.6328442819481 -1178.9599541539835
671.856866130566 -1181.308321918209
687.6831426591573 -1182.5886416258297
705.1282928803488 -1186.2521193151333
722.1872782016499 -1188.8341075203439
738.8328169036141 -1190.3474571175723
756.1088641197476 -1192.494606109204
774.0371334542759 -1195.2583469835663
792.6390149091031 -1198.621037711222
810.8164285129839 -1200.9070402214525
829.1100394036811 -1202.9536743200156
848.6676548616387 -1206.3947163311211
867.200486987961 -1207.9454935417589
887.0224489076837 -1210.8642265480535
906.9794674986712 -1213.5127710641643
927.6744962672104 -1216.6840300486308
948.513012555103 -1219.5688029027485
968.869944907634 -1221.3811976015834
990.6060635053798 -1224.4691204544015
1013.1260635427116 -1228.0226298283146
1033.2293970911448 -1228.194615273438
1056.6838485878513 -1231.8880810096211
1081.619825672067 -1236.748783186435
1104.3499869244552 -1239.3591514891702
1129.4544920524606 -1243.677028163871
1155.417189753957 -1248.3637761570417
1180.1956385184935 -1251.2147117189463
1206.515903845748 -1255.1495423921717
1233.0145369432169 -1258.6974027488516
1259.6865627875934 -1261.8552862877655
1288.6664228472641 -1266.7232731050758
1319.2886322142256 -1272.5433214277296
1348.6815985376977 -1276.521423935298
1382.662288918006 -1284.1393985093753
1411.7314228127473 -1286.5124911337223
1446.1854631196522 -1293.1154651698344
1480.1365276041522 -1298.5210278050652
1515.0747543611815 -1304.0511833119917
1551.0115723682216 -1309.6805344739062
1587.9579497540171 -1315.3834231177686
1625.9243893669625 -1321.1339372151751
1664.9209244428284 -1326.905918048615
1704.9571143727455 -1332.6729674416606
1746.8356960452281 -1339.016822531436
1793.7798724643992 -1348.2914258948636
1837.0270658421198 -1353.8299595456926
1881.3468292194868 -1359.2553506187803
1930.8266500026364 -1367.4298693679311
1979.8040396562317 -1374.2183103717057
2034.0398458614432 -1383.5757678739376
2084.4648321361406 -1389.2556869013174
2141.873902606969 -1398.4778100961032
2200.481724839032 -1407.2754451952324
2263.6803665266943 -1417.7419363909535
2313.6290013650228 -1418.7730065245419
1001.4195021238493 -601.1513792432168
1009.640345050379 -593.1840976008642
1004.7955406635348 -577.6390927410251
1008.4642681407064 -567.1409171303279
1007.6434166533587 -554.2154318269618
1018.1183310408524 -547.513528598691
992.2645110135044 -521.5861771396276
990.0313919445259 -508.534013576658
988.4479268198477 -496.19219659880287
976.0174959550571 -478.4964446990385
969.6569699661595 -464.1016705378753
956.7706003792841 -446.9071696111669
967.3073246613644 -440.77833392361015
967.7606294464565 -430.02367852642516
962.5917144716419 -416.91508875374734
964.633180222138 -407.0526103767475
964.7245179357515 -396.4285616521998
969.3440830773899 -387.69581968710264
963.633230843482 -374.92265390897956
966.1864739152699 -365.4759877518322
983.6651250965224 -361.5341224128682
1084.0340918997445 -386.87347750795266
1118.8130100492983 -387.44476837922196
1115.7767479623406 -374.66151217676935
1118.3051638073175 -363.826278052986
1119.7747296904065 -352.67627471489607
1120.1770381762096 -341.23950993807097
1120.4635017857333 -329.82653193163816
1119.6726868971234 -318.1651681384625
1122.619743905663 -307.6051212076678
1124.500311363199 -296.7626151388822
1128.2148253360574 -286.4040989440086
1130.8623533896953 -275.76500446198764
1133.4095568748442 -265.1014454596005
1134.8803883299925 -254.19579891092937
1137.224258306854 -243.49535173884956
1139.4672393181866 -232.773302851918
1141.6091323777014 -222.0306034577933
1143.6497474671387 -211.26820659614174
1144.603874401315 -200.3146792062397
1142.4933829084575 -188.87262906622698
1140.2692452105034 -177.4881641886823
1139.9113721676108 -166.45138510374267
1139.4469281380038 -155.43711898020575
1139.8683582262968 -144.57221695224413
1132.2407454658774 -132.78137786178507
1047.9359484199808 -112.89928258902044
1149.469189747318 -112.89633218862251
1152.4586961374655 -102.41071085161452
1153.37151810825 -91.55949550249089
1157.1748640891974 -80.9094179941214
1161.8778191720316 -70.25619770556578
1163.4862936629138 -59.36871616041457
1164.9926618014256 -48.457176443014475
1165.3971302140646 -37.49038395138725
1165.698363752888 -26.52027043299911
1165.896335733596 -15.547807658120863
1164.9910363133033 -4.57004481987539
1158.9825394774668 6.361854003488276
1065.881654528114 15.883908222161839
991.7068193943958 24.11606034681397
976.4444495521456 32.94293458099305
943.1218478532505 40.70847702715279
895.7618135386414 47.11447130090957
869.3286005343277 53.933146515174684
861.8003115093677 61.61349756633536
857.1952938009998 69.39905104119009
853.5163538452715 77.19348235876673
849.7668930246809 84.92483452548144
844.9537093948464 92.48366871988485
837.0948838484253 99.604997037254
834.1366697113878 107.22414020543704
833.0905551224981 115.0700958793721
830.9813789692658 122.75971573092393
830.7770310965658 130.73073319757563
828.5234891123756 138.37929031851257
827.1843979466336 146.17103609698262
827.7381558361917 154.31638076659388
828.2116901233233 162.4850649846578
829.5840489163425 170.87804359708565
829.8940317243633 179.10024039146725
833.0489593524646 188.00380666831157
835.1360210967237 196.75321157920882
835.1895362135782 205.08154134233587
836.1289530053072 213.67586187084626
839.8797906230824 223.07607962963496
841.5991740386197 232.0341144261188
843.2239933207559 241.04418078061488
847.6650827074059 250.83840925712855
856.7023839314935 262.4443281271209
863.6876191391661 273.6415475502918
865.7843646123645 283.44035350098653
863.9828658260014 292.0232996852985
863.9847957169707 301.2561580613822
863.8889015482979 310.5156449869721
861.8191168372837 319.10626733708045
882.0899664846851 336.2339825583476
892.8002904492758 350.1266076345651
861.5896481997808 347.42521226154264
828.6671243341051 343.39452099275684
824.4267739983469 350.9080995284643
832.9472541587733 363.9778451902808
803.8810781618859 360.4666588927246
743.1625573646534 341.8090304998219
738.9569114930148 348.4704907975778
727.489039980535 351.6016164755211
706.1718395363946 349.66460079022085
705.4728953986515 357.7554945180341
707.346086012199 367.24721183859623
707.3356617799284 375.86867596855006
708.9818060344244 385.47866181173487
704.3908427487391 391.7518865962498
705.8295492255966 401.43324157322996
705.4180922356757 410.1722993408743
708.3422986797864 420.98359576239574
715.3972278881243 434.4833786579033
729.0555044916988 452.37381817514
735.6784083174332 466.28133088890456
749.656376498918 485.24665601579625
1748.5847042226628 1155.7108341443125
1792.9968001801096 1209.8477071697446
1843.1170853613417 1269.4736742639104
1832.5346728423226 1288.183477937317
1819.325150931138 1305.0582344054196
1876.1654423179318 1373.1817916983748
1846.9286120537045 1379.0865462244847
1822.5248770988526 1388.1945369276646
1790.2199247101755 1390.8276748651117
1756.080277420754 1390.6049256542447
1717.770618661823 1385.6814575010296
1671.9687616487072 1373.8327627738715
1542.168219809731 1290.673538044724
1413.2538403500103 1204.64209736168
1180.3063173561234 1024.6199281729916
1153.0278332948058 1019.336949024946
1129.6583625773974 1016.9916341145356
1110.8491053085615 1018.3630321428445
1097.224898870411 1024.255105576153
1085.7596157865569 1032.0513827940101
1074.2431678503685 1039.724298228528
1063.3890963254073 1047.9754910379506
1054.5913661242603 1058.2405447232525
1046.3943681924707 1069.1467748700738
1040.165236083117 1082.154000890887
1033.786256710167 1095.135596826795
1032.016356554363 1113.2233557576205
1031.349882987571 1132.8465998808151
1031.0789587551017 1153.2931894416508
1031.8416061761127 1175.329272912021
1267.9988868210212 1470.8986447137174
1234.6409337887922 1458.6235856495462
1212.475181944604 1458.9424022792673
2048.28053847283 2510.4077030859858
1123.4217952719137 1402.5449974628375
1016.146578263083 1292.355265197704
915.84780770472 1186.686054996206
876.115577771912 1156.6427686997351
863.2523094728585 1161.2942995596663
858.627013983801 1177.1187921604437
865.425774030434 1209.2176105415535
963.654341414985 1372.4792567729583
1234.8346812782715 1792.9061073888922
1214.1213551632613 1797.3509214776411
1190.6674864575052 1797.4000491523768
1164.0440006121871 1792.1413350064706
1107.5347915727993 1739.3132798480542
1125.675276714303 1803.5329693116723
1103.608745572412 1804.2374391127369
1077.0690380983942 1798.0929584339624
1024.6696086009972 1747.7780732145254
937.4898914014346 1634.187475022412
898.063795462959 1600.2207407975516
886.3087740474824 1614.7509891764887
870.1033858795332 1621.2711364484883
864.0741446706536 1647.1113722246223
841.2114727304373 1640.9446237294812
826.6025183419595 1650.5890695962853
812.3257434573482 1661.002073001857
798.3568372053998 1672.1947734900355
793.5399995078054 1703.2132189426995
773.726854414271 1702.4237882378752
768.9902793892007 1735.2400266836053
755.7723489983771 1749.7554561965153
769.4984647349854 1828.6957408958167
760.9478175282067 1857.1503490560638
741.5569250942458 1859.596011730711
722.9109732060238 1863.7061798519421
704.6063522530931 1868.5659978616195
688.3383906261877 1878.8803208267816
280.16985507398954 787.6552877419282
271.4282181228653 786.479956773627
263.3683686708579 787.1067922357494
255.0125158095915 786.7004619170265
248.4840749573446 791.9316034182451
242.16996809814117 798.066229426697
234.9181707071379 801.273020306819
536.6670192178836 1896.5309147187113
518.2405389954677 1899.5756746551813
500.31257790765625 1904.3760984604369
482.3401656123068 1909.0073244063503
464.08908127943175 1912.4971436938706
445.8150839346965 1915.8125980732823
427.519838254159 1918.9535658527898
409.2050091704117 1921.9199412227981
391.0712801843516 1925.6916299903712
372.71303331811885 1928.310398974918
354.3401810113822 1930.7542661148832
336.1256191081832 1934.0084198832074
318.17918230082444 1937.041818843976
300.08688583687734 1940.938912214582
281.3754613187999 1940.7083371201436
263.3658227140828 1945.2525397557342
245.17071519775914 1948.6372983214242
226.7042359974689 1949.865172103139
208.3425068983238 1951.9124979925002
190.34940783575283 1957.76814330415
171.8275084384183 1958.4767824367605
153.38715940376463 1960.007239611641
135.00185618742708 1962.3617145740357
116.52657412544802 1963.5454050066137
98.09081263257454 1965.5539149250221
79.66800238026893 1968.3884295018445
61.23155331511917 1972.0496182597988
42.75486284574426 1976.537634780335
24.18689282843353 1979.852265755025
5.563117820749087 1983.992200518972
-13.129836004195967 1986.9566194073043
-31.862077003343693 1988.7447820293667
-50.62913781096036 1990.356171745278
-69.49902183806363 1993.7890776016284
-88.43799788390389 1997.0427437915012
-107.60528540178414 2003.1118547284375
-126.76854085714267 2007.0004327475745
-145.79721378478075 2007.713169865804
-165.01414305689934 2010.2386257833166
-184.29149659210162 2012.579847927491
-204.13028940063737 2019.7105795012344
-223.46005442470033 2020.6817176578083
-243.06468562964514 2023.4533744565902
-262.74123127545846 2026.0345617456421
-282.9016391043199 2031.3954963502526
-303.0388862844175 2035.566612370988
-322.9665140014351 2037.5626691794685
-343.4560114555684 2042.3219550783447
-364.2387022608448 2047.859899449993
-384.6028016744871 2050.2382020009613
-404.2693742904087 2048.489754187421
-425.9654770856088 2056.3446725515714
-445.6491817338477 2055.2386252744354
-439.7607228537752 1939.7761485890906
-436.1163158927785 1843.1056830827988
-448.1705011320021 1817.5607835544565
-456.0551186097648 1777.4247463084994
-460.906297837465 1728.6082218402646
-464.34691076379795 1677.9341305498608
-466.6001750749797 1626.391181917806
-474.4762704257903 1597.0060328010136
-435.42009108753166 1416.5921587660034
-409.97193236684586 1290.4414030367263
-410.87201297612785 1252.3211205409516
-419.42936535907825 1238.9281688114452
-31.63794355466044 90.63686075561156
-44.334329947742226 123.26989570890666
-44.10305252945995 119.09626676593895
-45.22159121192949 118.67606198497295
-45.241572805574194 115.45215498239055
-46.69937125656453 115.94899190696552
-602.8957368673067 1457.2047661420913
-615.0149104896276 1447.7864690193217
-619.0178855609067 1419.9358638176952
-623.7767895146443 1394.8786746032083
-49.59937027767259 108.1707098435539
-51.890880290075515 110.41438557869645
