-54.01755571179992 114.93956531552828
-790.2163951877452 1641.7192356723135
-813.741953172669 1650.2799864407039
-836.1485891856862 1655.8624752082483
-857.815762628187 1659.390284829528
-880.0925876388097 1663.5387092530261
-891.1007581433729 1646.3059979348634
-831.1460927412638 1501.2835083757266
-796.6031477411293 1407.1646758673714
-810.9407832090205 1401.2623045412804
-945.8928845574475 1599.2031299818016
-1012.2544348471164 1674.8701320198966
-1020.7694665910193 1653.2630450341185
-1026.298825093209 1627.4171934732344
-1031.9715009958154 1602.457743945981
-1040.0103616015178 1581.7166142395674
-1050.5354309360036 1565.1199022273358
-1065.9259959103924 1555.891310870537
-1121.9184185935378 1604.7003028667302
-1134.793685154719 1590.710310563483
-1139.8545586741457 1566.1100169112542
-1142.762912246462 1539.1497413812551
-1146.470331605104 1513.8714538392228
-1151.635318663887 1491.0372539966693
-1156.470691406201 1468.242670650347
-1160.9776793195276 1445.4918983245268
-1163.2568153386446 1420.4680853747452
-1167.7298566900956 1398.6032252910504
-1201.709071419284 1411.8113569696918
-1228.178351609637 1415.4341866146356
-1259.4614993926873 1423.9233587337221
-1289.006438188118 1429.7158467015684
-1317.4204644209703 1433.6011718483055
-1344.6561739980252 1435.6144237673961
-1378.9530009297835 1444.4713985492215
-1410.7482949841356 1449.9373256107845
-951.284896112683 959.3008112307015
-988.7918501762654 978.3515099518158
-1031.0492124673306 1000.9528068148355
-1040.5143846562175 991.1098906395258
-1005.3184268501682 939.5269344917701
-1005.1435348214666 922.0534010601594
-1667.9424321280253 1501.167559970188
-1704.5995736983782 1505.129992175861
-1747.5268697123727 1513.7680930820536
-1790.7689855013728 1521.7248241933835
-1822.0266043241706 1518.7504907439316
-1748.8731601223842 1429.868409960702
-1682.0064082524173 1348.7736810146475
-1690.79851630781 1329.662128982889
-1687.5014975967463 1301.3453406412682
-1694.1900981184456 1281.0526575583895
-1698.2360525117203 1258.963982784817
-1704.4429143226887 1238.6780662525591
-1712.0471867167553 1219.5484535086105
-1721.082166026531 1201.5311805298372
-1728.2788980581327 1182.3231582469182
-1702.870374716728 1141.3730708721448
-1716.9675018781436 1127.3591253430857
-1772.1648375507414 1139.6845127265506
-1798.1303888055163 1132.4098661059622
-692.0235042452737 426.69950734924896
-687.4797763613049 414.94645087554403
-687.0811044893313 405.86149836332174
-685.706519387672 396.3212955030858
-686.8247177011042 388.3204954091382
-715.8572517386634 395.8186391937194
-1982.8058401811566 1071.9127763691865
-2030.022173725729 1072.6723517374103
-2032.1120939818193 1049.2327851782109
-1094.6493794518115 552.1039178141775
-1093.5591739678719 538.5994179635786
-1106.7317710462285 532.0984748680253
-1883.062048694641 883.4462749742859
-1889.5414055764752 864.7064684689699
-1903.1405614584655 849.1831388643777
-1943.208937109809 845.0443933525418
-1994.4166334586719 844.9013505631162
-2005.1171814324491 827.0828789936297
-2023.0830616330484 812.1175565972279
-2022.3142992492292 789.611217658475
-2023.9395182808398 768.6961859806004
-1988.8835256670022 733.9906820460291
-1201.1966617616592 430.4678614863671
-1199.536614615413 417.14734830392206
-1193.9423613508764 402.61847668964856
-1192.9343164327595 389.785475200276
-1187.9770982671714 375.80102979197824
-1170.4319080271061 358.14124123315923
-1147.866370183709 339.4286319703693
-1142.3627840337992 326.1154238219157
-1143.459863255948 314.79444264899064
-1146.3783685301544 303.9944673281762
-1150.1638375085736 293.41463304946444
-1152.880374141478 282.55237199394696
-1155.4943289311593 271.66496978434594
-1158.9810425593616 260.9730694688921
-1161.3911737816686 250.02908123264032
-1167.6161408498174 239.86777113021992
-1172.7710018960954 229.41921696237424
-1176.849211209146 218.71198887214842
-1180.8296000485218 207.94820424626872
-1186.6843390661334 197.45703182002495
-1191.4579326246248 186.71902630919735
-1195.1449159393362 175.76299355768
-1197.7403597784785 164.6178318339805
-1197.2560176021773 153.0589047242106
-1200.6326769991442 141.99357352313015
-1201.918651400047 130.66198918083333
-1209.0683886858737 119.9109314472421
-1212.1376971215288 108.67935966372265
-1218.0929286609853 97.64024347626336
-1222.9498007092873 86.42791762569864
-1225.7069106560887 75.01046040324596
-1228.3572634852017 63.54866830348769
-1228.9020533057667 51.95905484966584
-1234.3348038681247 40.5289027712087
-1238.661093944968 28.977479998358504
-1243.8788370101013 17.361994078962237
-1247.9872280272455 5.64612086941261
-1252.984904065573 -6.150624666421641
-1254.8738149434303 -17.79630774407423
-1258.650871421518 -29.647662131320097
-1264.3145752411372 -41.63718089427741
-1268.864471249874 -53.6931429493376
-1271.3016735840945 -65.73473010730945
-1273.6243584072288 -77.82668997056827
-1277.8268416777848 -90.10861605738464
-1286.8946467174383 -102.87452673038086
-1290.854387313125 -115.37309371970802
-1295.6876073006056 -128.05320881427352
-1304.3727596429428 -141.2646590674881
-1310.9369486914006 -154.41605018805677
-1317.3685058627077 -167.70277207326288
-1326.637774920615 -181.5302017673096
-1329.8259022791988 -194.67683382291455
-1341.7761832913002 -209.28610549253156
-1341.7294408460434 -222.1758482980631
-1319.8889591459197 -231.28583079103805
-1345.1971882955286 -248.73384289598513
-1343.789130425038 -261.51820768642517
-1266.8186509741615 -258.8812576143853
-1220.334909167048 -261.3172582671356
-1186.6063604997096 -265.74676897684606
-1151.9309487254184 -269.3400998153772
-1128.9539315339593 -275.149087721577
-1114.694679056587 -282.764517722668
-1101.3598076833805 -290.3921039209347
-1085.0872310992875 -297.002863463101
-1075.5226930780548 -305.2456988626186
-1063.021327640417 -312.4894509925176
-1054.306368581289 -320.6900079031697
-1042.6697099732942 -327.85496168916944
-1033.8453989578186 -335.75689278665425
-1025.913215055285 -343.8401884232386
-1016.9755916476878 -351.47780298737973
-1009.8694953632598 -359.6492768444766
-1004.5776004021344 -368.40717252829023
-998.274822159886 -376.7444484549811
-990.9720092988132 -384.63421166905187
-983.6093164913676 -392.42032632291676
-978.0778747781494 -400.76510685120604
-974.319966315644 -409.81654827334927
-970.4782950674195 -418.83275755727925
-969.2964832376091 -429.02718746392196
-968.0088240244278 -439.2356048988337
-965.7081891694486 -449.0352918992721
-964.2117145746655 -459.26002381764505
-960.8108354938097 -468.6187559175234
-994.0015514012546 -496.2679878975665
-1012.5107424939705 -517.2919836362327
-1018.3059743619667 -532.2160675691084
-1035.3755643449688 -553.4197690337212
-1060.912730689907 -579.7802841250165
-1022.3163629161569 -571.0606396118371
-933.6045291686632 -532.9236184630577
-925.1678260739079 -539.5419294157585
-936.4488840607206 -557.820300402765
-933.7995968641712 -568.0381262699813
-938.6865290475107 -583.0030876288192
-943.3753559742037 -598.1069617890637
-947.863926881495 -613.3473535581546
-993.8744882502401 -656.2731912895142
-1046.6301613571948 -705.130700889851
-1067.2434142655102 -733.4960768176586
-1080.8675922636594 -757.7105304759591
-1085.997916588548 -776.4235475340336
-1082.7925615937183 -789.4050092045994
-1075.4267104413886 -799.4106519613146
-1067.1714129583504 -808.7435782523888
-1124.5181955983785 -868.7346129677157
-1139.1989922667635 -897.065023294516
-1122.2537711706573 -900.7038764728605
-1100.6954620868878 -900.3074473430352
-1084.6191233136055 -904.0715443715867
-1067.8060971593056 -906.9681024542215
-1051.789462756429 -910.285628819077
-1035.8037585099057 -913.3846801084159
-1020.5955278792969 -916.9344406623513
-1006.1487408389642 -920.9564111879383
-988.7902045891186 -922.0617828044977
-974.3984194012253 -925.6801392859165
-958.3024007888673 -928.0153601327366
-941.5400511365715 -929.4252697800626
-928.3638913580787 -934.1463938925663
-911.6936680060196 -935.1206637208535
-897.8554384790757 -938.7526892603539
-884.7159680976788 -942.9351280936494
-868.1930507682457 -943.2734633168296
-855.7663543352392 -947.8359282005372
-842.6692298829806 -951.4985911752178
-826.9576505720994 -951.9779641148599
-813.9089530492625 -955.2890746503142
-801.5142762803852 -959.2053299052973
-787.2180615091986 -960.6517181755829
-772.9681558891456 -961.9127974932726
-761.8612735618791 -966.9169560239761
-749.5069351372395 -970.2140764703335
-735.9521549012961 -971.7692245055607
-723.6288896769978 -974.7600884447595
-712.4928358585422 -979.2216086516128
-700.757295112535 -982.7452433599278
-687.8743407855349 -984.494739086434
-675.0224918315724 -986.0880465361572
-662.2035540742262 -987.525925214859
-651.0662007027429 -991.3167013132058
-638.2943588632329 -992.4617430628621
-626.0934710383583 -994.2997362582072
-614.4409046093436 -996.8467157707104
-603.3137254513978 -1000.118267347395
-591.6720865204501 -1002.4071737734807
-580.5421834045846 -1005.431138013856
-568.9170619606869 -1007.4633376009373
-556.3397556540068 -1007.6145474728122
-545.7118082865813 -1011.1377860096958
-532.7350362415871 -1010.1274083800889
-521.6599951041969 -1012.517579851278
-511.4870985935807 -1016.575106901758
-501.2843775072776 -1020.5307309763588
-490.1883201969151 -1022.5807600099498
-479.0991081864205 -1024.5121007264759
-468.33374227580714 -1026.1810297632371
-456.071803536593 -1025.125606947207
-445.0661848732659 -1026.6825658802022
-434.46149593499416 -1029.0443180689192
-424.23250333683995 -1032.222254707075
-414.3537595814752 -1036.2272732951478
-403.71241419882574 -1038.2737050613175
-393.06984523634424 -1040.2115634647964
-381.73809636514284 -1040.1634610884566
-369.7721611948178 -1038.1100851091437
-358.2069971481945 -1036.8687222566189
-347.65190340446753 -1038.3463555380984
-337.40973960990704 -1040.6683754282028
-327.1549640481551 -1042.8895576707298
-316.88856776553126 -1045.0098734555145
-306.61154120558894 -1047.02930369667
-296.86858947919046 -1050.8725139523995
-286.5548622479452 -1052.6952602353927
-276.48684873447047 -1055.3843008482181
-266.39360981594433 -1057.977052988027
-256.04116620119237 -1059.5012605987467
-245.9095363471716 -1061.898535611345
-236.1880496688326 -1066.1515864048756
-225.99380410650977 -1068.3589286871097
-215.58134013352083 -1069.488515967439
-205.54438899313493 -1072.4810040991117
-195.29108515389495 -1074.39536114943
-185.01996384250947 -1076.2116952438848
-174.41194024076563 -1075.9556101909834
-164.42801870533467 -1079.5496406671803
-153.82682254460835 -1079.090964036781
-143.51274214025167 -1080.5110331891042
-133.4299454742474 -1083.817535220177
-123.0716491333149 -1085.0425656072696
-112.70212429376048 -1086.1686016358942
-102.32231702396315 -1087.195540571634
-92.01736221900224 -1089.1197386193387
-81.68497675280527 -1090.946178586686
-71.39122679283305 -1093.6723882118513
-61.10844177298472 -1097.299757743561
-50.931729788382015 -1097.8191831539305
-40.46488559619224 -1099.255472141798
-30.084122300099786 -1104.5903971995378
-19.516674923958885 -1104.8276333437323
-8.979830646411122 -1108.9636435165771
1.6284839079343476 -1108.9988043456863
12.247683400425013 -1109.9324277861797
22.905490695589652 -1111.7640660212014
33.5692952677351 -1112.4936415167629
44.28887161418149 -1114.120054505412
54.99335041613117 -1114.6442174119993
65.82956297461378 -1117.061980661132
76.85379667534616 -1121.3694725364091
87.81059948071969 -1123.573895486557
98.90403480372898 -1126.667205477972
109.96767851342952 -1128.6554432962998
121.18487232301214 -1131.529154162656
132.35107137099521 -1133.2979281314115
143.6876575101275 -1135.9484394457577
155.49194261476947 -1141.4579518238443
167.414692684034 -1146.8449418615885
178.68510673989272 -1147.16722086597
189.81362633328206 -1146.392073968679
201.2892125580173 -1147.4788246010353
213.71388204429076 -1153.3669739599618
225.50311832670943 -1155.1958031541362
237.74876973677158 -1158.863461538352
249.24378247024268 -1158.4914919411044
260.53372086709334 -1157.0298960230664
273.42145694992786 -1162.272217201882
286.19485974102594 -1166.4019471253528
298.32940661523503 -1167.486430391635
310.2539652248452 -1167.478683772111
322.47166884351043 -1168.3133238961548
336.66055243730545 -1175.7502593802003
349.3141966500038 -1177.269549431549
361.73396671966975 -1177.697982218384
375.4047721253261 -1181.8084688584406
388.8752455075244 -1184.814349774454
402.1164529056649 -1186.7229492609326
414.75083174058557 -1187.6639876541228
429.2242904984176 -1192.0803280174243
443.8210814013796 -1196.3272327017012
456.39823606075953 -1194.797744440718
470.0844967927418 -1195.9287461530118
485.7085995912925 -1201.5419910610972
499.5656829359616 -1202.3469251562653
515.8385876351451 -1208.5141916860466
529.8677970439772 -1208.9830923779548
543.5434908078753 -1208.3813444440416
559.7705331606805 -1213.0758221170709
574.4272028900568 -1213.9532069152854
590.8981118717048 -1218.259176606708
607.5048886418484 -1222.3595257845604
623.3377581124731 -1224.4696971796875
640.1917824399405 -1228.1610161930607
655.2913233003045 -1228.1112659719947
670.928272847311 -1228.7616744894528
688.588918131438 -1232.716229237928
708.3717557366331 -1239.9167132007697
726.3389414686081 -1243.3952477415464
743.9256707175332 -1245.783125767671
762.1462780816161 -1248.800244557287
781.0226663333425 -1252.4294769261685
800.5764164367675 -1256.6532542611997
819.7379779660514 -1259.7772213689727
839.5868653147274 -1263.4804690184133
859.582507665988 -1266.9170898344737
880.2909984162462 -1270.9066677405262
900.5780941913099 -1273.797117386732
921.0018725842003 -1276.413550028515
942.1518476116695 -1279.558867751663
963.4471212875831 -1282.4139910663284
984.8840541736737 -1284.9764199526887
1008.9227640753338 -1290.394845049603
1033.1562481307517 -1295.4679335855396
1056.9490555266468 -1299.4166745202747
1081.5512886170038 -1303.7955399873472
1105.689067237405 -1307.0561145534944
1130.6421911529876 -1310.7285133027249
1157.2702138152295 -1316.7135801745394
1183.7337598252868 -1321.306317948223
1209.7133049981235 -1324.7753468835829
1236.5455452213698 -1328.6008108507178
1267.687501168666 -1336.387817731344
1299.7822374090126 -1344.420371504397
1330.0364765500128 -1349.8251631401852
1360.5089791488806 -1354.7750062852763
1390.4785512186859 -1358.567406719587
1423.5287575292384 -1364.6794042877846
1458.27541440924 -1371.6547727943644
1494.0158144637226 -1378.76964940932
1530.7620632573328 -1385.9987394266109
1567.7781786825012 -1392.6523552010312
1607.3182316445625 -1400.6970058592246
1644.1096260175402 -1405.5150435468358
1685.7327816215548 -1413.6141584486395
1729.9723705849553 -1422.9531253743637
1774.5385360994396 -1431.5770967356448
1817.0689664475492 -1437.6193415411587
1863.031900318617 -1445.432855028279
1915.6711475869233 -1457.3445214852252
1964.6931446928536 -1465.3947752045879
2017.266500714756 -1475.004022060294
2071.821607472289 -1484.909501219162
2129.1979435538155 -1495.633684150702
2188.6082800039726 -1506.5333705889336
979.9501407465309 -660.9248986464756
989.5192234295322 -653.7948504411881
1002.3990788123205 -648.7157210953126
984.0189887094568 -623.6438325352203
994.1450289752014 -616.9081466181947
1002.5221650739171 -608.9977902550269
984.1922310345874 -585.14156609419
980.1961002464753 -570.2382002826553
970.7918975490511 -552.496236777331
965.5092876549662 -537.4167986321228
956.5154088915252 -520.5759046989001
954.3527659831896 -507.71231820809265
960.0180748079256 -499.0884651462946
962.8213184561141 -489.25975588273167
961.1133970296934 -477.06397689412984
952.9626610520446 -461.89086009641505
959.0755354764999 -453.75667185228815
956.0403466194915 -441.3568348124705
961.0637774198094 -432.7498304234989
960.5159078290516 -421.67545672867055
972.716605413666 -416.1567079268512
1087.3566795200086 -453.14396333088393
1112.8859604347374 -451.53719566305085
1106.8550015143326 -437.0034389140511
1109.0518634070368 -425.84969681024717
1112.0738644604912 -415.04303389396784
1115.9308995374188 -404.5580643833556
1119.689081628858 -394.03725773221527
1121.455326216724 -382.83541019626324
1124.0594404087583 -371.9494245565503
1125.6057790576385 -360.74316369412514
1126.0857984759316 -349.24457686673315
1128.3650677295439 -338.3434260151984
1129.5784501723533 -327.1521433618067
1129.7181959996647 -315.6989034305684
1130.7082611447254 -304.53214638042977
1134.4923644056303 -294.1276510383248
1136.240062395414 -283.19519877227043
1137.882556049179 -272.255924892347
1139.4198719748672 -261.3108404731374
1138.8985327072091 -249.9322552160206
1138.2642014138553 -238.58668818624017
1137.5174539575244 -227.27525589467788
1139.6061344295827 -216.55913365744686
1138.6414667567628 -205.2915248664885
1076.448854958104 -183.63513459952858
1123.5452212893638 -180.80413634050112
1147.938387821876 -173.66190648761284
1149.5220100695321 -162.8500794157079
1151.9951937277633 -152.15476866708195
1156.3539514953154 -141.6705292612744
1163.5981797921158 -131.4544635395642
1164.7838615774717 -120.4971195036348
1165.8510337576422 -109.69214687586891
1167.825470390242 -98.83152689203281
1169.6986535995725 -87.94350326969737
1168.4767073394569 -76.83218339433834
1160.1604863191108 -65.35783031744867
1132.753488899721 -53.15574649564963
1021.2811916788289 -38.32398104413285
994.6065276989494 -27.979547148568347
973.8289782238047 -18.251607369772564
912.960040926141 -8.541877553500077
877.9999996565607 0.0245576776126429
870.9614219167173 8.197654104062057
862.8475623952256 16.219866479634284
858.6589562508376 24.203240490111774
857.3947374465364 32.22210730205106
855.0568250753219 40.1724519056334
848.6517247216783 47.856557825659124
844.1739169584591 55.555359120543486
840.6238842710318 63.249388875173416
838.0004859006889 70.96608788857833
837.2976578361153 78.8265956524547
836.5210992519864 86.68016212633876
834.6772151788739 94.41369848300536
834.7470705394833 102.36370560775411
834.7411356489871 110.3233268871069
837.6295538954332 118.71280655825444
841.422423832049 127.3157675725976
842.1652669242771 135.52366282816106
842.8279873142849 143.75668262641483
845.3784642900172 152.36880295733792
850.7884874585872 161.60120546558238
856.0990770360041 170.94844339186545
858.3722761705558 179.79442566937144
860.5544987573859 188.6980515755909
865.5690837063707 198.32841786217597
873.3959110578118 208.7668138078822
878.1910676610767 218.64457157747654
877.0687511579592 227.12640916947075
877.7958410904891 236.12594386098453
876.5046250588287 244.62142639286952
876.120151958437 253.29326744373847
872.6864137561262 261.4181004549444
901.652285440275 279.5695909077539
906.5406643443353 290.668236809823
856.2406683979992 283.6475238413824
849.6891431396249 290.5724694988329
847.7991942960858 299.06107428234094
854.2827215312416 310.6155689806538
782.8940501584374 293.2113678330329
766.042858950849 295.3292031791128
757.5906411230876 300.468668054939
739.8512111024924 301.6971750450696
732.3048416808351 306.86417003424657
726.5650146678755 312.70478004128734
723.5249176639531 319.67591951751683
724.9717796699202 328.6820936440387
721.7781416858223 335.63717640416564
717.6151208199874 342.1308790076027
719.68340583269 351.6486817394024
721.6345113095427 361.23763935536596
724.3571361981943 371.35258076220583
734.9204096784721 385.7356496851525
745.2727609208418 400.35548182761994
753.657927484533 414.24597564697984
764.4587768604199 429.8043490718431
1796.2635065938264 1032.7736513289105
1791.4233727932042 1053.036703733645
1794.0737732050752 1077.9370558143478
1882.4806428414204 1155.8320073987188
1889.0702838414657 1185.0373254489175
1881.7992149220593 1205.8427404594352
1869.2818637026282 1223.3320538727123
1928.1059565903297 1288.475230712989
1897.4554550467642 1294.5546709634461
1870.1503738406639 1302.4509891829423
1840.425016969902 1308.204784011791
1805.0972573039053 1309.3982937494297
1760.2734406873456 1302.895780179955
1706.966272078221 1289.0256576140682
1464.7589364662376 1128.3980937782092
1230.0818101453608 965.9165286656566
1197.071090694549 957.6585006271092
1175.9406772294476 958.3592873432948
1155.6663082005487 959.3953221118575
1140.0522729165218 964.0175387501373
1126.7230827264198 970.3937833949027
1116.3794095471058 979.245635139241
1100.00184584305 982.6601340961597
1094.7501317016322 995.9528849997166
1087.880394042742 1007.8716427489211
1080.1569835534913 1019.0612792568575
1072.3199905910303 1030.1935923790502
1070.088396111455 1046.8618937126396
1070.4759978995094 1066.3968013460326
1072.7027002692837 1088.1603359960277
1080.1862705955987 1115.7986470760627
1324.9635518131436 1393.7003215780283
1308.8671446881046 1401.995291559857
1269.077877839416 1384.3140322840786
2169.068710815274 2409.5030458088586
1202.0564373066632 1359.884304464763
1085.4633707403063 1250.6419434758664
974.2005366107386 1143.2135909213769
924.0165026062035 1104.4426209230608
910.1617139533209 1108.134312461063
905.1036268532963 1122.5646639089478
919.7172760827895 1162.0861121598753
1002.3944970137311 1290.411280312052
1307.7431875674422 1715.3590747627582
1289.7484376334432 1723.936764391923
1269.3387521014204 1729.1050090765477
1246.0195197095165 1729.9882532846473
1191.6279321554102 1686.489807649907
1176.2957566205064 1697.219282519672
1185.6021585842493 1744.1985327250932
1150.889319168323 1726.5800806867528
1119.8772110013783 1713.5005200698872
1092.4347790186264 1705.054618946421
975.3605420084193 1553.134834163809
992.6932470780703 1613.008405807483
968.9193684196111 1607.583359425365
970.9878872126392 1645.9354552613343
944.4199245196505 1635.9682167359786
904.3579229246834 1601.2675439299182
899.3674821729837 1628.1087592694253
900.1285180748621 1666.4347124770154
888.571799890112 1682.8098990795268
889.6258345193135 1723.9970633837563
859.8192096344393 1705.5236517690419
859.5952500551906 1745.8556658792143
846.9879655920988 1761.9978394260754
844.7703178604792 1800.68989836171
825.6664653769503 1804.031842277717
808.6127517571481 1811.739886875523
789.8913486950595 1815.6188083561758
772.7299297405885 1822.9888797475164
311.3574744789944 754.2629005102017
300.87338422358204 748.8152019462805
294.8887931408838 754.4140770690278
285.9831817533345 752.4882854598064
280.2581266261518 758.9047255486025
273.08710004045344 761.5145670251459
267.86377778064946 769.7233246778214
623.8202889995423 1848.5803328588474
604.490588185014 1848.679563579296
587.025563775308 1854.2993252100055
569.5083065705077 1859.7540936229157
552.224149205932 1866.0022746593277
534.0486165719012 1869.2051987777154
516.3931129084795 1874.1595857718976
498.69166123645425 1878.9472124073166
480.6984364869825 1882.598739285398
462.44246923306656 1885.1068836141956
444.6401546742762 1889.3851203106358
426.79827659470766 1893.4952418994317
408.49707434792066 1895.481769959603
391.0021834436219 1901.2096918915388
372.85895812413594 1903.831977183539
354.883999964597 1907.2643620036338
336.7038164961781 1909.5422330906713
319.47773251470153 1915.5411711647612
301.29313314713954 1917.4731935331924
283.53824963924137 1922.200577721148
265.31121767969137 1923.7915577768085
247.0793516513661 1925.2098051868375
229.31613143199453 1930.4274427869764
211.15074315175306 1932.498735747701
193.06594089134177 1935.3941568754776
174.85544495308176 1937.12430508996
156.790541320588 1940.6766155525236
138.67427232941947 1944.0602990118145
120.63174838083225 1949.270884531594
102.34632618657425 1951.317818684622
84.20500219299934 1957.189443463682
65.92868354939627 1961.8925578852281
47.54715287634156 1965.4249586929932
29.075441156337433 1966.785097239036
10.58772736392227 1968.9715335751473
-7.950624527132212 1973.983988681172
-26.58232021386516 1978.8214624498207
-45.28286843018615 1982.4829032873738
-64.02239306362601 1984.967791473304
-82.81265415291095 1987.275286494589
-101.65197006221504 1989.4046539059043
-120.84075170910435 1996.3460403262702
-140.16904633953328 2003.1017543919893
-159.23913191207868 2004.6854862715716
-178.4399397878182 2007.0835029685536
-197.79782668631032 2010.2925209427042
-217.33908881217937 2014.3087450721878
-237.08995373882138 2019.1278696100758
-257.07657230587336 2024.7450792560192
-277.0544495461016 2029.17343565963
-296.9936845301882 2032.4150047047929
-316.55664408144935 2032.496221666326
-337.4527867350972 2040.2817493485347
-358.5232130025379 2047.8530478865755
-369.0450731719381 1997.189709058085
-369.4810405194402 1899.396946585066
-370.71403740062107 1814.5178705303872
-381.8725612056741 1784.600332566992
-391.11950296024384 1746.7471294964625
-397.6343360805006 1700.118506095919
-405.43406228867826 1662.2708025878637
-411.0759993584184 1618.6156192102799
-411.58729959892037 1558.569823526963
-366.56650127926787 1336.6469242623036
-361.97958684236863 1272.5171035036929
-359.8868938014006 1221.069377091236
-374.6517711180919 1228.1254212815875
-35.19779324307612 111.58008492028344
-39.352193875406115 120.74934715017075
-39.85699023812202 118.4753996792509
-39.338809754076486 113.36868195023075
-41.421660453872555 115.81556909692277
-38.36928971192911 104.15756144899923
-42.90007125000415 113.13966539964915
-45.42387125483802 116.45459166655431
-565.004552194113 1408.9335882148348
-571.4731932422534 1386.873602533952
-587.7079860361167 1388.7632350942229
-47.812372090676824 110.06351382298617
-47.631905725995146 106.86534310481537
-50.72120915409159 110.95656331171625
-48.799972897658805 104.13242840339298
