-796.6664788967698 1658.59052252273
-818.1889084847327 1663.6955580972624
-839.7391858361973 1667.491259278789
-859.1429458798231 1666.5828507892847
-823.545768185831 1561.0885201368978
-765.1363996080793 1417.704937564508
-773.198921254339 1400.77243982423
-836.5506912993168 1482.2236473915248
-973.4691102689467 1687.3238845438611
-983.8019417607695 1668.5630762388757
-990.2552374656312 1643.7626241863168
-994.2317321425993 1615.5841862313232
-1001.4897055935887 1593.4059023331336
-1013.8190127813916 1579.651863330324
-1026.52602120036 1566.6439697003777
-1059.6481362590082 1584.2922165190394
-1098.8323497509693 1609.7106780849667
-1104.8668893246813 1586.1141689279502
-1107.0782082787603 1557.6581270465897
-1113.547166791702 1535.7804880028177
-1117.3234468717658 1510.7049066811812
-1121.9303235098687 1487.2932962899554
-1123.7561182810232 1460.7604822920036
-1128.8846713316234 1439.048435193372
-1130.5806080997402 1413.4664794712403
-1147.0623699623652 1406.5819988242142
-1180.7757133655596 1420.2738168135234
-1211.6162640651744 1429.6370268892554
-1242.7381055750543 1438.541970521446
-1272.8135927881647 1445.483157291597
-1301.126384365227 1449.749679051067
-1330.9823960987978 1455.08414233511
-1365.8275905305538 1465.1020418201258
-1393.4029927219567 1466.6141618958595
-925.8548218164575 956.2185152564323
-965.061985783119 978.0242142177991
-1011.1436040044225 1005.517086916452
-1005.5812257739208 981.2397252308015
-974.3711349673023 932.9533168077229
-1610.6524834552797 1513.2410837468497
-1650.6304072632095 1521.658390907135
-1692.8451739647505 1531.784650982067
-1730.5186499380295 1536.1969932976237
-1777.476562858222 1547.9102262372069
-1770.0664970754362 1512.1007228128337
-1660.1962265820805 1391.1522164172477
-1666.3975653681525 1369.5868552724555
-1659.8826102362057 1337.9886846440222
-1664.6864821286918 1315.9418361835
-1667.641157460794 1292.6998762059288
-1674.2858995024037 1272.5469448029912
-1676.689364469327 1249.3973647624857
-1687.687390711675 1232.8062585957364
-1696.0823346196644 1214.3725598806607
-1686.2708851840318 1183.2541999843743
-1679.3189102645974 1154.6999600016125
-1706.8108663300818 1149.8524542642658
-1761.9037842101527 1162.7622522192335
-1776.2409132763598 1148.1259591191047
-1785.3889778369414 1130.1129137472774
-687.6520061724666 426.163957188993
-673.7191436501256 408.7132435820272
-674.1359358513328 400.24584943987577
-675.3176064928366 392.3099926853588
-693.7979631899196 394.2694336028586
-1999.0213060814956 1110.9828161732437
-2002.4667053251148 1088.1029795310642
-1899.6790582528308 1008.9700073023172
-1079.299283512691 560.1509230635899
-1078.3338716685482 546.6964982623527
-1094.2381951678683 541.7414256227468
-1867.3482276850316 902.4891116027779
-1871.3238672795449 882.557637636165
-1890.5337604818662 869.7373744287952
-1953.463610583752 876.2767383224846
-1975.4522460020737 863.6691633752839
-1984.4961493911424 845.2360812528821
-2002.6051448568637 830.5399651990386
-2008.558122586993 810.7097311552476
-1996.629455347665 783.8978364800392
-1952.6093208313814 745.2629336029077
-1187.8491231356165 440.7986622778555
-1185.368837354248 427.20102929351464
-1183.6822299454443 414.0197803383076
-1181.8529282622749 400.90853814540566
-1177.0321478108885 386.93193590047184
-1166.3362776342174 371.2622893243506
-1142.070884456829 351.7088211518113
-1133.8363569729963 337.4968379203041
-1135.0472564526308 326.2341576526831
-1138.0740439630044 315.5130273977496
-1142.9318271415532 305.2799346614035
-1147.6976503863573 294.98322545126973
-1151.3999191160915 284.3839416342943
-1155.004261378251 273.74103857127665
-1157.5350065776615 262.8339942763366
-1159.962755770519 251.90356334371998
-1163.2664734719845 241.15370968752
-1164.5084112479924 229.97643386372548
-1170.5572556541701 219.7196195959247
-1175.5313347228016 209.19388395655582
-1182.3830143669534 198.92563267843838
-1190.132798972476 188.70326125941807
-1192.8489365882683 177.6159184314213
-1196.4521549859712 166.6320522271322
-1198.9624215895258 155.46739727730733
-1200.3755655016816 144.15096859375555
-1202.675848490548 132.9315743438713
-1204.871191476504 121.68160070441958
-1209.9487499297268 110.67530231940405
-1215.922180084481 99.66570111429135
-1221.795124930135 88.55321957419726
-1225.570132202452 77.21302385779373
-1227.2425084445542 65.70255296956208
-1229.8057245803695 54.21143596467659
-1233.2605765614092 42.712413879580545
-1236.6076535433178 31.15302871454721
-1241.8458758926097 19.565799971304916
-1249.9750264083984 7.90147804678694
-1252.9939339453304 -3.898909617502622
-1255.9011755515796 -15.755546584001129
-1258.7003920936056 -27.464940258512268
-1265.3843926439786 -39.475800853556166
-1271.9532078937677 -51.61430934105012
-1273.411263139484 -63.62982720001744
-1277.750375686258 -75.85497632737669
-1283.9670416317006 -88.30422415455834
-1291.0589374176923 -100.95454479070942
-1296.0334319933977 -113.57087283020728
-1300.8843254675446 -126.28923846809539
-1309.5876299912632 -139.53221625798915
-1316.1694337526922 -152.7187665452991
-1325.5950400362506 -166.41451208140145
-1326.9505790102714 -179.2293526861751
-1342.0379416419892 -194.0880294952086
-1344.1137350975257 -207.26376220212447
-1307.5730422336896 -214.19089435299
-1322.2586358174094 -229.33839627564242
-1332.8391186480742 -244.0591809406576
-1267.6513070347096 -244.42005599621385
-1228.0617945054287 -248.7432991582005
-1195.3531884885672 -253.8006201139309
-1163.6364957597661 -258.4842465914156
-1138.7584642782117 -264.17827320718243
-1120.6816492876649 -271.07497293162174
-1109.3650083971368 -279.36584999605907
-1097.9921564441302 -287.46864939879794
-1082.705709143436 -294.3337347097836
-1074.125458769213 -302.83741318375365
-1061.6418434958086 -310.0848208778058
-1051.989232638351 -317.9931672425896
-1042.2822178223091 -325.7480290215257
-1032.5228261461662 -333.34908652512274
-1026.5079396222652 -342.06059389010557
-1016.6378647076748 -349.38868333507844
-1009.5490364160106 -357.5636210124074
-1006.1544128821664 -367.0072171466702
-998.9266488904011 -375.0127332992754
-993.5032627937821 -383.6355911774987
-988.0061524656154 -392.189804418844
-982.4361275331798 -400.67475003749564
-979.6012812646117 -410.15281267441196
-976.6633194300645 -419.6400367932591
-976.3787507448059 -430.31794651630815
-973.2458933460522 -439.79134948864646
-970.0212007401401 -449.2436645236711
-968.51171938188 -459.53133671160504
-975.8889200332685 -474.200185318712
-1023.3660399222106 -509.088350224136
-1023.9342299824013 -521.3057573731053
-1023.4763326416606 -533.1155564437945
-1071.427747777502 -570.8227231745682
-1053.7787357726888 -574.0647838295899
-978.5014599897955 -544.917326571507
-930.805592582544 -529.7564995515006
-935.3477392343272 -543.9196693531436
-941.425635609662 -559.2340946481571
-945.588693024519 -573.6706578030481
-951.264047627804 -589.2857640319907
-953.3491219126937 -602.917450193885
-971.2253123254137 -626.9428942881501
-1042.180193001137 -686.5598628787681
-1068.1173808675958 -717.9792898743999
-1087.7845844726844 -745.9796899270042
-1094.729955549964 -765.8082817661181
-1094.0730147351562 -780.6024842570812
-1088.3833899628994 -791.9201957601961
-1079.3653476711818 -800.8161126292785
-1106.9621828894133 -837.364153551312
-1156.9340184513042 -892.2021502720767
-1136.0079633256419 -893.0346618473031
-1122.1910234508475 -899.1836891794353
-1102.9366992912708 -900.7256171312532
-1084.520309923848 -902.6276626398511
-1066.927435833111 -904.9126182491782
-1052.413003082246 -909.5646601223074
-1034.9029513352025 -911.3818526378981
-1019.6837864490587 -914.9562698035958
-1004.4882262225983 -918.3269588660555
-988.5869941627698 -920.8130944834679
-975.6285290115271 -925.8369043080988
-959.8126893555499 -927.8925591640804
-943.7896422836183 -929.9925328292479
-930.6368477218865 -934.7064018515495
-913.9866030875166 -935.6775563069483
-900.1709306713526 -939.3046872949539
-886.3697262313343 -942.7537899263992
-870.5511271852836 -943.8202874257536
-858.1482998712502 -948.3788775737695
-844.4103777357566 -951.2912876570231
-830.0387859340045 -953.2741546088428
-817.6550928477018 -957.3511106904385
-805.9116483736574 -962.045432926977
-792.8836871766651 -965.0577488467393
-777.3623458581147 -964.794684501303
-766.2584826591155 -969.8164453920907
-755.1297464630352 -974.7143509801589
-742.7677684440811 -977.8957215166656
-729.2196667396486 -979.3261344619144
-716.3018568199359 -981.3952567219346
-705.156741964066 -985.7474165640119
-693.9939631404802 -989.9764538233067
-681.1163087855113 -991.6095874417513
-667.7127245762227 -992.257888574839
-654.9095159547331 -993.5761299024534
-644.3116734128215 -998.1014314707546
-633.1529023557487 -1001.6698069915514
-621.4586438328582 -1004.2659777197596
-609.2546259073722 -1005.8751417598845
-595.5470837132401 -1004.7624948616738
-584.926570741085 -1008.6708615009529
-574.2857968774424 -1012.468183946953
-564.1109609324817 -1017.0289198227512
-553.4247473299731 -1020.6086659649502
-541.7851431253683 -1022.3100599566768
-530.1636492903826 -1023.8825640526867
-517.2077158647216 -1022.6495874198538
-506.0950169491232 -1024.8496640089545
-495.4217594729393 -1027.831834611449
-485.16334182460093 -1031.6087105824502
-474.87799910090433 -1035.283480970271
-464.8500318115218 -1038.729246687907
-454.11507853054115 -1041.285501412173
-442.9827676953267 -1042.8112329300006
-431.86280940939014 -1044.2195716653796
-420.38308603723914 -1044.5831996417553
-407.842489364769 -1042.0295119951008
-396.8114340139485 -1043.0707961762682
-386.8376398751822 -1046.8106993987972
-376.49094404123457 -1049.5139680132609
-366.12791725717847 -1052.1151782029003
-355.4299330830683 -1053.6667227679566
-344.73574428668746 -1055.1100732203743
-334.0464399548753 -1056.4454439077647
-323.65547712806995 -1058.62936485108
-313.2532838020207 -1060.7112614596163
-302.8408600751191 -1062.6911185612507
-292.6840777784882 -1065.5332142242005
-282.50063139741945 -1068.2782377545934
-272.2914486635347 -1070.925939075487
-262.0574596530872 -1073.4760769761804
-251.34385082584592 -1073.9810373800997
-241.51879432207815 -1078.2827421364073
-231.21598911357282 -1080.5388314994664
-220.89211968215554 -1082.6964816892703
-210.16704397026405 -1082.792137775668
-200.1849520816241 -1086.71568727063
-190.14707619513234 -1090.547151394401
-179.72955183784347 -1092.3123583463514
-169.29565377145997 -1093.9780535340249
-158.55934730025325 -1093.5647824357357
-148.24849987453607 -1096.0193348134646
-137.78065410233307 -1097.384386327386
-127.53045562497523 -1100.6361718970018
-117.23071411562377 -1103.7920817200768
-106.78621048470417 -1105.856096085886
-96.31297755781587 -1107.8211996319385
-85.73485313160798 -1108.6900085048578
-75.21649805710591 -1110.4555274390889
-64.73029908617232 -1113.1194852216966
-54.15156604405731 -1114.6854300182524
-43.813954387121015 -1115.1396044446467
-33.15124758304478 -1116.5079465833137
-22.506519531886315 -1119.7738417102628
-11.802215178033562 -1122.937980351939
-1.0383868474354905 -1124.9995207789002
9.763883209467583 -1126.9577039910025
20.60360079178248 -1128.8119824108942
31.563265435163053 -1133.5606557547194
42.46619729683026 -1134.205282163307
53.38438605062935 -1134.7449525448428
64.48652188085173 -1138.1746300527484
75.59316517168958 -1140.4975551834057
86.82595294093692 -1143.7089900389426
98.12723357869498 -1146.8095072984843
109.40110762347766 -1148.8025929857386
120.93086900935553 -1152.6737287370795
132.31711849001195 -1154.4419345097008
143.62496361534087 -1155.10513366814
155.6221462020016 -1160.6130912631836
167.59565577806333 -1165.0067365317338
179.21200552236343 -1166.3117323754625
191.03008006187295 -1168.4877014806593
202.73548934905028 -1169.558601079228
214.47894060868765 -1170.5121887598502
227.3971920183968 -1177.2389379655042
239.46867326482882 -1178.924829887293
251.59330404407055 -1180.4871068165835
263.9876318182144 -1182.9008962068676
276.45126203826396 -1185.1850909108887
289.2193282721681 -1188.3102205038026
301.82680253560574 -1190.3296103479627
313.73425700488895 -1189.315271902951
326.44293457603453 -1191.0751489580273
340.8554250813568 -1198.4713510103643
354.02560887011816 -1200.9037714422177
366.68969928670094 -1201.2804270598222
381.2000760601286 -1207.2458332964966
395.5480184852016 -1212.091896298474
408.10765427670276 -1211.0871737908742
421.99790314779926 -1213.7309297117135
436.2677096834398 -1218.2390920864286
449.9862876243687 -1219.6361510508118
464.8367251190289 -1223.686160328953
479.07756175783277 -1225.7000815126717
493.7722576235745 -1228.480751823698
509.3274269343711 -1232.9402143544564
524.6222366666808 -1236.293051341327
538.8293019055468 -1236.7149968396038
555.5414175716307 -1242.4551232791077
570.3278251518648 -1243.4428703633891
586.034960268149 -1246.0706341710766
601.8443163420454 -1248.5108805640325
617.3109013196978 -1249.8652931863746
635.5666236295499 -1256.3912873496593
651.7036869274009 -1258.2413538130243
669.8076197212752 -1263.4309449128273
686.1627380073921 -1264.8722057861019
704.0621114782124 -1268.738563763568
721.6042777896199 -1271.5074778685814
740.7691041000905 -1276.6507487996666
759.0776152065574 -1279.8223212978921
778.0325100665053 -1283.6145890724417
797.1289504316857 -1287.1602217220975
816.3639416657779 -1290.4568628001148
836.2771417584482 -1294.3421271720704
856.3388385921918 -1297.963325182409
876.545791062852 -1301.3179765798977
897.461303359533 -1305.2276464173628
918.531211933062 -1308.8550006416983
939.1697672983594 -1311.3844395114445
962.3001983902955 -1316.8672401491344
985.0229797729434 -1321.224329672759
1008.5217844918632 -1326.0617671154494
1031.5895217044247 -1329.7789510703035
1055.4403700676485 -1333.9590043293929
1080.7206760275808 -1339.3594813964205
1104.9291773898376 -1342.852379434395
1129.945281265886 -1346.7693422947218
1156.4366064069663 -1351.84887297432
1183.1274735636193 -1356.543173400304
1212.2606991880884 -1364.2026965242399
1241.1951064478912 -1370.487397873402
1270.3547553920291 -1376.3458124515287
1299.734161412306 -1381.7742614688732
1331.4037840738963 -1388.9348306359482
1362.623968347887 -1394.9035525382592
1394.073862345982 -1400.4049651167895
1427.171733076471 -1406.83931005197
1462.6698008826042 -1414.8576089437563
1498.444440792093 -1422.329166493914
1536.6837383105574 -1431.294200509417
1573.0091352685527 -1437.6380839285248
1611.8226698573988 -1445.4247406675197
1652.4226487230178 -1453.925854363697
1694.838270765772 -1463.0940625768694
1739.097862984038 -1472.8814015270718
1782.921379667123 -1481.3221641242947
1827.8317146166696 -1489.6963526307925
1875.3995373490907 -1499.2256585687214
1924.0941054278778 -1508.6042799414613
1977.0934694947198 -1520.2425506745074
2032.0774715056807 -1532.2160910912924
2084.2436538622096 -1540.9063538499367
2146.467803705157 -1555.7882142686253
974.9626002589558 -692.7221146291604
982.2788954889194 -684.0593333016285
986.2145470346982 -673.0652770847304
986.7053497678106 -659.8344888982255
984.5253524380369 -645.0107211564466
972.896495812361 -624.3463849787462
956.7334798858319 -601.2994665435406
965.7735725810854 -594.3377882180863
963.6318822677496 -580.5502523271471
959.5938484532487 -565.8406542576131
955.3648193019364 -551.2595233101905
944.8510517995295 -533.3680623296851
967.3524519630163 -534.0919711820619
957.3917946256478 -516.860669410511
959.5749661727896 -506.3999252512679
956.3135908978086 -493.193994148488
957.273427336739 -482.50552879213
957.2863823840339 -471.26614784226666
949.9626258574173 -456.60377733225187
957.8393220818473 -449.3415550266715
996.5789170147963 -456.12110470972027
1116.799506197147 -498.4855694579423
1106.7703194629514 -481.5687489402492
1110.3330401953078 -470.740416631762
1112.8657492864334 -459.5060653192134
1114.3576507574635 -447.8928735739238
1117.592432881584 -437.02077063432785
1116.982506025576 -424.70587614586213
1118.1162172837521 -413.1345115662373
1118.190072417213 -401.241774928269
1121.9169422831399 -390.69985233942697
1124.5970009289329 -379.80335109323335
1127.171415962854 -368.89103951749036
1129.6401274502794 -357.963940158945
1132.0030853388078 -347.0230752895548
1134.2602494477574 -336.0694668111209
1137.3730205814966 -325.3791819605589
1139.4210621032414 -314.39408905944975
1141.3631630224613 -303.39929152086455
1142.2305093189832 -292.14801656163286
1138.1318329995859 -279.7140159394998
1138.7674169857069 -268.53076176055
1139.2934845347283 -257.3603623262844
1140.68778741269 -246.4150394102227
1139.0388781840197 -234.8604564103757
1035.2234049298236 -203.3162607503458
1146.2068676865397 -213.9294661055626
1148.1695557483072 -203.13215218850755
1150.0305350138765 -192.3168441288934
1152.7774533591373 -181.64014706782766
1163.3390556818997 -172.09951053139494
1167.8789931645013 -161.5538836582737
1171.3314006681196 -150.81031068484984
1173.6918839084208 -139.89768278103153
1173.9625431840132 -128.73595923798382
1175.1221799691177 -117.68118857586589
1166.203757164198 -105.8763277418928
1147.210453464818 -93.32296320330938
1105.145299964112 -79.48500466901224
1007.0344049441667 -62.95003779782941
976.6236553905117 -51.8674824111896
934.107804251777 -40.83638127851113
885.478282048031 -30.400855600913204
876.727063049833 -21.878229270537194
870.8942999186984 -13.569022408420977
866.9832860456702 -5.383467047522765
861.9956945420556 2.7244432383922406
858.9325628715267 10.763477084602759
853.795204883474 18.70155389230224
852.5829839130231 26.66937460769805
847.2997987767417 34.45360638442872
843.9435309454343 42.24117156699906
843.5106915879388 50.14691592548066
844.0014334607528 58.116953775937816
843.4198383459325 66.0225437598493
842.7641948097184 73.92233726504372
845.0204985721266 82.10576711117564
843.2197249857142 89.91382204653837
845.3202105064444 98.15672014355755
847.3399963145548 106.44684422588651
849.2783821213206 114.7834032488679
850.144983916761 123.02238138310469
852.9081914914167 131.59261714412736
857.5587557456734 140.5488542960511
861.1305697138648 149.43273371077208
863.6271302385468 158.2156121118647
867.9981574369111 167.43714846511006
877.1720843692283 177.74738930106238
884.2717075458362 187.8285048494268
887.3539053953286 197.19038155969503
884.4932028173456 205.27000309327673
884.4749336312534 214.01890518827972
885.339901149733 223.02972768709793
881.2765429974363 230.80869732851863
893.5495661278472 242.99212512494296
900.8581013206139 254.06826107370952
877.3459389305852 256.2422748923561
854.7558955580363 258.5369586902022
857.0174046069767 268.18868022480257
870.5896307952297 281.60023926095266
815.6918147887416 272.48277612841736
772.3974943185791 266.25384648936165
766.0481965155283 272.2850723328522
746.5084552339621 273.40469320076346
740.1182860614579 279.11632456280665
739.281027433263 286.90165994155376
735.5761152651894 293.58436377193675
737.362112905373 302.49977595317966
734.4369498344518 309.5341123654501
729.609187118023 315.74583777617346
730.2134008629607 324.3291371433484
731.6298428877329 333.3673244276818
732.9398031293304 342.4620343756933
739.5537008229447 354.20378823367537
748.7023644097783 367.42450860987424
757.6647086165552 380.8519257099673
764.6593457729573 393.5683992930236
790.0583308636619 416.24131682585823
1826.4729733557444 984.6935957956797
1817.852882583165 1002.590094347674
1810.7994545354018 1021.3943094879132
1816.5462923959358 1047.6490669983816
1914.1298063872944 1128.4463143188243
1904.9690850704465 1147.7233050373538
1899.0208926024072 1169.0250850428988
1907.2300524388363 1199.3675529520356
1941.1143425921734 1246.7253542713222
1914.8933383386563 1255.8994795708118
1887.844689473038 1264.130700690577
1855.0360825794887 1268.0103045039277
1820.6874259325841 1270.2351345522532
1775.063034016947 1263.800706308772
1724.876806777563 1253.0857917320898
1473.4110403122074 1092.0695519453411
1233.1795129465766 932.4077910704328
1204.4142337182832 928.8850055936961
1182.3851799292522 929.5059366586478
1165.3797000931822 933.2412092330281
1148.4035429766575 936.7461248805145
1134.5361817324876 942.5776638239777
1122.1841493724146 949.5276377743357
1112.8294356721867 958.9429842808813
1103.39621450659 968.2669021569038
1096.8680193258522 980.1640414645815
1093.9129974246632 995.3870373203524
1091.5058020274355 1011.3155215561783
1088.172503437706 1026.594663322441
1088.2579453132619 1045.3590983305965
1088.8078089349262 1064.906829352843
1089.0930308536592 1084.5484637147345
1345.4149176350745 1364.1534735523733
1332.3787199889325 1375.4969816472349
1290.9876457886178 1357.0113847794948
2217.438452091513 2373.2826867412978
1183.8518561316275 1290.153395040179
1081.8104175889089 1200.4758308254734
967.5705383623074 1093.3468129067167
936.6940273104232 1077.862838769841
920.4573265764229 1078.6483717837727
922.9081283829407 1101.4579368113416
995.541947761647 1210.1178579985283
1022.9314925090072 1266.4893057713891
1336.4259693826218 1685.4573944065507
1318.121048629994 1693.4795248713713
1295.5306493273433 1695.74654257453
1273.6068331281574 1698.5448579914707
1223.2896367999329 1662.4254763741706
1200.072231375965 1662.0248612702255
1211.0683930835369 1709.484819258147
1188.2041295180395 1709.6476088937973
1153.043509298318 1691.3603003692087
1114.4195256329947 1666.7615668978965
1002.3120923213756 1528.7100672090658
1025.8157584737241 1595.7164628050243
997.5406375118864 1582.8940825312284
990.0760153149356 1602.8741322693118
988.6295056663199 1634.2312261506838
936.0420805892496 1580.6309573604296
952.2471129217846 1642.9931332577523
938.2560094478573 1654.4726231446027
923.6480408162829 1664.959548066031
919.8939186972099 1695.5341867222528
892.2159204630125 1682.012708415825
887.8882453932976 1712.511449214986
874.9307376223435 1727.0182987923497
868.8752711140295 1755.77241214416
859.3103592312137 1778.260584537014
841.2933276165168 1783.538487644135
823.6711703586457 1789.5434622048213
326.0083106475611 726.1780645191118
319.5755183077066 730.1236115195568
311.1355745319767 729.4132259978953
304.6557816670341 733.2263325173534
298.50678601133313 737.9090043529651
290.8314973840543 738.8186787902353
286.0257709509282 747.120645111569
676.2192237133975 1817.2640318568049
658.4439904221309 1821.6532357935143
641.3081823679646 1827.756224234484
623.4714031010413 1831.804686508695
605.3018971625166 1834.7298474956629
587.1325182504395 1837.4755524939364
568.9650321204634 1840.042062623613
551.0876277090231 1843.387758065579
533.7524490105661 1848.4816264099634
516.101815539174 1852.4491669131353
498.94241125631606 1858.1798810259822
481.2203774568009 1861.8152293716835
463.7152308920924 1866.252176057323
446.1691897459448 1870.5245398340667
428.58380138614075 1874.6319439264353
411.17432471943516 1879.5509236760563
393.09666491024285 1881.371577343626
375.60707793159145 1885.9608487473145
357.69373677965615 1888.4224079025873
340.1210444869823 1892.6824020677861
322.725344495423 1896.7404545747188
304.84695237711105 1898.6830529676056
287.2590351413829 1902.434820625832
269.4875589707802 1905.0334526091583
251.6925992544135 1907.4660771506678
234.1188207116777 1911.7176511683342
216.37529207721036 1914.8134982233914
199.1093833884925 1922.7179859372652
181.33983884107528 1926.4840676343765
163.51731696735035 1930.085771941703
145.64333980268339 1933.5224378245834
127.785237951966 1937.791251131442
109.74714624155655 1939.8980808000802
91.63369015854083 1940.8380320953959
73.66358659992875 1945.6059919750542
55.58393390502154 1949.207640630326
37.46262342459535 1953.640845151981
19.273221548812092 1958.9051898780426
0.9872857265118081 1960.9997514703807
-17.353738397137665 1964.9233694380155
-35.74976071809228 1967.6752665540619
-54.19866766166903 1970.2546800918149
-72.88298055633183 1977.6574706316626
-91.57173341265715 1981.885621734968
-110.23479966171405 1983.9398400514924
-129.00897885105022 1986.815966156858
-147.92054643001686 1990.5113694585734
-167.24597369080286 1998.012458490741
-186.16798990466657 1999.3512646693316
-205.33355858592074 2002.5002196550297
-224.68538135607207 2006.4589403735317
-244.37006221773092 2012.2157619628424
-263.9220786329 2015.7961544784457
-283.7012360914022 2020.176628079884
-303.88170412937893 2026.34076845318
-324.2018607583305 2032.303410783153
-340.3243533072962 2012.426479289609
-340.09363173642413 1902.8466363983016
-343.58719238188326 1823.919910859886
-351.0781516991961 1772.5668200097498
-360.7868070967876 1736.9251221123222
-370.3098343850601 1702.1852503642808
-376.32881907353215 1654.7463914251998
-384.25993553284445 1619.0244908414124
-388.1919063433868 1569.7120894767572
-356.84254291774675 1386.8263768633751
-336.55470509306934 1258.7851009921103
-341.431194136615 1230.5095447295178
-349.1231253574415 1213.7883025225824
-362.5255018406772 1217.1586833750007
-36.80716757567521 119.45807806530358
-35.19851399677593 110.5308310491637
-39.98550156613872 121.59424190521653
-43.69820688581431 128.7884572272087
-41.60589512711198 118.93254176495077
-516.0667621284143 1431.837664341281
-42.4447014979466 114.3785264582046
-537.2090592043215 1406.9265889550911
-544.5742603172035 1386.917039696308
-555.7275209368756 1377.0954659984013
-573.25424468392 1382.8913807497206
-49.3428034289757 115.93656778501537
-49.23063567246667 112.71798663605047
-52.33320459433876 116.81282334096322
-755.5321196247713 1644.770870430073
