-779.8823211126645 1647.7598627275527
-802.5414953480747 1655.755763464067
-822.5472724620291 1657.0805606744884
-830.4168097538261 1634.1043179914425
-778.8662398994627 1497.5684893669713
-747.3712480450558 1404.5345199017274
-758.6549033802532 1393.9195592203657
-795.0924146825017 1428.6542801232035
-955.3808597772502 1679.2472756480154
-961.6042215188303 1653.7491711735381
-968.9652305778359 1630.8633854284794
-976.5000247368898 1608.8417267366153
-983.1797459426988 1585.974018440419
-992.1904419667397 1567.34907626535
-1004.7376912549994 1554.5749167446302
-1043.0151577372567 1580.934970430576
-1077.966494130614 1600.902319797105
-1083.3697644140648 1576.6670395341605
-1087.8389304019138 1551.654427216969
-1093.097437000923 1528.3255521066228
-1098.603198106933 1505.8442858108601
-1103.7832262380175 1483.3959651676264
-1106.8251640325227 1458.5948910730422
-1108.2748614893574 1432.2876217403914
-1112.4252250807585 1410.0092618859012
-1131.2972437752642 1406.481975080552
-1161.6142459982104 1416.6426308331997
-1191.5801701422881 1425.5878430050095
-1221.816173441147 1434.0924789976527
-1250.3496089327884 1439.8870981579155
-1279.762002165063 1446.0187473938465
-1309.399414322826 1451.7224851089964
-1343.3167823509793 1461.4119960689427
-1376.163762773066 1469.1297757619225
-923.1743288042566 967.118482212397
-914.113567559792 939.743255151698
-979.2430348306917 987.9089425324465
-982.8193357826341 973.0134393788105
-943.8853709454684 917.0258483353322
-971.2987622640101 926.036022206697
-1628.4280771190479 1523.5228904254639
-1668.2629725122072 1532.0325239839833
-1706.4661882382393 1537.589720438991
-1748.668118803075 1545.8705671179962
-1773.8019304321474 1538.4182498901873
-1680.8990691586473 1430.1843654933418
-1642.1591499826873 1370.632819586682
-1643.4559757895586 1345.5216295703278
-1647.5444259921321 1323.0141210063694
-1652.1403857468924 1301.1691457239947
-1655.679657190183 1278.7450382177826
-1656.551639477076 1254.5599490442103
-1665.9466059090505 1237.0314895992403
-1681.6261649753847 1224.1460048826614
-1671.976396478356 1193.0678646327085
-1657.793423810401 1159.4179418876474
-1678.594501075551 1150.4544758307136
-1740.0522708056924 1168.5179052389199
-1762.733332083933 1159.6858195046943
-1765.228048352214 1137.527994077787
-1759.0052051957955 1110.0903963615292
-681.4031449166117 421.0590862310788
-670.8133719312289 405.7898717787998
-665.1598025005817 393.81650186017754
-665.3974258104938 385.49612932527407
-669.0173685387812 379.1790613858374
-693.568051100266 384.4637284490942
-1955.260468881733 1059.7794576365336
-1083.3377665844225 573.9819539775402
-1074.515043132271 556.3428997322186
-1071.7030963809023 542.0825335754574
-1085.7530996970158 536.3405695062811
-1852.7987625504206 893.5243396190335
-1862.9849518616027 876.7941999906375
-1893.013694332344 869.1306881420143
-1954.0942229279651 874.8695719474716
-1970.5384180318606 859.9292663123474
-1981.3524857259472 842.4080527319347
-1989.2393573886322 823.6114247726665
-1993.2378394495206 803.2458623526219
-1982.1330819696507 777.038895655484
-1926.6504059911645 734.7531647390721
-1183.3609143957467 438.52131793159396
-1181.808113203334 425.2829453043884
-1174.4467413686236 410.13516270690747
-1171.6414182989206 396.76868188718447
-1173.439695800833 385.0510100218523
-1164.6376621202949 370.00421074762625
-1144.1865731458586 351.6334538020197
-1126.3702039871296 334.53723794219417
-1124.676184247833 322.4957063058896
-1126.710886809857 311.58237681894957
-1130.572452601074 301.1742509239332
-1134.3378405975704 290.7209373066218
-1139.9485320130618 280.70152183639055
-1146.4441151530127 270.8318497352656
-1148.9532535590279 259.98157845532836
-1153.3144746427595 249.53100524683418
-1158.5599555486476 239.22338806880038
-1163.7133604949915 228.83883980970893
-1165.8247367742053 217.82718637799735
-1168.8165987595723 206.97042896052778
-1170.7210090246936 195.9115081566249
-1176.4719935469502 185.45794240114006
-1181.1403779511068 174.76672330142515
-1186.7020698514054 164.14078533499773
-1191.1762422010554 153.29761908057463
-1195.5511933906594 142.38449347513276
-1198.8319438961175 131.29345107146926
-1200.0195834412311 119.95415523246314
-1205.0837191502253 108.96435123039484
-1206.059986128558 97.56695065226921
-1211.9157692707658 86.5168665223615
-1217.6699692669313 75.36475267305198
-1222.3225505395983 64.05921044136322
-1225.8707652980734 52.629523914964054
-1229.311850924277 41.1384634755368
-1230.6455399082672 29.5390437199535
-1232.8695879661236 17.932625804401912
-1242.983894710832 6.327518430751601
-1247.9881199394767 -5.445409987363228
-1253.883427634879 -17.09824267599723
-1254.6701297797829 -28.772650875146695
-1256.347533495749 -40.495371082975055
-1261.9117951651374 -52.417756753796475
-1269.3598691826778 -64.54860578304688
-1272.69799217872 -76.58211739208392
-1276.9193328789552 -88.7525623290076
-1285.0115785807836 -101.32246993299478
-1289.9913053734972 -113.78678333084461
-1294.8498301824663 -126.35235366402073
-1301.5743560380995 -139.2307283038013
-1310.157254815703 -152.47612158558175
-1317.6133445897594 -165.7681337259601
-1326.9167172832092 -179.4798746220645
-1328.160593982056 -192.2327667002474
-1340.1532334356189 -206.70101816888885
-1339.1613669996045 -219.3076221560723
-1310.462169698848 -227.1319039417142
-1327.9684757207742 -242.89859508001146
-1317.7981735865264 -253.71632523748812
-1253.633016668325 -253.4664859879414
-1217.961836361613 -258.058065494275
-1192.0795956407571 -264.1727420779237
-1159.3710854599017 -268.25116253155244
-1134.4693269642821 -273.6208072811876
-1120.2387640227244 -281.22964207358854
-1108.8685598448578 -289.3553472593705
-1095.5144068115048 -296.77126624462306
-1079.2308834187086 -303.15293215681413
-1073.4865564644713 -312.33093521143775
-1064.7924584527216 -320.5635980928111
-1055.0837252390402 -328.3646338077682
-1040.5624152540017 -334.48297409697636
-1029.8160514100646 -341.61952558099387
-1025.6507737386164 -350.8510942399605
-1016.6873180997059 -358.37256760978175
-1008.6131272183036 -366.09911172101204
-1002.3571038904633 -374.40651206986615
-998.8344978321946 -383.705154956651
-992.4352802306328 -391.86887418311926
-985.9792232403614 -399.92620736622604
-983.1146778878506 -409.5247613044513
-980.156747737944 -419.1047003599177
-975.2740300409594 -427.8616205359693
-973.9611329741608 -438.20510204205647
-970.7236703875321 -447.7237493693606
-966.4891612096151 -456.792842833964
-965.770186930202 -467.5649110410262
-968.5176940053173 -480.14005914797696
-1016.592915314731 -515.8864647690382
-1022.3678651065782 -530.9123735584034
-1023.5340391913588 -543.7454097430357
-1073.7554591554574 -583.3808481034093
-1059.5045134467543 -588.5526195557676
-1001.7719347958533 -568.8207016761719
-927.2076538077895 -538.0241320984165
-933.3121267455581 -553.3113717154955
-938.3552558607525 -568.2415100980406
-946.6017096036796 -585.4179732254477
-952.9165228241299 -601.7300894327702
-958.167328930616 -617.6693045392243
-976.5684481495127 -642.5535511370649
-1055.1904244995917 -708.5295816297098
-1075.7336539563241 -737.02992187955
-1095.0136910321853 -765.4025192355131
-1095.941573246333 -781.4269435016636
-1090.194669583478 -792.8301094255764
-1082.7237524359093 -803.0026624558
-1079.1458933735107 -816.120788128257
-1147.4809784038616 -884.8098124463339
-1150.9387655694316 -904.7850340879389
-1129.9315398551053 -905.5157178319272
-1114.4337736493562 -910.3616666741058
-1096.6394508670242 -913.0777156420321
-1078.8927729567279 -915.541033740019
-1062.7096601667993 -919.0610307200312
-1046.5558767529055 -922.3588221695271
-1033.41014270952 -928.1080093098483
-1014.3472318367219 -928.2912760902041
-1000.4918638150253 -932.9737565654978
-985.9984005845731 -936.7001409440822
-969.1500954777819 -938.3757735765594
-955.2068106350043 -942.6260917864003
-939.1554988478255 -944.5691869756773
-924.5507547689139 -947.7245917756021
-910.6628215749334 -951.4106502458236
-894.7350454714036 -952.731965667829
-882.2530795678368 -957.5142315355256
-868.4201386920103 -960.6619919171102
-853.9439522571095 -962.8856247776824
-840.8171562462608 -966.4302922414794
-829.6479922797988 -972.0947530493614
-815.2376801404677 -973.8005570337227
-800.2357278195667 -974.5479874901432
-789.0570926904045 -979.7718634840288
-777.8516094577772 -984.8715010923738
-764.7836774538457 -987.475025861501
-751.1320622942525 -989.1231596689986
-738.7129302394183 -992.205728010624
-727.4823756994638 -996.7574394237869
-715.0685227706884 -999.5589065895743
-700.9451594197011 -999.7584125607996
-689.1480634998197 -1003.0772385885587
-677.3513940074143 -1006.2624354691038
-664.4556189499559 -1007.6446449249014
-653.7652145130163 -1012.2331965968858
-641.4440930365316 -1014.1742826105093
-629.1453587358501 -1015.9729905765894
-616.8706012857004 -1017.6299235328225
-606.1520879909178 -1021.7258175382722
-596.4155947782192 -1027.4397492336682
-584.6500743968617 -1029.58258071305
-572.8978651308344 -1031.594899235418
-560.6832047757441 -1032.598345864645
-548.9702279427389 -1034.3465032727172
-537.2748273802979 -1035.9656171241743
-526.5022613944251 -1039.2402844128765
-516.1594942696743 -1043.300233142538
-505.35225243235664 -1046.3570618873578
-494.53360371041964 -1049.3028708629295
-483.52953467820254 -1051.117590516818
-471.49500352522296 -1051.0929843028875
-461.1070516532169 -1054.6000601724227
-450.69501930145856 -1058.004725687394
-438.72724222196905 -1057.6121249930457
-426.80760196044406 -1057.088109340359
-416.399845526985 -1060.1566717448432
-405.6155616462302 -1062.1887855510495
-395.17811044342557 -1065.0494171757307
-384.3839470145308 -1066.8668995134915
-373.2608799180561 -1067.6316384984093
-362.4790196783785 -1069.2286753978317
-351.7004897894056 -1070.7174069201883
-340.9263731325964 -1072.0980403408325
-329.56975652401826 -1071.459180549917
-319.11077242046264 -1073.577344640439
-309.1929138541398 -1077.516005459959
-298.69564456400707 -1079.435459820777
-288.4473400095436 -1082.2190776554528
-277.9247338834551 -1083.9367335300574
-267.6346833255533 -1086.5232055880035
-257.3205711903964 -1089.0119942600486
-246.98332476365195 -1091.4028757927535
-236.835333530087 -1094.673021861639
-226.24314849390234 -1095.8900664572
-215.84208328722778 -1097.9859721700589
-205.23803683241738 -1099.0001584336444
-194.98267416193286 -1101.8814622166312
-184.8560111498889 -1105.6533159818914
-174.2086907638986 -1106.368533564801
-164.00295137511017 -1109.949112320134
-153.33459666455408 -1110.4636425681476
-142.92601170079124 -1112.8594498764458
-132.7217178568991 -1117.1436548667828
-122.34044476843306 -1120.340044617643
-111.91047006433492 -1123.4398278011954
-101.34301002485024 -1125.4463977991593
-90.82778837727399 -1128.3502616025278
-80.26659640049847 -1131.1557246914676
-69.5990357030072 -1132.8640581416694
-59.14427270739324 -1134.459322763894
-48.340233465955826 -1135.9719282748395
-37.545641178034906 -1138.3810103952587
-26.709404722406518 -1140.6873400276584
-15.818652185283216 -1141.8904370573566
-4.9073389288269915 -1142.9894654040506
6.044601075899777 -1147.984086474126
17.091573553861622 -1152.8733139913738
28.15941862863667 -1154.6566793391432
39.228978770329334 -1155.3341885466027
50.35754745860709 -1156.9045411847746
61.51971328934505 -1158.367525821057
72.71443874756638 -1159.722643737556
84.01279384095223 -1161.9668026544637
95.52396392093789 -1166.0939809109861
107.12167303924981 -1170.1068101525057
118.60341853722461 -1172.01417615628
130.02120012040643 -1172.8147711890608
141.82415188969247 -1176.4824307828696
153.70904434754246 -1180.0311562351924
165.67467789612638 -1183.459716722126
177.8679367640066 -1187.7558659384997
189.84328980797218 -1189.9514802355961
201.5428542636271 -1190.0544012335195
213.9672820625017 -1193.979481484831
227.0424519207487 -1200.7230009564298
239.2900389342479 -1202.4210066639912
251.1816697535213 -1202.0365089213526
263.5155613826896 -1203.4880759314426
276.3465152527711 -1206.7628613392317
289.9616107751626 -1212.819551407658
302.99211166456536 -1215.8144514147903
315.10191876730204 -1214.798658539416
328.52153583947995 -1218.489885263587
342.5794136506869 -1223.9609247613878
355.6567660906712 -1225.4322766819573
368.5055255770413 -1225.8073574665755
382.5819892039746 -1229.867887838661
396.7695317687177 -1233.7706183322864
410.12071112374815 -1234.6667575938664
424.79103042612326 -1240.271575288861
439.59822389958947 -1244.6499112378253
453.15927722797943 -1245.0990601001251
468.52350189031 -1250.0842884287606
483.30398718136223 -1253.0228473474046
497.076631614861 -1253.0039195080053
513.1583123215348 -1258.391650677687
527.8419486493021 -1259.8963755984487
542.6007231828197 -1261.2348929527288
559.048542860405 -1266.06505627699
573.9868812061928 -1267.0517196244155
590.6798827683197 -1271.4956846536304
607.0795042834817 -1274.8327245089538
625.3502610448229 -1281.566639317352
641.5687045963361 -1283.5944052864124
657.882349456789 -1285.4286500126
675.6811727752797 -1289.7251462063623
692.2038106722018 -1291.1540901421808
710.73829857826 -1295.8916123403533
729.4255560315524 -1300.3920017471887
747.2677056185229 -1302.9178700668851
767.2469575483834 -1308.6715042869807
785.8613368935027 -1311.587953274944
805.6448402475042 -1315.9731727442522
824.5223375949879 -1318.4035477830364
844.5955080480917 -1322.2781204364633
865.3632221638901 -1326.7262316416789
885.7375924557718 -1330.065004919178
907.3780498167433 -1334.7887753164407
930.3284787267595 -1340.8627527342064
951.1649218643631 -1343.354492088652
973.8896567168957 -1348.001460140102
996.7886541139214 -1352.3358972643437
1019.858007765731 -1356.3549107796655
1043.7023449356877 -1360.849152248605
1068.3403026116757 -1365.7983005611015
1093.7901433169438 -1371.1816518545963
1118.1766732080773 -1374.6508383925411
1144.0046368236397 -1379.3177266047198
1170.0221799404844 -1383.6155891169037
1199.772425026484 -1392.4044412978833
1230.0785950115255 -1400.5008568703095
1259.9776151880897 -1407.400941176655
1287.4204064536361 -1410.903503804124
1317.0846708936647 -1416.207601200095
1346.2758661299456 -1420.3486516612975
1379.8312536114086 -1428.3773001406764
1413.6581163638107 -1435.8954453715364
1449.1663575036525 -1444.3105165716947
1484.959297180304 -1452.179357282625
1521.7513019142948 -1460.189705182908
1558.0985553002831 -1466.9454291046995
1597.6469044895855 -1475.855470083316
1641.2067426612339 -1487.5030849861464
1682.8865742253176 -1496.4614189120193
1724.127799945944 -1504.1034969221894
1768.7018121672606 -1513.6967660784137
1814.375902635729 -1523.2206287779793
1863.4745679652142 -1534.5548326947653
1912.94816581617 -1545.0923321602986
1967.489139209692 -1558.5526898670782
2017.715480160184 -1567.4339670690945
2070.670412981259 -1577.3183067485215
2124.791958914144 -1586.935137721071
974.6643594542925 -713.6479429029091
984.6367642914663 -706.7067584264576
983.1142929075131 -691.5853433098191
989.6275007819692 -682.2326653686655
992.7370885937518 -670.5796544262295
991.5453051823771 -656.1698772199062
952.4094623280872 -617.3663548233932
977.638009331966 -620.6350962598157
962.2464650452299 -598.1393988928995
960.1862609047212 -584.310143990168
945.9229243587449 -563.4099938522569
953.8143714140037 -555.9263844108398
965.9922037513896 -550.8203539190738
954.5777331613966 -532.3817721827537
952.5592259947114 -519.4765836612429
956.5594897170006 -509.9509217879222
960.3598415430214 -500.5976176046615
955.2440567616185 -486.5108344339372
958.0067040391648 -476.574396097835
976.858043262904 -474.4937969168518
1096.9561707986572 -520.0799547634452
1115.4342043461895 -515.9917981660012
1105.674538994264 -498.8514947555253
1108.5069895664271 -487.5789721495144
1113.9826828148805 -477.4794051983406
1117.5207879364225 -466.54934200999304
1120.9518835182084 -455.59507771373154
1123.3459062809623 -444.24990134135516
1127.4924915740921 -433.6181285924811
1127.7916402337198 -421.5471696251037
1128.903651285896 -409.85063878609725
1129.8955732187974 -398.1708096038247
1130.7678216754466 -386.5089047659387
1131.520824660054 -374.86614058972003
1133.1072133903006 -363.5492304528614
1133.6259019929441 -351.9393617239821
1135.9422027358858 -340.92713597416054
1139.1121633085008 -330.18097977113626
1141.2174136866563 -319.1360441854525
1140.319068924053 -307.30021322508185
1143.1711696082787 -296.51421041231725
1141.069763441396 -284.49217029612026
1139.8162114012416 -272.76914089925975
1129.6710982392322 -259.08340317929856
1036.3454200403905 -227.39650472535087
1151.9816293294543 -241.38625828214762
1156.1718133710651 -230.88468543033056
1157.3188856614904 -219.7657773431657
1160.3274756844355 -209.000356869996
1167.179036519527 -198.86954696320052
1169.0056230386253 -187.83464351411678
1171.7166747006795 -176.9322871281039
1172.3456664779715 -165.71553424564894
1175.8416949608613 -154.89450729954427
1174.2746014098875 -143.41603984091134
1172.595840930144 -131.98103588519308
1164.8166787566645 -120.17946950412706
1051.3898387334516 -98.56676421617304
995.465787472406 -83.95752480833885
948.340385148917 -71.07400295188016
899.0696534725511 -58.94707969651274
879.6122470357019 -49.429696183604285
874.0419106584095 -40.9357840110195
868.3901683354318 -32.55020028141718
863.6581616801694 -24.301846909860895
859.848092305787 -16.163482239264578
858.9615566615489 -8.126756891200191
857.999993203773 -0.10799224718218002
856.9636600035927 7.8921120903520405
855.8528216478927 15.872859771956861
854.6677492010655 23.83355776179286
854.408027801059 31.810721920521676
853.0749352317233 39.73858174861093
851.6683731915383 47.644329203783585
852.1843862801817 55.657630027427174
851.6276998668778 63.61022574595182
850.9968013521321 71.55727837501702
853.2787190589745 79.77736271070603
853.4915760969534 87.84150232969901
854.6218936065131 96.02821964619433
856.6662295005964 104.36460718668677
860.612118141397 113.0078851593033
866.4513185505809 122.01275581659391
867.252365301 130.39300165200927
868.9597409901352 138.9567146213423
875.5122361070379 148.3992062878183
886.8851488799453 158.8575862091497
893.2247575107783 168.61355986340823
892.5927264308654 177.13899831125383
890.9002679984987 185.46350713874438
894.0155058277677 194.83653491971324
890.2077097483756 202.7294588967079
888.2764719014094 211.0305889353119
915.3894437131676 226.51968201129407
899.6769280573462 231.56516387681594
860.7655602332849 230.13832865535295
861.4856251685089 238.91110821396163
872.6240790847355 250.9805104017387
817.4825471093018 243.58014116854454
775.9444816381769 239.27841819784132
768.8650397275003 245.143938707098
752.246645537903 247.7680049501399
748.9043109615478 254.60426748821243
747.387426904619 262.06112665729887
744.8558721066994 269.1723050170062
746.0054292056457 277.65428070840267
743.3253244362451 284.751579542153
740.577699590223 291.8230129199089
740.5433173298678 299.99432520978587
741.3434145281645 308.57566614320393
742.0468723135454 317.19936836268266
747.2315821391302 327.8733942451755
758.6624641584593 341.54833549150015
765.3597337400635 353.3744161216813
769.1879980902163 364.0752993461181
790.8760593116135 383.6092527660577
1852.8827060414603 920.6447076111799
1842.241692233795 937.3550807434519
1832.3375271707498 954.4082913102659
1825.805558886446 973.2394675203799
1820.8367140212274 992.9902622243479
1861.943428502105 1038.5521985234186
1925.796006346217 1098.3618447219305
1916.968226645328 1117.6733950632745
1904.5109224066427 1134.8687793898462
1954.2516983695648 1189.892557931039
1948.7664532853212 1212.16100850908
1926.1524518670901 1223.7077805450108
1892.590482555569 1227.8588132762163
1859.1263328930481 1231.4825530001012
1824.1102169561268 1233.4609504950984
1778.52821946839 1227.500864584053
1510.0345286435984 1063.5810840289075
1251.3465132329197 899.3402603129774
1220.9446107619258 895.2598826326408
1198.743770015849 896.6729469813336
1180.8362429359004 900.4725244942388
1164.7183886265611 905.017168453255
1148.6159641874708 909.3439210846942
1139.5369425293964 919.1036702193912
1128.0575175980998 926.8690506163276
1118.0649575150987 935.7856329185443
1113.330534991429 949.138619936887
1106.1803001578694 960.5155613224836
1101.1624076562825 973.8281942748522
1097.4797699826806 988.4670730372167
1098.780279175325 1007.8506328297835
1099.8184907263797 1027.3384483491059
1102.7662787227143 1048.9950116716745
1119.0575804015934 1084.0083633190895
1360.4809700627893 1342.018081136395
1336.9562945395344 1342.9716551331667
1299.5461816653274 1329.3083621639744
2247.977500446858 2341.6048252181017
1197.0034249595458 1269.7274513198165
1054.9986344137317 1139.643313227942
956.4956273353401 1052.2357696297793
939.581113276911 1052.6672463667333
931.3064476225485 1062.655777105959
939.2339037387082 1091.5308855308433
1036.4146156893705 1226.8173231518433
1040.558255646824 1254.6467696548057
1353.6506212838103 1662.6382635732748
1330.3885843225173 1664.7003378098798
1309.0528556873512 1668.8384047045392
1285.312035207735 1669.5574180453182
1238.7601894058598 1639.664048865852
1213.7032151917965 1637.1831007657927
1221.7345192205983 1679.670730990099
1194.2412692037713 1673.5960656414575
1150.903486134207 1644.2232712147488
1098.0118420174974 1599.3654975612494
1010.848183979651 1501.4279699489553
1004.8923568555913 1522.2244746203546
979.0817599056876 1512.8129122333605
985.1313997153742 1552.880267533472
960.1341333787256 1544.9606616095712
939.4316936047202 1543.6052257785884
927.0289769014529 1555.7436408306626
918.0082496848486 1573.8312658956045
908.7301313381918 1591.8852183490092
910.8976540409514 1630.8554392902797
889.8806220965482 1628.756727819431
889.7175947934021 1665.2166830521016
876.9122359006818 1678.7676821191392
880.7550957632776 1725.1780955272473
871.3079284966676 1746.7474041025068
858.0302830367204 1761.0976785493544
331.6381560681826 697.1370980228321
327.6428386240623 705.6445070277007
319.80352215649935 705.9395917614321
313.19974179752694 708.8941541146763
306.56866874831684 711.7869423794489
299.523899068672 713.6956171132761
294.36203036987865 720.1631725355876
289.84478327198326 728.4545295418357
694.2229522937808 1793.3163392186295
676.7477713728233 1797.846893910023
659.248563293054 1802.2076272716315
642.3964859424079 1808.2830958809645
624.5105942490858 1811.3648218044464
606.623232197156 1814.2704468073869
588.7361266270664 1817.0002127694313
570.8509997280867 1819.5543784425472
552.9695688739902 1821.9332193851983
535.0935464595555 1824.1370278949264
518.0421707807002 1829.0525714950952
500.68213522511735 1832.8440739643995
483.2964793172359 1836.4709398952014
466.13222515029014 1840.9024277990507
449.16375350511015 1846.1451520769435
431.6833577133263 1849.2837745119996
414.40174636873246 1853.2329029581103
397.0840234410559 1857.0205379391641
379.7316980223705 1860.6463493950287
362.53709121543534 1865.0916485505616
345.41020971695457 1869.3562493605357
327.5761714316767 1871.5485171136133
309.89464181850593 1874.55736401215
292.33927911564786 1878.3872726054506
274.5947634101374 1881.0631876435546
257.2310794419089 1886.5439755725681
239.78835424696032 1891.8643041105074
222.50081386463586 1899.0095807629764
204.67173050405447 1902.0195800076494
187.19603599081267 1908.843011907822
169.2569112502981 1911.5211476711443
151.28389800211752 1914.030611616566
133.2785829531941 1916.3710025269086
115.30251707328912 1919.5401349168408
97.2784854743812 1922.5404797464762
79.2080745982605 1925.3714137585082
61.092878380033504 1928.0323286219145
43.04566977535631 1935.521394951136
24.82411382457822 1939.8411696251899
6.5214776335594475 1942.9890556381101
-11.826210937659543 1943.9640276339626
-30.207247538351155 1945.7655362854375
-48.72318936794862 1951.3918240112146
-67.38242738405546 1957.8408026394363
-85.99242323812517 1960.1146147982354
-104.5980825897896 1961.2126965524517
-123.42017146530638 1965.128103019107
-142.32547407218118 1968.8624785469726
-161.5567816895938 1975.404618373183
-180.65147605068432 1978.7708417602855
-199.82407890011214 1981.9521531792138
-219.18249750020203 1985.9413467646957
-238.8721354874459 1991.7269147369745
-258.5620025236328 1996.3252968519355
-277.9464848025683 1997.7574306171146
-298.11672390505635 2003.9467106008872
-318.2719875086717 2008.9447334277963
-325.7820508365435 1937.8057320982246
-323.0486279550599 1816.4978898904214
-334.650098469934 1783.8818098725217
-344.40375463361494 1746.363665962582
-353.26491131504855 1706.825387212638
-362.8984712241923 1674.1187829969365
-371.5082753068132 1639.433622132521
-377.65902067683265 1596.951678699583
-379.2184775586873 1538.9666488517778
-337.75398919705657 1317.3922129652485
-329.7558482158958 1237.8295846227845
-331.48885105478314 1199.0209095868095
-341.0642939583069 1190.0920751718002
-361.02800821508976 1216.5606344462428
-38.1517317008427 124.27568293204794
-39.01293823997123 122.95930485280157
-40.16418936595374 122.58808218002193
-39.71067221131882 117.4694109652602
-41.46864746015153 118.9804659506159
-41.906569391970564 116.70406780312311
-42.65227267927328 115.3680355873884
-526.5639138306473 1384.2295491179743
-535.8774775261143 1369.9183658452969
-543.850240510955 1352.7715682613145
-560.3279634787194 1356.8553988335643
-50.35449158704141 118.76626278960948
-46.67839866657952 107.2852603945382
-49.31250570656464 110.49559620609334
-51.17860664523298 111.84699469298455
-765.1193093278454 1631.5012848581152
