-779.4238989909799 1598.055814319919
-797.3342559830397 1597.0231946455797
-794.6248640817286 1554.6984676724599
-721.201019238406 1378.7694114134838
-715.3104852251234 1336.6326756917917
-730.2967940186153 1334.2067278522215
-864.9592202118886 1545.4082138290976
-923.2112431798531 1613.55570107335
-930.3250434144255 1590.9570432905934
-934.0176921117824 1563.2184590843917
-939.8755346712877 1539.8214115040616
-946.9627617153267 1519.0001737736836
-956.9634065276999 1503.2448365342555
-970.566055787508 1493.3059068232067
-1013.9200868318198 1528.241491885021
-1042.3183067927976 1539.3029420242772
-1051.1176977617786 1521.1681647510175
-1052.7534649252557 1493.197623252819
-1057.4594129126197 1470.204268135043
-1062.4174488288215 1448.0625554250264
-1067.6516134011474 1426.7599771517027
-1071.9723541813714 1404.6936576602204
-1074.130025776427 1380.306374587009
-1078.4100352804717 1359.1382548535566
-1091.820829276296 1349.6752486277655
-1106.4214885889023 1341.623080298158
-905.3966249700434 1076.98929961855
-859.5633258501925 1003.0911667706757
-860.442153981916 985.1412587294071
-850.4208830558593 955.3142528312306
-860.7447757385152 948.725160960145
-862.194320470573 932.4810742038076
-870.2724915340137 923.5728398340761
-877.5667380193116 913.8739630398412
-885.4549602630304 904.834522631401
-891.8385312544148 894.3114860997639
-900.2408643875208 885.8529144766695
-911.4404521979898 880.0939166345396
-915.3523377611559 867.3241019106911
-925.6959324266186 860.68753952222
-935.2568546454174 853.2588211315253
-1655.3162973924545 1482.2995498842113
-1693.3160689523556 1487.6816496239178
-1733.836373380829 1494.4338159790198
-972.0778878706393 821.944998106903
-993.6706892568152 824.1963123624648
-1013.064913304347 824.2181030720303
-1021.6046070849892 815.213485402888
-1044.2397352833605 817.2143998090938
-1063.8297434795404 816.4234666447649
-1084.2963528378025 815.9353033314835
-1642.385020350678 1211.7146714172043
-1640.0087951223459 1186.1480312007232
-1644.6390508414374 1165.9409901223028
-1653.9616656468131 1149.1765784990657
-1634.183494500616 1112.642488089393
-1638.8212050016405 1093.2360486358705
-1686.767951388046 1102.2880196074777
-1725.764905834916 1104.597886014908
-1739.5348246789247 1090.3337075085144
-1735.2906572347629 1064.9236286766031
-1729.8653514595687 1039.1774948581512
-1736.1782318698047 1020.725794315711
-1777.836488493168 1022.6917522803643
-1825.7852022739378 1027.3915490977704
-1867.8461327767577 1027.8982557971929
-656.9468655838299 353.4640233454903
-647.8729045280123 340.71204789152534
-644.8435542937941 331.3635322206512
-648.8456332600723 325.6921003023188
-645.6145723552831 316.45350995447154
-660.3085168244592 315.93775116165347
-1044.741063943132 487.77567519401015
-1052.0425719766608 479.10586173489105
-1061.1012279186155 471.15303682519817
-1896.0833516169293 820.5022387057282
-1942.4685828319946 818.8283121086271
-1950.1339511082515 800.4008825175791
-1958.553174637395 782.272626465852
-1965.8717233628545 763.694551036185
-1969.2719677364682 743.6349353596412
-1933.838209687815 709.8378538451059
-1901.775191678853 677.9469893102721
-1895.7492041258556 655.8741914850626
-1892.3219134301035 634.9281659780353
-1163.0628139793785 378.1717741164323
-1159.8731220667385 365.17165923323915
-1158.4557895627893 352.8472525448573
-1156.9097933333778 340.58145881612717
-1154.2742120587575 328.10218435136125
-1147.6492518001573 314.6445531747519
-1134.1064599679405 299.5522282657675
-1116.5064037438083 283.7559698034001
-1108.4263436881427 270.6880873221713
-1109.9367158738658 260.077847490203
-1113.2971035095072 249.90109907189571
-1114.6086846627657 239.26445635392577
-1118.7577161269976 229.22733826117718
-1120.853364903704 218.75039287746262
-1122.8509013860107 208.25429949132695
-1129.6746259882823 198.60573858334126
-1135.4291940553962 188.68371759829597
-1142.0846060509978 178.8260401097597
-1148.654520203517 168.8602771999037
-1151.1747601762493 158.24244542206412
-1153.5967818906418 147.59222476660204
-1154.9271412036692 136.79290373085973
-1157.1505211911108 126.08993340921667
-1160.269724127052 115.45634358550596
-1167.2749436697854 105.13422792173338
-1172.1945305378367 94.53032623016067
-1178.014999912556 83.91459933182283
-1180.7447203337906 73.01304954512354
-1184.3720230091922 62.120134522660024
-1186.8995199368374 51.1226913777539
-1189.32473373695 40.0833846067521
-1194.646214083672 29.076161637146
-1200.8652870338137 17.987840259348996
-1204.9809570784612 6.774443023296502
-1209.9915646529096 -4.518126691846261
-1213.8959936748445 -15.89076902361209
-1219.6949758474989 -27.279404179147953
-1225.3825383982544 -38.90545705489604
-1227.9613220078913 -50.517241142325204
-1229.4310971646883 -62.13032532049628
-1232.787296338105 -73.89507417537885
-1238.025819176469 -85.86658868519761
-1243.1477011549691 -97.94280531573384
-1247.1553092612978 -110.03469717028561
-1251.0450183141877 -122.21031933209836
-1258.7928393840648 -134.89472753004114
-1265.4187307435411 -147.61922599514466
-1270.9238401179498 -160.35458403127708
-1279.2735188552774 -173.60951574045808
-1284.5166595843662 -186.60372785724698
-1289.6279847425953 -199.71144426084402
-1299.5395388141064 -213.74280586447722
-1305.3595971803234 -227.29127138811188
-1313.9897194606883 -241.50986967745584
-1324.4305898773398 -256.29009461382145
-1335.68865217903 -271.4863245914358
-1307.654914618219 -278.5814499833368
-1304.9852200061364 -290.83083668265925
-1331.4199474729612 -309.85468121539975
-1292.4992196598055 -313.601286953345
-1234.237453338299 -311.74814959673745
-1215.7846076516973 -319.2440881163003
-1186.6884083094399 -323.5283937833092
-1159.545609885832 -327.83986730489954
-1131.4687272575843 -331.39028235315266
-1113.9564904693461 -337.63432488598914
-1102.15337565573 -345.3736187531976
-1089.352423004694 -352.61352568187493
-1079.358850897271 -360.5946075438773
-1067.4210571509925 -367.7679795069947
-1057.329111268263 -375.4186336140832
-1047.1881225400175 -382.9125696697793
-1036.0642199866438 -389.89733528644103
-1024.9020617264111 -396.70740334527625
-1016.4913970902655 -404.4517766575887
-1008.9516656914867 -412.45185937073217
-1003.2398804173084 -421.01513314875587
-996.5467311917207 -429.09161323789147
-991.6198035746628 -437.88830214855835
-982.0604736855545 -444.5685841627862
-975.1843230258035 -452.3721212947429
-970.9577210767781 -461.3741473916692
-966.6480226752059 -470.3366881906137
-963.1507181387275 -479.70479896375184
-964.017531233211 -491.3188368819426
-966.5248734576945 -503.914346876121
-964.4690434294564 -514.2455291650764
-959.6705120601632 -523.1457810994792
-960.9046982997401 -535.4084055984606
-979.373801469562 -557.6342501990522
-1012.2066284637868 -588.7943115333004
-1013.5940597892343 -602.2192972331409
-1053.291644576214 -639.0623689953386
-1059.2361677594438 -656.1514618670659
-1040.4427967580912 -657.9056062036572
-962.8932389045439 -621.4117881662023
-917.0152851315119 -603.8931750195328
-926.3302690610648 -622.3891327949543
-933.730543232489 -639.9775563523776
-940.0639607747719 -657.1824325500859
-948.6006621823814 -676.3000692792716
-960.9070707551891 -698.5711140411419
-1046.7910492752205 -775.9107546343733
-1087.4379518092544 -821.7345684373355
-1087.7117460958063 -837.861657676977
-1087.7795455837445 -854.0636160202719
-1081.3936760817373 -865.3396543152442
-1077.2170679700598 -878.4664982080919
-1139.8012115612414 -947.1943824387506
-1135.5688952547946 -961.5754178065315
-1119.8105519534402 -966.1600942565015
-1101.8119565968852 -968.5553222713421
-1087.5902760925287 -974.0366478469778
-1069.6683160405855 -975.9680802459156
-1055.4667293473985 -981.0560550960915
-1039.8107388863934 -984.59008084407
-1023.439807525322 -987.2461498393052
-1006.168146507952 -989.2151742430725
-989.6585857431995 -991.6536107254237
-974.5934520766764 -995.2972436258763
-960.9345745377728 -1000.1868542716953
-945.2133582118769 -1002.7241432506879
-932.2471946970684 -1007.9901626402146
-919.2666106643803 -1013.1006359279529
-903.6137451703781 -1015.0680763077729
-888.0070405369188 -1016.830121483851
-876.3525559391165 -1022.9443766397944
-862.0888340970206 -1025.8668734905323
-846.5770212726806 -1027.0678395573855
-835.5215402993913 -1033.5108880392759
-821.9351042389849 -1036.7023123441218
-807.7500088136078 -1038.9398073332336
-792.384475996632 -1039.4112959745737
-780.6754822913028 -1044.4911638445017
-770.1237385603306 -1051.055863075726
-755.4343520959367 -1051.8288547446264
-740.2246380508202 -1051.6004399117244
-727.9269795332316 -1055.2944198031307
-716.746080869173 -1060.506980438451
-704.9798912514004 -1064.7686851758758
-692.1093579499541 -1067.2247357694173
-677.1115991103826 -1066.1561247538657
-664.837423968813 -1069.1455465419629
-653.607718296519 -1073.7066408396747
-642.3514580559724 -1078.1510118408119
-630.0625518218087 -1080.75074868898
-617.7824247566772 -1083.214602773504
-605.025408652662 -1084.6696524217314
-591.817929169415 -1085.1025475565086
-581.0093819900898 -1089.7949798193667
-569.2410462200695 -1092.606347820788
-558.3790672695906 -1097.0751192307398
-547.483602809243 -1101.4362009009014
-535.6825596792125 -1103.8900286058965
-522.600407802435 -1103.5079581791554
-511.67113569457064 -1107.5164327887096
-499.7364579463586 -1108.5664042353203
-488.3749803663761 -1111.4341539435172
-477.0042004774071 -1114.186246875678
-466.0101031166293 -1117.7457599084098
-454.6154395515267 -1120.2704147309132
-443.21494398632194 -1122.6796129917036
-432.1681285144203 -1125.907060416775
-420.40110899702535 -1127.1521226321101
-408.3090060203117 -1127.3352454362034
-396.5831003577602 -1128.3341014569341
-384.87517237184943 -1129.212159734272
-373.5000586145254 -1130.9194074800141
-362.1273099730606 -1132.5126098069172
-350.7580650828662 -1133.9919663645433
-339.9662749581037 -1137.2739036358441
-329.1437849266774 -1140.4531418888464
-318.0234243771161 -1142.5660162754066
-307.15163588924935 -1145.5364998857776
-296.50190173566165 -1149.3718381216481
-285.56641148678347 -1152.1375024842134
-274.6051337912523 -1154.799125603881
-263.6190584831419 -1157.3564671286292
-252.8219907593515 -1160.786389043427
-241.57648547234808 -1162.157391090737
-230.7161838176713 -1165.3815008505198
-219.81640434830206 -1168.5040643401219
-208.52704148741972 -1169.5556733086732
-197.40372307541807 -1171.4844301636979
-186.57615191898583 -1175.2826636750428
-175.25200845719533 -1176.0134920704434
-164.34480377063764 -1179.6066231899474
-153.3851112217517 -1183.0984775814272
-142.25473104348248 -1185.4955046290756
-131.092634891262 -1187.78774243434
-120.00006074585045 -1190.969766795527
-108.85883106353401 -1194.0480538485378
-97.66991742529113 -1197.0219660599953
-86.36245017618006 -1198.8934594865245
-75.09059553650393 -1201.656108236451
-63.721142701693346 -1203.3140138686952
-52.60498116259537 -1204.8521552277205
-41.128370458427455 -1206.2990745016073
-29.67796974423069 -1209.6359857874024
-18.167568888085817 -1212.8639410258252
-6.592781076783866 -1214.98211313487
5.024939700163618 -1217.9896345950608
16.685834322974447 -1219.8858893080721
28.383409498855666 -1221.6703246233085
40.182141245971735 -1225.3413383726547
51.92661888897686 -1225.900740782368
63.737306213412595 -1227.3461434316962
75.64173099653341 -1229.6757005535435
87.66738445483178 -1232.8870303895847
99.84171264844814 -1236.9772158028718
112.10213828146777 -1240.9468605031896
124.44746502555041 -1244.7946932923173
136.65852394869384 -1246.5313665657052
148.9140831402187 -1248.1480664738892
161.46885579593223 -1251.627663727497
174.2410419589968 -1255.9713608586158
186.9639944351744 -1259.1955625655787
199.6080594037135 -1261.303144617139
212.30938670577916 -1263.283706978213
225.59214754999988 -1268.0899743171929
239.17052708590302 -1273.7399495083175
252.10158952404805 -1275.3214451891915
265.0846137051732 -1276.7717680058481
278.3308988054294 -1279.06720338306
292.3109787070751 -1284.1508056795012
306.1821480986604 -1288.1104347786684
318.95279288837924 -1287.0684192803049
333.23020913913393 -1291.7095756078797
347.10713361465463 -1294.262970881041
361.0630968080991 -1296.6685930195677
375.0965367986665 -1298.9251664671242
390.6388858428824 -1305.8216803482132
404.5724743971631 -1306.807221039185
418.25554419420604 -1306.692886546341
433.54290010293795 -1311.1832647537622
448.63095026874436 -1314.5536392483052
463.4541098294324 -1317.884398603386
479.4190958508993 -1322.8024533291077
494.12108917240425 -1323.7875015405898
511.0371063659373 -1330.212793472206
527.3853690133992 -1334.5747159865575
542.7339915548949 -1335.9654989597939
559.6977748910952 -1340.8756097349064
574.8343864490688 -1340.9871096157945
592.0376340923434 -1345.5078743055874
609.3791446589139 -1349.821491181249
626.0162321207664 -1352.11082279572
644.0385542948497 -1356.9150086065818
661.7717568402909 -1360.5980824065991
680.0794550762326 -1364.9604150975274
697.1667989213381 -1366.4239658619042
716.1954953972091 -1371.2304738346309
733.9647192380783 -1373.1514085903889
753.7546011070008 -1378.3667876548775
773.222149010469 -1382.4556080683503
792.8358398006569 -1386.297345856071
812.0880045722146 -1389.02630386538
833.0027383724934 -1394.0883895449124
855.1295909066874 -1400.5835864937735
876.926287700946 -1405.9335994061162
896.7530463308491 -1407.6203230617064
919.4179304795704 -1413.2468535654568
942.2710722399758 -1418.567667198053
964.7474621876094 -1422.7520283600256
986.2505528081308 -1424.9908235092803
1009.0373897849514 -1428.5813053571617
1033.1511591996125 -1433.4879428319223
1056.8571503767123 -1437.257445170355
1081.928445583838 -1442.3036568755344
1109.0143495098664 -1449.383376674787
1136.3327478024166 -1456.0758518263426
1163.2559726563945 -1461.5948624975479
1190.386882018925 -1466.7310834359728
1217.7206072460735 -1471.48106433221
1245.8971071394485 -1476.6057017435471
1274.9332164776838 -1482.0830926509714
1306.4169825217527 -1490.5028238077102
1335.7202050455746 -1495.2847668029685
1367.9208046335707 -1502.6032983627595
1401.7364021504522 -1510.9123266709769
1436.5151257920595 -1519.4424284488778
1470.88324939951 -1526.7293364037841
1506.21486099221 -1534.215367061032
1541.1088608485895 -1540.4624237591654
1579.107873854221 -1548.987515356919
1618.8430009432284 -1558.3184328939715
1659.6186996098234 -1567.722798171092
1702.1796114207725 -1577.8547368067277
1742.856887316151 -1585.303084692217
1786.0613558977082 -1594.1207084059977
1831.08862149631 -1603.580512548947
1878.7252714956892 -1614.2863296960204
1927.4877171704884 -1624.8791032433455
1975.07217233687 -1633.419393193468
2024.5387873773197 -1642.4651285201676
990.6165802397892 -788.3113540689524
996.4209428812318 -777.715439339915
1014.8188140553235 -776.8054934405052
1006.8949511601119 -755.8065607867371
981.7539909122436 -722.5787855506707
978.7851555948876 -706.2780041790143
976.413612860948 -690.6753626848366
972.192179921227 -674.0410709296671
971.0534982328883 -659.7962591358564
966.4038313184803 -643.4163774827015
963.2078590962016 -628.2759108666445
957.2851879826628 -611.6380211113415
979.9578886671846 -613.203503283334
972.8999441511891 -596.1096364517297
969.8958451851142 -581.7757725212117
966.7088033265298 -567.5518386640895
970.2773733320172 -557.4251687894271
977.2280843283106 -549.2415417646594
1046.329481875761 -575.1787681735141
1171.4922295363965 -629.6871891152327
1126.0271360312627 -591.6476053540928
1116.3426746544294 -573.4143639161778
1121.6743313685106 -562.9135762699323
1126.0092819659599 -551.9230896841549
1130.2368185692226 -540.9008540855914
1133.4506916865578 -529.4247156256151
1136.548870775619 -517.935965480932
1138.6175845577861 -506.02963958230026
1141.4807574200338 -494.52773475285056
1141.4646557678093 -481.8500177782263
1144.086208910815 -470.3570415972092
1148.449574394361 -459.6004515591898
1149.916227630133 -447.7149421594993
1154.0668674011222 -436.90464127422666
1156.2388715243164 -425.3653394156313
1157.3543961848395 -413.4873657460715
1159.2938840102327 -401.9535924661818
1156.379729694796 -388.82633752228105
1154.272678453831 -376.09916747450904
1152.982765657446 -363.7468104285
1152.51953892048 -351.7438164439057
1051.222706108409 -310.0755104198226
1159.8794237298866 -330.32669042635064
1162.928076485428 -319.42806533224814
1166.8410527459753 -308.7571175319911
1168.71790818497 -297.5473930111772
1173.4012946648877 -287.0425084874463
1178.9638188287227 -276.7043799667704
1181.5084500682415 -265.6290315785187
1181.9937157800778 -254.10992868521427
1184.3261917141622 -243.0071431456892
1185.5729440322123 -231.69116163287921
1182.7789333941641 -219.64287996419017
1158.1966921411504 -203.85392395854774
1038.7259611980978 -172.79287465948264
967.194061190358 -151.5805000588872
914.1596156105445 -134.4923685075902
894.5772931371898 -123.04660337993234
889.7411056081851 -113.88487604209939
882.8261622745594 -104.58951765628065
878.7981621417027 -95.75902159256594
876.6630259644155 -87.30944340055426
874.4547298680346 -78.82211245217069
872.1646135963763 -70.38385319292857
865.8035250711673 -61.71106849132018
862.3513723828277 -53.348950781188755
861.8147605608114 -45.21414026066864
863.1996508631545 -37.18013918382074
862.510696540788 -29.056812501113413
863.7447960015886 -20.998270885338968
864.9035180420997 -12.919151612985944
865.9865853766341 -4.820160548936046
866.9937273370712 3.297993052209059
867.9246799120342 11.4345966082298
871.7784234809487 19.65656005184008
873.5549575672655 27.887920497104087
878.2510454441403 36.27810877477658
880.8687250134748 44.65746626416748
881.4098235993032 52.969074587398545
885.8627871847751 61.5720901157493
892.2252787168783 70.4205369092628
898.4991156045644 79.39357189228646
902.6920215889995 88.29560668326077
910.7737317599132 97.70982313013232
910.8114787893602 106.35530125733636
910.7670872613445 115.01005504514178
909.6494831901277 123.5387296839882
908.452016036269 132.05655818488654
909.1512065984501 140.86902974246044
943.3136509053937 155.22678897515434
897.485367002972 156.33622745717219
880.2449054153907 161.84531655333691
862.9813821829148 167.04530524880377
799.6413025575458 162.5724061582144
791.2366263945737 168.59893550000223
765.2209723306278 170.566302373501
768.4590345025563 178.8622718501561
767.7211926554629 186.2905535653204
765.9419825601858 193.4757849235194
766.0299453002551 201.1519895583639
762.1819858247624 207.79465942180008
759.2602589051984 214.5806590706884
757.1729287170364 221.83362237962447
755.9732432302253 229.35661211304705
757.5611515317357 237.7753176633572
763.8128194831695 247.78816919532545
774.6824840657107 259.53043922010346
784.4510594874633 271.1762070481042
789.3568324409118 281.3534984300893
795.0776900984805 291.99394977921116
813.7614503067512 307.72114323629603
855.5134091833776 332.8975919219525
2092.6595214671793 837.431864221058
2083.6284163125647 857.030701162329
2064.2813582262056 872.2519556181986
1987.0399769846283 862.1067972501594
1887.3496582655355 840.3970891459381
1870.1284506437632 854.2573254545478
1860.060245971506 871.2587912649263
1853.4439927324117 889.8771633231947
1843.9496860784848 907.1243328293301
1841.439382494377 927.8712198353429
1938.2336390723817 1000.0056801679839
1939.1904722161569 1024.104151180962
1943.381680752688 1050.2136177534826
1917.493813930896 1060.0464487638012
2011.7261376517763 1137.4000822440034
1968.7213380188425 1138.0739401415437
1937.9436153331503 1145.1530656595555
1906.3563959508651 1151.2316411640306
1874.8320932872696 1156.8118351659764
1842.5313667171936 1161.3622013236313
1802.749561660464 1160.5300590389743
1248.4139357726253 820.669632049769
1224.7304322232405 821.9856254134098
1204.4372571963872 825.1853691609198
1186.6546043414617 829.7920522608115
1170.5229167212444 835.2964153103918
1160.8624513702646 845.2776875078509
1148.7100891172488 853.3616649230513
1138.900634143004 863.1027433328336
1130.0576940988628 873.014093819774
1124.5129463400801 885.0037477398342
1121.1844104698703 898.8406520175472
1114.5992636522312 910.1590418525236
1114.8206565065161 927.186552871848
1112.5359956200539 942.3521944844696
1114.6114220575453 961.4704248279594
1121.6910939300494 985.3213129725801
1129.1758091804156 1010.0430644095102
1390.624506919477 1266.619311693518
1377.7031717563016 1277.7225718177738
1350.153504154805 1274.9645152781707
1311.2326924026092 1260.7259124705117
2310.2602631090936 2261.6335947051857
984.4853404645647 981.2688797727002
965.7884718287137 980.1166398356667
952.0609673281584 983.7382347404065
952.8147946494597 1002.4135708863423
1005.1710021979014 1076.735926929378
1067.7501650382214 1164.6070517822097
1058.5646192597137 1175.6551139052376
1399.0221222704429 1582.176065233546
1382.1045109472968 1591.681852889934
1357.343417490167 1591.8802866409628
1336.5432365355482 1596.3634225548649
1311.3276357837033 1595.1942927524294
1268.0288051370237 1571.134605736495
1235.8288854393604 1559.752212985674
1244.4580801469926 1600.0165895255152
1205.1294568765968 1578.5623181136434
1156.0959860250232 1542.9277595198128
1059.819193959608 1441.2856330772215
1014.6234098227477 1406.16333910384
1008.861690276028 1425.031259268861
986.299088038818 1420.0898242483804
983.0509459662995 1442.957670077249
969.470056619206 1450.9144734679414
956.9217474724129 1460.4166423368174
945.3619161074652 1471.4930674568677
932.6142489226323 1480.7871767092238
919.8945148886569 1491.0727954991878
912.0243802971089 1509.936266782037
899.299632600035 1521.0355586919861
911.4874766133009 1575.3065035024508
946.8708482645982 1672.578726609507
354.1230913032751 639.4981127460911
343.80296314020217 634.8885906487978
335.0050038509435 632.7935266695049
327.19627568203657 632.3658728772488
320.7789338091354 634.5249212003216
315.23546801321385 638.412562303163
311.38435069500633 645.855081378361
308.2724524251334 655.0909059632822
304.17951096773413 662.5072264567611
766.6912736710718 1712.1800404386886
750.1425900281052 1718.403647175461
731.1961119732953 1718.9462603104078
713.4543764206469 1722.0565765288393
696.8411285917203 1727.767762606716
678.3571227615639 1728.6644017849887
660.9877211546016 1732.1695160932854
644.307948236663 1737.3762597201164
627.2498784879388 1741.4817225388458
610.8316662170189 1747.3081226694221
594.3593443826301 1752.9797402551606
576.5856755152 1754.6959733214983
558.5292431430245 1755.2803435787916
541.9842051407556 1760.4593495386207
525.1059276784089 1764.5239484679705
507.92298093421874 1767.4657692410615
491.26549791232685 1772.1679408456055
474.3064411730012 1775.7469977059802
457.8214573535732 1781.1009272881338
440.5582127444622 1783.3893184561257
423.7538445963515 1787.4567628868149
406.2474120333878 1788.4403932522255
389.60934517014545 1793.1618884406646
372.71525642641495 1796.7493808617248
355.78815128727 1800.1777110617682
338.82952921372487 1803.44657534755
322.09353630422044 1806.5106570045584
305.49797602819126 1811.4193293223627
288.68164172927806 1815.1878441991862
271.9693164784838 1819.789188585927
255.47319514041862 1826.217250648111
238.3634402385241 1828.5291549104859
221.71268692546604 1834.6518700986
204.63611387503062 1837.6411676108385
187.52299089165797 1840.4714417472082
170.37479959983668 1843.1422700544078
153.2757439482275 1846.6498169163306
136.05254524666654 1849.0012722905044
118.86278685521972 1852.1899572940706
101.6799300287577 1856.2171725930527
84.47741144214409 1861.0837076703547
67.22865125693104 1866.7898404614734
49.880429890110754 1872.3356917801832
32.38242882982969 1874.7203466925623
14.85205169833528 1877.9412707963872
-2.7358026379480638 1880.9980104678277
-20.390411240946804 1884.8897132536495
-38.138309566315 1889.6151643505152
-55.94693469103722 1893.1735104048641
-73.78662870866766 1895.5644366319518
-91.67598871377169 1897.7870041428127
-109.78622450917132 1902.8355117844585
-128.13289351584802 1909.706250081215
-146.2363791240763 1911.4141156276626
-164.46867444775566 1913.9464608826963
-182.85612017796848 1917.3000910951473
-201.52925576377723 1922.465853811531
-220.31508964433104 1927.4494186035104
-238.96611778867378 1930.264281011543
-257.29267123096946 1929.924734628486
-276.9066007967889 1938.3205964017325
-296.54948170698236 1945.528823970316
-300.1980464020683 1852.8383990344062
-304.84492006992457 1776.0274701444123
-310.5783587688205 1713.0738697045338
-320.2257096135856 1676.6945144845185
-328.8738164613078 1639.337065049825
-332.2000925608237 1578.4207609197808
-342.5827044077576 1554.7028946524372
-352.99592839549496 1532.880580650757
-358.82272328433913 1493.5000010896588
-343.7861952468743 1373.6327937107785
-306.8671772542603 1178.7096909434495
-313.8153097386459 1160.3120060456315
-310.17633560185567 1105.302963369141
-334.8508836779035 1151.293136303751
-34.312088398681865 113.94595468783014
-36.27949028959977 116.48089364495293
-34.008436091084796 105.66184871862976
-39.10518316706775 117.67236145106497
-39.24251294549752 114.45970984465433
-42.32189055827046 119.74079329774702
-490.9686256868239 1348.3971256982088
-501.9343493432932 1339.0152758461438
-510.2479020590731 1323.0159025666753
-514.617897453478 1297.684252667251
-521.5746524189159 1279.7983755084576
-46.72296369490002 111.61525282668607
-46.196306207404064 107.49372676017778
-48.82410372253187 110.71227075483299
-51.10458107267182 112.97929807441146
-727.4346316117179 1568.5279266662499
-745.6593377900322 1568.8088321929254
