-715.7418257688392 1514.3773105950472
-734.5446609073608 1517.577062666832
-754.1247205021523 1521.3480554848554
-769.767515931591 1516.858256864005
-796.915257120512 1534.3946926943368
-804.7519310832766 1514.463380018724
-758.3233090942233 1395.238244488871
-705.8408534760483 1270.0384598760006
-711.835061708801 1252.9053615185894
-732.6342619802523 1261.716306533545
-910.823226330643 1535.130629743488
-920.5661539201018 1518.7935857965529
-926.3981195315853 1496.4579927710442
-930.8232596070442 1472.457829404468
-937.5909146397846 1452.7092884623999
-949.5714850159782 1441.3153696691609
-956.3988517049594 1422.3562269900729
-972.0064965513097 1416.5900503187395
-1024.294981482523 1463.084341693847
-1037.4386329912759 1452.5653454413653
-1043.9979222708823 1433.0378007205813
-1047.896510296103 1410.3056064942978
-1051.4605240587011 1387.628108084512
-1057.1370102476326 1368.174821272741
-1063.1599443423586 1349.5239652358725
-1067.6736479179042 1329.3223768302687
-1068.1009145801136 1304.5138697128234
-1052.7784587817657 1261.390707403971
-1004.3431624171226 1180.5908741414078
-863.4261633515124 995.800813636988
-858.8542812881179 971.8941935792549
-849.8948576577662 943.7047901366641
-839.806317786409 915.0351624970667
-834.7196909694912 892.4836343081016
-848.6019351722495 890.3789954968128
-852.7641773884977 878.0485509144233
-856.7698592861129 865.7190122775717
-860.6193701959838 853.3922308314436
-867.1798305779566 843.8596692808505
-872.9140083217928 833.5887079822884
-881.4505706121197 826.0199099099056
-886.8635200523664 815.7806670915447
-890.8467752012773 803.9850888626511
-900.6759454622323 797.4909662596273
-907.4420804200807 788.2593930191226
-917.9198339888021 782.2142790629497
-926.0625315957566 774.1170373880543
-931.814264712716 764.0334914634964
-948.3679136141297 762.6842730954812
-959.4826920269262 756.7542293907334
-965.8238631441025 747.0108870568099
-982.4246871725767 745.0709590595145
-996.6672870447909 741.0926520582811
-1010.922119875778 736.9107595535997
-1029.2548017176068 735.4315421174495
-1046.830179041565 733.0965667958109
-1085.8903250149056 745.2054763882393
-1092.9073226055575 734.8758971385249
-1639.3003503210286 1079.8441375667844
-1646.1043011131937 1062.0836265834457
-1626.5123355816372 1027.7322716548156
-1637.884678632962 1013.3162287753014
-1695.319040563305 1026.7508708072833
-1716.1611755801912 1017.258973630224
-1725.7293692700887 1000.9411291572853
-1726.4449563286416 979.5982915294383
-1720.7910438670006 954.9356959225676
-1728.010204730619 937.622915860552
-1775.693687584722 941.8131066574575
-1820.9449936923563 943.8010012427112
-1885.1256434963893 954.500030504098
-1949.667921458248 964.064311151842
-1950.6161895183936 941.6222603511146
-1840.0438072492432 866.8303106166225
-1820.0121766394889 836.3998307532049
-1810.522180731861 811.335585980269
-1809.8860479904579 790.5298813387651
-638.5855064465458 271.74353894142297
-633.7428032265386 262.6138978777948
-634.3495167058473 255.84505204333712
-628.3685979576575 246.53175272310833
-636.2329892278328 242.83447740841154
-646.9368996748865 239.94300956486688
-1948.4649634672878 701.8014577787803
-1962.5596890251534 686.003255833012
-1958.5348683523373 663.9014757086268
-1944.7679660972456 638.8165292491916
-1893.5381182901124 602.231180347166
-1887.6733360115286 580.787720695872
-1884.4489785255614 560.3642095405168
-1888.6973341746138 542.2613575405375
-2117.321749344382 586.3084595613858
-2150.7860957758776 573.755322604642
-1155.5433578307563 296.5949227030374
-1149.5554741001793 283.51051473677734
-1143.4242842414733 270.56589993359233
-1140.0776735889451 258.42580789081154
-1139.5361703050808 247.0087378341709
-1137.9017029579097 235.42241695617915
-1127.32019050582 222.1490222303983
-1106.761442890185 207.25614232547133
-1094.885422558298 194.34482619647284
-1094.7000585482042 183.6621403952336
-1098.3616895231808 173.62488009436768
-1101.9311996155282 163.53480153741936
-1104.417408537352 153.2553024193285
-1105.8158899431 142.81532673123505
-1108.1086141415476 132.48131666502604
-1109.310684527924 122.00739810433194
-1111.408751362007 111.62252190281629
-1117.3930971407665 101.57099222792633
-1124.2829802534652 91.49743336502138
-1129.08687134218 81.1593307188242
-1133.795417899093 70.73860580348553
-1136.4102812714796 60.130463331631
-1138.925724855902 49.47922050172554
-1145.338859969571 38.92166290901814
-1149.654233283768 28.198295918576992
-1156.8685204454928 17.442087095761863
-1157.9816542804201 6.518308828351019
-1161.9915311105567 -4.43639801459497
-1166.9000202788661 -15.275558031758905
-1172.7061763116792 -26.253076780465726
-1178.4085616616057 -37.33981524627221
-1182.007326172484 -48.45287271746833
-1183.503493410043 -59.53554472938695
-1184.8955858004742 -70.65019993284734
-1192.1689235977044 -82.2086224668133
-1198.3321285012819 -93.83021795555713
-1199.4007893219414 -105.13679933260339
-1202.353275126991 -116.66448384747561
-1208.1779012538668 -128.5735545195882
-1215.8711392439013 -140.83100778499485
-1219.4711420085828 -152.74532335977824
-1219.9811351315948 -164.33815723387323
-1224.3398701645408 -176.524452485982
-1233.5189406143904 -189.56535323088931
-1235.6518338349574 -201.66443796640746
-1239.6368472656413 -214.15995634408557
-1248.414713296262 -227.64380866918356
-1253.1198161460654 -240.55503815561877
-1257.6921726862956 -253.57326113694444
-1268.0005748047818 -267.93757163701974
-1274.2437922823426 -281.65183796651183
-1285.2127856499067 -296.6295595553602
-1294.0677669524255 -311.3673305514935
-1304.6988908865037 -326.7809727011759
-1303.5412826714269 -339.39523327726863
-1319.6380959621788 -356.7131840643338
-1281.6022884857412 -359.2444490150283
-1299.335937868259 -377.27327040755443
-1349.405306481082 -405.4458272577202
-1287.324950492875 -399.87306965900723
-1227.3741160168888 -393.794082398099
-1196.13161354429 -396.0671194127745
-1169.6869817541417 -399.4100207992864
-1151.7752223972584 -405.2836501411651
-1126.3350965775762 -408.13386311060003
-1100.0063589061294 -410.19752603603047
-1085.8763918783413 -416.46303744903304
-1076.3774466328493 -424.33547150827184
-1065.9086305052667 -431.669771253891
-1051.6576009326877 -437.4211819293894
-1043.8310507854467 -445.69242467889234
-1032.2783672820456 -452.2503426659994
-1020.6951237899541 -458.631076434437
-1012.7166890481295 -466.5082075627332
-1003.776292213683 -473.84929586288393
-994.7876656002868 -481.0639254501755
-989.3369470476481 -489.9269386413031
-982.0236860002985 -497.8257527834284
-973.7618588662037 -505.17011215771237
-968.9821640394284 -514.2786849301322
-963.2384028150315 -522.8649723803911
-958.2932492594043 -531.8740907619518
-952.394070027224 -540.342979390849
-948.1506061593243 -549.7512419628589
-947.2558059059879 -561.1661413319563
-947.0854667061682 -573.1301063056796
-945.922947246917 -584.6142128546879
-942.9365930570962 -595.0593092069698
-939.8373041124227 -605.4996629220315
-942.473591741285 -619.7802262659576
-986.4408393908296 -662.0260345197274
-994.2160634009072 -680.8519804447978
-1036.1528637118133 -723.9359384792333
-1041.5341209533547 -742.3258549248591
-1023.2036884761957 -743.8274073255895
-966.3789110697719 -716.4640955690674
-903.7801394263874 -683.2791959209791
-906.8373986004952 -699.0500214573248
-913.6087189518792 -718.0272339229942
-923.224345325936 -739.6930499859362
-928.639988176446 -758.4383774306586
-996.8049994714917 -829.8125047434747
-1062.9440032954237 -901.879174755853
-1067.2995522561505 -922.926143173884
-1060.099019532647 -934.2157506625119
-1055.7565356627026 -948.12400950798
-1071.9021023979558 -980.9357180135925
-1116.7771023724736 -1041.411495815435
-1099.8232159461747 -1044.8339072148328
-1084.1928887233485 -1049.5745709770797
-1066.4355419692909 -1052.0072408613282
-1048.729138960479 -1054.1993137425259
-1034.5694361167923 -1059.7297211331681
-1017.6317192413886 -1062.198985121816
-1001.4247496362992 -1065.1725075385093
-985.9305807504924 -1068.6706180769625
-968.4463532121732 -1069.7479427183034
-955.6787265520445 -1075.8248796230093
-941.5686117369237 -1080.248836792617
-924.2105434341123 -1080.702952436618
-911.4272560390774 -1086.2892602567135
-895.4433274585055 -1087.8705103595923
-879.5108781624627 -1089.2477290285683
-866.115813221703 -1093.5576793600362
-853.9447369116482 -1099.2917657750813
-839.318586503312 -1101.7119906536745
-824.1244073387238 -1103.1536435277712
-810.7506433808651 -1106.8276262623342
-797.9642947716776 -1111.16019739259
-785.1684175696872 -1115.3504185013396
-770.0928954718531 -1116.1061474357075
-756.1933897529407 -1118.3342779750415
-744.5297449800386 -1123.7346033828267
-732.8315309921103 -1129.014591218271
-717.3442493149074 -1128.2669134450555
-702.9935191768874 -1129.0261786138067
-690.7745838145377 -1133.0311003480233
-678.5426735390204 -1136.906258310912
-666.8035363947179 -1141.5152403062773
-654.0453572915238 -1144.2677442825184
-639.8304669378043 -1144.2630700927787
-626.6335273331919 -1145.8474690908743
-613.9351870168197 -1148.1670549805121
-602.1752838095983 -1152.121923916401
-590.3954024964195 -1155.9572953665247
-578.5967492296902 -1159.6731443733768
-566.3425222636644 -1162.3704863235434
-553.6593659697847 -1164.0370726372662
-539.8947546478768 -1162.7715398579846
-527.5671571871655 -1165.1239825260882
-516.0513867943123 -1169.1770465535435
-504.90136234866657 -1174.035184438039
-493.3192984810327 -1177.8646228434666
-481.33259525006844 -1180.6540275414443
-468.9688619110214 -1182.3925771747222
-456.2559088267053 -1183.06996651116
-443.22173933276326 -1182.6764095824522
-431.26254328208154 -1184.9614418882459
-418.96701735985175 -1186.1832229316808
-407.0114400075018 -1188.2245948064783
-395.05501262106566 -1190.1460149926854
-383.4049234065627 -1192.899687613174
-371.7382300496774 -1195.5394967626678
-360.3438583764123 -1199.0230622179042
-348.63816321689205 -1201.437651794196
-337.45824224284854 -1205.664105272429
-325.96907050501676 -1208.8209814005113
-314.4503761442428 -1211.8683760799868
-303.14513785985883 -1215.7763056549206
-291.56128564100135 -1218.6061778586904
-279.50417786527845 -1219.3762399505144
-267.8871368778078 -1221.980966257417
-256.4506664783066 -1225.4538162096653
-244.7768312545231 -1227.8388749673122
-233.2669936849695 -1231.0952480036533
-221.54052075585503 -1233.2594202612945
-209.7939831707571 -1235.3118977105937
-198.02844479932176 -1237.2524944611596
-186.24497123207533 -1239.0810347555012
-174.58385125588754 -1241.7876142403184
-162.75828018945683 -1243.3928350403867
-150.79761904618184 -1243.8927116475934
-139.06398795979237 -1246.2653037185617
-127.2988461033452 -1248.52713377834
-115.4112786228304 -1249.6820542708626
-103.5957391669831 -1251.7203852404284
-91.82484143211465 -1254.6442517685907
-80.19815658757744 -1260.4512111462127
-68.67062195997254 -1264.13620535116
-56.70045762457281 -1267.7326445687056
-44.562370857471635 -1268.217329602289
-32.44574837783955 -1269.5854730628425
-20.354945323908304 -1273.837382164953
-8.16008567772399 -1273.97386668712
4.038689330762567 -1274.9936035088526
16.281719336574696 -1277.896281243296
28.58068823802767 -1280.6811251282813
40.99822020314723 -1285.3463136214202
53.46622581568618 -1288.8915247983539
65.95483774849899 -1291.3167540838185
78.43419964066135 -1292.6225575653277
91.01471335680193 -1294.8051289489779
103.80351100331336 -1298.8586647912794
116.67821813009468 -1302.7855515832166
129.736311444295 -1307.5796302683937
142.68031565970128 -1310.254298799759
155.45184272646927 -1310.8145271520855
168.37441576267477 -1312.2419960192472
182.02230832544257 -1318.4949295586532
195.6590110318719 -1323.616844635195
208.94327356310797 -1325.6344550564202
222.28403608637214 -1327.5186655189268
235.85453624340994 -1330.253223162194
249.86567006704402 -1334.815023485257
263.59884316026495 -1337.2676059355397
277.40177964090947 -1339.5791326577375
290.8487461223545 -1339.7940165857788
305.4326309046652 -1344.749756638258
320.1378842835988 -1349.548344834827
333.7622435300946 -1349.334193146293
347.6611714097658 -1349.951002775282
363.1543432969535 -1356.2208238132012
377.72760587671416 -1358.4630490957954
392.6540295782797 -1361.510856752872
408.81838961531867 -1368.229339077458
423.96528440051145 -1370.9407126579886
438.89678424445003 -1372.5343758099032
454.83852357839214 -1376.8158618599034
470.16448858083885 -1380.1120801143356
485.6554990165244 -1382.1590850097577
502.2499142150636 -1386.856165458755
518.628707042913 -1390.4244906613937
535.4797392255474 -1394.7392046110053
552.0929885432234 -1397.9278708150189
568.0634186422956 -1399.072532930451
586.0311359584869 -1404.6535187323618
602.1878063821332 -1405.4219458385708
619.6202970651499 -1408.7553682115627
637.9938541075707 -1413.7060663804791
655.6781433622117 -1416.6182168520504
673.9047065256005 -1420.2240832075213
691.3850642616043 -1421.8114125705902
710.2946364517363 -1425.878862115536
729.799069644508 -1430.604528842968
748.9952893803522 -1434.2001451980273
768.3264208200164 -1437.5585243981907
788.2694477897778 -1441.5548125829969
809.3347824668984 -1447.045683414749
828.5906044868292 -1448.7921210981756
850.4769331712993 -1454.618158192569
872.036646436696 -1459.2984914922104
893.2416944083421 -1462.8449252639575
915.652108239731 -1467.8151166533664
937.1636502692793 -1470.8026015118278
958.8152796169783 -1473.5118796850659
982.2637971189505 -1478.4393233641554
1005.3319357851676 -1482.2242404206077
1028.5613594796237 -1485.70203263825
1053.6794202140193 -1491.320112992998
1080.7523280396085 -1499.025818802654
1106.2899970555154 -1503.9319939461718
1132.0191771714499 -1508.4855261208422
1157.935446868675 -1512.6832123366223
1185.8805483819904 -1518.8865411771974
1212.802985617001 -1523.1276762236607
1239.2833583261925 -1526.2151741401847
1267.8457218711335 -1531.2449920026072
1297.2612744599955 -1536.6307903287725
1329.7129557023004 -1545.763389215003
1360.716138636198 -1551.949609380084
1393.2855273300067 -1559.1781294427988
1425.4374307007636 -1565.1891678507125
1459.185696492913 -1572.1965854022496
1494.5656127105 -1580.157786204684
1530.9177021997455 -1588.3094752256095
1566.8539080299906 -1595.2005613373965
1607.299094126531 -1605.7937669638757
1644.5109102097335 -1612.263274468892
1684.8684032421986 -1620.9449292792408
1724.806609387424 -1628.3200423176825
1765.765264219485 -1635.7634400107775
1811.4553705698172 -1646.6127171966596
1856.0119990270878 -1655.4118700394392
1905.4084049636747 -1667.46598474865
1952.1595122776434 -1676.127154670526
1004.209317932417 -845.8916276791667
1017.5397692484963 -840.8405425511527
1022.318586324017 -828.6861336214473
1027.7416633874022 -817.1389559540627
1027.5180199874544 -801.2588337117173
1019.9378419637462 -779.9889733389417
1012.0491675895378 -758.934438789889
999.8270820707795 -735.1372701460801
987.2478224403286 -711.6394712822141
975.9493488401439 -689.599788644471
995.5643682018427 -689.4726889202108
1013.6077882567255 -687.9129680310651
1000.0669196177066 -665.031695700552
1012.9985554062112 -659.9355474172683
987.1447617033992 -629.9096914967569
991.3465653690563 -619.5102802464019
993.7341833345174 -608.0438905806716
1023.4460253567554 -613.0311845097766
1206.0334629107765 -707.0270761006544
1183.1568372272598 -678.7016270220571
1135.437757053688 -637.1696005435994
1140.5208539084979 -625.9498237078042
1144.6122431386468 -614.2180499278049
1147.6015426609488 -602.1849377742774
1150.5447288096498 -589.9964635557819
1150.678165225629 -576.4622798353588
1152.4557734915977 -563.8569766757198
1155.903067591406 -552.1314140064644
1158.3255474621756 -539.9684491675891
1163.35260423586 -529.050770926234
1168.2767603147881 -518.0862971633036
1172.1796634188433 -506.67922462568646
1175.9714219308403 -495.24460098213825
1177.8014288768818 -483.0246309822879
1175.7908668712196 -469.3312661460194
1177.356253343486 -457.1665481123797
1174.1193088806126 -443.24806656511515
1176.3583661975754 -431.4973861762912
1160.5818340065193 -413.3688505125464
1083.1357137809018 -374.3434593155549
1177.633219084323 -394.6441451600352
1182.2438000828895 -383.860127084813
1184.8476509149348 -372.42454822602787
1188.2978210949475 -361.2648452050102
1189.723974493243 -349.5094626987959
1193.920480901583 -338.5777389075258
1199.9456877087075 -328.1255042651774
1202.0115428030035 -316.57108359473284
1202.9969102276511 -304.76127375820715
1199.9800568644216 -292.0151761940796
1180.2753605350583 -275.48878981519005
1065.7037690928769 -238.20049651761082
957.3910500806196 -204.55653796818254
919.0986944041971 -187.35418315185922
910.0215417773101 -176.60632350300367
904.75820910408 -166.77104982213731
899.3909812464484 -157.05051051349906
893.9215517847166 -147.4457841201448
891.3160912779506 -138.41829875054822
887.6306915279143 -129.3087601737663
882.8623547148417 -120.14600545738146
879.984891343728 -111.33548853248551
877.020147836696 -102.58976697751079
875.9451292186808 -94.23975062609459
876.7908897046634 -86.01590394168166
878.5555367000976 -77.87277402021581
878.2507183895885 -69.54621232081324
879.8622342686805 -61.37139975367667
880.3993921262932 -53.11224287914793
881.8577304005076 -44.89925759815698
881.2410894878551 -36.580625995986466
885.5434938982282 -28.43801003091943
893.7692966827195 -20.308724905240656
897.9201625118089 -11.974212072892398
900.9929683588467 -3.55963030584511
904.9866425017499 4.917000448439747
908.9002177188008 13.468267546956502
918.7308879834993 22.23860303730395
923.4789350034526 31.026707928635535
928.1425116191083 39.905865801576624
927.7271777406349 48.613616213939615
928.2282452129292 57.37878343888198
927.6489451251184 66.08656904587399
924.994435898574 74.6276996609091
926.2453432117608 83.48391568755947
943.3325423709837 93.95591787586449
889.7219023361763 97.05635735641212
856.9946491910981 101.63253050980589
814.3437324615131 104.33257113984828
788.5624333547103 108.5600695545927
781.5730098917596 115.08097240089387
783.4224680527071 122.87488168948525
782.2349410485322 130.22095454572326
781.9633727417175 137.72902268729572
781.619691054698 145.24344582650994
776.2966942031336 151.80396098022766
773.8584484721064 158.88077834761583
774.2887448916729 166.55611527073327
771.7161030365626 173.59509300110304
775.8942539995097 182.2007316410785
782.8923302159509 191.61315009424186
789.7813115301365 201.17276147067633
796.5590535194688 210.87833994075368
802.2838318864568 220.37389385674382
806.8742730959932 229.94544443370185
817.108736158 241.3240835355555
843.4553850633338 257.8895372202279
874.3248230068225 276.4870772280117
903.0118186993059 295.07567722428746
2289.2291118680364 772.3251086012164
2243.0260168071995 780.678735412992
2181.8157442504184 782.8180236434215
2159.231347488479 798.0751769245086
2102.909368078245 800.1701004466216
2065.3725393744494 808.5544345298832
2063.12129451671 830.4857157782396
1916.4866927092346 792.8144528629757
1880.2954477304395 798.9605930483594
1866.162229258419 814.0850902020301
1857.3885488592741 831.4642376954283
1849.3619913873133 849.1673714951314
1843.8809571948743 868.0708586826964
1893.1463562689662 913.4554579975628
1963.2224982887146 970.4933911227928
1952.0788098237103 988.2976880663269
1942.5499198076714 1006.898112549234
1937.2607194595726 1027.749923297968
2015.2423883712295 1093.9136694053252
1963.6111091925397 1090.2969374696254
1929.628405652776 1095.6711258849186
1902.6430327601654 1104.5132366292405
1875.6662966741856 1112.9406738548762
1257.836756283231 762.6845314695192
1231.7923451771806 763.078382843402
1215.9972279973813 769.4619818436025
1198.5135508312198 774.5284168279051
1186.887575163349 783.1870044394666
1171.0591102857761 788.9008557586221
1156.878510366949 795.5175122215406
1147.5901820471424 805.3823775505687
1139.0321142509606 815.7247346409123
1131.1886642679472 826.5671211896208
1128.8542110994813 841.5177776392891
1125.7801963446095 855.5787219878086
1121.9642061313277 868.7677020700639
1125.0675375219741 887.5314281839497
1123.2456939380288 902.6627892240137
1129.753681326074 924.8008539843502
1142.8648053671732 952.8924580733407
1421.5815682441453 1207.199587818235
1407.6005393589671 1217.366716152674
1380.0442689092533 1215.4829558042861
1354.8713666888223 1215.2051595211253
1316.526307979633 1202.4339817210407
984.1562875368646 915.2990777345163
977.3057610998864 925.5211771326316
960.2729363937535 925.9761809192061
959.0103291760227 941.6130779325957
961.7862548760708 961.544174716618
1072.9011742314221 1092.1740110132796
1074.107243107653 1113.329524580965
1066.7643931392934 1125.8839769399665
1418.9612833038989 1524.938646793553
1401.090094353638 1533.2565171895124
1379.1773999748782 1536.9107649432788
1359.2969711066037 1542.545864582448
1335.5016591989888 1543.410612337737
1310.5073387720918 1542.4482211810189
1261.938736049741 1512.74936009148
1246.330563951761 1521.7585634257773
1242.5683255807887 1545.4167581152196
1134.3953645118766 1437.2571645234427
1057.68113772508 1365.225113635323
1014.4447376473595 1334.1206370713182
1002.9580942740594 1344.0253201224102
991.966055838844 1354.6380860080405
977.9465454206861 1361.1012285277484
966.7720540157678 1371.5085838499638
954.3517777478431 1380.1799463510297
942.4150248499698 1389.5664507093682
929.2789275271994 1397.1845528969673
924.2760711594668 1417.243008196555
368.4563569985831 576.277635335029
358.85056139990843 572.8894086845825
349.82272769627247 570.2499970952562
341.39076324580367 568.3496694557389
333.5319908593249 567.2040294932814
324.2282004876097 563.3614062114713
323.3674618207669 574.207701651236
319.4367873918524 579.8311296065195
318.74944787788064 591.5934325848676
318.3358937242381 604.2774683593544
845.097537378954 1641.1965611455648
825.6835819948412 1640.9800798377075
806.3477777421919 1640.544806254992
790.1214547495823 1646.20293000116
773.0113336829457 1649.890141190532
755.485638149317 1652.4921937940037
737.5716972194678 1653.9978813350378
720.0944939565528 1656.230636044828
704.200673483799 1661.9646240112825
688.6441193715365 1668.470640093796
671.5359922454907 1671.1195083293308
654.8027880004324 1674.5259952675744
636.998236364972 1674.9618643025624
620.2830348199652 1678.0256126515274
603.5662740535495 1680.9234821445966
586.5204561698084 1682.7114293586883
570.7752235957471 1688.1171890983235
554.9801782802413 1693.3756233381985
539.1366986897639 1698.4862731638143
522.9525389164442 1702.4927729775668
506.7406001031159 1706.3452066352618
490.50234757010753 1710.0434050129293
474.5059736069747 1714.5509852469531
458.46818852016395 1718.9089330488218
442.1417183281953 1722.1482807568548
426.03437268805703 1726.2035549981624
409.1982434766832 1727.1889872088686
393.0452458316504 1730.9362884661982
377.0702606461072 1735.509728735704
360.43458141004555 1736.998247703136
344.58011564073047 1742.251573081517
328.4112712445322 1745.3716042492356
311.65961904084975 1747.424757138147
295.2310558347731 1751.2894174495216
279.0709366274272 1756.9747898959422
262.2394982634669 1758.5546467342222
245.81751759978025 1762.944624212877
229.07842165088582 1765.197744371417
212.31870012094055 1767.291931056936
195.53986200844477 1769.2269957147155
178.84383568368438 1771.9977094900398
162.20379771412917 1775.606636619472
145.42983903472617 1778.0624741325412
128.55181385416523 1779.3623664545692
111.72480515471112 1781.5000892262515
95.18750506599585 1789.4701279650662
78.42169979399576 1795.2880094852246
61.519878447047084 1799.9489727644673
44.4379566425082 1800.4516844418345
27.36722090552755 1801.792173148698
10.280744776033906 1803.9707054957544
-6.848401062968244 1806.9870224777158
-24.060418757282676 1811.8402513050714
-41.38791425189498 1817.528827984271
-58.857768859320466 1824.0506470613427
-76.16296467187381 1823.4100479081471
-93.71736134822333 1827.5987131156355
-111.4794535427328 1833.6142809865476
-129.2939511490914 1838.4591576089624
-147.13077496972193 1842.133690875016
-164.9598660038576 1844.6387837752923
-182.84971228745326 1846.9710292033265
-201.01454801994348 1851.1178113465219
-219.27448374409954 1855.085631656598
-237.62775365194568 1858.8730593277019
-255.93636453520196 1861.488000849993
-275.33515472315224 1870.8478165189113
-293.69458451414573 1872.1026924362518
-311.28080810805864 1868.2452351079592
-303.6333117305842 1721.4269696991266
-308.42221120441246 1656.5327463215995
-321.2702923181333 1640.84411181374
-329.19243983019214 1601.5171986459106
-332.61666464159924 1544.5925528768737
-343.350932306295 1524.8210181147158
-350.3118000842918 1490.3833878306962
-358.3231837665085 1462.751002725834
-357.4487507904298 1402.1552662092602
-330.37263931436473 1246.97791447662
-307.5805574100215 1118.4785204479076
-313.11946469761205 1098.2350389727515
-315.1911154126364 1067.4378486661124
-316.4212897304442 1035.744450820434
-30.41371682494675 96.31202328313923
-37.206510244992806 114.08626383307171
-37.95568461867548 112.78460003532237
-42.28985962448165 121.87111131413234
-40.400709674669116 112.9946134016268
-38.00359085708295 103.22658127617828
-483.5804898108231 1276.4697058192664
-496.25449525403167 1273.7427039791696
-507.80457825310515 1268.1050864597878
-512.0643534442339 1244.7915881511005
-44.356164962479404 105.0168111771697
-47.72519768012971 110.10134198270492
-48.7554990886084 109.64899137074042
-557.13810631861 1221.9845050113006
-691.3462129975811 1479.4355051079121
