-564.5740735035341 1172.116511072012
-722.6997198178478 1465.4900596644127
-744.1947820730825 1473.7622353470715
-762.2369357026018 1474.6507565694014
-780.8297050134985 1476.2130509409992
-803.3270797070201 1484.5907190230548
-820.7258505848079 1483.0489129431448
-838.6595085245339 1482.1805655052246
-838.6256512182803 1449.9420737114692
-751.5554569549331 1271.4925855549695
-724.2620367195873 1199.268736425158
-731.900314237355 1186.4054661115065
-752.1539019986035 1193.8113367313426
-938.1721012633074 1458.2829315366723
-947.534700639795 1442.6551878683465
-952.2310846411643 1420.336566255728
-954.896696443997 1395.583497724282
-961.759945770757 1377.4678967986986
-967.2060405118392 1357.7192180997552
-980.0077534138655 1348.5079915405427
-997.4858601457606 1345.6028235736103
-1054.800064255397 1395.1336224343568
-1061.2351460048283 1376.3807485155082
-1066.7923377884358 1356.8456463562404
-1070.8245861187715 1335.7689567300033
-1073.9214673073989 1313.9641098813634
-1076.702465625499 1292.2212660825433
-1080.463785150675 1272.0687909770745
-1084.5954704863673 1252.7177117772605
-1085.8117105357176 1230.403969947878
-1074.6664351723325 1194.7974946048353
-902.7951265657972 984.8131596648403
-877.2546522601045 938.9618070443563
-857.1366659133653 900.2031637063491
-846.8122986652504 872.6768765294946
-849.4053497437972 858.9380372451889
-851.1048959179636 844.5243964175768
-860.4895683507478 837.8297576235543
-861.147075509157 822.7434073525149
-865.2445370009681 811.1398715326355
-866.2559029889089 796.824767773235
-869.8956105198561 785.4079365516284
-875.0578475833015 775.135319400993
-883.8777200276495 768.1153403224832
-889.5990399213807 758.4026293275607
-896.7499926278098 749.9336308781085
-899.9545393210927 738.2261355136105
-909.2511256619844 731.5404229995869
-916.9315398489491 723.5057368329813
-925.3321465688888 716.0030855563492
-933.6727717055138 708.4060667270879
-941.952379946037 700.7151446301106
-950.977907037892 693.5200215753185
-960.7649762841164 686.7981219731031
-968.0527934350911 678.2313684300638
-980.2108556629505 672.9841591304407
-996.5045717305705 670.3578436328409
-1015.3406665211542 669.1332684214547
-1030.0411829973025 664.8993618056177
-1041.370864423826 658.3089872766234
-1062.871283769526 657.878890175175
-1098.1397797754626 665.3908806669193
-1136.2240438109122 673.8218772539062
-1645.946536167015 955.1277401896591
-1639.2752202962615 930.592151333033
-1662.8879478656572 923.2592663185915
-1726.9346295829823 937.5082853751682
-1742.8128183642798 924.8418676428724
-1744.4016535322367 904.5926548198358
-1734.1670243507497 878.5219016361893
-1733.4558856509188 857.605207832945
-1747.8128055667519 844.1749799045693
-1802.7752316224469 849.7355260600989
-1837.0992353296926 844.7191246509452
-1947.2233094989701 873.0849803678208
-1962.74461472813 857.7864404126034
-1894.4238551339338 806.6221278265829
-1834.5536020903396 760.6635794208629
-1821.2821866193526 735.0014943542832
-1816.0684581723579 712.949055144528
-1819.0097357218658 694.2712591984982
-1822.5561920881125 676.3319648525264
-1825.0687041031329 657.8177751500115
-1839.665260194503 643.6091441499972
-662.8746875046559 224.93809963099787
-652.61009069552 214.637064651903
-632.6831552526297 201.5143296631205
-624.0368978671071 192.3199160263902
-624.8583504534242 186.1613329040854
-625.619248735475 180.00432109163307
-625.3561262696018 173.58201328789207
-1892.471869364497 506.19287200043243
-1885.5242859540297 485.393826781456
-1890.9733748741612 467.8928248189161
-1888.476447230992 448.4837881727831
-2124.6740919831745 483.529733165887
-2148.6665915694953 467.79576555707325
-2142.198216575862 445.34346396820257
-2144.3269875242017 424.80321394191674
-1155.6779584285273 217.6797105898274
-1145.859645297801 204.69898211275338
-1138.8585392562716 192.42200384330053
-1136.6664010058414 181.08145356283038
-1137.3289890579974 170.24326902498518
-1131.9463696388802 158.57621593845508
-1118.512807866829 145.99006349016318
-1098.987398427854 132.9499834403047
-1086.2744488757633 121.06536135351375
-1085.3745379280379 110.64859880494805
-1085.3707067605335 100.35152667568177
-1087.2624331817228 90.22971457208482
-1090.0569940436367 80.15453659370172
-1092.7580373868773 70.0347894005563
-1095.3649722100558 59.87134252097089
-1101.873129043753 49.84583725176189
-1108.2890643895591 39.70327133266629
-1112.611850110304 29.39168239700194
-1114.8386443460754 18.968317600801633
-1115.9676441038346 8.498077037608045
-1119.9982195333391 -1.9970583743271693
-1126.9295547205 -12.600741940688334
-1133.7628160851632 -23.192172443310767
-1137.4960945857886 -33.86199642783653
-1138.1309166952724 -44.48613786764169
-1140.6640872168316 -55.22173606282481
-1146.0907638139688 -66.18127454434328
-1150.4139703986968 -77.17963922892157
-1154.631298184445 -88.26417876411193
-1157.7451795320537 -99.34837326445226
-1161.7479106574874 -110.5929115403083
-1166.6357656423572 -122.02454803879016
-1172.404511599158 -133.66997113016672
-1175.0795463561403 -145.0657083374556
-1176.6523907142198 -156.39102092674923
-1182.076009715519 -168.32203437172578
-1187.378868893459 -180.3674629895599
-1190.5848732227084 -192.20733506624347
-1194.6586079838266 -204.29099434420857
-1198.6100364393521 -216.46704263433415
-1205.3849440376866 -229.29486842767082
-1208.1017269515598 -241.48336865436252
-1215.5892983663837 -254.76785059564125
-1221.9566095807388 -267.99821697531155
-1223.3084477879856 -280.2524604183689
-1229.4008326541666 -293.71685799293476
-1236.3182214835158 -307.5601652162327
-1241.1473169878598 -321.0565955308143
-1246.7973729492023 -334.9288145367129
-1252.295969866622 -348.93381013569973
-1264.3664812125317 -365.0115082928769
-1272.4123010810931 -380.19854820543145
-1282.1948278982447 -396.15706899030636
-1287.9787760400561 -411.1139409827387
-1298.343437593411 -427.7771827226467
-1290.5186424344056 -438.5551658905169
-1281.6622323097206 -448.89411030984115
-1364.9111607628681 -492.36015600874964
-1330.2706484870141 -493.90383859000235
-1232.1972753671805 -470.58567187888013
-1190.5310365452979 -467.415073593459
-1167.5815333581463 -470.99295425838335
-1141.9151021839507 -472.99672240325026
-1120.8918499184383 -476.576815200258
-1099.902507882243 -479.8067039489466
-1077.1261346963154 -481.8706153670042
-1062.5891879715978 -487.30402995035917
-1053.4756900006744 -495.06057263490766
-1045.2113523053415 -503.1234729289017
-1029.712848473948 -507.5386189125595
-1024.0446111951903 -516.6639471475552
-1013.8529751042298 -523.4339928513451
-1005.3930677502931 -530.9932008224348
-993.3611976079197 -536.5394031075066
-984.8154633272551 -543.8414320291566
-972.736823882863 -549.0647242923917
-966.7105765643468 -557.6079816130936
-961.4711885160841 -566.5943466479953
-956.1482672902099 -575.5314856356073
-950.7422753452242 -584.4186221120833
-944.4066808493715 -592.7233934704057
-939.682965177277 -602.0398034645552
-934.8675527826955 -611.3196044248001
-928.2971012860346 -619.4517670843677
-924.136139024628 -629.2029851714415
-921.5165363438123 -640.0713032505857
-922.038185255764 -653.2576711606665
-921.5829728635679 -665.9232869692637
-920.1662207097053 -678.0436020381122
-933.7933034941286 -701.6082000301324
-967.6993275361416 -741.2954953904006
-991.485391758009 -774.2872321887193
-1016.3025821863728 -809.0303217069871
-1008.7175638396105 -818.4680057286791
-969.4491868078684 -801.7058526651547
-895.4095940668548 -754.6407482060788
-880.7506474987092 -756.4385612398437
-888.7118775587655 -777.7867308497707
-894.1113429340537 -797.3511813728396
-905.1430068576285 -822.462848484192
-960.5444295006969 -889.2892661868696
-1036.5963280624578 -977.8001087376855
-1036.1381876803293 -995.6840141483253
-1028.0515574422004 -1006.8917495146467
-1024.0917450131922 -1022.2744728280339
-1083.0203905515045 -1101.858354621712
-1073.881457118857 -1113.5473119972407
-1051.5594444471253 -1111.3607581672359
-1039.5825182451947 -1119.844715913318
-1020.1325514806523 -1120.069005646337
-1003.4383007040072 -1123.0082709758883
-989.4176350704445 -1128.7398918314213
-972.1190460594247 -1130.5156170033717
-957.4557577121091 -1135.1226682715535
-941.5182043441674 -1138.012509108988
-924.3525432278575 -1139.1494089135947
-910.3643971057407 -1143.9758146404586
-895.7531170168836 -1147.8511895513884
-878.7200324029708 -1148.3758551335543
-865.9592994340691 -1154.2805082490374
-853.7583707669153 -1160.852119929762
-837.4173547155988 -1161.6179122332476
-819.9853638365655 -1160.5451318642524
-807.2041260476093 -1165.823957075731
-793.2739766549677 -1169.3097955469345
-779.3507829247516 -1172.6364983039616
-762.1628813231696 -1170.7761281872654
-748.3068471557207 -1173.7550266132473
-736.581461236368 -1179.9698093438226
-723.2412672833838 -1183.5079506696711
-708.8739725212764 -1185.1829778907158
-693.0251441552831 -1184.1030992141475
-681.2364948072166 -1189.7721790926098
-668.4255122755518 -1193.5792116735136
-656.5644549816911 -1199.004635710219
-642.3010369459935 -1199.9043203264591
-628.0801404872932 -1200.6416355955103
-614.3586397514739 -1202.1079243407053
-601.1128498765097 -1204.316960651697
-588.7568934795785 -1208.180996531677
-576.811381741647 -1212.8221757097335
-564.409994015915 -1216.4383908176176
-551.4571681030463 -1217.975365821398
-538.6127643700661 -1220.4311902182915
-524.9817110108876 -1220.9157231783367
-511.7767728407915 -1222.1741016650062
-498.5956755040141 -1223.292014348453
-486.91427463208646 -1227.9883912967211
-474.82892593962083 -1231.6401629904028
-461.66580177712063 -1232.3638616372555
-447.8484035973753 -1231.069375541152
-435.0964930519544 -1232.4528557855228
-422.68287762626295 -1234.651442700158
-410.2669352223139 -1236.7255321465996
-397.5441065288078 -1237.7231852737557
-385.43304168156425 -1240.5008546470647
-373.0175685519079 -1242.2024366228004
-361.4401019525003 -1246.661563015627
-349.5422035985464 -1250.0496981734257
-337.35245239960705 -1252.358703750635
-325.15046294789363 -1254.5489932421015
-313.4206910174061 -1258.5612700389963
-301.1791704294265 -1260.5185866537004
-289.15194267679476 -1263.3317672116996
-277.0984497604683 -1266.0301928233564
-265.22427713748624 -1269.5924869094406
-253.11220229197286 -1272.0625822069082
-240.97713595843834 -1274.4171294930354
-228.99660308020904 -1277.640229398607
-216.80947347116327 -1279.7646862658607
-204.60264993836623 -1281.7728954999002
-192.377241290618 -1283.6646746847134
-180.13435802489948 -1285.4398519802307
-167.87511222550143 -1287.0982661379337
-155.60061746300897 -1288.6397665155032
-143.20157884053185 -1289.0703269479052
-131.21220708948843 -1293.3612630316036
-118.7882411852995 -1293.5572479624175
-106.61831970453161 -1296.6238984005279
-94.32827045349511 -1298.578521843501
-82.01064168902646 -1300.4165696613352
-69.77339050834736 -1304.1348373450385
-57.85520303645851 -1308.7218098135334
-45.49271733982249 -1312.2116493420713
-33.04386937030181 -1314.584764363652
-20.553941695841896 -1316.8396012729734
-8.005809461914756 -1315.9756483365716
4.537763193806004 -1318.9921943306551
17.12510207351381 -1320.8889926405518
29.726493062931805 -1321.665742769396
42.408242723809614 -1324.3211623126313
55.143258487062404 -1326.8546344808947
68.03243943206478 -1331.262779163048
80.95001605579664 -1334.5471497480207
93.86625032345327 -1336.7083178652756
106.75142574384367 -1337.7474100523075
119.75392885831556 -1339.6581640564125
132.9010031658257 -1342.4374560319438
146.3278236657995 -1347.0757840675597
159.7375333098081 -1350.5865097993901
173.22733173380104 -1353.9635488226363
186.52318984523953 -1355.2243724379948
199.71296230363254 -1355.365165808797
213.23269043638555 -1357.3532405859798
227.7958985363828 -1365.1245469223686
242.0043842064011 -1369.7864351879387
255.03877272718555 -1367.4195495186584
268.820841188112 -1368.8536646928028
283.6634858576032 -1375.0458271603582
297.59150410451633 -1376.1915915615862
312.44962426418164 -1381.097835888961
326.50828547181726 -1381.9523651408012
341.56825332979764 -1386.5479177861944
356.7451954056709 -1390.9812599582244
371.00680683120817 -1391.385622063456
385.84205238455513 -1393.5716381340696
402.1324429700881 -1400.406547510725
416.8768922623419 -1401.3056970902858
431.67481279490994 -1402.0505896715993
448.6480182174205 -1409.3104539985436
463.6114813807166 -1409.7235169819567
479.5876822323169 -1412.8197532066977
495.63848083964393 -1416.8075015015165
511.27312636440706 -1417.6208203386282
528.013923164632 -1421.0761052611836
545.9400068519726 -1427.1417269908648
561.8336171432369 -1427.4098874001631
579.283382512211 -1431.2116414930433
595.7056069389355 -1432.039046207021
613.3758562821563 -1435.441067731494
631.1662281749575 -1438.6348363679358
648.2532500003326 -1439.794681148672
667.0977956331105 -1444.3896742435695
684.3781439115928 -1445.139286067652
703.4809514923968 -1449.287946160925
724.0622228359101 -1455.8880099313685
743.9270392568392 -1460.4429329017116
762.5585199196405 -1462.0894308139866
783.6447052299119 -1467.9226737008746
803.474697115435 -1470.8515938378216
823.9207347879532 -1474.4068715203682
844.0126393624283 -1476.8356931617232
866.2449050118397 -1482.467120897131
887.6371563072169 -1486.0892566541343
907.6154138962642 -1486.8753345381424
929.8071180662208 -1490.8077418612331
952.6949415028984 -1495.2930643973405
974.6633342276706 -1497.798512788753
997.8741714979919 -1501.6844335136448
1023.4947496240229 -1508.5713431893296
1047.6308700865347 -1512.6366252480238
1072.516123264545 -1517.1925274458713
1097.5848665172994 -1521.4083806763397
1122.8328484260267 -1525.2810870444487
1147.0546706871485 -1527.208427967446
1175.0657346824498 -1533.5724694891971
1200.8407091079368 -1536.3858862112563
1228.024108279814 -1540.4079944883329
1256.0255557410342 -1544.823874532442
1284.224212470039 -1548.8422037463042
1315.1976248376939 -1555.514129675873
1347.069522262554 -1562.4892646643477
1379.3178460232368 -1570.2172714760907
1410.0653694347338 -1575.0275089409986
1441.0246988946114 -1579.3960292389286
1474.2330414227608 -1585.5163006344007
1510.434404028294 -1594.052668868784
1546.2311535294266 -1601.3260816757652
1582.998736740764 -1608.7771752101487
1620.0422303916498 -1615.6754537182421
1655.9250913937183 -1620.6175032044748
1695.6494419731616 -1628.4882467909017
1735.6671130174939 -1635.7520205671512
1777.4385226851316 -1643.761934732307
1820.993876601399 -1652.4715735467914
1866.3625275433212 -1661.8339013818756
1909.0544931813297 -1667.8536932429583
1957.3380799089332 -1677.769841467658
1033.2188759269916 -868.8836253654247
1045.991142259008 -862.9244059103297
1047.0822961371048 -847.3651309301372
1050.3234055325158 -833.7276196639873
1047.088360100016 -815.1901410978049
1053.1359899361876 -804.07063539289
1051.0621291383638 -786.9163873570873
1043.9225990705447 -766.322782611739
1010.5164086175714 -727.2424546976376
1033.6689204259446 -729.2143463656362
1024.045862717688 -708.0643127928324
1016.6009474797887 -688.8443318945115
1018.8831583852277 -676.4658968188589
1011.8016500026621 -658.1082137854613
1007.8393084279531 -642.0941740799904
1017.2403898411759 -634.6833771856426
1043.6581905508701 -637.5786863565025
1241.0079099685179 -742.1693657081049
1227.235453702207 -718.3154886095234
1166.266494035107 -667.9509449735511
1169.0210129245445 -654.9731836807307
1169.0038940409988 -640.561391060202
1167.9380376457343 -625.7361586325593
1171.1265663345703 -613.3078881160744
1175.8726339745212 -601.9672322226697
1178.7947236039302 -589.5481317106637
1181.5874795664436 -577.1273933299467
1182.4458693914785 -563.8455160405467
1183.1593755267352 -550.5986670009166
1187.3709761885946 -539.0418953151451
1191.469938163743 -527.4546297569926
1196.3742296293415 -516.2341548936871
1199.3291533310946 -504.1930007151225
1201.238130549026 -491.76310731395955
1201.1617057557016 -478.6016680142821
1193.4851261215251 -462.59404852060874
1194.0367207573306 -449.94700741651826
1109.0038878468638 -406.04356507712447
1195.686856563553 -425.0810993694844
1203.4102131304044 -415.12993018262944
1204.4133027582589 -402.8505878597457
1207.1947241436085 -391.205697811058
1208.9095801517342 -379.24481145739855
1211.4633349023402 -367.57664260300885
1215.823852369748 -356.4566733963406
1218.1578557540308 -344.74256839668305
1217.4849729728544 -332.2263393912171
1211.848979407627 -318.48241883766946
1088.7529761458836 -275.21983383012366
970.7925761509464 -235.7175727225465
934.9813137673184 -217.7382440131713
925.2739542262365 -206.3300987024056
918.369873405548 -195.74926722998944
913.3093089391573 -185.71512109970726
908.1418635260874 -175.7935030408271
904.8362416843946 -166.3471542722023
901.4337120238816 -156.9785425682299
898.9221866815876 -147.85094619782777
896.3190664637254 -138.7844771348573
893.6252789978687 -129.78004752650295
892.8236113490436 -121.10738630509603
893.9223256806127 -112.71147079940219
892.9555355398273 -104.0740676094678
896.87713015091 -95.99694480694481
896.7333899114316 -87.57983453942055
897.516846749277 -79.14865634510124
898.2210345608622 -70.71048771161449
900.8411095563874 -62.404289381553674
901.3877905502344 -53.93561946401177
904.8510561848867 -45.61322309479033
909.2364047480645 -37.27144055189904
909.546521808827 -28.72498329790573
915.7748324814836 -20.30901754174021
924.92451711371 -11.81683722366447
930.9946901884584 -3.14433473030858
931.9831089564782 5.611115737287557
937.8885071544563 14.461955178510685
938.710871515472 23.300208124882165
938.4504474407393 32.12098532542445
937.1080899323134 40.89532715862685
931.6894049842513 49.43533796882238
950.1466902334729 59.3739592614219
918.6266329881894 66.07654019984976
845.2056447295554 68.78530451554785
814.6449368767071 74.01099121850744
785.0583010368814 78.76841989709696
789.2534939346102 86.6886515756832
787.4110066579933 93.9835442715664
786.4929969770853 101.37931596732356
789.4677207802429 109.31476499562339
784.4486747552804 116.14334537408605
780.3591535788871 123.04304704306952
780.1546493146052 130.53629055862334
777.9087504797894 137.68796580301688
779.5294751430122 145.54311176850686
784.9959824529972 154.21189167069357
792.3265768995392 163.40010874738923
800.5304748337203 172.95074114469205
807.6485574556266 182.44946598947698
812.7114196936512 191.63806589383518
814.7589852227185 200.2218669347731
826.4048656435926 211.33858625578912
849.509968513154 225.77381025437842
878.1984858041615 242.25692875804017
918.2199699216898 262.4825457759261
2479.528376363163 734.3943292331832
2403.589236569977 736.8546544909349
2380.2627663722683 754.5582568773845
2299.7986935267227 753.2104415452427
2268.8433790756017 767.0558788150997
2249.1657850336683 784.3323730625195
2181.372011734368 784.0536629733684
2126.921849393464 787.4182157993847
2075.412808572591 790.8872701041724
2068.7232414989103 810.9674161655582
1959.8140262998281 789.872130359374
1878.296047107775 777.8772135879204
1869.8879795522057 795.3256841861515
1860.401554191396 812.2844681281545
1854.4122843866937 830.7701725000265
1842.78746549669 846.7103146934522
1842.7880863186506 868.0443934051101
1960.5223659194567 946.4042755237195
1946.0486799570497 962.3593586791912
1940.3706093468725 982.6428132250529
1924.7167761037992 997.8423381399477
2036.1543841706762 1080.3241753392979
1973.0492757679644 1071.0282701177925
1939.161655292338 1076.6503957385048
1911.4352351233752 1085.1817091754024
1275.708157415809 740.4010380211263
1245.3823377761548 738.7332622504549
1218.6266102252748 738.629937689271
1201.3396785577258 743.8763181623812
1184.06418445413 748.861140060676
1169.3236291252479 755.2127186226143
1161.248747455847 765.7560620277364
1153.908724240071 776.7725897086303
1143.991588613991 786.0198758176773
1137.2782779979025 797.4453701628253
1131.2643122926245 809.3961055831043
1123.5103396357565 820.1253055061446
1115.6546120115272 830.7802276760133
1115.6611611114406 847.408504552245
1113.2909198313316 862.0019302885046
1121.9208950512746 885.0618652090639
1127.1051423909682 905.8421484982001
1141.2888720760825 934.3900205349495
1414.6240478980296 1179.7469233308443
1401.5884607789876 1190.5758214457358
1373.347992332283 1188.179823072622
1346.768060130788 1186.6932173951084
998.805930534567 896.2983393541338
979.5697607667962 895.1938805595589
963.3647045216671 896.5402646183165
946.4905176422169 896.97920823917
951.9949667019076 918.713548051967
1014.2421386972462 996.692973834388
1066.6659364779168 1067.382208938152
1063.953648955687 1084.141887796002
1054.7792244206225 1094.4591302239796
1418.752518769508 1499.0788139671565
1402.386285696292 1508.9442354477378
1376.5205293491429 1508.2954724722724
1355.454377409718 1512.5159274403802
1333.104168242391 1514.9776488829013
1312.1289157720526 1518.6726798078832
1284.0809506092503 1513.7242523929003
1221.6740308306657 1466.8993020633534
1236.1810556233954 1511.974006958396
1132.295561180963 1410.811029915023
1055.724543797521 1340.105103200311
1011.7292521073299 1308.4800038328224
993.1806359942301 1308.832007664122
980.0845088283363 1316.1745156151287
969.2967879579912 1326.6170271990034
955.4871251369982 1332.9082315363778
951.4220085607669 1352.9642129879844
365.65578642395644 530.1243682898174
358.5954768986162 530.103088038406
351.56576641196096 529.9976527185479
344.0223960248577 528.970312052875
335.989158865543 527.0069118378096
325.3704282391878 520.7015310400456
325.2268355835112 531.3722851413459
323.3064907104601 539.5497317805721
321.2609698210301 547.7375185886496
316.10311256780267 550.7302626739764
315.8137151671608 562.3937209040615
878.117332729605 1598.7138424245422
858.3336984057362 1598.0798672723247
838.6398287177226 1597.2160898539398
822.6906323546381 1603.241754519862
805.8059678508259 1607.3209829327786
788.9173992978299 1611.2247940883817
770.3015299060324 1611.3446412932356
753.8673295812836 1615.7886772068878
737.8319867771058 1620.9765449532415
722.1714777427769 1626.9198986842634
704.0817680858157 1627.2055382923054
686.8275806648604 1629.138384066269
669.2195481038779 1629.9660108222017
653.51225764319 1635.2500509433107
637.4024086736044 1639.4508743530828
621.271358055385 1643.4935045992781
604.7758565562248 1646.4392376661474
588.2799100198167 1649.2203453350546
571.7851533153836 1651.8370798744359
554.9749969187311 1653.3416926924253
538.4964218527493 1655.6275558385062
522.3242981552957 1658.7038094718953
506.72471708530935 1663.5357107963787
490.7980560331009 1667.261607605156
475.11950055871586 1671.7970750628906
459.1347185089652 1675.220675093193
443.38281723280556 1679.4584476499265
427.59181447038867 1683.5481104494522
411.5260486389379 1686.517806396251
395.67015758543164 1690.3079974952257
379.56060585749833 1692.9733448820418
363.6455016578485 1696.4630703684686
347.6983279258828 1699.8031864770537
331.33810429369686 1701.0302938640039
315.5314326526899 1705.0501209665777
299.7087661367071 1707.902413927919
283.66894878204397 1710.6396252562636
267.758479841673 1714.2142212899987
251.66084045839912 1716.6513394920273
235.5410403962506 1718.9372932975339
219.4004991280051 1721.0718814106465
203.24063795286696 1723.0549158644108
187.062879871304 1724.886222037342
171.06561620264202 1728.5559160620783
154.92679529167907 1731.0810749646157
138.83542946289944 1734.452283438738
122.69442256236827 1737.6737549586478
106.5662389515134 1741.7429881345092
90.32077312541853 1744.663623149754
74.1145227786318 1749.4307752847199
57.793793210285706 1753.0475970339103
41.38813264863983 1755.512182377513
24.92711543711848 1756.8231666607726
8.445137481586485 1757.979715370151
-8.056351524934858 1758.9815505570566
-24.617789254824626 1762.8281154021242
-41.27546816449516 1767.5181288257843
-58.056050986675956 1773.0497722691916
-74.90196344912259 1777.422486600039
-91.68060393298018 1778.6387117294182
-108.48865668327026 1779.6963817941137
-125.46504158376857 1782.5901164710815
-142.58483092362707 1786.3184391340983
-159.78560509419347 1789.8819962234054
-176.96751455578882 1792.2844357947056
-194.31614256989698 1795.515869252276
-211.74095284291067 1798.5790972012257
-229.61901309099892 1804.4489765097587
-247.62579343103332 1810.141007332758
-265.46986766302035 1813.6743779860205
-282.785557369791 1813.0795152290084
-301.0936614126351 1818.2386001449681
-319.17813144251426 1821.2430701059277
-310.43052070036293 1678.5356391264684
-321.96421517736707 1653.9540634930652
-328.278089274848 1606.8084814631939
-333.71674746999 1558.6754416677165
-340.02972954888946 1518.3924996597254
-346.07191329493094 1480.07912992123
-356.1616579560406 1461.2203370477719
-361.25569735292777 1423.887397630181
-364.15092448632663 1380.7889426685576
-355.1786706113772 1297.2559932190463
-334.56685606618834 1178.426925533351
-311.47612678609033 1059.1499527651104
-318.7848119538557 1047.5692071016333
-322.0025104935618 1023.5445194205495
-40.48383980932295 124.58755441171914
-39.107987822573136 116.61717407170126
-40.52782234699646 117.18999793416798
-41.961828935131415 117.74635838283395
-41.68721081581091 113.59214961606342
-43.105017420889546 114.13131679405441
-469.6256596253654 1208.9916210716435
-491.3371071387805 1230.5335619756556
-504.76445658261724 1230.492926989365
-47.35922790134046 112.43266221427336
-46.031633743769355 106.47576576329223
-49.46166645359989 111.52373537338511
-48.02247285333655 105.59281273387197
-541.240040040266 1161.0427292125003
-556.4252818030366 1164.9342924690695
