-555.2654493804222 1154.4008319142697
-720.1331137045602 1462.295557863107
-741.5897907146598 1470.5963356093973
-760.0564422720174 1472.4004905462384
-776.754876075606 1470.449204322533
-795.3858680405505 1471.8323005428913
-816.5307635582628 1477.3697953332335
-831.4551707246522 1471.3199173107253
-835.8339065003242 1446.935617345985
-751.3702231468228 1272.7634453300009
-712.244965553987 1180.8251814062062
-719.7125414944326 1168.0744229781014
-740.8506094308103 1177.2940900667077
-923.3213487899667 1436.9209048756568
-934.6802454421561 1424.7767680518205
-939.7717189421472 1403.4066111703057
-942.8505161881096 1379.591933915176
-948.4238753075587 1359.9471139520804
-956.0296368186895 1343.5804157266973
-966.9357493489865 1332.0477681490684
-980.0896796961084 1323.643917280316
-1040.1779757409956 1377.3546307263662
-1053.1621879911836 1367.452158499749
-1056.7874869005573 1345.630412680393
-1058.8448698710097 1322.302363889532
-1063.0860453364512 1302.155543785344
-1065.7620978420016 1280.510503980118
-1070.065476292654 1261.219995261166
-1073.4457976156698 1241.207121950748
-1076.5439863404044 1221.244056474508
-1081.3663012610523 1203.5659194647342
-970.4674737287855 1059.793320621747
-862.4143117073011 924.0874173812898
-858.0239054426763 902.1197136128316
-843.5522006725283 870.2664446826241
-841.2063611306625 851.5755151443173
-847.8063073639461 842.1694990878678
-849.2910204130401 827.8289452814374
-847.690177119376 810.7714620133845
-851.6768433248701 799.2937848777411
-855.5225360921879 787.8135504282666
-860.5647139837774 777.8356979761338
-861.8889810005139 764.3633850662235
-868.3168575840225 755.5308298378092
-874.6548412570585 746.64510221764
-882.4358392883909 738.9911972002056
-889.3775168739853 730.6220859507766
-892.3465145461973 719.0505531443898
-899.8839303775056 711.2087681182878
-906.5623761942197 702.67606908809
-915.5483047553644 695.8960422790018
-922.0813963617743 687.2160493494899
-934.184133993857 682.6045735227297
-943.0297029986141 675.4960986285157
-957.5530697821218 672.3035910590057
-964.6852286478122 663.7947044295536
-975.8876633326547 658.0062830666067
-987.9007575242117 652.6163446337279
-1004.9358592506775 650.3175522712751
-1023.70399833993 648.8251873831971
-1036.5848759301464 643.3442274497247
-1057.998984555219 642.8702424907575
-1085.5115681678244 645.626544818156
-1630.8613290611672 949.2419740892432
-1629.3280941753778 927.8550326052183
-1638.0205907651205 912.4218017065822
-1698.3788778312555 925.1298218826615
-1722.9302251961815 917.50500767322
-1728.8596224729786 899.8029816479772
-1728.3689644999479 878.8980160140181
-1721.369128510745 854.9691944217394
-1731.1685364867105 839.5424338760138
-1761.6186658157867 833.8469141571538
-1814.8101397181872 838.1319447295002
-1869.1475127177284 841.8952284584641
-1951.1823414226008 856.7662869888247
-1958.2695446034768 837.9023753865911
-1848.8701887068116 770.5115348333461
-1824.5606350816502 740.2293488578017
-1811.9387496361699 715.2495841081724
-1809.278866551577 694.5170862187919
-1812.8300180332915 676.6626380386433
-1817.2611293505338 658.8254607645509
-1820.573881779531 640.6330782766457
-1842.6332696327545 628.8971566500396
-1921.5962790574442 635.6443504921485
-714.2472694115709 228.8030553513541
-687.7217666474987 213.16372036358186
-649.4720016040826 194.60246435332354
-627.2665788264956 181.50933608854353
-616.4319850016202 172.08023671230333
-618.0300751352178 166.24928940707417
-619.5730105530281 160.40350555476425
-622.0310608304073 154.78488092251803
-1884.0135810736017 449.9575828122279
-1898.90290092295 434.5938021490933
-2136.3932479588393 467.7530225192363
-2148.547353911267 449.1873417638719
-2153.6755625578608 429.0659287814441
-2155.6676770335534 408.32935994459535
-2175.176752902137 390.7762705617035
-1138.6790937063743 193.48106252558668
-1133.5441935159993 181.60826343028253
-1130.2649270987124 170.1475670426768
-1129.8413912282683 159.18363818989405
-1129.3117534368614 148.24292073944633
-1122.7203386311905 136.6017614229943
-1103.0913852883782 123.65029600678871
-1085.3093589883943 111.28609658084471
-1068.3895630144395 99.3616708888036
-1078.249335479805 90.01316868858154
-1082.0433779492632 80.04453907761412
-1085.7450373974332 70.01224012161498
-1088.3549585181672 59.862210691875234
-1089.8708620227112 49.62362455395974
-1091.290361793225 39.36173595272949
-1096.6117370882287 29.183866781795317
-1101.8377608612525 18.90895925907166
-1107.9670447804042 8.545623475072727
-1112.9983264681016 -1.9300982371563924
-1115.930242296431 -12.47775333257159
-1117.7661625954254 -22.86494602435753
-1123.5034624232019 -33.40613600937478
-1129.1408672583934 -44.05566804581796
-1134.6768614243342 -54.81259114676051
-1136.1165585165752 -65.44589723163517
-1136.4586813726094 -76.04383954555361
-1141.6873987306508 -87.03380710758283
-1149.798585075978 -98.38299526482494
-1152.8190644123472 -109.41757046946667
-1154.7388195066355 -120.41286776927862
-1158.5407366776512 -131.67900917915932
-1166.2026340309644 -143.51451626661398
-1170.7698745950033 -155.1093186781505
-1172.2516183351484 -166.37951589851957
-1174.6134973755452 -177.84018607499905
-1180.8124961167987 -189.99433942729803
-1185.9006270042962 -202.11062038106053
-1187.9124392735037 -213.80607245650106
-1191.7739892398279 -225.92865814541202
-1199.4352865117164 -238.92256793897994
-1203.0417266863803 -251.2600323399097
-1206.5219938149019 -263.6848088929551
-1211.824618324994 -276.64073167464534
-1217.9628586311885 -289.9490903502602
-1222.987114417727 -303.15428080137957
-1229.8072406780173 -316.97657764560665
-1233.5773674473571 -330.17552683633033
-1239.134995688272 -344.006486073484
-1245.5024861989446 -358.2451072551412
-1255.5453669190524 -373.77243291620914
-1264.4504891632039 -389.2222507192192
-1276.0349120145556 -405.778145444041
-1281.7189677968543 -420.7106934578277
-1294.8125433985058 -438.3485798515745
-1292.5809065186154 -450.994013378797
-1267.6399160070584 -455.51953124494867
-1329.953339270998 -491.88221696044496
-1371.1333852962237 -521.6150301957539
-1258.2056112490238 -492.056541285115
-1206.266452899781 -484.6867489508874
-1177.6862077987828 -485.93332460382095
-1147.3333761173176 -485.94456890394173
-1129.9244741273606 -491.01393337461184
-1110.694825656159 -494.9878829432438
-1087.8519528196616 -496.9850387551407
-1068.6922562483926 -500.29677336029243
-1055.878128523817 -506.3224049013061
-1047.5332040166215 -514.3570612742388
-1038.2369785772753 -521.8313676991163
-1028.8927200700812 -529.1774471637938
-1018.6170232555977 -535.9294355919492
-1005.6633413319545 -541.11481582105
-998.8351966048922 -549.4799814581659
-989.3236405041656 -556.2946470527866
-979.772099186003 -562.9801361119709
-970.1821506658844 -569.5362978154416
-960.5553722737653 -575.9629995025792
-952.5989787318091 -583.3045394295457
-949.676888492477 -593.7287322197296
-942.4282850931678 -601.4589989819344
-936.7940226903971 -610.1974754549086
-931.911544461803 -619.4367387383614
-926.1105457162886 -628.076633153215
-927.6307569322801 -641.7828127904681
-927.3414133584445 -654.4179880400314
-924.4618639213573 -665.3504806904776
-919.8465457643757 -675.1024605534675
-920.7341286105436 -689.0200754780536
-923.0318444107937 -704.2252581408936
-961.4360162227445 -747.7732187700618
-986.5683437857078 -782.1533756495112
-1018.1417942403175 -822.7200537370577
-1014.3061649534416 -835.3316728925355
-977.386675569692 -820.2995101905314
-905.8786228817398 -774.7566847765062
-879.0332068203677 -766.0656768888034
-887.5735091203612 -788.1511694515006
-895.7776952116978 -810.4605608919032
-906.5834159666892 -835.7006102033006
-949.7974709799848 -892.0166837677561
-1041.920728257205 -996.8777237093705
-1040.949499310006 -1015.1552294532338
-1034.0497067188044 -1027.8643899049887
-1029.811734527305 -1043.3809426234811
-1083.1092564240564 -1118.5362482497055
-1070.317661049342 -1126.6481724326661
-1056.788277829692 -1133.886473965429
-1037.145407279423 -1134.3272914636234
-1020.9297502658789 -1138.219418663225
-1004.7347680541494 -1141.9058831020945
-986.6027661676125 -1143.1163465677566
-972.4165893626606 -1148.664867022706
-956.9370516405187 -1152.5083423548617
-939.5788291117917 -1153.835180554361
-926.0270770887463 -1159.6248757673636
-910.6010668853859 -1162.899263473495
-891.5434405384684 -1161.2262026120623
-879.2166032103577 -1168.084827672734
-865.0589923505894 -1172.4000766604304
-847.9692811387881 -1172.5003617248767
-835.0048052063589 -1178.0929400018874
-822.010980835128 -1183.5450761954405
-807.3015672666063 -1186.3764914599753
-790.3946467669748 -1185.707089614509
-776.854731484098 -1189.847774368961
-764.3853371067092 -1195.5233399713543
-749.7560199819878 -1197.6789680464333
-734.1104834259078 -1197.9594309174997
-718.528278069948 -1198.0509645310735
-705.5422183783792 -1202.2670993110123
-692.5412734815746 -1206.3447204362935
-680.0164748860466 -1211.1558916520842
-666.9817878536112 -1214.9614375245003
-652.9908598539633 -1216.8664417047507
-637.6313233471024 -1215.9585911891172
-624.6286106820199 -1219.319112750001
-612.5147975889187 -1224.3310919578112
-600.3622552102531 -1229.2229913725414
-586.0208467135672 -1229.48101539516
-572.9943302263961 -1232.2980554753804
-559.4779012540181 -1233.0046544958373
-545.7735296217522 -1233.666184331975
-533.2945727092099 -1236.9340720987927
-520.8026776070158 -1240.0764375623637
-509.43454179047893 -1245.8701568103816
-496.5245224915421 -1247.8430985362488
-483.9837422577383 -1250.61614303918
-470.02665261816395 -1249.5198861276933
-457.50659823036233 -1252.0290382318142
-443.97820929722496 -1251.5859337932932
-431.1500298582686 -1252.8905186620316
-418.3369518124642 -1254.0646692847447
-406.15521325829417 -1257.0119103425827
-393.65671531770244 -1258.8865677594933
-382.0273698469212 -1263.5090378338589
-369.7850772243087 -1266.1042597915118
-357.7991497598895 -1269.5435275842653
-345.51908993150744 -1271.9043039839526
-333.7324341070959 -1276.0813698291158
-321.8976587424649 -1280.149169939238
-309.5464118664175 -1282.163023527284
-297.1858787064196 -1284.0578466321108
-285.24972934097946 -1287.7863145378187
-273.0626033432428 -1290.425439401832
-260.8510723940468 -1292.9492325806439
-248.61622789813538 -1295.3574685104118
-236.35916334389557 -1297.649931955215
-224.08097420563072 -1299.82641802629
-211.62219472370947 -1300.8997066262718
-199.46561341621273 -1303.830690336937
-187.1306417612419 -1305.658118694946
-174.91145399525863 -1308.3600357933838
-162.5347604127318 -1309.9551334521254
-150.14354029713311 -1311.4331539605987
-137.73890111291 -1312.7939652208217
-125.4168923962082 -1315.0329285237226
-112.97932690098506 -1316.1598199660255
-100.68386928190472 -1319.1632796839156
-88.27503482185195 -1321.0539422094773
-75.95392004060395 -1324.8245174476754
-63.81091093338845 -1328.4683540249844
-51.30182814812434 -1334.0139138812085
-38.577042350644454 -1335.4429271981176
-25.829622557672398 -1336.7504743214151
-13.070490467870659 -1338.9362054552596
-0.2719315257035364 -1340.9999724285028
12.564886696989232 -1342.9412212089894
25.419876040960887 -1343.7595878363295
38.32012622510617 -1345.4544094565567
51.25509407136713 -1347.0252096125505
64.4614507045107 -1353.4658183245965
77.6242306426017 -1356.781293656846
90.7229440862953 -1357.972881694003
104.00390432487497 -1361.0320304405705
117.26588772341864 -1362.9646773032816
130.4790570103045 -1363.772420780572
144.34687114850036 -1370.4189070461769
158.01083610103882 -1373.94380368145
171.63158088729722 -1376.3399291025917
185.3125250056181 -1378.600837108422
198.7669448490305 -1378.7460613308683
213.00176733486316 -1383.701646711539
227.34939067051135 -1388.5104445274249
241.63729315554602 -1392.1854828134292
255.29445067770743 -1391.7793443837165
270.29458446166313 -1398.1118830804269
285.239758923536 -1403.3040582600918
299.68310108246186 -1405.4035146268843
313.5388858856679 -1404.4267040460225
328.31216133616186 -1407.2086287110303
344.34966209477847 -1414.6940694776422
359.08534041297077 -1416.1845636429246
373.88086346370034 -1417.5221691161087
390.32024400663624 -1424.4925788218766
405.5594134648627 -1426.4678622913439
420.58920409564865 -1427.3222205928796
437.42311384013794 -1433.7580058986237
452.6125582528563 -1434.279565535187
468.4718848158106 -1436.5427571559162
486.0112057218446 -1443.3717843690858
501.6683695807605 -1445.416496018425
518.2176001861612 -1448.0657854038593
535.2096580696184 -1451.4680919362308
551.6046068503242 -1452.8070614164496
569.1661190280582 -1456.7587064955328
586.1083299044969 -1458.650412407497
603.1390504315666 -1460.3503983101139
622.2091020158928 -1466.459966507295
639.8539514043109 -1468.6697793827889
658.8228289249179 -1473.4138862137036
676.6905100873847 -1475.2013264492664
696.7811176282567 -1481.3051927664055
714.4448715848457 -1481.7535306069337
733.5099606142367 -1484.6882291173797
753.1483302952146 -1488.2847820808793
774.7631607041628 -1495.1916415014148
793.7678954144308 -1496.5188031593004
814.7772368086979 -1501.1335897841948
835.4622839675321 -1504.607514293264
855.7947303857071 -1506.9520163044524
878.2572475691987 -1512.5029610193083
898.8627797793222 -1514.3205417372471
921.6582372276096 -1519.3008568912528
943.5777200926823 -1522.281868165254
966.1736936948561 -1525.8258070998927
990.0100803906829 -1530.754402484224
1014.029305747964 -1535.3646365226414
1039.3456184519198 -1541.3116769183307
1063.7345625500182 -1545.2652783378396
1088.869235820726 -1549.7095815936573
1113.6036049495701 -1552.999681597946
1139.0911074462606 -1556.763453109319
1165.3507723026476 -1560.9809664097838
1192.4012587775608 -1565.6318973710545
1220.874354588231 -1571.4852243367645
1248.9474459799217 -1576.1507786948018
1277.221450664739 -1580.4206294407381
1308.8713031922127 -1588.1498391776258
1338.212281146132 -1592.3529415897926
1369.7053754085193 -1598.4155231281404
1401.5671968598667 -1605.232192764142
1433.1985251458955 -1610.6762516159572
1466.3977089311356 -1617.1477233825967
1499.8432301324722 -1623.1359416345238
1541.069745496586 -1636.6453615597632
1579.2182819113864 -1645.9133081899695
1613.4802861781513 -1650.316747207781
1652.9029581035895 -1659.1792582757307
1692.6322571231672 -1667.4447643463732
1732.6604273234639 -1675.108308016909
1775.8814139288766 -1684.9181593365226
1819.4370156625955 -1694.061671261347
1861.103786783242 -1700.5098337913475
1904.5389247097523 -1707.6578943879304
1027.0648860134352 -903.6380469625047
1038.5332726433155 -896.5671428358085
1045.380854925143 -885.4822799785305
1041.3447398859246 -865.3999842338317
1037.0247236443063 -845.4724847979679
1036.3281442392597 -828.8262649419431
1034.6243475012516 -811.6510700772897
1031.8976505063938 -793.9718123959971
1010.5715453590117 -762.5622280907304
1037.78457668946 -767.9089610008979
1026.333630897408 -744.6229099946783
1017.7980603775773 -723.9392987617414
1037.6763071184937 -723.5004365202038
1008.0969774492992 -688.8987473189275
1007.8746799600109 -674.9500940777069
1020.857220209653 -669.8444117448618
1035.5145569118636 -665.6354876534355
1244.8170128984655 -783.7548114037592
1226.5860621633972 -756.2854170923109
1171.9951985487814 -707.5226177152236
1165.6740495676036 -688.8541283643906
1166.8976321156802 -674.8732593330534
1169.702518098693 -661.9154169178845
1172.3672497081363 -648.9645844048661
1177.530438584196 -637.4504421582209
1177.277787882051 -623.0898893093554
1176.7874371490643 -608.9304786000922
1179.8058309800629 -596.4412805846382
1186.2801751068118 -585.7203651475268
1189.0539734610556 -573.1933776627876
1191.6972198426652 -560.6663323397106
1193.3013256806146 -547.723421198042
1195.6803260478764 -535.2088918376115
1197.0130894225754 -522.2984431826518
1197.2887014165308 -509.01941560250657
1195.5728175167105 -495.01680579062617
1185.3522878278116 -477.7279076434334
1108.8127077585402 -434.7589896864403
1198.831878555005 -457.046088442159
1202.1551426188414 -445.36166547545724
1204.4237670641942 -433.3167309611937
1206.5722819635657 -421.26871281550626
1210.4951904909346 -409.86021250947954
1212.409901937214 -397.7916913217202
1217.0639983463707 -386.6318971956993
1217.7918351392793 -374.2446342542621
1212.6428500880356 -360.1698462258687
1161.1971435563626 -332.9942849307543
1000.4401985682762 -276.70093799744905
943.0977132318651 -251.28211893572285
929.9289161751357 -238.39507306430954
923.3990782074989 -227.45360486380804
917.7195077363365 -216.88684865656631
911.9234208875633 -206.44775231695795
908.9448032302246 -196.7723168557213
906.8445297053345 -187.3739548163264
904.6481657453435 -178.03285150102403
901.3736466081449 -168.56615674664715
896.0321515327777 -158.82815688517377
894.5327619891927 -149.8670668558845
894.9198419025181 -141.26031491247613
895.2242312545802 -132.65962375435072
895.4460790900699 -124.06578675130423
896.5773311387379 -115.60747937801374
897.6286885483304 -107.13887014060064
899.5940842440702 -98.76985164043016
901.4661977973517 -90.52455042023583
903.2684140201039 -82.18985480949702
909.9769375404599 -74.23592893260053
914.6203505733349 -66.01980246191144
915.1971873084267 -57.47267474847954
921.6856086246604 -49.24062199230766
927.100542242697 -40.848311755777935
933.4380762923115 -32.39379149943538
941.6973928058521 -23.87509963666256
945.8788261163048 -15.140881904343349
945.978995569637 -6.303962330207271
947.9966002952409 2.538863656279635
945.9316602732083 11.370756033423904
939.7855286207476 20.078849444672265
956.5489338153775 29.379197005099282
900.2776350014663 36.071871536790105
820.9977004650572 40.5804858409605
799.6189849192377 47.01573094962808
796.1518267878374 54.279542208730774
795.6100144887381 61.7147052592001
792.0100504765435 68.88454067599598
792.3273673311396 76.37632472242535
800.5293142484277 84.72199849473695
788.7753044795777 90.93689593970903
785.90675351881 98.05393808269191
785.9475610325565 105.52455310010029
785.9172910260439 113.00447631082861
788.7811158019952 120.94772157489984
791.5647749352574 128.95428291334613
799.1945526123347 137.87337333499224
806.725996154891 146.94613682536405
815.1389967056768 156.3598927144124
818.5441987436608 164.95573558715233
823.8163180901885 174.0421616974614
837.7773823462069 185.18384818643725
860.3701561180537 198.62576484785657
887.6439124413323 213.675653048831
929.2590064305631 232.8984735194345
967.6855474441763 252.16003106690937
2534.845447905564 685.8823187926931
2489.864056458194 698.550628342388
2443.6900876613063 710.9175447728638
2371.6595289401757 714.674806319115
2295.9685592972573 715.9283307136802
2260.451835768229 728.6854590096078
2209.723437102842 735.7739676819249
2162.8535425102555 743.2587393706435
2105.6785211483666 746.2398847384322
2085.282800755671 761.5744486736569
2025.476267208445 761.8017399398245
1901.5140958793797 736.0469707647908
1885.0851093466601 750.5298998171161
1875.0323917789071 767.4174416703535
1860.2203038912921 782.2431981107849
1859.9858470199679 803.1990095147106
1854.9488423535677 822.1957140797798
1968.05659497495 894.984490913449
1969.361867927893 918.4458792719146
1953.2555998623475 933.8188055540438
1942.4243306955725 951.6074398205684
2005.6143683731943 1006.5023623295637
2013.669060855889 1034.8105688249232
1962.953127276662 1032.6369256010423
1932.7190967603774 1040.4911787313483
1277.1036745213926 703.3990364821072
1253.7527364492194 706.2754957140266
1226.13278282586 706.2743085230499
1206.38515117013 710.3765670658222
1196.954272860517 720.3537108122307
1182.3322409940456 727.0725355189797
1174.4661686940506 737.8334626412102
1160.611080152897 744.7300991811234
1153.423619641222 755.8140999304928
1146.1303087970064 766.8287391959684
1141.2091160255989 779.465043154644
1136.971101297764 792.649175117056
1131.770108515559 805.2437031549392
1126.4319311700121 817.8111667375281
1128.188590177033 835.7071885501279
1129.7048646272417 853.71126198355
1138.3767396982062 876.9648787232486
1164.214141843956 913.786316340172
1430.0257465906125 1143.497863613204
1421.1631910679703 1157.6632430692027
1392.9219737198969 1155.7977224100534
1356.431205790613 1146.4163222657921
1007.9801892992201 867.6842386377134
988.8027162909174 866.887644539766
972.7070107192121 868.4797472006442
959.6237421779774 872.5429923209141
961.2222197814035 890.0291254776505
1023.698234955056 965.2413810803508
1077.6718294990214 1034.726740692552
1076.1233729095118 1052.1328272978922
1070.8040457674163 1066.067397291622
1127.1186559567736 1142.641035231186
1426.347385848121 1472.4242374004282
1406.0633874568907 1478.034421268075
1382.3820202857962 1479.7448935511013
1362.165873817746 1484.8330317602504
1341.3021735572875 1488.9340076747849
1315.176043912505 1486.7874675012072
1276.0848526531563 1469.1914268839075
1239.3689229913368 1453.294420523004
1235.1458294601132 1475.1917773521138
1078.2274204886676 1311.7277269717044
1040.558231013529 1289.5299794382431
1007.7279048457533 1272.2474090345747
998.6212952725393 1284.4783021243277
991.802037208857 1299.8283421238211
976.3949094879284 1303.9532126292186
376.5820263902444 512.5250992876518
365.49290970478273 506.9910580626955
356.8450997700353 504.56473793767395
348.8415348670542 502.8454867567152
340.8986471312247 501.023065720632
326.91232156447296 489.9482972817914
330.12699325457055 504.60397176865024
329.3233034184109 513.4648593872664
330.5148196277343 525.7384844259038
327.19907504652866 531.3348899598973
326.8458233890102 542.0892986705787
901.1897755765187 1526.8876803472951
897.8260789939598 1554.3272923931856
885.6612161029644 1567.036760989039
866.0790253009462 1566.5270894350226
849.9140813071535 1571.9462632023456
832.7891550056275 1575.4320751162243
817.0509076989093 1581.4005862615545
800.8233997394443 1586.3199180586992
783.2488435649362 1588.3835333615712
765.2724826773197 1589.3564821200093
748.197808525782 1591.942536436921
732.8095467284859 1597.9844080039052
716.9655200351636 1602.964891406143
699.893490829267 1605.038971955143
682.8458464270078 1606.9342083661618
665.8244361862346 1608.6512425560993
649.204850183039 1611.118264591032
633.6928179783954 1616.2083443797092
617.7861787186324 1620.214873831317
601.8602107730137 1624.0653578868873
585.9164404910908 1627.7597871806054
570.2862285661581 1632.2422055282689
553.9815905133437 1634.6805184415414
537.3694328251935 1636.0067520230868
520.4781448846126 1636.212547530874
505.10133096204555 1641.0245718636788
489.6800389698074 1645.6920913204049
473.9394383877446 1649.2535913984573
458.4422989115473 1653.6283314483626
442.64668702897694 1656.8913393648572
427.0792542068977 1660.9720980877676
411.7141404162976 1665.877386418721
395.60213345672315 1667.7214851420752
380.15680976553745 1672.335432856964
364.4472039549612 1675.8291188332453
348.9088325814308 1680.1543460487976
333.1272314346477 1683.3544628736656
317.13137960831796 1685.4235930672517
301.4906200874183 1688.291564274164
285.6110993211388 1691.0503540535303
269.70635327489464 1693.659789628117
253.92576204766198 1697.108631575632
237.6881317763981 1697.4393514976157
221.85482098299892 1700.5897325359228
205.86324136555072 1702.599578836571
189.9641815665252 1705.4529045745476
174.13102082867493 1709.152534908796
158.24508320910797 1712.7050223667072
142.4730195298158 1718.102860339292
126.54017577123136 1722.3578559392895
110.47602486472806 1725.4669072254292
94.25557333211293 1726.4289405868503
78.1621819534488 1730.235438693901
61.96981990401896 1732.8923051999116
45.708072806136705 1734.3978125217839
29.40655068027069 1734.7507759839996
13.132638691302303 1738.9504115416873
-3.2157673203526387 1741.9970318116334
-19.654007082003236 1747.8895045184122
-36.18263691751483 1752.6265480089291
-52.71192310080227 1754.2082126027728
-69.31355544706635 1756.6330382385747
-85.96540887997186 1758.9004941940573
-102.84059134303742 1764.004765518567
-119.81927318530843 1768.9466757857188
-136.74598162579542 1771.7306613899298
-153.64925217414776 1773.3561140691188
-170.59512862843283 1774.8200759762237
-187.792124404626 1778.1108283826397
-205.18036274025175 1782.228105138559
-222.66251293121795 1786.1750768990019
-240.10388324595863 1788.9592296221317
-257.33253033288025 1789.5932411675221
-275.5040169826126 1795.9917974830632
-294.1401917726862 1804.1800208360382
-295.25609705529916 1709.6926148146256
-300.7240404332288 1648.799882188713
-302.9991452866079 1577.158051038508
-315.63177523949895 1564.4783739186562
-324.7162447364925 1535.0310617066452
-322.469539703879 1456.7351838831821
-335.00370001293356 1448.7724186281448
-341.79069467345937 1417.3719063938845
-347.77473827352645 1385.0042351627594
-349.6449841446922 1339.105815483772
-340.2169192767691 1254.6921725418647
-305.41042585321867 1085.86761245566
-303.0002941901623 1039.7498842128693
-306.10547641041154 1014.8396116192721
-35.134899962906815 112.64785308471943
-32.510389599777625 100.89139987169705
-36.61228658907834 110.07061583692169
-38.292972730565666 111.61383534067876
-40.672564760162025 115.02061761193264
-41.75050571508951 114.63374403959018
-33.34715500165402 88.95486076261184
-463.77855883680377 1202.6763689219379
-480.20756742103595 1211.2843151760742
-36.59327591049477 89.83280112597181
-47.469061594169034 113.47108967207897
-46.953875665313824 109.34502073714309
-49.187797323786704 111.6447965398929
-47.35141329793757 104.79906325291225
-532.0844667946404 1148.7567715560433
-547.1326200267833 1152.745373490012
