-541.2136405548708 1126.759865844246
-713.5984169470403 1451.022501317839
-735.8400150123292 1461.176057943277
-758.3368402299237 1471.0371296300088
-777.3525494603934 1473.52604790259
-791.2583747654004 1466.1057889400809
-808.9593713623522 1465.5581651661007
-819.3478274946893 1451.7431376038023
-826.0495068144604 1431.7999903239233
-758.8023236915795 1286.955723232256
-703.8604189177286 1168.3648876446773
-703.876234194787 1143.768878286066
-717.8584552846712 1142.1384496532396
-850.1604294714493 1324.652121940293
-916.3649265600651 1398.5204043454519
-923.4394303915072 1380.6450008594566
-927.4393100771393 1358.6321526166087
-931.1061369425277 1336.6683813676311
-938.496440299106 1320.4637183754448
-948.5989570560836 1308.287437328705
-959.7445679888398 1297.646471199269
-992.4536624499536 1315.65182624039
-1034.1239156834592 1344.248387394052
-1040.0058344416543 1325.7499252601594
-1041.2584937581585 1301.7948183859435
-1045.9439241254627 1282.5857895614736
-1049.7204771771785 1262.6364955104523
-1053.860464475045 1243.4943190125327
-1057.7329062706144 1224.3876424532875
-1061.338852553371 1205.319808208881
-1064.6793925452628 1186.294141892916
-1068.430594839958 1168.0518241969976
-874.8661001750876 938.4552769122423
-849.9551621447823 894.6128896586706
-834.730117340157 862.1053480899465
-829.5037883623461 840.6452670969583
-824.6563895211384 820.0675821064752
-830.2307629165467 810.133865670982
-834.9688895642709 799.4766747440532
-838.8511350484284 788.1178675984725
-841.8582700741091 776.07966930453
-843.8273359491398 763.5439915977189
-845.7680413822476 750.8910840970458
-851.3156821881572 741.554184979434
-853.7216690643176 729.5809151629694
-857.5104572874739 718.9136357328517
-867.3529937474801 713.3216555224463
-870.9395728373377 702.5846998518512
-876.7536247921304 693.7053275086333
-885.6378805086516 687.2310707528751
-891.2946522838424 678.2284591568127
-897.6619251677832 669.7783723770641
-907.9845752160478 664.2206042947879
-913.4061359859886 655.0307097710347
-923.643818761 649.2481005475463
-938.7944211079385 646.7341299920784
-949.0061877679871 640.6342603842479
-959.1861175203634 634.3989217804611
-972.6895557487098 630.2031641759485
-983.6656034484433 624.2010738475303
-995.4639762412196 618.5753567723342
-1014.0778744039131 616.940081891622
-1036.1853381788426 617.0542479743557
-1058.3840012088522 616.8049172835288
-1104.123994290434 629.5642979332117
-1618.3090985987712 902.5988374645918
-1626.763498319939 887.2708270499344
-1692.4282132681708 902.4470859468199
-1711.5194438069418 891.9647938516277
-1718.0869794705393 874.8492047054733
-1718.21644692641 854.5719639161953
-1709.1214767874608 830.0022756498015
-1715.9823997196722 813.3912981169121
-1759.8949286473985 813.9354029166981
-1807.6138572361583 815.3656499557833
-1866.4980717828444 820.7959234979938
-1942.1865169424154 832.274313797494
-1941.6565626081288 810.423218374687
-1835.2738885136719 745.7417476177036
-1812.478324980898 716.6054154654695
-1800.4993336975074 692.273897640834
-1799.3472755461717 672.7483793994371
-1803.7332227054483 655.0629445393914
-1808.8889082854007 637.6871627075858
-1806.3077189529665 617.6839195340374
-1823.4444100295766 604.3934840250096
-1905.235721589136 611.6190359862293
-1923.3349818981535 597.4768174639324
-1019.9914623192107 306.337096669532
-1012.2711845710376 293.63761490508745
-1012.1069764868313 283.2674851561414
-690.3280369846491 186.20472967387525
-633.979306942609 164.60631327069197
-629.6823829228438 157.16582528211757
-615.5772598091149 147.49114280492037
-612.0679675423887 140.55889551547222
-613.3665938583757 134.77915839837544
-611.6746054812871 128.37124681684645
-620.7028723261722 124.16498816510091
-2145.517695256104 408.1786610577965
-2156.16118341346 389.16571167186345
-2167.6220061014774 370.1565056359349
-2173.9789877463136 350.17047396591624
-1138.029212223905 172.30935008013353
-1129.7029430755595 160.1632305069398
-1126.2065678114598 148.84477356740433
-1123.5901956591488 137.72825497564318
-1121.8583409012983 126.78668285820135
-1113.0574827398668 115.16961455519144
-1105.1337854176259 103.82348640124236
-1085.138425266946 91.62749592329101
-1070.9963971082407 80.26653961127147
-1069.7101554029398 70.02987525205346
-1069.324703170291 59.88054099429029
-1071.83980519843 49.884185792607084
-1075.260603228045 39.88276752760224
-1080.5870597197058 29.87651864460074
-1085.819973945549 19.7733199257785
-1088.9580677543095 9.556498982412611
-1092.9997638916038 -0.7184238986232955
-1095.9442075915922 -11.058654820409592
-1100.7936258773589 -21.316501302450497
-1108.5440503349823 -31.79761731501029
-1112.196921650224 -42.27301115091196
-1113.7527168357526 -52.72462177180755
-1114.2117343609068 -63.15228430120395
-1118.564348602214 -73.85660455304321
-1124.8081313206537 -84.79780489457971
-1129.9481072749159 -95.77721475296377
-1132.9894260807116 -106.67221001413347
-1137.9148349261416 -117.83814516111461
-1145.7110516093314 -129.44182562155032
-1150.411287636398 -140.83632087911556
-1153.0153143726748 -152.0680269553128
-1155.509574017343 -163.36041244517696
-1159.8707768689746 -175.01080242476763
-1165.1020597349439 -186.91492824649177
-1167.2540455110593 -198.4288115120029
-1172.2450425162692 -210.5292385775193
-1178.09386123426 -222.92566950028905
-1182.8319834733006 -235.25411552748187
-1186.4631287402622 -247.485846342509
-1194.8534539488542 -260.8720444710275
-1197.2466784627106 -273.1014297106599
-1198.5424849304338 -285.16646334515053
-1204.570295101169 -298.48183221074436
-1209.4849231563128 -311.6844889588957
-1215.2234363733558 -325.26297005489704
-1222.7402744308995 -339.51026683246096
-1226.252168028366 -352.81952951293954
-1234.4136075954107 -367.65071111488857
-1241.4484599324355 -382.3698750312108
-1252.1269506812866 -398.46467770378706
-1258.81190039441 -413.5427419571211
-1268.1649909855403 -429.7424294139975
-1277.3243696507486 -446.15182919754784
-1283.4640767777823 -461.75314143052094
-1295.9874123410425 -479.9381491958821
-1278.3782926254073 -487.00404612708166
-1346.4151475410215 -527.3350457461455
-1378.5529615165615 -554.7862041308504
-1301.2627660586018 -537.7538597439507
-1216.1204119317904 -515.8412000634033
-1179.185017433777 -513.145880485952
-1150.6260710815761 -513.4779883766936
-1128.5302873638161 -516.2367581861472
-1111.0113251890502 -520.7521822341896
-1089.9009511775528 -523.2560717490678
-1068.8412771577243 -525.41347931305
-1058.5564704801861 -532.6191874167988
-1050.008637780448 -540.5949135780396
-1040.519471842749 -547.9919969452902
-1027.4621312254785 -553.3629630699884
-1018.7753950809047 -560.9507058358573
-1009.1651684332818 -567.9345585725754
-1000.3803443809674 -575.2870297305659
-987.235220041216 -579.9927760844712
-977.5195264512655 -586.5625076720244
-972.0306121404365 -595.6143794955661
-965.6101095183575 -604.0845275256979
-960.8018093314369 -613.5632674675344
-955.0628890934149 -622.4587358825798
-948.4089456592142 -630.746757259661
-942.5109953450099 -639.5264057517553
-936.5317722671933 -648.2509078544124
-932.1056318599311 -658.0730134681095
-927.5776933011034 -667.8687168075805
-922.1419980125166 -677.0451502680479
-921.4190220258419 -689.7738657335035
-922.1285605048083 -703.7605543800605
-917.9215548927291 -714.1351546194281
-916.7353228708043 -726.9775428450057
-955.05353936747 -771.9175713388499
-981.0343939426951 -808.0918994158329
-1017.9117636000284 -854.4569278346803
-1012.9731427915492 -866.4723953958439
-980.7602466227308 -854.8159677056342
-918.1968509519255 -815.413111804052
-877.2170497262553 -793.7123204723263
-884.5140223047284 -815.3796320403831
-890.7540364831477 -836.5651477852632
-907.5259602573157 -868.2929410395071
-970.7627361536327 -946.760640339211
-1046.0483568795628 -1039.9076089103141
-1035.343412289981 -1049.1615788941847
-1028.7305686052866 -1062.6167781552501
-1069.4714400175092 -1126.0727503082896
-1075.003229015244 -1153.8184682205426
-1059.8610930786488 -1159.6272950298005
-1038.6987291508658 -1158.5512289322282
-1025.579639794908 -1166.1884077790119
-1009.7970294416799 -1170.6519377384377
-992.7315853753508 -1173.3937955341944
-976.9838180508037 -1177.4559946201275
-959.356193186213 -1178.9977500382506
-943.0365598670686 -1181.8739555274433
-929.214991717722 -1187.6967201971358
-914.7599654857311 -1192.570000270233
-897.8930708859479 -1194.0787382978572
-881.6749333576048 -1196.1794647496936
-868.4272326637515 -1202.1327470658048
-851.1018981109092 -1202.2289960868552
-836.7046415330394 -1206.2128099291053
-822.8714380159513 -1210.8586195330818
-809.0261684347709 -1215.3504263329792
-792.4398426996255 -1215.4999365290782
-777.0014206686509 -1217.1297351880357
-763.724742930867 -1221.967887071989
-750.4267853738812 -1226.6636212888286
-736.0817260476521 -1229.5009933215626
-720.740490418561 -1230.4507895365878
-706.9402822242168 -1233.8230980852745
-693.1417390174443 -1237.0442714922829
-679.3464866511694 -1240.1146523909445
-665.5561445546975 -1243.0346006630252
-651.3087605985874 -1244.9184304072023
-636.1763885082659 -1244.8628851020421
-622.4446062940444 -1247.3166045938185
-609.1622390551463 -1250.5208380948
-597.1636010385706 -1256.294803616829
-584.2689609551658 -1260.1391912262593
-572.1477149800214 -1264.5912352389369
-558.8942855386426 -1267.2261746003553
-543.6684492794817 -1265.1298815766086
-530.4635710741608 -1267.4716563944335
-517.263386009882 -1269.6769626537262
-504.06929290139345 -1271.7461020006663
-491.6019272747856 -1275.545587229134
-478.7571646237283 -1278.2865787144322
-466.2465878780254 -1281.8385699034409
-453.04601369081377 -1283.3823707215488
-439.85829259197794 -1284.7912991758894
-426.05500034358636 -1284.1674877842947
-412.91515261220366 -1285.3019399126574
-400.38590506046114 -1288.21276465843
-388.41407874867537 -1292.9170520299506
-375.27457471807594 -1293.6684248949448
-362.9643247396871 -1297.1761248829177
-350.10070222659266 -1298.6356295360322
-337.74438717083814 -1301.9038862122636
-325.3575728511091 -1305.0545773217436
-312.9413778314255 -1308.0874183482422
-300.2735055421081 -1310.0274126404584
-288.02533311283173 -1313.7984653230656
-275.32288006914814 -1315.4973628671514
-263.2007957051839 -1320.0156594299017
-250.45902201927692 -1321.4746604794007
-237.89017412116073 -1323.7950238071617
-225.4673532518886 -1326.981715253676
-213.00543524230704 -1330.051760104559
-200.35677306767766 -1332.0158270403197
-187.69001811536387 -1333.8596092167475
-175.13623725348066 -1336.574464218396
-162.4273018130205 -1338.1783781042577
-149.81475488867443 -1340.655264867761
-137.47461325324372 -1345.9976711387249
-124.86213099827219 -1349.2347639467976
-112.11784161134088 -1351.356943813297
-99.4176963100618 -1354.355980405595
-86.6069361941686 -1356.2375303032502
-73.93211511172399 -1360.9934027595823
-61.26492161038585 -1360.6214056011588
-48.33415047234932 -1364.143984298621
-35.28983335240164 -1365.5440775243983
-22.223124888607806 -1366.819348970516
-9.141898150052901 -1368.969475809528
3.981386918154622 -1371.994223223337
17.149302584964932 -1373.8929730589823
30.42013849870842 -1378.66443167789
43.75231947579016 -1382.3077568112278
57.11587445660882 -1384.822651780746
70.48083786733959 -1386.2093822700515
83.81725852143548 -1386.468776126585
97.30491739075515 -1388.594884425108
110.99989524783582 -1392.5832195078933
124.7801795658485 -1396.4361449015544
138.6444284231979 -1400.1523925870372
152.59128343645972 -1403.7307078707133
166.50178388737868 -1406.176786880768
180.8543906245818 -1411.4604809883313
195.460016685962 -1417.5882271933283
209.76132208015522 -1420.597123662858
223.8270589368312 -1421.4859998212041
237.92903301479998 -1422.23548516012
253.11250217591677 -1428.752974184917
267.8909375829688 -1432.16041195144
282.3712385490414 -1433.4529931742723
296.9008178540721 -1434.5992138425222
312.53836762315956 -1440.4845604043978
327.65158875392007 -1443.2755926665675
342.61612573930665 -1444.9357045845977
358.3625174303703 -1449.3534096627252
374.2248145407682 -1453.601316792857
389.42545420178743 -1454.779645038977
405.21854292295825 -1457.7266315984607
422.21182673039095 -1464.3473540690359
437.6514628237618 -1465.0263468921717
454.0289214186544 -1468.4095949412117
471.1202228071898 -1473.5178097539588
486.78253765635327 -1473.6847563277709
503.78206347902864 -1477.4723796121577
521.1058419055926 -1483.1158759624495
537.405278560782 -1483.6709765224257
554.4627238664212 -1485.9229750705886
571.6131000008426 -1487.983354714503
589.2218661411405 -1490.7805312859273
608.4432332658527 -1497.0814379628769
626.2984530203859 -1499.4583181083333
645.4383758361787 -1504.3863542979761
663.1183781928329 -1505.4232017950658
683.7612177157017 -1512.6369680620467
702.0799243688932 -1514.1482027193272
722.6376475613908 -1519.9617858113863
741.1816033643684 -1521.0239415716717
762.0460732252474 -1526.3426162831138
781.7152617282422 -1528.7283112381826
802.4282399713488 -1532.6476828340176
822.8162681810037 -1535.4274287040357
844.2933040455222 -1539.7093286539168
865.43923145608 -1542.8466990134534
887.2208608665456 -1546.5859640004578
909.1540871926431 -1550.0476914407866
932.778206552331 -1555.802306651143
956.5966208090427 -1561.2443450839849
980.0748572094193 -1565.523003429185
1005.8784566658655 -1572.862845392279
1028.6321411369277 -1574.8259961722945
1053.1808454885552 -1578.9914840479705
1079.0300041710593 -1584.4820131824165
1103.9399308256366 -1587.9775279041855
1129.0163088647728 -1591.1389550624936
1154.8415134311183 -1594.773362850071
1182.0289652723561 -1599.665129099576
1210.0185817455713 -1604.978202914431
1240.0479063645537 -1612.2770202173344
1269.711346299492 -1618.3578396258138
1299.6055344982449 -1624.0152261298324
1328.4604526735723 -1627.6958639998838
1358.1452347506915 -1631.7384966115094
1391.2652243241698 -1639.170850029434
1423.9982230843366 -1645.358641953982
1456.3888961612827 -1651.585717768872
1493.26991328154 -1661.5959093859558
1530.4668037839692 -1671.0557628383565
1566.607811805536 -1678.4981274907254
1603.7121509759907 -1686.1305811863924
1641.7933231829138 -1693.9290669777185
1680.8643998166065 -1701.8692280634136
1720.938016740177 -1709.926414363608
1762.7423491841498 -1718.7738101311484
1807.7538252911809 -1729.7485676089177
1845.8358257305072 -1733.1803438908996
1893.7013411704904 -1744.8553608964517
1039.2164912804044 -939.5903810974468
1048.0201751682202 -929.760567264698
1051.4510007656525 -915.2523111082036
2094.195548764002 -1788.5359944762197
1040.9106763565542 -872.163381395333
1030.5387782359696 -847.0807674312499
1037.6930563271308 -836.7091016897438
1014.1541159829654 -802.0850509982155
1013.762282492927 -786.3682563498675
1036.245798778117 -788.2884272363145
1049.2354214996353 -782.6787529187709
1025.0818555938183 -749.7380804870018
1025.5965875816257 -735.3880877067052
1021.0237501344036 -717.6451084355546
1020.3262200382902 -702.8907487671
1039.3335430567736 -701.6422067386297
1242.7313439310255 -822.0211717537371
1248.7402293588352 -809.1920906563802
1185.3859042482943 -752.3803944876913
1169.4886672138375 -726.928646607356
1170.3039066500646 -712.2420698608003
1176.101340298471 -700.6758432742918
1179.1931613298118 -687.5525349186087
1180.4052487517336 -673.4422385916688
1182.329820193855 -659.8577091164173
1183.2258357887836 -645.8177928192551
1186.6094442902559 -633.2322060043772
1190.7478089954807 -621.102773599074
1193.7827970357462 -608.6728460359562
1195.9114569357198 -595.5600617652968
1197.89915186041 -582.4616914202254
1197.9395001463681 -568.5217269278895
1200.5460810880884 -555.8939711707916
1203.9325566251368 -543.6795003474584
1198.958406991359 -527.8245336328569
1186.440786280616 -508.95899702218964
1159.8344711829793 -484.5957072196354
1205.1280984794007 -490.17065013668866
1208.7850439949646 -478.37089942229113
1215.1264973938469 -467.62334771839716
1218.56272265267 -455.74761761452197
1219.0633531232647 -442.82450369402784
1223.2012491127514 -431.26291768363876
1225.337085408115 -419.0155452051224
1218.8077841791155 -403.93512501934566
1120.6960400629243 -359.6795598686144
999.8993685481647 -310.50000447179
946.2853353003106 -284.05644543924456
935.4858782244897 -271.1865993048976
929.3440090505686 -259.89365679411384
923.0729367375992 -248.74153947948508
918.6107345212115 -238.23374744649493
915.0032250156071 -228.07476452040524
912.2587739432495 -218.2382399204117
908.4358039850845 -208.25078640421313
905.4828044503297 -198.56961208796753
906.3434478638409 -189.78291417903034
906.1382971092943 -180.80206445687574
905.8445102175752 -171.84214648531676
906.446663806853 -163.08110152137826
906.9642110395932 -154.3240742506764
907.3972821156045 -145.57188055807356
907.7460150918221 -136.82533422183704
909.000752752499 -128.22492540606174
910.1740079966252 -119.61302256593721
914.2436680582289 -111.35311138641354
918.2382438675597 -103.02682902535614
921.1620677139031 -94.53277212187706
921.9989724589898 -85.98775950428688
927.7467166150042 -77.7626504826009
937.4098129912517 -69.7340842609016
946.0052250815421 -61.466365749252354
952.530383494244 -52.93267913405136
952.984539234222 -44.005317639322435
953.3550272709584 -35.07409267807613
954.6414396213966 -26.167188568654225
951.8452026790104 -17.167123723953225
953.9641966347972 -8.265079486984543
896.999776297545 0.6334999242717317
828.9579162535669 8.353028226005591
810.8466637903699 15.769838934711583
806.6649695435509 23.251385148029723
805.4124265026682 30.77049292884498
808.0853650384205 38.458325635975804
807.6895443567731 46.02825150652756
803.2315992950987 53.32914675707779
793.7224064570803 60.172597484083276
793.1237574663387 67.60699181650057
792.4554758210874 75.03545056287766
793.7068604451541 82.66450073820477
795.8782846059106 90.43647545516748
799.9584955843702 98.50078853689959
808.9136014881832 107.30696774868261
818.7630851601812 116.43028119429209
822.5795996092453 124.84711573237757
824.3353792812024 133.02699900890818
829.9525972956948 141.92493171437573
843.3473928046003 152.3619868920169
864.4770540815888 164.55826617468298
887.4113499254875 177.55589549047406
923.877391286562 193.87255058294548
987.4602833401594 216.8944186136937
0 0
2657.9102259036767 636.2407021219767
2565.475317798283 639.587674809169
2534.202095669317 657.0720952112046
2454.548794471771 661.0251247548575
0 0
2337.0967005727025 676.363816427363
2288.34927899836 686.1330609347465
2252.049457817141 698.8828510884508
2193.818382427912 703.9722330613464
2132.854299918564 707.0654392055189
2093.799151881116 716.5012990790169
2070.7931111123817 730.9116847947529
1920.8392386187509 698.7936887111515
1895.3135075386472 710.1849816361579
1882.8099369949427 726.1891910191855
1874.821830598573 743.8629601687508
1860.186511621251 758.8063929503769
1865.7274229351171 782.0423155481337
1927.9396890172445 829.9696111979584
1972.0185899532578 871.4807403946256
1970.8469424501668 893.6768596281481
1963.083048909373 912.9786104201346
1953.3248242237826 931.3528499291388
2047.6175655395348 1000.5515005705349
1980.6875433940625 991.5149295111972
1957.729007743971 1003.6419342762675
1268.8584847610498 665.9483055387203
1244.7874573501488 668.63531616551
1224.2888947126546 672.8489446252156
1210.7990987173823 680.6515573663037
1199.0068946000147 689.2542830491732
1184.5751821287308 696.173568792068
1174.408003339771 705.4543512457005
1168.4333698638768 717.2199524473261
1158.1050571090202 726.2793379261955
1152.7630895017185 738.443132192624
1147.294154063274 750.5711985229892
1140.8669097388015 762.1067472887493
1141.7593231098024 778.6588778739032
1137.5140094274468 791.8698620078266
1139.6415204592743 809.7043934951038
1142.3401308816972 828.2391112336986
1150.4143917067017 851.0627047134068
1174.9159329888826 886.7674725703824
1446.0500561559445 1113.357191152682
1421.5049458640908 1115.6041810982638
1395.700410208641 1115.9701451846422
1357.6023436375992 1105.8557213984554
995.8179977586886 826.3065504640975
987.5135630543022 834.6651800475428
972.3188654305516 837.069306525956
970.6966135776581 851.1339990793849
973.3739400774481 869.2342450560172
1083.073426224148 985.0116514067663
1085.0937122183461 1004.9938485902335
1083.2022424728077 1021.662322835623
1076.7697176002691 1034.2224012556665
1151.6962518185653 1126.4620470957145
1442.5456577784146 1436.7873973642172
1421.020723137969 1441.2758599284327
1399.533840870922 1445.4926593577309
1376.7100745220037 1447.9894235489494
1357.369262040837 1453.8465140676694
1332.629840458172 1453.5754910978744
1307.3390446404799 1452.232977988903
1239.7971623907117 1402.6000841750792
1241.4359504574861 1430.4100044783377
1083.1212688795435 1271.1208899631724
1045.874152820293 1250.218883420993
1021.1561972603492 1243.431148394145
375.9399100337277 466.3369854985048
374.17396512258296 472.8666237158678
365.5731024849154 470.71467657122565
355.83011172792845 466.8553647412547
349.18244463368995 466.86252833102816
343.15580542515437 467.5939405114373
330.71743007520763 459.3277494822734
335.1886332941311 474.5625144387329
333.7150259259498 481.6952163674066
333.82530771190966 491.3213448762926
336.0058339287266 504.3174392838909
333.6022910065037 510.69512572102354
871.4568926452494 1360.8890051216838
861.7273812904881 1372.9773925066056
885.379159618286 1439.5151071501882
906.0482241165292 1504.1983298672033
904.0723925280679 1533.3144195071586
887.6343083047395 1538.2721913628832
867.7415468833397 1536.9611601509353
850.8527997684073 1540.6652826380762
834.92161631673 1545.9478951785725
819.4332921233387 1551.951700202009
802.0715655267222 1554.2465067593084
783.3885765047633 1553.6738197581374
767.4383443390866 1558.270640048795
751.9043539796561 1563.6063579003624
736.3379063983884 1568.7879039566942
719.9077810779488 1571.9967515053663
703.0746563445658 1574.1226215279326
686.2652721569476 1576.0713740917163
670.2626586877395 1579.6847686702695
655.0166721388757 1584.9852236598651
639.3570398773273 1589.2109915172691
623.3113624923502 1592.3513887920374
606.9074353497039 1594.3962383665
590.1732407349399 1595.3358724483126
574.1513416188147 1597.9844294977704
558.1318346293494 1600.4730098234324
542.1163090868456 1602.80189275595
526.7293289598617 1606.8718723076504
511.61629681115164 1611.747425881997
496.16455723860145 1615.5249091673647
480.971613922465 1620.113053648053
465.18508703702986 1622.6357677551518
449.92673312125515 1626.9326767948435
434.37121916012785 1630.1198250329157
419.0439427097213 1634.127037313284
403.44042268707545 1637.0191890573774
388.04971959313 1640.7356323075614
372.84580593090715 1645.2826520083813
356.5314800813971 1644.8022080818619
341.06975666823746 1648.0777958234464
325.5779546550848 1651.2080412360556
310.057440248432 1654.192668266484
294.5095821868886 1657.0314137034652
279.46475424229567 1661.6631581449633
264.0913588427345 1666.2006944496807
248.36275601966884 1668.6176738313407
232.61205419147524 1670.886181714608
217.0977273370448 1674.9894258726204
201.28831333017578 1676.9627351007812
185.5707941464183 1679.7807834237979
169.81801168572304 1682.4514384989266
153.94031382865722 1683.9784380384253
138.1305560008559 1686.3522613911052
122.3619375114384 1689.5749631929466
106.60762019951893 1693.6480789453856
90.84073668237484 1698.5726244582547
74.99041596232013 1703.3500631149777
58.95436250753494 1704.9810506692825
42.96959439027743 1709.4600357884751
26.874169668121116 1711.7890579754999
10.732362124165922 1712.9663792390193
-5.432433099811394 1714.9913960923
-21.67227624277704 1719.8634574995938
-38.026542620077905 1725.581056356485
-54.42766880081294 1729.1436114067878
-70.85848895530091 1731.550771575287
-87.23893177265505 1731.8040792142644
-103.80964189197263 1734.8969877921456
-120.4464424258861 1737.8310201244963
-137.46200605636093 1744.5928455920484
-154.26399684679185 1747.20308472623
-170.9327467719836 1747.6607211014914
-187.73056486226886 1748.9534685109531
-205.1484514654253 1755.0507436713442
-222.44706028137142 1758.9901379405674
-239.70335831715474 1761.7679472653251
-256.59932342174346 1761.4076152950809
-274.584186661379 1767.8021734446163
-292.2239987471628 1771.0533968675868
-280.3485410936217 1604.69489171826
-289.8498832308232 1571.493253307528
-300.27551423694865 1546.1111265202562
-308.0495533304989 1509.8961794417787
-313.25886207045784 1465.9024133053065
-321.1460270259614 1436.5407162087124
-328.28161455451084 1406.1888854437314
-335.1115694867157 1376.803993310649
-339.2076043447534 1338.6930944599262
-337.2675595055498 1280.3228472948417
-330.3031922906781 1207.643904949877
-291.71270012261874 1028.428267108198
-296.864761359415 1010.2872430467572
-34.62150564476712 113.85232253621074
-35.691127490966466 113.52155486260563
-35.213153486739245 108.42524531454536
-36.23168970314981 108.0891514503406
-36.920290541404576 106.79837145920472
-37.923445122570804 106.44628838073858
-40.98996366746502 111.71760326170579
-436.99592163414553 1157.23963139668
-456.91563035422917 1176.3809360653536
-471.30042161261287 1180.3884583423262
-43.64616295724186 106.39554717707827
-46.58632693248128 110.58803797400499
-48.02158050364058 111.06272014466586
-47.44240148336133 106.94960748638375
-508.48135262561954 1117.7793673315055
-521.0883167262823 1117.4775014161894
