-534.6228108712397 1117.720649400437
-707.7045030707943 1445.0035765814976
-737.5138946367575 1470.407513316537
-761.0153270420568 1482.0295786545798
-778.2897120169379 1480.9436600251179
-791.8230034588807 1472.6168310845007
-805.7503124498613 1465.042809608972
-818.1345973587061 1454.722234862968
-826.4082474656426 1437.363352990734
-804.5353351131089 1369.1117173388145
-708.3459699121191 1179.670287372391
-702.2439654554693 1144.771773316139
-710.9429717200775 1134.6722394426617
-747.0008258366806 1167.4698138278852
-912.2694423929325 1396.419873990659
-919.3656488445672 1378.5556948214346
-924.5175531414172 1358.2033330593056
-928.796357354218 1337.0569645925843
-937.3842447813009 1322.4794053730252
-944.0216046554247 1305.4287456402196
-952.2013533942171 1290.786032847513
-980.6310107755126 1303.274269179514
-1028.2542713315436 1339.9306524922983
-1035.9825468474462 1323.8206686056383
-1039.7558379239586 1302.9953175292098
-1042.597022373811 1281.442721676339
-1047.677580443757 1263.033129983341
-1049.274857838459 1240.8252385844196
-1053.8107114418788 1222.4888483950936
-1056.7736832155163 1202.676341524648
-1062.1251126149841 1185.8980753642395
-1063.8829326059986 1165.434299181923
-884.1579533313363 950.2992757868136
-860.7888664986817 907.7684326478393
-836.6956480462263 865.7692490152936
-830.832660903867 843.547917770769
-831.000731193574 827.8688209829776
-831.6619694937978 812.9620953634292
-834.2809684284997 800.1945174256099
-835.2766207577216 786.0801274778297
-839.7536744545496 775.4113529218426
-843.2023806539432 764.2340906159071
-843.7113723348273 750.1947215176087
-849.3053135769875 740.816768391412
-851.7580324064822 728.7998725514693
-857.8892259788719 720.0181080704652
-864.7025413983181 711.8212661190237
-869.8814032910348 702.3035983165828
-875.7415806041762 693.372687665803
-881.51062822388 684.3939014400555
-888.7795351083604 676.5795873159097
-895.9794750023186 668.688851690059
-902.3025826690796 660.1318423684082
-914.2325278374391 655.5942991240589
-918.7938722354706 645.7141940073408
-929.8388755001408 640.3441774613349
-937.548614260279 632.584852726202
-949.3659351815741 627.493682132988
-964.5285397192107 624.4082767445727
-976.3392289551161 618.9488751127425
-989.8321110221063 614.3756114865893
-1014.4357619927963 616.3514296163308
-1024.5530500681796 609.2249564783032
-1041.5409796319652 605.9846431612654
-1070.726355093635 609.400584597602
-1616.4635132684953 899.7475814202967
-1615.291018512046 879.0653704442672
-1663.3124336495168 884.7868376433509
-1706.2616945736484 886.9047466502036
-1718.1913568718614 872.4376546039445
-1718.35305926344 852.0485688738506
-1712.882459336655 829.1216319074134
-1716.174350330211 810.6476418695604
-1731.9853150285414 798.0450291339987
-1787.8464298065985 803.2466267764831
-1823.8064757438783 798.6306649726731
-1933.422111444048 824.792664237043
-1948.5717752426835 809.4245095915842
-1867.18469720483 754.8624421204886
-1815.6543724476116 714.0029410386688
-1803.685707641164 689.5497574874445
-1800.6282418840563 669.3122847591642
-1800.2638669937878 649.9584672858514
-1808.1888539098754 633.6474324070848
-1804.60449241856 613.3829358098828
-1822.6448395159525 600.4388303448297
-1890.1402635299905 603.0139170722167
-1916.7531974642 591.686724551739
-1927.986585173608 575.3361864080949
-1018.5462685376938 293.53619682747825
-1010.6658302696275 280.99035486187864
-756.327006863524 202.62886933717746
-1917.2888855077724 494.3716511981285
-623.1475335435786 154.4381799897764
-631.3834614413715 150.1862997024435
-611.3192185721634 139.3478130589765
-609.6725341989494 132.94886627358235
-609.9178139732821 127.0010243976514
-610.1052278817799 121.0603606112316
-622.0269123157725 117.35212122030954
-2159.6996111774715 386.4370446526551
-2166.1989532624243 366.59391004867626
-2168.5657999913046 346.03232668072127
-2162.826009574506 324.27249699599895
-1129.930261834749 158.5515795886492
-1126.4146557447625 147.2617510537212
-1122.787067329555 136.0522011490337
-1118.0548702627316 124.8130885836345
-1113.2111017958741 113.6751636832599
-1111.2444642787816 102.91618244845439
-1096.218867375104 91.12735489875656
-1079.0766169121077 79.4836765224176
-1068.7995058433517 68.61935812150594
-1070.3965008873756 58.61169582994792
-1069.9017565928245 48.489496177920245
-1072.3094537989032 38.48941794179109
-1074.6235125897472 28.448307318251068
-1081.8426466794065 18.452312204621254
-1086.9682529532545 8.307651397949918
-1089.9982942986055 -1.9283221024082344
-1092.9316799551964 -12.22059533378203
-1095.770764047036 -22.415009698296828
-1104.510477016229 -32.88778133870116
-1109.1524379577068 -43.36899090912376
-1112.6957113886817 -53.89112967117522
-1113.1438477226532 -64.30998582806916
-1114.4920989095087 -74.8088328225858
-1121.7236988749655 -85.79594036005209
-1129.842958292297 -97.00973970334587
-1131.8768965026186 -107.8132235099208
-1132.8127772336563 -118.55889564334842
-1138.6142843085554 -129.89808146588044
-1145.2946925985211 -141.47815062990853
-1148.8836619501474 -152.79833540984612
-1152.360686240318 -164.197590748901
-1157.7018920605287 -175.9753650925944
-1162.9230715353044 -187.86678708833276
-1164.0798796643023 -199.1959682341577
-1167.094396572223 -210.9186323910686
-1171.9558244537902 -223.08864948454172
-1178.6523533559596 -235.7596868178657
-1181.2989244797884 -247.7536095052807
-1187.730909117285 -260.6746775723107
-1194.023918557904 -273.7368844559097
-1197.2581136991398 -286.2411731068361
-1202.3032214525813 -299.3124850131471
-1207.20802892114 -312.5024398438129
-1211.9707653076475 -325.8095517930609
-1217.5529292791152 -339.5009048645462
-1222.9844406961563 -353.32429553472497
-1231.1375773870382 -368.1375633449739
-1239.119872894438 -383.133058607675
-1246.9286428362484 -398.30887471226583
-1255.510929307403 -413.9762147631926
-1267.6954603057914 -431.12552687133666
-1275.8932256395876 -447.2141285413601
-1284.8407911941256 -463.8320183899051
-1291.713578649807 -479.95836353970174
-1297.4623546650303 -495.89559206255853
-1327.224464427014 -521.4894256132391
-1382.5833934802217 -558.1614104116428
-1337.626399015094 -554.4904116915935
-1225.6643803765176 -521.5082230188202
-1189.5935648179993 -519.2987103234556
-1164.6255286187265 -521.3668363921428
-1136.9972951348382 -521.7644591729699
-1117.6091778621205 -525.5232873606602
-1097.3499887666692 -528.5328770793648
-1079.8236097141073 -532.5382351568716
-1061.4261994972187 -535.8128619405196
-1052.8357861376655 -543.8398729661918
-1042.419922832158 -550.8191213843231
-1028.4467806199007 -555.7501411898714
-1018.8494791528572 -562.8869680761421
-1012.6918653379316 -571.8602852781268
-1003.8571374321245 -579.2683727138748
-994.1111171674582 -586.0538257908295
-980.0427539806826 -590.1289692685482
-972.8001748311186 -598.1837676237504
-965.4927195759537 -606.1549376568903
-960.647119995271 -615.6607108178915
-954.0343882996701 -624.0339621700682
-949.0125657961108 -633.44782733946
-943.0715439166887 -642.2593425202884
-937.0487103171504 -651.0151415235787
-930.9445874799947 -659.7144647813193
-925.5701867142908 -668.9423214789695
-922.5195536588052 -679.9071062411091
-923.3418361256101 -693.8766847647981
-921.6019009912134 -706.0955573358196
-918.1378402691232 -717.1108047337942
-920.0246027897406 -732.4825801761978
-938.7868964958232 -761.8137324620375
-970.1805402611799 -802.3906276238059
-1013.8950796195062 -854.5716865912159
-1019.5463606751725 -875.7061256117894
-996.2961237856808 -871.9919917806741
-934.3960430686403 -833.3114871989151
-879.2283135618138 -798.9377776968922
-880.554509809833 -815.2445984203542
-887.4719440254024 -837.1341281824394
-902.745310351964 -867.4992245746022
-917.9867398705546 -899.1803742419153
-1040.9756312664501 -1039.3318695726673
-1037.3014220736025 -1055.654185689652
-1029.245536118172 -1067.6809572062325
-1053.3487689933245 -1113.7977243917533
-1071.9003012694252 -1155.3379350382795
-1060.807908646446 -1165.5310295968757
-1039.6285663108304 -1164.4283765481189
-1025.1565511772405 -1170.5511717043325
-1010.0111560393927 -1175.7454931557124
-991.6387863150076 -1176.9339477964338
-977.7956309212268 -1183.275413482153
-963.9220822893714 -1189.4600536692783
-945.6648355197796 -1190.0075709260627
-928.7150918491733 -1191.8931488063774
-914.8515513893835 -1197.5373225584406
-898.5674094754635 -1199.8239915206543
-881.7318138140412 -1201.103246398161
-867.874520254263 -1206.229587223524
-854.0000018048213 -1211.2010555301563
-837.2679003243123 -1211.9040651332587
-821.1613755847727 -1213.2266874940249
-807.8693672374322 -1218.5200390142916
-793.4621724614252 -1221.9929545102932
-777.9895592369842 -1223.6144187276655
-763.6156967481061 -1226.7502059017168
-749.7735270834115 -1230.5773677769719
-736.4402819173506 -1235.111214089441
-723.0890087271148 -1239.5028380193562
-707.7387444366323 -1240.2781420404294
-692.9273341330392 -1241.7470393003882
-679.5895395393856 -1245.6801586878735
-666.7105065350286 -1250.3543899534266
-652.418137176353 -1252.2358301387712
-638.6044820542105 -1254.8499175201287
-623.9106000824169 -1255.523621085959
-609.6988658528261 -1256.931300023107
-595.5174262450117 -1258.1824172346858
-583.0445917942818 -1262.9093411561414
-571.3099239853464 -1268.2610026157304
-559.1788253279925 -1273.6561707559881
-545.4238245601815 -1275.2575628484406
-531.6893399902389 -1276.7127498935474
-517.601288480095 -1277.0954961018952
-502.8210297647725 -1275.4654099685706
-489.9085700660167 -1278.3389976746664
-476.9871289060823 -1281.0824637227427
-464.3979814725386 -1284.6363356235227
-451.7844787139215 -1288.0666849170466
-439.1478308692354 -1291.373370734756
-426.1763438404136 -1293.606479556599
-413.2022926691152 -1295.7097920958176
-400.52168963378574 -1298.6390476698664
-387.82283968569413 -1301.4443687757555
-375.1069525811944 -1304.125674206765
-362.1079995860383 -1305.7192640976841
-349.11284781619213 -1307.1836976835614
-336.371572402475 -1309.4877491903032
-324.0972213069137 -1313.609527653152
-311.31428674078023 -1315.6699490643841
-298.3006037272016 -1316.6308327758345
-285.72026904564166 -1319.4180261980985
-273.1139046960613 -1322.0850180913749
-260.6756092604695 -1325.6127740545815
-248.1948352392024 -1329.023447408128
-235.32431479036654 -1330.347122697097
-222.94548916789327 -1334.5052674529572
-210.19798221878122 -1336.5724104107317
-197.86908929965713 -1341.4856777095029
-184.91962716098595 -1342.3225139625133
-172.35326066256638 -1346.010161008817
-159.61578574774347 -1348.58696454479
-146.84481259584743 -1351.043152905817
-134.04148411541024 -1353.3783212894089
-121.29600516399594 -1356.5881022370997
-108.42190259974635 -1358.6808643079696
-95.51889383291648 -1360.6513664127692
-82.58814072593329 -1362.4992473434374
-69.63080940359188 -1364.2241569411533
-57.06225140349147 -1366.8093866610534
-44.10704212724374 -1369.2898045464246
-31.132432164105662 -1372.6469945574308
-18.08471871104613 -1374.8810650194955
-5.000902744989636 -1377.9909255767018
8.140508323443147 -1380.9760070776886
21.3383219265019 -1383.835494564784
34.54145583921243 -1384.5692065868386
47.79495738045681 -1386.1762665869735
61.12617145719095 -1388.6553176231264
74.45543977745115 -1390.0073336092678
87.94198628887452 -1393.227263244431
101.49659414867018 -1396.316024894157
115.03599190316693 -1398.2759815454367
128.89634734475973 -1403.0918471864838
142.6568956161621 -1405.7802140210822
156.70116592706694 -1410.3211494539455
171.20448121529677 -1417.6999067545294
185.47443527303113 -1421.9547228586957
199.14699827868267 -1421.1141660952474
213.26497203455196 -1423.108938803738
227.75418076286488 -1426.9383424468754
242.836625471711 -1433.5781713354565
257.3604818872135 -1436.122063879941
271.5832154622954 -1436.553708386554
286.2276850352006 -1438.8060023225473
301.9618126656197 -1445.8036048134938
316.99997812687633 -1448.7235809040867
331.674933985109 -1449.5381120087784
347.09104601425537 -1453.1220890815507
362.84693501997384 -1457.5136712040169
377.71455242117116 -1457.8640941079775
393.66172174112603 -1461.9255962037919
409.9895210942587 -1466.777962949028
425.6101555185973 -1468.5697108137003
442.4519257639677 -1474.027575518096
458.842793118639 -1477.3869808560944
474.4205141201323 -1477.7107889509332
490.99009380342295 -1480.718990148673
508.95482450437987 -1487.3294815250977
524.053444886791 -1486.3189384860461
542.7704004753984 -1493.4260250738153
559.9191876364172 -1495.6267927917627
576.081507946286 -1494.8358091116004
594.8602149780061 -1500.3790603165323
613.4210233220018 -1504.7722911279925
632.5074384612967 -1509.8686500126853
650.1673281532757 -1511.06169477028
669.1206131038537 -1514.7982060721895
687.7927377665565 -1517.3981514011361
707.4196257866928 -1521.5917563695643
727.1904165250909 -1525.5471471292078
747.9802444033054 -1531.0589648940277
767.1525671408828 -1532.7338120916995
788.2506040426304 -1537.740220331909
807.1918854656589 -1538.0540497779637
829.0510077296337 -1543.4307326804396
851.0876635197283 -1548.5279425972687
872.8084203182442 -1552.4710823141186
894.683210513628 -1556.1384748231847
916.2019789822594 -1558.665433538895
941.9717511153574 -1567.7787535557009
964.8612470049679 -1571.4257138115115
988.4388178653892 -1575.6232745605378
1012.1856986972728 -1579.5113520809891
1037.7409664637719 -1585.5972649203318
1062.3947953063312 -1589.6733308783973
1088.349495034163 -1595.072530218887
1113.3623704914717 -1598.4768474937666
1137.9612012194063 -1600.7311780930881
1165.0545250196249 -1605.8966198766645
1192.351508613364 -1610.687393601699
1220.4501274816564 -1615.8980432966705
1250.5892506896882 -1623.091964757205
1278.5066971571991 -1626.7088323741866
1309.7357275929558 -1633.8385244162137
1339.952968930584 -1638.9676754146535
1371.0291820964105 -1644.4330274717931
1402.980919299684 -1650.2122712187704
1437.789409799862 -1658.5495509834384
1470.3177436999144 -1664.6341137202471
1505.99073491125 -1673.0190992219646
1540.598034347958 -1679.4042683532778
1576.8230604584135 -1686.7453975056706
1614.7004255933566 -1694.9995680201907
1653.5674208592857 -1703.4056430201147
1692.0303932940574 -1710.517216566135
1732.1915450707136 -1718.4622344368042
1774.0830214029934 -1727.1958294210954
1818.4591896771863 -1737.363282528611
1860.99285677392 -1744.7941388703834
1903.0892378125764 -1750.8990127708526
1041.3905903410428 -940.167345927912
1048.6960389508154 -928.9981797015911
1058.9025935828104 -920.3989881043968
2095.4706633772003 -1787.0418850506883
1049.1959369443855 -877.8450238506755
1046.5900809995264 -859.0490104489992
1035.9353299720965 -834.1091008468877
1012.3492185208169 -799.5305245957102
1030.106729813947 -797.9280200569574
1025.6266125444272 -779.1239000573936
1018.4789876514757 -758.6834331342852
1034.4573617313927 -755.5520940079027
1030.1398675175317 -737.6319226761829
1013.3002298102822 -711.2430275696412
1025.716487435302 -705.6420391412248
1127.6665565997644 -760.2421568989912
1252.4209757228732 -827.3105218534129
1227.4098395695103 -794.2978570586408
1164.7279488837023 -738.2748845038435
1167.3767407047706 -724.6430467902849
1171.5815754685327 -712.0657357454232
1176.5126936602612 -699.9849153062346
1181.3203429473147 -687.8744415508102
1183.3977997272434 -674.2504338899005
1184.450346164984 -660.1616298071629
1185.342985051235 -646.1129992422591
1186.9590656936389 -632.5766169940873
1192.8601606359412 -621.3772100484507
1195.8968595912404 -608.9291430206056
1199.809307077512 -596.705644895522
1202.6981327721344 -584.0258568132248
1202.7437724556708 -570.0600124715831
1201.7256814525213 -555.7259995154745
1202.3677843224236 -542.2847141710577
1196.4556093058568 -526.0636605588254
1121.406268854409 -480.46641940309706
1203.4192241806095 -502.1933600442563
1209.9659789469417 -491.5468744595667
1211.7689066453245 -478.9834202637863
1214.3760988629972 -466.7887000670514
1218.7347239234675 -455.2874616142966
1222.9844246515188 -443.74553187586406
1224.295171373644 -431.1674075706323
1212.2292477845513 -414.07879783406037
1176.2178715552566 -389.40020369026774
1017.010621824794 -326.0573493966141
953.1905765573537 -295.68856041832197
938.7018764681004 -281.4938491606294
930.7552449550822 -269.54716468292696
925.5569284736517 -258.58339497040305
921.2008091558315 -248.0021556572471
916.7279512666378 -237.5265529713952
912.1399643081921 -227.15784272582349
909.3836767649084 -217.36220562355487
907.4988928977165 -207.86235683600535
906.4929399643086 -198.63169383274266
906.3726324148533 -189.64348448963167
907.1442699429614 -180.87087523880578
906.84863319733 -171.9143870306803
908.4333399333542 -163.33360614867618
910.9227025826026 -154.9058743870206
911.3590455263231 -146.12901880649602
911.710942397016 -137.35777194445555
912.9687430796997 -128.73256837130728
916.127908083553 -120.35637095913518
917.2247847974152 -111.69017035234235
920.2272163938702 -103.23696144302733
922.156843164998 -94.63485934879053
927.9730478744908 -86.54491561338592
938.7066275030811 -78.70112757636765
945.384817419309 -70.36722953946631
949.9929218719999 -61.78550309822225
952.5259385566222 -53.012605829424196
952.9799183810819 -44.10527363463911
954.3499244081671 -35.23097759253415
953.6379663611065 -26.279823337556184
945.8433021419005 -17.217659344569785
911.9642649008856 -8.073384902705856
828.9998978339045 0.41157183582928974
809.9607425218294 7.974683284426688
805.8515288805523 15.46975762177169
807.6708730441649 23.059940070965496
807.4199929463982 30.60972052205276
815.0896167744402 38.534615951067806
805.7081494073957 45.64403551954801
797.2636055964495 52.647347429372836
794.742237935358 59.94810456969187
794.1470611777595 67.37540517672538
795.4736468462569 74.98451288843941
798.7165277579822 82.83059993886555
801.8818838559085 90.74383915009953
807.9464328952774 99.08865511145522
814.9158143880009 107.6857254251522
821.7943741237827 116.42167606807664
824.6250889937253 124.69748434547762
829.3471829768486 133.3538529190879
839.8937241902767 143.11719696034953
861.1551168176911 155.03826875551937
883.2475213509764 167.55541181160467
913.0246299576748 182.06324475481296
959.2448934943744 200.62211818482592
1023.7541868562017 224.1235482817391
2700.258778317649 617.6589108225329
2675.8851636488557 638.4665934596234
2555.282281487009 634.9972141029795
2505.6657462563494 647.597998790616
2466.6646013760264 662.17954084859
2386.189137788604 664.5527809735488
2321.3155074460724 669.7389901225577
2277.4078487119964 680.8395483702432
2214.398501849137 685.2468715786291
2174.378004768734 695.8227449415109
2130.5639764085217 704.4381750234069
2090.574087853013 713.56918599218
1994.957182111356 702.4036172616982
1902.5760071989098 690.4929665326463
1888.3607528726384 705.9388550081961
1880.557973082819 723.6896502470098
1872.5885053329391 741.3557106375787
1866.3056698123266 759.6895068555068
1861.688399023532 778.7427719993284
1976.3198930302804 849.0940350825587
1970.8158307098638 869.2531055011478
1968.7507324902883 891.0339798901906
1953.74997647423 906.9603240643698
2015.3759377679526 959.2100027970655
2020.447669368054 985.5431067919853
1971.526785766007 985.2401397665229
1289.879580241175 660.1603354313633
1266.647933584627 663.7040095899637
1235.5374036771004 662.6094808519191
1217.7173996332742 668.1955811215581
1209.4974241968976 678.8851013692007
1193.3790817907404 684.9980782048145
1183.2930130952004 694.4074057497382
1175.7092871342106 705.2295173532984
1164.616621208829 713.8796296324266
1157.7042327948805 725.0357986808771
1151.5273554494997 736.6639326392202
1146.0709881925009 748.7872127804163
1139.6559448867713 760.318569603716
1140.563496745922 776.8622206612413
1137.1523529725905 790.6386824137187
1140.1056057801006 809.0508066053636
1143.6189848415747 828.178493749944
1153.3030644186988 852.2018784316535
1463.6674490892008 1103.4340027734834
1438.7301950627843 1106.4720628260807
1419.752195115297 1112.9778544361502
1381.5014077568073 1103.3031588670267
1039.4623850295836 845.6464687495652
996.3551367591155 825.6587923917023
981.9718549369345 828.828254894653
965.3383178576007 829.8499455177772
972.0914978622963 851.0594102551461
995.7062523459246 887.7640784798818
1091.2893974874676 990.8397705640605
1087.4261866033726 1005.4179671605472
1084.1162377766927 1020.6924037088302
1084.227786363689 1039.4489440453028
1179.974359526753 1151.8947481690454
1439.7262720433275 1431.114342597482
1416.8889497631803 1434.1135603706534
1395.508612014512 1438.2530075731913
1374.859773850074 1442.847740494098
1353.5592770582546 1446.4571488604615
1330.276647689588 1447.5911165145192
1295.6957302238177 1435.8024149164005
1250.827006184554 1411.5338467778183
1102.7907862284396 1267.3801646742227
1067.2527939438135 1249.1679125798598
1028.9228587867603 1226.5882563705231
389.0618907403294 472.41384947264197
378.4876374174205 468.135779792764
369.26638058182596 465.27232904181835
360.7428009527705 463.0697912418276
352.2895856597702 460.7516118644268
345.1085023230233 459.918603259707
332.6351323810705 451.74646507286326
336.15037487217865 465.27295802925596
335.97794337935596 474.00403116701267
335.67478099622105 482.769553102864
334.6768259458021 490.74170617020445
335.78562461347116 502.0597716437168
882.3731614142612 1345.4733754392178
868.5499749342451 1350.8726590769843
858.9669278298434 1362.9001492752727
886.0234404569966 1434.4192075403714
908.4004096567495 1501.6103674840053
904.9275158782359 1528.163011921976
887.4962501608949 1531.421041369861
867.6178601295064 1530.13733004077
851.7230192882461 1535.6118970672617
835.8021131484268 1540.9230440410138
818.4513388292786 1543.4203594512292
801.5879972437792 1546.6158807779993
784.7372096529065 1549.6310889325143
768.7875942291242 1554.2591916921049
752.8204940381206 1558.724575977488
736.4111462765484 1562.1227940337021
719.1689134974074 1563.5335218213131
702.7842005007446 1566.583342030206
686.8066345422444 1570.3797778718229
671.6040939262889 1575.8543527310665
655.5926018449389 1579.3347778119064
638.4511569751736 1579.8721847532672
622.0897402661654 1582.0886053112117
605.7432885195636 1584.1373262484237
589.7618591130075 1586.956190175258
573.7811200852865 1589.614804357859
558.7946129662754 1594.944695128916
543.7586059044008 1600.1333002299848
528.0487806267131 1603.2805385454665
512.9356802861777 1608.1794016493795
497.18735900027144 1611.024745325265
481.43096810435696 1613.7162770915156
465.39115249875573 1615.29318551645
449.8999694671681 1618.6383220081752
434.90450423294294 1623.7669390026076
419.35310112447297 1626.8198967855317
403.06130784852104 1626.8120918272766
387.96361362083394 1631.5064310342955
371.92453078830215 1632.1605752492312
356.1205515936589 1633.6346448127954
341.13695132664304 1638.872045169959
325.8917126742333 1642.9910503743636
309.85785485136535 1643.037464511053
294.7323648750004 1647.8497604742945
279.2740200041956 1649.525695995881
264.31377390265675 1655.026957159712
248.82963581053144 1657.4256581646123
233.74139326027895 1662.6502822532295
218.44722346917268 1666.7458746187463
203.09688250830962 1670.700648325548
187.6916682292347 1674.5139108640833
172.02869815837704 1676.1954322243973
156.53627175855758 1679.7218209048579
140.90945245211418 1682.1083574519346
125.25168484309592 1684.3494338895257
109.62915464692101 1687.4425763419038
93.84872795225533 1688.393738516506
78.10626071089901 1690.1962643544568
62.48557380585145 1695.8492129508902
46.76600045537016 1701.357381975171
30.930755922501724 1705.7195808039676
15.000464558307439 1707.9341281393245
-0.969098210858145 1710.9997255548165
-16.98475411761968 1712.9157942314514
-33.03631904356054 1714.681778530364
-49.15099436310237 1717.2967651961376
-65.4692566156228 1723.7571686401184
-81.67611797134096 1725.0675383164369
-98.08308400377884 1729.2205494477296
-114.37693174083888 1730.2236611159701
-130.84867039225566 1733.0674036103094
-147.4681569301689 1736.7504549277132
-164.5435778373086 1744.256119666059
-181.0496056686104 1744.630918070421
-197.57700488461188 1744.8493709030663
-214.61149298990506 1748.881330186998
-232.0007220171977 1754.729513339164
-248.95661927533487 1756.4443064666173
-266.41356715885183 1760.9613315554932
-283.5001700648351 1762.3429443707062
-277.10927504550597 1625.5495838896313
-283.96316854316314 1576.6321444493408
-293.2834398090799 1545.4170388389516
-305.7622319259205 1532.8008538383842
-316.4810457887005 1513.2599735856659
-316.7672069811986 1446.7271811165124
-322.30192092534173 1408.5973419568259
-329.2391775962472 1379.2481879399902
-335.6544622280366 1349.89521148362
-337.0410997607493 1303.1190648102975
-341.21294329248184 1269.960128244065
-29.001259823938863 104.03329721115442
-33.30710264737687 115.28502467032351
-31.522011792255878 105.38672958474838
-32.509736033771624 105.08623631577302
-34.10358913868412 106.68151296199274
-34.476506360545294 104.4575057579458
-35.1330575629499 103.18269363744315
-36.43112874033677 103.79196914359515
-34.683402211261075 95.92216433677824
-432.2185546165685 1161.1667068277338
-446.6739607001263 1166.397604949728
-464.9290594164416 1180.7632996117989
-471.11451167884593 1164.296833666399
-45.2854434104479 108.96434561414628
-45.12886461050937 105.7751652277902
-48.525877054991255 110.84330947803694
-498.50799633908804 1110.2156446321533
-509.74235487231084 1107.304714904272
