-524.9626493027262 1106.8148972782499
-537.8237920416956 1107.2969650070802
-729.9332506273034 1467.4871207709655
-745.9916198525683 1465.0025607860694
-772.6969453188451 1482.7418624612058
-784.275910258364 1470.9861646488775
-797.617232843255 1462.6560600057242
-811.3582661862218 1455.078610897462
-821.5608184545436 1441.2906790721643
-826.5421748185265 1418.7995042451419
-740.6395222700153 1244.2496124378113
-697.7719403700073 1147.5030802713668
-701.1628357793531 1128.9870139739676
-716.0499143383486 1129.0888008372256
-865.7874863705376 1337.183991993692
-914.7345918482864 1384.030934074867
-919.9009344456908 1363.7475099174133
-923.6330449724586 1341.8431347347962
-929.3338538238727 1323.2639903423915
-935.3496390177272 1305.5102652945352
-943.4741626916713 1290.9909001744552
-954.9942339618597 1281.24549290899
-990.6202270128382 1303.2423281312776
-1031.0315217702007 1330.211637716429
-1035.454315722268 1310.2420997861923
-1039.5931160522566 1290.3081620515152
-1042.8142929046771 1269.6406383357926
-1045.7391605746432 1249.027865197827
-1049.6673350390106 1229.9949128968385
-1052.0178783216265 1209.4905471692052
-1056.7295390677566 1192.0451674587027
-1061.8768671323867 1175.361016474984
-1065.4495181364844 1157.214899792918
-959.9818277192908 1023.1538938247412
-857.6221877165701 896.975575551667
-839.5142264760871 861.6407972840291
-828.5693049966559 834.535144147542
-829.2806580585906 819.6643155401551
-826.9147871092719 802.0697817896068
-828.637943044214 788.7300928375017
-835.2992545809617 780.2077641862388
-839.5490075822383 769.7262265686928
-840.8459691988296 756.3987414598737
-843.4659286679072 744.4395389663185
-845.9352672561494 732.4988215773914
-849.0167060659635 721.2257849112866
-854.2655745146363 711.8808384829433
-857.8652605282089 701.2354774103121
-862.9006601584802 691.83701165669
-871.765564920675 685.4967540539753
-875.8361560844231 675.3865764843586
-882.1866013101419 667.0703114881226
-892.4746219439039 661.6721614108347
-898.6945743228449 653.1990983480308
-909.7206798045247 648.1491222982513
-919.9113493894732 642.3761431314509
-930.8991107002117 637.0328450696674
-938.5453800834416 629.3111865556087
-945.2929153226205 620.9527391362897
-960.3758241394027 617.9338770520379
-975.4853942716844 614.6846716509339
-988.0654715652901 609.6290871509176
-997.212687275173 602.3220536701508
-1011.4747533810402 597.9496828937732
-1024.876969605027 592.8601834945713
-1040.8836342789036 589.0477568842289
-1101.5301179270873 609.6822117296333
-1614.7012647996946 873.8625895724491
-1656.4857271698436 876.3167439245894
-1710.006240642984 884.0269548843231
-1719.1858614388304 868.2603145536634
-1712.076924415679 844.4368566585365
-1710.0783955335103 823.4293419168009
-1714.1718811314752 805.5127323253058
-1731.7153006392004 793.8432575339313
-1789.3597531958474 799.8697854294137
-1823.4330172705004 794.489163883183
-1929.360992405003 819.012918692973
-1944.4163148763466 803.7793194917917
-1848.9561379896882 743.9154520442879
-1814.0066929101492 709.9885337645835
-1800.8860412341396 685.666439668757
-1797.8763444625208 665.2290207305178
-1797.465594461106 645.9237081332305
-1802.5166502864793 628.661057677355
-1800.7711458662177 609.1176242858756
-1817.8230903424812 595.8927858413052
-1874.8162173474875 595.1076803158056
-1910.9201768672347 586.843316091865
-1927.858678008862 572.2603582513143
-1026.6583624922987 294.2730139252187
-1012.0314206385707 279.80779767596954
-1013.6518905163704 270.02008231349816
-1011.3031346360987 259.23342738775204
-1887.5726857104492 464.97887711146797
-626.7280228216933 148.14852483238252
-627.1183089300375 142.02685170322536
-606.9249388279709 131.46527537210656
-606.1759338667499 125.34646864101767
-607.3279812105661 119.63997341481742
-606.4604730510835 113.55480891030601
-610.4554264176651 108.37053269790044
-2167.6804673187057 363.820548629345
-2155.202748877983 340.91804180592186
-2087.0952754420155 310.0537231313596
-1138.0648738594637 158.14342505220696
-1126.6093099834297 145.76509410232765
-1120.9800981833025 134.3302626996368
-1115.2360676690998 123.01428116264785
-1113.35879152834 112.21943381854537
-1111.3773777615509 101.47080466744602
-1107.2991920232748 90.60628755557032
-1087.1571239517998 78.67266260176244
-1070.882491153497 67.37722271569345
-1068.473079465216 57.14261507944784
-1067.9642079459572 47.04732241439534
-1069.35884677529 37.035885616816195
-1070.6595498868953 27.002374636142036
-1073.865775455986 16.979290453780717
-1080.9778256583807 6.923903153547527
-1086.9951092058927 -3.260761026133359
-1090.9178497065066 -13.388248269720744
-1092.7448733642834 -23.614439143794407
-1094.4758668879108 -33.875902939352706
-1099.1078979887266 -44.29253412035681
-1106.6367011855584 -54.9473528856952
-1112.0651372690882 -65.62873205147396
-1113.3993882364307 -76.1433009183457
-1115.6310576331518 -86.76602586459107
-1121.7460546899938 -97.7843995094985
-1126.7565838794021 -108.82830828612514
-1130.6637294007437 -119.86880752556723
-1134.4625058844622 -130.99168959268601
-1142.1208590523684 -142.69177732959926
-1147.6766849730836 -154.2797030370274
-1148.166097352467 -165.271331120692
-1152.5038378754177 -176.89235054810266
-1159.6850513554725 -189.09146374877656
-1164.7673261854848 -201.09966646097757
-1164.8069187088706 -212.32249557676755
-1169.6486761611882 -224.50606752241674
-1177.3046847546948 -237.39140518276764
-1180.9076684666002 -249.61185580171966
-1183.4081709698976 -261.7042240424894
-1189.6827977379016 -274.7650646762051
-1193.8715259247253 -287.49744274717943
-1197.9256218999153 -300.3318238144289
-1204.7465514056403 -314.02348140898147
-1208.519593588953 -327.08468614655686
-1212.1531813690003 -340.2435376271115
-1218.5264993137944 -354.33623928419945
-1225.6990799816615 -368.865511171902
-1232.705669567094 -383.5592942651009
-1240.495854927367 -398.7217499811382
-1250.007651017226 -414.6925034268127
-1256.4897625931549 -429.90403173103346
-1264.6820774134546 -445.93748784912526
-1276.4432500885075 -463.526298394695
-1283.3012771761973 -479.62259329387376
-1293.7026722720714 -497.3222252786428
-1295.513992591829 -511.94969967642174
-1373.1762436190013 -557.4145709975742
-1383.59223804992 -576.7785699971984
-1292.6340393579467 -553.1123215886252
-1212.319410834761 -532.219546910162
-1182.6670922151452 -532.4542693897508
-1151.3027203672175 -531.343623350318
-1129.1050307878836 -533.9689405288403
-1109.6604019167398 -537.5339918721228
-1091.145009772055 -541.2269095763278
-1070.8755193131633 -543.7155709888791
-1055.0931936620643 -548.1782125258039
-1046.3862451311145 -556.1482050680444
-1038.5014267838787 -564.4809886682174
-1025.3079707281884 -569.8004608292665
-1015.5846002611122 -576.8985350236876
-1005.8185423895253 -583.864761554772
-999.4518649671629 -592.7393774785509
-988.7307298335738 -598.9553772049873
-977.1307993059405 -604.4968164082702
-967.2051655255968 -610.942033077282
-959.7661097465441 -618.8804525770582
-955.6045977455129 -628.9323117535275
-947.1881710589237 -636.172593410036
-942.0196756055487 -645.5717859169627
-935.9385831837619 -654.3569121725333
-931.4038932028428 -664.2460295151092
-925.1485522537978 -672.9310189482292
-920.4185448378855 -682.7486377273186
-920.3709653030554 -696.1560789270765
-919.360649530576 -709.011280654065
-915.0453837535712 -719.4358523671722
-913.7365432184893 -732.3431774701844
-913.0402233260662 -745.9212764016637
-947.5187159878468 -788.9849699789864
-975.9305839002443 -828.2267173957433
-1015.0333563881511 -877.8788557764701
-1005.2752309344767 -886.0145089498448
-974.6222343710012 -875.3350788524798
-915.4886249065992 -837.8314733086983
-873.2363197332896 -814.306041914623
-883.7735664063197 -839.5863763314973
-885.8792135903354 -857.6170584407523
-902.6722004103028 -890.5093478489836
-1012.0126728450264 -1017.3767001465415
-1035.2086745478043 -1060.5031825227957
-1027.933623018559 -1073.102262912505
-1028.7316839038435 -1094.4017189918713
-1073.2891968448018 -1163.588973794544
-1060.9317084236873 -1172.1710242371616
-1047.1798472304845 -1179.1282235424353
-1028.7926387909426 -1180.6530846821893
-1011.1201852870455 -1182.696905764571
-997.9995733025672 -1189.876401853526
-982.2921169720747 -1193.8250277718757
-965.9712176497641 -1196.805584325304
-950.3025574126311 -1200.3691304657134
-934.039639167328 -1202.954260337511
-916.6012204979027 -1203.748812079063
-902.8210939751224 -1209.1298823011377
-888.4304641613279 -1213.551527686438
-871.1215547642481 -1213.7476001315592
-855.039194414517 -1215.3616646969633
-842.4101829963711 -1221.720542343469
-827.4978584732045 -1224.6351678039712
-809.845523125463 -1223.2085793819651
-796.6474057576477 -1228.2706993572751
-783.425957044091 -1233.192916712365
-769.6543936548001 -1237.1261513394104
-753.2773795901143 -1236.639474300352
-738.5147759962188 -1238.5313583576537
-725.7998174813374 -1243.710024460709
-713.5488019098625 -1249.627587440754
-700.2754464220448 -1253.678706502749
-686.0304351367167 -1255.835674786366
-670.3938528708946 -1255.1896597856903
-654.8307354797132 -1254.3610755564355
-642.5239410732547 -1259.5868311266565
-630.176853295239 -1264.6921101876578
-615.6030052006133 -1265.1805957996564
-603.22133924025 -1270.0236280814618
-589.3166409634177 -1271.0259228999203
-575.5460893416299 -1272.9319302474726
-561.7927830339435 -1274.6912837746152
-549.636544552791 -1279.9799486289103
-537.0447181699445 -1284.230108152649
-523.6677907373254 -1286.5041954631508
-510.6645009815394 -1289.569993229245
-496.5724105852669 -1289.7053310913843
-482.5241572384792 -1289.6896671995537
-469.54579823171076 -1292.3435082681947
-455.5631078770689 -1292.0380237212007
-442.9230593291231 -1295.3687365049884
-429.9463871820477 -1297.6267198809928
-417.2723803729616 -1300.7074077508294
-404.875099916703 -1304.6195435710135
-392.44115041422026 -1308.4135215831284
-379.6934942611639 -1311.1284644975667
-367.19874193315195 -1314.682503086852
-354.4109008221882 -1317.151818652051
-341.85997121359077 -1320.4649787411413
-329.5194859793014 -1324.6289700742382
-316.43420590307767 -1325.759553363463
-304.0259721401409 -1329.68575545662
-291.14443741827733 -1331.5419319572309
-278.86802487830954 -1336.210172353313
-266.139144393137 -1338.8035538575812
-253.38616000878713 -1341.2756815494722
-240.78649797595702 -1344.6106731662048
-227.81250171025331 -1345.8552909077987
-215.15164883862968 -1348.9498760154208
-202.30441433774655 -1350.9363137984935
-189.30017592412068 -1351.810061878183
-176.5561431583138 -1354.5419625515708
-163.7772462574678 -1357.1536440684677
-150.74391152503162 -1357.6569055317816
-137.91762261372358 -1360.0249002766745
-124.96848841637733 -1361.2758269002377
-112.08997308959611 -1363.4001019263471
-99.2547853466116 -1366.3998271317946
-86.37264162942117 -1369.2785570430713
-73.88786590322732 -1374.0147682147622
-60.97562314668381 -1378.652230760852
-47.94706612690342 -1382.168614478647
-34.83190329073506 -1384.5619301833865
-21.67549859159884 -1386.830621511079
-8.479037943626892 -1388.974119958882
4.752866322780051 -1389.991874171111
18.0033866794326 -1390.883488315276
31.271319794550088 -1391.6487001245346
44.61942953779488 -1394.2862355010616
58.02060486287265 -1396.7954787338576
71.57564253822802 -1401.1730540497986
85.15877555795254 -1404.4205149973673
98.67017698722647 -1405.5408909645103
112.2901555162097 -1407.5279467826367
126.22395647295696 -1412.3708835898285
140.35863605773025 -1418.0706799324262
154.6132675676007 -1423.6287217853078
168.63412728227314 -1426.063999656308
182.33469658347266 -1425.3852315854172
196.4466008578184 -1427.546753353952
211.05343031849438 -1432.5363693640718
225.9281944771007 -1438.3645055897052
240.11014062436448 -1439.1067091669568
254.50062913530383 -1440.6937321199584
269.8597044984531 -1447.0520861005687
285.36282335289854 -1453.247762443852
299.7961587421515 -1453.402306040365
314.89227705201495 -1456.3457192071521
330.7334446610221 -1462.05895523493
346.2519851992999 -1465.6553355907192
360.9121868974627 -1465.2042155784602
376.83718403011676 -1469.4498074899502
393.1332267343648 -1474.4905106637432
408.22518153759876 -1474.5345710286329
424.73343741642503 -1479.2303766284776
441.65305862217025 -1484.7031945172348
456.9497668749153 -1484.2526437749607
473.49114749338094 -1487.4565987770538
490.4471676471701 -1491.4293733686718
506.18159991501335 -1492.4999791984847
524.1094772725075 -1497.9580287288222
540.8311656358565 -1499.445781039435
557.9777201673461 -1501.6873388947683
576.6459147947972 -1507.4732133442608
594.3774203814555 -1510.2464971456436
611.8397760475412 -1511.890567615955
630.5401283926857 -1516.1078940782993
648.9844755804211 -1519.185028380548
669.1521444832395 -1525.7101322117128
689.0938064218026 -1531.0750229662528
708.3612048076282 -1534.3807883063075
728.1828698376295 -1538.3607210518064
747.7091314731131 -1541.2008482711533
767.3564661138461 -1543.80700021514
787.5758456190866 -1547.0682878908028
808.3901266604014 -1550.9695042514472
828.4098205177816 -1552.8480831265165
850.9351362899725 -1558.8731166541957
872.6765378211765 -1562.861369519525
894.0762707083983 -1565.7064291099282
916.6187002461043 -1570.0108784206377
941.8875755677572 -1578.3192943733193
964.7959517051906 -1582.016994716958
988.3900810620444 -1586.2679621230977
1012.6907457305163 -1591.054195655123
1036.628354354137 -1594.6804240815882
1061.8340211638115 -1599.6588734786833
1087.2297038828663 -1604.2990902555468
1112.2422976005384 -1607.7755040515685
1137.9975561730762 -1611.7352642863239
1164.51480077509 -1616.1588036996095
1191.8129903352626 -1621.0261552695931
1219.9107149464303 -1626.3169579017765
1249.4338906654386 -1632.8046278892723
1279.8078309961595 -1639.6621346243578
1309.804157882708 -1645.3030322688796
1339.394887373268 -1649.7412935604025
1369.8277732271326 -1654.5319192132847
1403.0548343861215 -1661.9452854127699
1435.3595956354895 -1668.5753897313493
1468.1992128503855 -1674.4909887441938
1503.9425453244723 -1682.9158684744011
1539.9742951582787 -1690.8128726301331
1576.287660006889 -1698.1773208089924
1614.250189802544 -1706.4575367475309
1651.119792510403 -1712.7301103152254
1689.6517269201274 -1719.8831476922587
1731.2942243681193 -1729.2857799304293
1772.5487248227641 -1737.352876686021
1815.5493997585984 -1746.1790793146597
1858.8726395473423 -1754.3456073255054
1895.1726975305087 -1755.0525480836566
1048.7158556106187 -952.9344438054949
1050.2070205148448 -936.3301843160523
1059.7580898887136 -927.0257768344015
2123.276941255134 -1822.2236500315332
1041.8941048161992 -877.2118754036856
1047.050305943576 -864.7830114100668
1026.4237703510528 -831.5619301401006
1016.2264203296369 -807.5195741429507
1034.063367484684 -805.874650318668
1027.3285518485523 -785.1401445326537
1025.0969393067928 -768.2039215103275
1025.8613262683252 -753.7489895628337
1006.9706182477019 -725.3214280481731
1023.58044973748 -722.6977673379226
1036.1181213463017 -716.9792455976745
1189.339893278188 -806.4983684156024
1257.708736233047 -835.6247571745777
1218.61236381319 -793.1581852074839
1172.927497878326 -747.7446654579956
1175.697571776435 -733.983119505479
1177.4594646639148 -719.7146719870085
1178.199036276594 -704.9652692983573
1182.217285640858 -692.2877216388877
1186.9690563858335 -680.0944487220314
1191.5961131361487 -667.8732687859448
1192.5907337188967 -653.7027932079101
1193.4244357637185 -639.5733860332605
1193.988725130419 -625.6955523746647
1197.1545125866946 -613.0628621873237
1202.8714969285659 -601.7683623096442
1205.786428067259 -589.1036325544092
1207.6671660413022 -576.0069583483952
1208.5019076047288 -562.5052349229576
1204.637206970429 -546.9718453288834
1172.242026652183 -519.0112050335548
1180.7475422428474 -509.54022558329484
1211.3025436780536 -509.25646552506055
1214.1909982474008 -497.07566805767124
1216.9576323122042 -484.88567844088146
1221.4673650090826 -473.41047328694407
1220.254229239533 -459.77778983225465
1223.5884513455176 -447.9289025435601
1224.9233154614847 -435.3881845420753
1212.8957313973326 -418.297674817981
1040.3791810814353 -347.87951875947243
979.868260538837 -317.42430907004234
947.5074750177606 -297.11712300954287
935.9074976689307 -283.83297167010136
928.9409190644864 -272.19986937474334
925.6881353302485 -261.8119097917577
920.3930683588213 -250.98326581075872
917.8784701704578 -241.0396523345069
915.2586578865357 -231.16571796816513
909.6192750088004 -220.65532971687867
907.7597795218431 -211.17808286480565
905.802810958987 -201.75546500354764
906.6834844100108 -193.0131060268228
907.479921429173 -184.27206028831904
909.1740543514466 -175.7229037267281
910.7876495185257 -167.1581810277893
912.3205639926175 -158.57865088400845
913.7726619829022 -149.9850732995816
915.1438148575601 -141.37820952307993
915.4442317154756 -132.61545392171516
918.6337815485855 -124.26172136963888
922.7391948198504 -115.98438835987457
923.7899438298845 -107.29463956218412
928.722460860583 -99.14933531326828
938.5709619989709 -91.28827576598319
946.3606058391454 -83.07589130286652
950.0903846896042 -74.41277390582805
953.7406540249486 -65.68686976910524
952.3193712914644 -56.602253162129806
952.809252686873 -47.650057652458216
953.2149816098843 -38.693653671731994
950.5379797036426 -29.640329635777093
937.777639074626 -20.423017691333204
834.9360466878151 -10.334308942679861
804.9964285026276 -2.3979361988699726
808.983332595698 5.19303209679175
807.898929809295 12.779640565987751
809.7425167211813 20.42196401052766
810.5142380758509 28.065456994725185
807.217597348389 35.54926906554109
800.8564214093758 42.813459184796386
798.4226469911505 50.21231693165162
798.9128981465196 57.78564852217864
798.334560704803 65.29111106627899
799.6774386830682 72.97255690523492
805.9210943254918 81.18614242099254
812.0803835739931 89.52346404332349
821.1322471070131 98.34039231662287
825.1305206248014 106.69406700207952
827.0628778333465 114.85641518880361
832.8710645312852 123.65188986232141
844.5127756178763 133.50345245794364
861.9590855678504 144.5770894956569
883.2086931444442 156.6888775697973
912.168300928478 170.6838913935752
957.6200356355876 188.52020408777392
1026.3163581116712 212.081901803044
0 0
0 0
0 0
0 0
2516.74188859946 644.6815230552396
2446.793198629722 651.3271398762176
2397.2725011084995 662.0072170520496
2363.9035853441364 677.2302704377119
2296.9129101936132 681.9142783267613
2244.393088525574 689.7852304729604
2177.6422212016814 692.1700343411347
2124.358132227366 697.7094854159984
2092.0068628619083 709.3576571368478
1992.6115252040743 697.0081130258766
1904.9418124301212 686.8927800286191
1885.1503842322566 700.2349811520237
1880.22400428687 718.9761426524865
1872.319659987219 736.5888207306328
1866.1045592061794 754.866063689388
1864.3279791980913 775.0110876491775
1976.3755336657123 843.8843225985247
1973.695994492813 865.1873330805452
1972.6131364651694 887.3366970012268
1953.1262033832777 901.1653753100059
2004.9686717361199 948.4854376091914
2021.8852228304593 980.3005384573775
1972.0998081872622 979.6051993266285
1278.1128075926104 650.2181565195906
1255.8610058818722 654.1170643740859
1232.7708209826797 657.1796580340038
1213.250327430372 661.7761275462384
1204.235314938078 671.9064713604029
1191.6635567682968 679.9426207190812
1181.6402202212503 689.3115333109372
1171.547059787027 698.5509907690152
1163.0935541350896 708.7011953774348
1155.4021854607208 719.2821350712042
1149.3025793977283 730.8540079863615
1148.1191523180555 745.6429521429607
1142.5903186717044 757.7125864585418
1139.4196512378344 771.4265087310987
1138.558686651726 786.8545717284082
1138.3232683057163 802.9129073777503
1141.942070970952 821.9594312048332
1154.1651737796112 847.6595729620942
1462.9003861007354 1096.132501272688
1439.9593674481418 1099.936825503332
1418.118397420753 1103.6979708673907
1379.089475231021 1093.4862684583777
1023.7483250134487 826.919202239347
993.0638110064882 817.0803309768692
977.9714936602472 819.6021947188433
968.2395559342187 826.4630435320789
975.0669962985829 847.6487201248281
1054.216453528958 933.3229179168517
1088.0694625546998 980.984120491217
1087.2586066821036 998.220778282886
1085.4938723162581 1014.8394223540271
1100.1752622406784 1047.3659304911796
1178.9763931234686 1142.8817368641328
1439.037450229247 1420.4419089979385
1420.4936767880247 1427.723262472542
1394.2487470744725 1426.9181585785723
1373.674589286941 1431.5285965524245
1353.8174833467756 1436.6120637752572
1331.2644413144221 1438.5183305372925
1296.0098648844223 1426.0741320570473
1249.7717570383143 1400.4283470814794
1199.4926160433547 1368.801469920846
1074.2313178718448 1248.4534735837453
381.40488634168736 451.4546629227397
379.2228790009442 457.19362204894685
370.0223077012835 454.40014503014476
362.1524630861158 453.04038835479065
354.337759711955 451.57585414004683
347.1896204907205 450.7996976745986
335.86382087235825 444.34726715601664
338.385915485576 456.2005832975103
336.0128822937209 461.6669177368745
335.8930410741182 470.3826792708048
337.9377260075093 482.4096737637768
335.8276373745638 488.7420566877978
893.5932050528975 1326.0061025060518
882.1193388284017 1334.8653385510254
871.1020371306296 1344.4646670354962
858.3747291622363 1351.441387680449
875.9204300392825 1407.7383990783935
898.5216634316595 1474.8517960608801
904.5668017996596 1516.7448371700284
884.1916128053742 1514.833717556033
869.3885861576808 1522.2261613369901
853.5493043557344 1527.7282431878525
836.2451395495224 1530.4346005562602
818.9659716009127 1532.9509898753363
803.1024893245411 1537.9373822235823
786.7633398040733 1541.870437857974
770.8676137811582 1546.5274397899777
753.6411142490954 1548.3246012749983
736.8785474977544 1550.8381624907222
720.9769611786564 1554.9881740545777
706.2989122334196 1561.7099111479981
689.137346718601 1562.8031601445036
672.0180612393311 1563.7121619301074
655.7153379138672 1566.2826678554875
639.0464838329295 1567.7590986821826
624.2517827852326 1573.7085853770573
608.3218399229498 1576.7195499113839
592.3906542862708 1579.5702936920168
577.1444600942269 1584.1402312240361
561.5313130340624 1587.6204157424538
545.2547556829444 1589.0554588827706
528.6854640304566 1589.3761921341659
512.465324715946 1590.4780070669885
497.4622544395422 1595.234247816893
481.83765491839375 1597.9341270223697
466.76571576881383 1602.4015622130512
451.1111423256067 1604.8014635055908
435.9758843004286 1608.9791882769832
420.80194863041345 1613.0141722963401
405.5906814728051 1616.9060575996448
390.57759152424563 1621.6266971775963
374.83656182952507 1623.2848030816467
359.74640160626063 1627.7197321809879
344.39933451058386 1631.0358973329394
329.0217139929817 1634.2073649696727
313.61490428061967 1637.2338537341138
298.24209088686996 1639.0874458745109
283.0178610426612 1642.7994066016815
267.42917071956293 1644.395827849319
252.13796048149476 1647.8214250592303
236.66402583933498 1650.114886568059
221.30192611920413 1653.2542023221747
205.77836903536254 1655.2580653291336
190.23669157829374 1657.1161700910848
174.67826231262066 1658.8283529875669
159.1044512780933 1660.3944632476637
143.77475330395941 1664.8032377168136
128.6063658788452 1672.0614231108368
113.04506441179882 1675.19008277035
97.37839508146246 1677.1754375053786
81.73300752896985 1680.0130105092248
66.16058555888453 1685.7021613910642
50.369213464133864 1687.2483345183673
34.57510536289079 1689.6462831282604
18.740425296910203 1691.8962132647769
2.866562078235809 1693.9975746210062
-13.052780405319107 1696.9498003546512
-29.112648986586393 1704.7514345701497
-45.18779019198967 1707.4021388113476
-61.27939947371421 1708.9016458533067
-77.44833584316147 1711.2483032205248
-93.66669753837829 1713.4417264010626
-110.06093351111866 1717.477100550299
-126.61243723552215 1722.3525454265398
-143.09975670397645 1725.074914208442
-159.4652548440847 1725.6476559534137
-176.2595140984086 1730.0443877802074
-192.92890240999077 1732.2896520544352
-210.25595652199345 1739.33792942804
-226.95626485573717 1740.2631564917797
-243.69241798487758 1741.0278588858605
-260.6107776099169 1742.6204470835164
-278.52351508616215 1749.973900246529
-295.76486689261594 1752.2134982678317
-286.1927238696653 1603.6629087199285
-294.94142884855245 1567.4930792666275
-302.8657435333221 1531.3371089978875
-311.866591718654 1501.9637908317866
-319.27586383215885 1467.6739838173287
-322.7370050670854 1418.755026620286
-330.15287096693635 1390.338117794477
-335.858730793706 1357.0567095555148
-343.2092732397665 1332.5101856129397
-345.9880897459563 1292.4922598429532
-31.05592506329818 111.76551131034478
-32.113086345837836 111.46636122770296
-33.45329247617855 112.11546379738726
-34.51366070212981 111.79359205669286
-35.570932853807925 111.46169178650523
-36.31197977936484 110.17005094172826
-36.38774797185744 106.98098801907086
-38.72322586885173 110.40612201463237
-41.126729499991875 113.79627463425372
-42.900237697205114 115.27605824941838
-438.8282387505335 1145.8441328885465
-449.29461041809463 1140.7060765373578
-38.65258324844926 95.47239291136313
-46.08359803235343 110.79847468441284
-46.34541083899061 108.51775382012461
-46.568225718954565 106.24217784565836
-44.70163161423918 99.41209247885718
-506.65896029115817 1098.816043729196
-517.0433487643555 1093.9680870567208
