-522.1629204073394 1087.0979185665285
-528.248178778978 1074.133539936582
-542.8919500954961 1078.015459314712
-558.1143979317118 1082.6044147431337
-739.1208889336409 1400.984051137608
-801.2737434154479 1484.5637029487805
-809.9771703511744 1467.2808127655403
-818.9171877691489 1450.8379094772333
-832.1168273001377 1442.1534542911695
-844.717527182504 1432.487800740612
-855.1455630679801 1419.286815962562
-870.6412998934767 1414.5333954770376
-839.82154719996 1335.9579966670603
-733.0486223034702 1141.9670386394628
-723.5463567363572 1104.0292884038647
-728.9622396296359 1089.6490504718229
-753.3430372641594 1103.3450358820721
-939.8307760017844 1348.8714217744714
-946.7652201152874 1331.7625982058707
-949.937829655806 1309.787051313616
-955.1590089855382 1291.087629695895
-960.7142273182627 1273.2058645122056
-970.8959348882559 1261.6755064664844
-978.4762515715951 1246.9198952259926
-993.9864074097017 1242.2850002655407
-1053.1124767734657 1290.9338136651534
-1064.0086074297799 1279.367688866395
-1065.0800611039388 1256.269661911339
-1069.7337354860356 1237.8068246552418
-1072.8119153267996 1217.8684634774165
-1075.6092146384005 1197.9836465432084
-1078.1269314745894 1178.1558978459454
-1081.7305043663 1159.8513335438427
-1085.084787967956 1141.5848645284923
-1087.4950592592577 1122.6413033942335
-1091.049727765626 1105.1784885449742
-932.6629768930171 927.0192940457363
-861.21802596518 839.9479220479319
-848.9026406864696 812.3972591260624
-845.6213758240995 794.0557214385883
-847.2179071428694 780.5932473551486
-849.227311582409 768.0090971222371
-847.4740150575713 751.9819105551672
-849.2655485316225 739.3402654240349
-850.1338695408346 726.0829180331455
-855.4270447649017 716.7290778842357
-858.3018336607481 705.4352998926248
-858.7043337332651 692.2686380500775
-865.9948940712115 684.7399823601593
-870.8490508043769 675.2969204084347
-872.4181947779457 663.4022108950123
-881.0558974656917 656.9181878597401
-884.8049385073544 646.7891625506699
-890.8799663124101 638.3955557671112
-898.5120056716497 631.0944268997384
-903.6143331442829 622.0049332089038
-913.5994049556558 616.2305796247631
-909.3728097631208 600.9501583854744
-927.6053176982715 600.477622045892
-935.7743011812154 593.28783676122
-943.8900223583761 585.9971208907978
-954.5149047910074 580.164025540893
-963.3945872931282 573.1595494923758
-980.8688517830702 571.0703070566369
-992.306198720728 565.2365946932479
-1012.4559658516037 564.1045268489667
-1029.159199762146 560.7275109578082
-1038.8272032217437 553.3236321055607
-1067.0740323134007 555.4835817217458
-1102.5831759869159 560.7845754214408
-1635.3334317500487 812.3795707676362
-1695.1257671543854 822.1950094285764
-1729.937835681468 818.969526098327
-1736.6950041357263 802.1592501554849
-1731.4361207528912 779.9551011129932
-1724.998167205319 757.520510044639
-1726.5662864995913 738.8185557516886
-1751.0115253132642 729.7723194395057
-1811.5773503561386 734.9914990505894
-1850.0699307910033 730.3165417700549
-1953.9838326586432 750.0641183983133
-1970.2230118470347 735.4116422714558
-1854.8802251979653 672.419772292238
-1827.2039731415941 642.8799581069336
-1812.387517420691 618.4468341722386
-1806.7683826083712 597.4922690769564
-1808.5348406514438 579.1396465014781
-1813.9369089494621 561.9910055782657
-1817.2604458764436 544.2182208020508
-1830.0166062591982 529.2109417005353
-1880.216610188861 524.4897508721302
-1923.7271148757598 517.0473745139658
-1932.4087111838774 499.8125377985897
-1949.6702657432973 484.63063757511327
-1025.2346792350302 244.56052930480126
-1013.8560938985673 231.72358719979138
-1015.027617453658 221.90073412756118
-1019.0408274086377 212.68942633407744
-1878.2247081187018 373.4928992797819
-1878.7288527799676 355.136449455793
-630.9448078712575 113.09133220676969
-622.1278496446465 105.44163644655829
-606.3111406158132 96.86485825701516
-606.21212750931 90.97173440490238
-606.0559637270263 85.08918163259861
-605.8428406832899 79.21775301535533
-2113.548887673379 256.0314422382977
-2073.143215229495 231.24274939532964
-2038.4304965393487 207.85117458976129
-1132.1762174374098 104.62319374363776
-1118.1672555477917 92.66060986589483
-1114.0078171937867 81.70424243045527
-1115.7294087760138 71.21717764926224
-1114.3566107874367 60.54208448953196
-1110.8838753324176 49.80979347909017
-1097.3144120239801 38.795375555167844
-1078.6388927193923 27.913063484386942
-1067.856301211563 17.519131335749623
-1056.9745708310209 7.331890382378094
-1066.9965816470196 -2.700880148172822
-1067.9231159616932 -12.814772517214836
-1069.7579409082864 -22.758467955097736
-1071.4995514408986 -32.75227109610796
-1077.1444571339327 -42.93970733069153
-1081.6932486156682 -53.185673816190075
-1085.1459110628477 -63.461419016455416
-1087.5029551442244 -73.73820280274796
-1088.7654167346764 -83.98730453209402
-1093.9162602524116 -94.61086383380173
-1098.9631737036036 -105.33728135519296
-1106.888217609926 -116.4794991246145
-1107.7458636779213 -126.98071311996969
-1110.4885460954688 -137.75408883503835
-1118.082364777154 -149.250881318427
-1122.5878461358393 -160.47594121268548
-1125.0035985234158 -171.4960737432935
-1127.3111467397632 -182.5748570758851
-1133.4520522610856 -194.38735870712767
-1139.4701062273807 -206.32953500204957
-1139.4696225932305 -217.27627387094228
-1143.286004089735 -229.02644574923374
-1150.8965266831187 -241.6881976198539
-1153.48612462777 -253.43788251011
-1154.981662146215 -265.0327528928574
-1159.2786382996762 -277.3752670698095
-1166.3564378623953 -290.5454523081447
-1168.4484707375152 -302.6172024706494
-1173.3135372128502 -315.5318421222645
-1178.038844432224 -328.5627504888375
-1180.70125273001 -341.15326731805584
-1186.1051625709251 -354.68090352117804
-1191.3589078814334 -368.33809552034944
-1195.507954670032 -381.81897585200846
-1201.4081702376104 -396.0346051626259
-1206.1998636725816 -410.070590113758
-1209.8899939950545 -423.8988115466322
-1219.0705135877229 -439.86711959518544
-1223.3704228410304 -454.301451150839
-1233.1117063818253 -470.99418211279726
-1241.7164364786518 -487.5410663510908
-1250.1190682817962 -504.28792878498865
-1260.1716823453953 -521.9802017459817
-1270.8962600470963 -540.3551574643319
-1275.8869091434021 -556.5757765807781
-1324.500018173181 -592.5375109301043
-1367.0950716075988 -626.9506082509326
-1327.7051866245613 -623.9294330372934
-1209.2014093049727 -582.0618109229191
-1175.9177215586635 -579.6020290891686
-1149.929781359551 -580.1771263522677
-1117.815111902823 -577.1077677537179
-1100.8921454257827 -581.4305497132202
-1081.3471318513139 -584.062822337578
-1060.9745258245628 -585.8985027727448
-1043.2754834482273 -588.880518981455
-1029.0790008588208 -593.5826901042609
-1022.6400544521433 -602.6411195978229
-1011.837906514102 -609.0525847093659
-999.301692634362 -614.2679603382381
-991.8387652687121 -622.4924607657804
-980.9414466232327 -628.4734507492893
-973.3670222795656 -636.4948074718375
-964.0648211384535 -643.3195323035682
-956.3734461999059 -651.1519265146313
-946.1560159251976 -657.1855092198527
-939.9893711633983 -665.9759621036175
-930.4989031199436 -672.3658165705494
-926.6065792098607 -682.789314038379
-920.2021338371079 -691.3964368447623
-911.3362001734951 -698.1191375784904
-907.1539633652371 -708.4297331074847
-903.6408640687148 -719.3456671066746
-901.5558826926773 -731.5175940346394
-896.2395900298496 -741.1636777818561
-890.8216712962303 -750.7741004782936
-892.8884686528688 -766.8632098012886
-893.2269252008931 -781.738229905739
-905.3063931377355 -807.3347103549703
-938.4475328662902 -852.7251773327519
-985.4936354617539 -912.3876886852298
-981.3111905657934 -925.6507696050089
-954.6603761230035 -917.3873588951864
-903.6742495052422 -885.210625095032
-856.22716664799 -854.9707825966657
-850.094035809605 -865.2797988402007
-855.6388762578968 -887.7900165219949
-871.1341920113973 -921.3844037689427
-919.3826453349046 -991.2817719785797
-1004.0513297821384 -1103.6054218617808
-996.0887312356518 -1116.1645217015946
-991.2706251544612 -1132.434345869942
-1036.3899845899755 -1207.135783514676
-1027.3464768124209 -1220.0754962628773
-1005.4150532709396 -1217.5309321147424
-992.4382566855932 -1225.5591812176435
-975.0471620424878 -1227.9686607535596
-957.0872889832109 -1229.3689117863555
-944.0444435068777 -1236.8977680810124
-928.5490626807101 -1241.086877778818
-910.6950141582686 -1241.8673806760812
-895.2462924819173 -1245.668525650938
-879.8087097211637 -1249.2880509709444
-861.544690854652 -1248.6111266764215
-845.0551134050767 -1250.1851284141615
-831.9272006476297 -1256.561233216511
-816.5787112484115 -1259.444404622881
-800.1797916372224 -1260.46074951004
-784.3646631120321 -1262.1283909575714
-771.1897887455822 -1267.8810313805252
-755.4195236832478 -1269.2006709887035
-740.1983558633026 -1271.1991952393864
-725.0085740173416 -1273.023003563306
-710.8251911794383 -1276.4202080759749
-697.5997547625817 -1281.4193623303752
-682.9348033252387 -1283.6339253880437
-667.3693023415723 -1283.9109059012324
-652.7669155817051 -1285.7913337404118
-639.0782428945166 -1289.3021366067992
-625.8178748014273 -1293.569088830985
-612.1076567217956 -1296.796135320642
-597.9750348379033 -1298.9710765488999
-582.2178471240754 -1296.2497361582014
-568.6796957841888 -1298.9716715936504
-554.3578045851109 -1299.7139779565257
-541.9911445131947 -1304.919384203207
-528.0764606457687 -1306.2986839585492
-514.1845884978632 -1307.5317238794946
-499.95993363630964 -1307.6850021157147
-486.1271214155986 -1308.623865678822
-472.32168586405504 -1309.4182773516402
-459.5362115565194 -1312.900403788605
-446.727225952224 -1316.257871996605
-433.5835627167104 -1318.5405925271639
-420.74023074209686 -1321.645435899919
-407.8770571375021 -1324.6253456207346
-394.99525566289054 -1327.480225089552
-381.81995916743773 -1329.2488550987646
-368.913682361553 -1331.850853123742
-356.25022157962536 -1335.2938926035974
-343.05745301697624 -1336.6793122995152
-330.5886920205122 -1340.84753671257
-317.38122315702526 -1341.979939934778
-304.1820990913685 -1342.9825950444663
-290.78096035569564 -1342.8784133698105
-278.21864884787425 -1346.5583475784713
-265.4196194016804 -1349.1395130366122
-252.59665708053055 -1351.5990266464905
-239.57655382625555 -1352.9519854217795
-227.04856707690615 -1357.138514739127
-213.99574549099856 -1358.2454936099555
-201.0886341445699 -1360.2162920719159
-187.88969844061 -1360.08325525311
-175.0937468756692 -1362.7979233199026
-162.2631705918969 -1365.392128097077
-149.39910439017046 -1367.8654566906114
-136.60181828385896 -1371.2125813459938
-123.84409628281921 -1375.4357999615584
-110.77781578860213 -1376.5497722672822
-97.91378733229176 -1380.5321040273736
-84.73901115662359 -1380.4014995602538
-71.73092358549196 -1383.1412345099006
-58.98851230918037 -1385.7450542634274
-45.81568522128769 -1388.2441870894702
-32.553618980089766 -1388.6184724002842
-19.302469363069783 -1389.8659700404523
-6.030457285166007 -1390.9869278986528
7.255991652897288 -1390.9810748479408
20.57131385477495 -1392.8480969029927
34.02023166403778 -1398.5862947410592
47.445170254878406 -1400.1963990167542
60.94737452621029 -1402.6765192083176
74.50127391239768 -1405.0261777580622
88.04311919776916 -1406.24656769783
101.68707997850215 -1408.3336741573162
115.62354381113934 -1413.27817365038
129.57264043578974 -1417.088540229755
143.50447106161096 -1419.7659901495483
157.4992345573143 -1422.3062226939248
171.67512816282525 -1425.7011083569646
185.67213287103513 -1426.9712187269652
199.98601728093476 -1430.0844705443485
214.52419929458392 -1434.0430146676276
229.15616712778527 -1437.853765536434
243.37998006619816 -1438.5573277777207
257.6380948289469 -1439.1200825827254
272.67158525720413 -1443.471927885445
288.00659149448165 -1448.648060522545
303.2608599160608 -1452.6833277913572
317.5498888581534 -1451.6742293249456
332.73933246170293 -1454.4237816513246
348.24246765620455 -1457.987717273612
363.84389480185627 -1461.387566737659
378.53847239794584 -1460.7496790739438
394.5544341745337 -1464.792066633764
410.9512645700816 -1469.6241213821481
426.3622346223633 -1470.4340328242627
443.2642787074606 -1475.8718708688618
459.41849408088564 -1478.2552713575728
475.3526022856795 -1479.5120491230318
490.7225277592859 -1478.7005784639218
508.3883499150171 -1484.3524802656161
523.7931992106878 -1484.2899596981154
541.5413299180879 -1488.5526487130203
559.4205707963702 -1492.6100043111942
575.9886302520323 -1492.7280722959515
594.0870812638565 -1496.3824844856317
612.3097337650361 -1499.8255865055078
629.8803761821276 -1501.2110816606241
648.7222004078191 -1505.1513235213388
666.4847345457767 -1506.1232016729061
685.9803929421732 -1510.5336475891233
704.7786675102449 -1512.8939255025396
724.9794171482598 -1517.7380685452183
743.140603550181 -1517.84124445051
763.6132217123688 -1522.203615692085
783.3251343890716 -1524.5319720603904
804.5498108986833 -1529.2755153283836
824.0423492901753 -1530.2281550724156
845.5586102087069 -1534.449294275285
865.7597293051257 -1535.7828919197907
887.5636324950943 -1539.4673748644734
907.4877993014577 -1539.4268070028522
930.5905189578527 -1544.283097759525
953.8712603291604 -1548.83524582767
978.3914949851892 -1554.7730003253357
1001.4925932342836 -1557.8564072779204
1025.2929405997083 -1561.4731460887836
1049.2560779300716 -1564.774003786746
1072.8131736935989 -1566.9310432656148
1097.6551008504257 -1570.4169126626985
1122.6638672494037 -1573.5675521478618
1147.2466664016717 -1575.5716697218986
1172.5687619408586 -1578.0489531445094
1199.8575870266775 -1582.5731486583863
1227.342443556585 -1586.7156412680097
1254.3990304181507 -1589.6880425058257
1283.507844226244 -1594.6211505588715
1312.1935680056758 -1598.3654275804809
1342.3544331606524 -1603.2359700848604
1375.3282447265055 -1610.7129537125816
1407.2572138105775 -1616.1918618091388
1438.1093142488219 -1621.0276371088753
1470.0345466822155 -1625.9958276578734
1503.533581680239 -1631.9766446735052
1540.0107703740518 -1640.386182315591
1574.7028309792572 -1646.084746939207
1608.9380039465207 -1650.5585416629688
1645.5085550615806 -1656.6612795677786
1683.7564438906213 -1663.6265319045642
1722.2782595472588 -1670.0175438272693
1763.2398333018853 -1677.8978783756597
1803.7681999563815 -1684.4715138066645
1843.8360973262202 -1689.754256155851
1887.13434698626 -1697.105758762471
1929.981051037038 -1703.1292207692197
1075.7579748744122 -931.4900855586727
1088.2684371430287 -924.5841274423167
1086.1490803180336 -905.3596938920408
2116.43935350109 -1730.7340821027037
2180.180763867347 -1748.9530687993858
1079.0005129694257 -849.0505833056803
1059.2186818794476 -817.4960452244194
1062.8621850464774 -804.4954789172077
1050.2957124273073 -779.5786788110712
1072.9325238601064 -780.8615749562674
1046.0288553730509 -746.3569077371396
1060.3666554345639 -741.6593261346592
1064.8102858222364 -729.9726400401368
1042.5659623963516 -700.422882302234
1058.2854755018807 -696.649734329784
1097.5563252102093 -707.8178529756519
1295.2261180744629 -818.1768164998063
1272.23700839358 -787.0381150069886
1214.5668385593876 -735.6815851112858
1200.7781679437314 -712.002662487786
1203.0869524058614 -698.18535142953
1208.720835904118 -686.3628346955056
1210.7421212838492 -672.5537270353091
1212.6110309771457 -658.7674001895844
1212.5618775683918 -644.067304765439
1215.8941730775925 -631.2696411803418
1219.9114983776765 -619.0637577228474
1223.01724475161 -606.1796920387391
1224.1883975549017 -592.4211063862949
1223.4007232779693 -577.8405232267305
1224.2638011868585 -564.1649981197912
1229.5386893774612 -552.5745301078898
1232.8719453075717 -540.1321750030486
1231.481500975248 -525.713146835563
1223.4656385943213 -508.68146337269786
1154.0599608698606 -467.08736518670213
1230.9966832751093 -484.7434019826162
1235.5209963612624 -473.0928741277694
1238.997833431406 -461.051373224592
1242.3575097508362 -448.98643405530765
1243.7126204970446 -436.23722630740104
1243.9912576679033 -423.1805180367219
1246.9837017218126 -411.0968835203755
1242.237854866487 -396.56161177893784
1124.5843597504495 -347.3312796231742
1007.0806346299498 -300.64862439954305
958.949660436987 -276.4408594035755
950.9204365070152 -264.42262277140264
944.6825376532466 -253.0986034197391
938.3163274041304 -241.91624527266606
932.794577397074 -231.1174514800085
931.0447457549695 -221.37001016864082
929.1943436082737 -211.67633737947523
928.2213064950128 -202.25035517568725
924.2162374873233 -192.25073826848012
919.1246795006352 -182.15055183241893
918.838963714436 -173.08945305876168
918.4642529855488 -164.05004110849174
917.0148943387135 -154.86666381425698
918.4369600062862 -146.1969578835737
918.7880542222182 -137.36634019493403
919.0543595696417 -128.54214933645508
921.2192781803521 -119.9835051532956
921.3188238729713 -111.15585804322167
926.3033238947899 -102.88902828515779
933.2032735298668 -94.73990855569016
935.0373611722591 -86.17501501025812
939.7890567142846 -77.75299917093386
946.4593060203363 -69.39583595219214
952.0569548715214 -60.85683758433321
959.5742677985355 -52.32804772686025
962.019807203794 -43.43835341693899
961.384744326215 -34.40019442994751
961.6645101582322 -25.40413159561143
958.8605343489379 -16.354683368051244
955.9716687352416 -7.35993040439121
880.9987902153257 1.460013401531425
823.9500288302444 9.07468956160832
804.8330073289823 16.396045675296083
805.64394191557 23.95493382878647
812.3792180717257 31.764855503709594
813.0453032459698 39.41236950081948
812.6409832331631 47.01736242961744
809.1722908019503 54.41694403698171
802.6453104526734 61.52646266714544
799.0456011696547 68.77592057853569
801.3535842063233 76.53386884039793
800.6024732716147 84.02785128380576
800.774799867177 91.62816105151678
806.829364853438 99.97687737771051
813.7884140975439 108.57908215031298
823.6262384047645 117.74472137305382
825.4542947752288 125.8976061612355
828.1887465170586 134.2549818163309
831.824300953505 142.84373400052436
846.1946281136711 153.47524670632012
866.3308636420492 165.51385048152628
884.3531439762346 177.5486320402084
912.0098636129277 191.99481418186554
956.0729923105564 210.63103611371884
1026.1754099095444 236.16313873460126
0 0
0 0
0 0
0 0
2540.3192121529682 711.2118533647497
2498.0797809998867 724.429712090523
2422.0696986932785 727.612104539123
2371.062098046628 737.1251774337403
2312.4822959467183 743.280990563458
2274.886086651369 755.3160217816245
2193.7586063381755 751.7873217321414
2137.4282261538388 755.4399897019308
2091.569383418531 761.8487476830471
2057.959175615936 772.0155642849285
1916.1345075719037 739.8273777660422
1880.148372122288 746.7068359174904
1863.6508822107644 760.9036661989737
1855.35408227888 778.3349082310874
1848.731219188656 796.468379282709
1836.4437347567598 812.119701197209
1864.0949421885205 845.7890082681242
1959.2648961424159 911.7028390567009
1949.5386953530717 929.9993953336972
1944.1338246631083 950.3892212145477
1917.9514356626655 960.4620192592314
2053.703163402383 1053.1701271072234
1975.3436352011677 1037.0045915376827
1940.6533326734934 1042.628237860103
1255.794777064212 690.266961326012
1222.1024466054994 687.073220261751
1205.9280388809118 693.2665901663212
1188.8858632864044 698.7069515023741
1174.4228017606363 705.42971492892
1162.4975632346907 713.5092259203145
1153.914657686869 723.5502489636749
1146.0883058215557 734.0317399534412
1138.1671099559155 744.4297346389376
1129.3203455471403 754.1880117936693
1126.1749540133912 767.7883646897342
1122.8722502326707 781.3974082740605
1118.596477982355 794.4343392914676
1119.0319917269724 810.9817516390646
1113.6239575818036 823.4480439589624
1116.0628345184928 841.9072094990919
1127.7595650283456 867.8060632924137
1157.4328863268634 907.8491689972878
1423.3705580079543 1137.4094489655538
1395.951140145933 1136.3628004846294
1371.7479095853785 1137.46721823011
1326.2491631799564 1120.1603265445824
979.4577173954336 842.5714093384174
962.0098811992925 842.8392423676788
942.3998301950851 840.8635799273713
948.0688403799035 861.4676278890025
955.642828585563 884.2798110174087
1059.6776320612719 998.5085458367473
1056.3650079604276 1013.6019780746117
1056.4417638430234 1032.211121625921
1051.3050290719966 1045.966890416675
1119.0642588789274 1133.7302079859023
1403.1666999446793 1447.5424733548782
1390.0014281308984 1460.1890390610606
1371.9418939285492 1467.6022757149653
1347.0999226902902 1467.4419233100211
1325.0525207836681 1469.9240855108292
1303.0713390178198 1472.1280805114432
1280.503604359487 1473.3005529159223
1241.1447465350407 1454.4083739268244
1209.941795713549 1444.1249429967866
1227.3075041302964 1492.092587712124
373.7985972671705 462.9250573052788
364.62211050924407 460.0214305092586
355.5292675510635 456.9900873264149
346.52162425645207 453.83230815210834
337.001074087114 449.7491256957945
327.5833282762149 445.5313266600651
322.95048049209623 447.66838971489176
324.0827143285205 457.9207292462949
324.48505720044614 467.408223776201
323.61615687820887 475.2868428721529
324.29681051665074 485.68259047316855
320.4333254393645 489.4358833880801
853.9785358211542 1330.5193197983851
844.557985631124 1342.429815262868
834.991538342229 1354.2784539735092
822.9157795177878 1362.818263680316
813.1634735909666 1375.634095687321
828.2817301768249 1431.6652455987346
852.7644086208377 1506.371090863587
851.2086933915994 1537.0402598157818
835.3407902176436 1542.3105278116216
815.2370795596825 1539.465005809161
799.3977186063047 1544.371809988461
782.6354074270695 1547.3324849693633
767.2168934990664 1552.8046362403877
751.3300770114689 1557.223206665615
733.2974905877693 1556.957221730154
716.5889291022573 1559.2165682444756
700.7207128616706 1563.1249094575367
684.4417841433235 1565.9567184691614
667.7795596664156 1567.7010109366288
650.7616588202923 1568.3473031855735
633.7904765818796 1568.812809673007
618.6972850143811 1573.7517814178427
603.5672149384726 1578.5457285271832
587.7049125842135 1581.3196816976579
571.5041349087562 1582.9946379511823
554.9929395388392 1583.5614408863455
538.521443137436 1583.958223969677
523.0303915897973 1587.03503725451
507.52901636256627 1589.960784909504
492.3139390039689 1593.6909943468954
476.7873566272203 1596.317580107551
461.80921897477316 1600.7149169261559
446.7905365756944 1604.9717182637216
431.73262800191213 1609.087610392474
416.1366510252144 1611.1257826977753
400.5404275058672 1613.0131325979394
384.9454129506618 1614.7498348190795
370.02137028970554 1619.2606910343154
354.4056944168174 1620.7028116730512
338.99998062269265 1622.9735096845584
323.38756557783415 1624.1171393805441
307.9696006203932 1626.0933937181208
292.3661396448163 1626.9391630879097
277.10097146904303 1628.594194884322
261.7493339635338 1631.1319033633197
246.3744753392886 1633.5249058099146
230.97775957845116 1635.7729899286512
215.69103719822988 1638.8674066172503
200.12422214968794 1639.833618300644
185.00549504930495 1644.6269992924115
169.71177567237933 1648.2860532074303
154.27247603456547 1650.8070762927339
138.88439959246716 1654.1798945549544
123.44645903886254 1657.4091141751232
107.95999592868394 1660.4940949244833
92.37088144778778 1662.4357492127504
76.75476375628841 1664.2309654133696
61.076358751255285 1664.8800792854986
45.41978177063334 1666.3811218997616
29.74034483296265 1667.7348445988698
14.039434942130331 1668.9409499040119
-1.683571163200446 1671.9991523885824
-17.47336610773609 1675.9089120464946
-33.33695692557986 1679.6692077022017
-49.30218499234052 1684.278567979472
-65.20249496848761 1684.7387437374034
-81.21200972683141 1687.0464159222558
-97.2707669780651 1689.2017043241162
-113.37731397054007 1691.203886193745
-129.68275665671868 1695.0464249175932
-145.9849358128325 1697.7350790143093
-162.3492369884506 1700.2666629823889
-178.66972014138193 1701.6457125690413
-195.25812979714118 1704.8549095885323
-211.92279302729395 1707.9021429214001
-229.0595691914469 1713.7598179913743
-245.6163421075566 1714.496022885356
-262.2072666060788 1715.0721119938278
-279.1516568305104 1717.4616014597768
-296.1642497149685 1719.6836154335977
-313.24338953748986 1721.737081819133
-329.446131775534 1718.7103439085183
-347.5946165789319 1725.334165466315
-340.4401419895574 1612.4529480645722
-332.68922123735086 1505.6831944577468
-344.557168181281 1492.7506013580758
-356.9139868399039 1482.6454080453777
-369.1116164035564 1472.4403602984924
-367.7800432371472 1410.851459153827
-370.81395990210285 1369.692668864706
-376.89373581228205 1342.0831240670088
-35.482864031558734 121.94247151881872
-35.18383801951907 116.81651228407841
-36.27867579547977 116.48114732662307
-34.61349104347794 107.56814694779804
-36.56725787114128 110.08558330583281
-36.950605001581565 107.84550426428122
-38.62715248470097 109.37981116697752
-40.67752487383557 111.83174401813864
-38.92027128008539 103.95293398208904
-414.39664183014867 1075.9574449019326
-434.41689175633417 1097.1244068731519
-453.73951753107394 1115.229326296017
-47.421053794466204 113.491161140515
-47.30160226610617 110.28398987640544
-47.52901839976475 108.0045943928073
-48.12924663256283 106.64227875745125
-49.12802342616335 106.18586212033287
