-541.4516949774136 1115.5402556636338
-547.7668362671022 1102.412124881584
-550.440929233953 1082.040102502704
-551.3944943988847 1059.0562362531077
-560.8969872660379 1052.9214451590783
-575.5959740794927 1056.3608638261264
-587.002306501585 1053.5009692268059
-830.5417241864014 1458.0413040738865
-851.3122066470722 1462.235113384196
-852.8067963330466 1433.5077844672367
-864.2232824385493 1421.9754280897894
-874.9708143878885 1409.5059680502936
-885.0247707273406 1396.116096604798
-894.360834652124 1381.8229616851631
-896.8912007368511 1357.4664541125169
-842.5726585938564 1249.4480041162499
-755.120773416912 1097.2769101526947
-747.6307253086072 1064.7296833349421
-757.6481874125043 1057.6248030897095
-820.6986977074808 1123.091557969004
-973.4930059974688 1306.1211150861977
-979.7276405215547 1288.9122353356986
-983.8867725972972 1269.3316425221874
-989.0043780011831 1251.3573991048652
-994.4983653873104 1234.179079891556
-999.1219588088676 1216.2365359690243
-1011.2004331884033 1207.5175708533543
-1027.0987171980812 1203.2423800423821
-1086.3278263878262 1248.5659188106572
-1094.0846619294489 1233.7664902771203
-1097.6361487508993 1214.4809117294901
-1099.5667648670067 1193.7679546712186
-1103.9426007878544 1176.0441038352888
-1105.317390997101 1155.4542246057877
-1108.496827993143 1137.0922488211502
-1112.1335543425805 1119.4833439159954
-1115.5372406329468 1101.9077387699167
-1116.5547206942904 1082.2802574635164
-1120.2002009324156 1065.4893288207893
-905.0438509727854 844.7127487000243
-879.7916268130048 805.7392217024853
-871.6070332713247 783.508251106496
-869.268315424432 766.5856741416253
-869.7125348285944 752.396243187073
-870.7285686210447 738.9152588674473
-868.4930960494337 722.9244373476865
-868.3569491037506 708.9409065241098
-871.9370487754659 698.1509743406011
-871.4581711104372 684.2694323180395
-870.0024183667965 669.8505744088942
-876.3331322556219 661.5468549627085
-883.3884054113652 653.7781926500497
-887.1373753370225 643.5862625011032
-883.4377954584168 628.1669058105279
-897.5760383382287 625.4544391089174
-900.1799006206161 614.6349701397227
-905.152989996364 605.490763513897
-910.0336463239041 596.3076073289852
-916.5047834058871 588.1666277460223
-922.0566077119416 579.4243800313778
-930.0802105560737 572.2017143734977
-942.3329304598263 567.4580585126942
-951.1327886395673 560.5019343184467
-958.1526100805582 552.4306072221322
-970.3309791908064 547.2237118607077
-980.7450073495183 540.8689587681965
-989.3650138692824 533.4162252232627
-1003.2397974815411 528.6453525277568
-1018.0016005576738 524.1161524528837
-1028.3001198285597 517.1072070282622
-1049.3284622925707 515.2385643783942
-1073.118138162107 514.3126107218188
-1106.9477284552704 517.6395719684854
-1661.3615233693906 757.7294297226005
-1728.7990972786736 768.7117022970594
-1747.9594464474058 757.4052901685322
-1752.3191665136126 739.5820026670727
-1750.9484701836784 719.4640051881931
-1744.7117080014982 697.5830100873263
-1749.4025544474862 680.2350347435881
-1781.048724716828 673.1132446955418
-1838.8396563738538 675.5366149565009
-1897.837053238723 677.0816194183388
-1971.1949299325158 682.4855663003752
-1968.9758956005865 661.1073457040611
-1859.0745526084368 604.8692485519003
-1837.004580833186 578.6969586907207
-1824.1753587686744 555.9076006506641
-1820.6744678175821 536.2354727516301
-1824.6607376430113 518.8662568562945
-1828.4814418972953 501.46945733233684
-1831.1695874044203 483.79121753616477
-1841.4405779207682 468.0775555256068
-1908.8927317123898 466.21190333968286
-1935.5738518923204 453.53926386888037
-1945.5958607044886 436.6838064430144
-1958.404649319812 420.30968287983154
-1031.582367057147 211.2979412506753
-1020.7588309711601 199.12661548469748
-1018.6481235411015 188.81737315774893
-1026.2833464526414 180.2955706443387
-1885.193843751146 312.99388409804413
-1882.117918768998 294.3758479370465
-1878.8591179242592 275.8430985050634
-627.1210153216605 86.07108772363483
-617.9810779717461 78.92013221528858
-605.7837825476105 71.59615075064679
-605.4343488739091 65.80462904405549
-607.0198841895916 60.22341901996948
-606.5619047201621 54.439468607334355
-2060.366956033112 165.45998454867637
-2036.8904187968035 144.3655838965161
-1142.8437661408275 70.2362171037833
-1119.4845595417978 58.26938259074774
-1114.986266197111 47.55655782145337
-1115.3831766521391 37.09945068842645
-1113.6825851969963 26.59134123986256
-1111.8831761903757 16.118390267083566
-1100.9855773816832 5.635458945079423
-1080.9901984400535 -4.603354921567768
-1068.900625312349 -14.575774657608484
-1062.721106985363 -24.348485944820062
-1062.4451149910087 -34.34206795960699
-1065.072537637189 -44.45772791178652
-1065.6060121846128 -54.52363520535394
-1068.040608322789 -64.72448511565553
-1069.3797651570476 -74.90606031996201
-1070.621704730102 -85.11853711625005
-1076.7462894847806 -95.80411306805675
-1081.768777525015 -106.51437448548806
-1085.6903004094338 -117.22018425541484
-1088.512528094938 -127.89243988745636
-1093.2137492560612 -138.88015854507762
-1098.7948486018824 -150.10290032496408
-1102.2819741653686 -161.15349648734752
-1102.6937651469702 -171.82101241116706
-1104.9753992806702 -182.83699566696984
-1113.057051290466 -194.94614787826117
-1118.0577807973411 -206.6780075347264
-1117.0461594748751 -217.37497004584537
-1121.810624061401 -229.27259701710986
-1130.3607806640011 -242.11671882930756
-1131.9369657068899 -253.61132795338483
-1132.4228710532 -264.9291247024901
-1137.6533718923527 -277.4631604771353
-1140.8090873349424 -289.6267015556671
-1143.8361250646533 -301.87401179478616
-1148.6620933994911 -314.732259527203
-1153.3466957022972 -327.7077959289225
-1156.9288436636891 -340.5167407030077
-1160.3714826783237 -353.421875648507
-1167.488443680721 -367.62308669609973
-1167.783250183622 -379.8240126566202
-1170.7955304081474 -393.01758990699744
-1176.4972840678981 -407.2826298540846
-1180.1497231385142 -421.01737609757686
-1183.6472145515597 -434.8566102571446
-1190.7296095763138 -450.21327932241104
-1193.8988340199824 -464.2914753963577
-1199.6935827276423 -479.5824304143281
-1206.2304377314304 -495.40299866900483
-1212.6427792194654 -511.22743471657617
-1222.5357026309841 -528.8009604686492
-1231.2916349073412 -546.1958529751091
-1242.5598227193211 -565.0398985591456
-1249.957323325041 -582.4497316216213
-1253.5278396215701 -598.3217823994703
-1276.6762827705707 -623.9700866316573
-1349.5366090316566 -675.1532721414733
-1318.2947546678774 -674.8777221209486
-1210.1050602216512 -633.7205561017836
-1168.9158193252938 -626.0285994513966
-1149.0271610566729 -629.1554522962056
-1098.6401947791128 -614.8745582764939
-1085.0793251847772 -620.5665621482908
-1066.3274877890724 -623.033457195876
-1048.483011346184 -625.7190862667031
-1026.4118392332912 -625.5259677117588
-1011.2282468651186 -629.2046032429344
-1002.8184688097273 -636.9451456869059
-994.3523047561604 -644.5839697247459
-982.4947714375807 -649.913858982724
-975.5976985785321 -658.436124865785
-962.0378266893352 -662.3497716606089
-952.581736567969 -668.9424752227598
-946.3384025990131 -677.7459905940781
-936.7834237655223 -684.1321633706063
-925.5875177469687 -689.2051559521335
-919.1574699984544 -697.757511852105
-911.0666888108291 -705.0258779217057
-904.4905766362424 -713.4429176719311
-897.8367049442743 -721.7986223697079
-892.6527041844748 -731.3597949792869
-885.8332173358249 -739.6049696050326
-882.7457966810769 -751.0265364432145
-878.7668008171934 -761.7991269235711
-873.9141722637594 -771.9002652652403
-870.4362389163482 -783.3145945156148
-867.5585442706715 -795.4062938291055
-867.4542565070883 -810.2420088268286
-871.4954241345204 -829.2796426493253
-909.721735741434 -881.8703779578905
-956.7738527071411 -945.3088356595075
-951.9621583049937 -958.6287337417432
-924.6519950796471 -949.0224907741797
-869.2814203410909 -909.3480149259556
-827.0675812004592 -881.8391101143233
-826.7634076739671 -898.5005663500327
-830.2367992466415 -919.6890002477425
-845.9775354986085 -955.2476168155043
-902.4321986344468 -1038.7454581695163
-971.6380178969628 -1140.141904403685
-964.5917854646545 -1153.9405042783228
-961.808713264526 -1173.1210504838948
-1003.2380697137595 -1247.683603914474
-990.080488845344 -1255.6040879225284
-968.2995200035689 -1252.3118779125502
-953.9213300592046 -1258.2825978523579
-939.5174141164456 -1264.093362284585
-922.1452420750595 -1265.7030269847387
-905.4091392412397 -1267.910994738368
-891.0084080423527 -1273.1928435228626
-873.1961061759611 -1273.3674097286848
-857.6923608293752 -1276.6392654837675
-842.2057285882039 -1279.7318120345421
-825.6546775163879 -1280.964618362002
-809.1568321464703 -1281.9989161425563
-793.2401386541344 -1283.6865203109246
-780.4702614274244 -1290.3217315954219
-764.5896627254214 -1291.6670033926803
-747.7521195465547 -1291.0967305797174
-732.4738363550404 -1292.9339035911037
-719.1670321485226 -1298.0965988210146
-704.8758568624286 -1301.3646784865714
-687.3126404976404 -1298.2920835513714
-672.628887434068 -1300.3331803000367
-659.3216598920262 -1304.8903972354242
-645.5462362811166 -1308.4154756128821
-631.3296493977094 -1310.8958287336814
-616.6991669421104 -1312.3193732826269
-600.8489286335232 -1310.8564242356779
-588.2607026770959 -1315.458226507345
-575.2880836821304 -1320.0922773705413
-561.4991304726079 -1322.7576219695372
-546.9478811499686 -1323.4319080729315
-531.3156772737428 -1321.166019500632
-516.869469675064 -1321.516912989697
-502.8204174734448 -1322.6475826053706
-489.1433644049083 -1324.568899324851
-476.15040905944943 -1328.2325805191344
-462.80363288206735 -1330.8244803095413
-448.811911811183 -1331.3875723531412
-433.92050651210525 -1328.953345316636
-420.9243957602403 -1332.0779455624497
-407.03158942182586 -1332.2065475040806
-394.0239166258746 -1335.0689694269752
-380.99869517666133 -1337.8045426270915
-368.22187800710526 -1341.3775190291958
-355.1560562924051 -1343.861665380342
-342.0763686632252 -1346.2186887731805
-328.98405060556513 -1348.448550908471
-315.8803370725904 -1350.5512254819905
-302.98490858934423 -1353.5025471594454
-290.06191802420614 -1356.3307427438629
-277.112540962212 -1359.03555495854
-264.13795538873626 -1361.6167377507734
-251.13934158233516 -1364.0740563142424
-237.94620364976166 -1365.4221340554964
-224.75021216362885 -1366.6427265867271
-211.5525979226465 -1367.7359022531284
-198.4980135811129 -1369.6914026905304
-185.29139430346535 -1370.5313200350722
-172.46038303060553 -1374.2206577856907
-159.23067648886584 -1374.8096565215485
-146.11100510388678 -1376.2658079700782
-132.97804222031073 -1377.5967625859364
-119.91956704898124 -1379.798643802343
-106.83117934734966 -1381.876658432023
-93.64648884890474 -1382.8327213102357
-80.5113265692606 -1384.6613038191172
-67.3012742859386 -1385.3662109635447
-54.492624273587786 -1386.9299023021233
-41.28271271425269 -1389.3868207345831
-27.97036698569675 -1388.7183510599568
-14.706306624366269 -1390.9222568301473
-1.4016334085984596 -1391.9992943330783
11.930857974479618 -1393.948942618772
25.28239507226428 -1394.7708774201624
38.73380716363387 -1398.463689976472
52.25817047446615 -1402.026420442447
65.80741901309436 -1404.459107130868
79.35161900953652 -1405.7621849233835
92.86085419739425 -1405.9366492689956
106.53157654822746 -1407.9755051840032
120.24978098200411 -1409.8811971842806
134.10867749161812 -1412.6485276322094
148.135512708642 -1416.2739388531259
162.47100350746527 -1421.7468737504848
176.6786097359882 -1425.089705549008
190.5674110017999 -1425.3168285907773
204.33470203405605 -1424.4185935126843
218.40515297939535 -1425.3642303467725
233.31689172340938 -1431.1055963962012
247.50662762553142 -1431.7644601265379
262.2695501789951 -1435.2336684487677
276.7430690004993 -1436.5870226896054
291.06786267340897 -1436.814357987396
306.6697439561939 -1442.7677110823636
322.194723599487 -1447.5771344162115
336.7066857694225 -1447.3508931002777
351.24373919557854 -1446.9792105195943
367.27549012076446 -1452.2784562047846
382.4228012472928 -1453.5342448962713
397.10026985641014 -1452.7034713526248
413.4341280332691 -1457.4969028362875
430.1778852327575 -1463.0693719221492
445.90083036376797 -1464.6274097806931
460.79162818880087 -1463.1565450733951
477.2424841992164 -1466.289061295678
493.7952061834854 -1469.2400397314964
509.792559397995 -1470.1182083024623
526.7652398916794 -1474.74553128391
542.9408129846158 -1475.2624422778492
559.5287974560537 -1476.5393746247955
577.6440377867212 -1481.3599716508654
594.0415857526278 -1481.327308327401
611.6345558485633 -1483.8895410683137
629.7207369415074 -1487.170734470607
647.1281083563047 -1488.406601495435
665.4316356253283 -1491.271182015196
683.8490592348711 -1493.9208359828112
702.3779330843101 -1496.3536477438122
721.0157848580614 -1498.5677288616332
739.3179405215457 -1499.6642900406011
759.9606467752283 -1505.010237623976
778.9359324099647 -1506.5439964370835
799.4132241080036 -1510.5030609440175
818.1324449992687 -1510.689677743089
838.8666662055875 -1514.15445590241
858.7558296096043 -1515.6194855937686
879.7521139009315 -1518.5720984157592
900.8831782698919 -1521.2604967954496
922.1458775661298 -1523.6823751975976
940.9073330108017 -1521.5828569902135
964.5193781194534 -1526.8720867289646
988.318274884419 -1531.8472468002435
1011.7499971543442 -1535.6701935175352
1035.3448546149689 -1539.1835602105127
1059.665115027924 -1543.2089437250086
1084.1566295181897 -1546.9083368680122
1106.4883722535094 -1547.0253656833747
1130.1001867169155 -1548.4710420225472
1154.4376565926625 -1550.4072681204902
1180.7297020170856 -1554.4070801352661
1207.203269217055 -1558.0440516210233
1233.2337790137403 -1560.530501560123
1260.6767177331087 -1564.2171247514443
1288.302311903893 -1567.519745694798
1317.390341398199 -1571.9680939480725
1346.6805289761817 -1576.0014444398303
1378.1382239825007 -1581.8783251560023
1406.0229402864254 -1583.9897384100425
1437.0026352951463 -1588.4544142514146
1468.1902321551238 -1592.474000479846
1500.2648154494186 -1596.773773433332
1535.315965713492 -1603.497703592134
1569.9273071556158 -1608.984850844506
1605.4821235063898 -1614.6690531193733
1639.858557597041 -1618.4189541264502
1677.3202330227075 -1624.4450855269472
1715.0395255489773 -1629.9065696550645
1751.5464288515484 -1633.435063777372
1790.4838200934012 -1638.4433740546972
1833.3897981072998 -1646.2010351703934
1872.8472963145894 -1649.987577131153
1916.319933903245 -1656.4440560806943
1963.1292349657817 -1664.8121836479527
1100.840627283625 -915.846009611766
1110.2053394927798 -906.0535879084204
1114.7991651533177 -892.416282557342
2153.5242547206662 -1690.8510532657208
2188.3935496177096 -1685.1046471930463
2264.0444916710053 -1709.5822705369228
1117.9334258578715 -827.7112149473888
1083.609365062465 -786.5823186093883
1081.2035161459733 -769.3685441149672
1080.2106199179461 -753.4149033676508
1158.2679410729327 -791.7224113808256
1090.9079025612857 -730.6770477641517
1078.522196701426 -707.7357354424956
1068.3260750686134 -686.7163878403453
1075.6024341954362 -677.1413468049728
1143.2320635844924 -704.747790909871
1307.3631775111537 -789.0060342531859
1288.0564995739603 -760.8721665991447
1228.512824601909 -710.1529692880539
1221.2297955879083 -690.6567789925152
1221.5649305632714 -675.7182256073529
1223.486597588099 -661.7866314170282
1227.9065888318255 -649.2814559983905
1231.3112933320704 -636.2927776683499
1233.5875847950915 -623.0454803940183
1231.325583838337 -607.4259679871932
1234.2851872387732 -594.5082645034857
1238.0159305309924 -582.0142229804021
1242.5299357614128 -569.919607257672
1246.0131954753115 -557.3832763022259
1245.7041744908342 -543.2330159849538
1242.478595203517 -527.964904573301
1242.7726766460826 -514.3355657369337
1242.92067787503 -500.7476295607159
1222.4407729563568 -479.1738271377778
1202.6015238686598 -458.3869269392148
1243.4340828662582 -460.5949213425472
1244.891141382169 -447.85605512061596
1248.1070172978757 -435.78994179742205
1252.1532924166188 -424.02374024365827
1254.1883621060908 -411.59634638519447
1255.1475571957055 -398.86540294396696
1257.890151526447 -386.7406969699109
1224.0902346217943 -363.7747895381987
1044.830684710699 -299.8296854665525
992.672057343509 -274.77661212229333
964.2949483381386 -257.17552879219795
956.9866163511768 -245.60255724386383
950.5176252527771 -234.42961434900076
943.9238669664852 -223.4003880279468
940.133201194728 -213.17965196367368
937.2115593271025 -203.2621289460018
935.1661791907321 -193.62132449140879
933.0226933204893 -184.03709883873995
929.7991118785603 -174.32616427214975
925.4912567316666 -164.51727481708534
925.0263267648393 -155.46798638931648
922.497844892557 -146.12914209214966
921.854092499162 -137.14602488787781
924.0945042152986 -128.6015057418906
924.2722342326485 -119.76993373375457
926.3514180089874 -111.18475773566443
926.3628824039681 -102.35140499383463
930.2699838503077 -93.92953288049634
937.075882960444 -85.84747855297879
938.836842576228 -77.13224372140837
941.5140336421222 -68.46403767629272
946.1070458171341 -59.87869283121845
954.615695584768 -51.42833599495117
959.0523096615276 -42.645836055696776
966.4059636914135 -33.88972324570654
965.681757904398 -24.794000295872852
966.8717694721421 -15.747425116792972
964.9770175950677 -6.6599934931252776
961.9970360755276 2.388007935525549
951.9329758809417 11.296434413318604
836.811024243462 17.785097823965103
814.6176107024211 24.96293919951754
811.3498985429411 32.4860298337467
811.009333196364 40.09814794213207
810.5973522200627 47.706735099183724
813.1070238818903 55.51547274350613
809.5592947762059 62.9106369499804
803.9521932784704 70.07047111827482
802.2639039684599 77.51534292825949
801.5011924190803 85.04021725508703
801.6612869995622 92.67243887049499
801.7486339258412 100.31514341338216
805.7272684577391 108.50146940770152
812.5917044481073 117.19949599772102
821.3399032106746 126.33987254180492
824.0658126092799 134.68680888864813
826.7070476760324 143.09597241983573
832.2137938856096 152.1058883361199
844.4974535829999 162.5547627472934
860.5777125541885 174.04022711718284
878.4717349673921 186.25630422452804
902.0681337705811 200.12266747088196
943.9890034641579 218.73673980094452
1013.8249090863764 244.96541330563505
0 0
0 0
0 0
0 0
2550.6496085296517 744.2012997217453
2489.802899444447 752.3845572033115
2429.0381655929996 759.472573627643
2385.498416578595 771.0034400059541
2334.3754291978853 779.2383175622128
2289.9356922574793 788.8463255446263
2250.240861083751 799.3497777000118
2170.1779458961482 794.3857269274008
2133.466521761605 804.1894058755317
2059.47646382012 798.897800078943
2048.019350602471 817.0934705147466
1893.9195011083875 776.7096776282348
1862.437492857671 784.7085989066468
1847.4981948942784 799.3243521014375
1838.847998445547 816.5672284709972
1829.1270527327529 833.3032010986111
1821.0663726783278 850.7745096676312
1866.9534077507471 894.0833145115013
1940.0029560815485 952.0029046147146
1923.653126515616 966.9372517628517
1921.4219756282332 988.9684482191012
1898.5962367457514 1000.3241123830165
2035.048634085605 1097.2333648346248
1947.3967556589064 1074.161010300209
1254.1888637271772 707.5381926813081
1227.4353377012685 708.0194148200832
1202.5121507023964 709.0701851108232
1186.2479493517633 714.8711790656668
1169.9837444143532 720.4262889471547
1157.108581419452 727.8658741866273
1146.7227103377854 736.7469209949666
1137.94537138809 746.5931500733326
1128.253939320586 755.7824081093577
1119.3165377597945 765.419158564395
1114.3982466314612 777.8158830370621
1111.7884539868046 791.9289321534039
1106.583418248112 804.2991598020753
1099.636728669974 815.4508354033356
1101.3503911927849 833.1796419857484
1101.2411419533748 849.7934733035005
1107.4624324694162 871.0958389688954
1120.6365358503008 897.9252499609516
1416.1880335745377 1155.8526954418908
1391.1017592175283 1156.4241849347054
1369.937402274686 1159.8691796271187
1329.891293042998 1146.7018569307468
958.0665122884516 841.2690164456566
954.917738233482 853.8694942478335
939.0493404028595 855.0358684224626
930.5712618978441 862.7850986948338
935.1185917673811 882.8075777489623
1017.2406687624087 977.8253534327116
1044.1190226593694 1021.9278186451543
1041.2406966152485 1037.6501393592118
1036.0574514168447 1051.2663589041706
1038.3633687131776 1072.7770106199243
1114.774927082902 1172.6895846503073
1377.1290221497725 1475.072763070626
1360.398899031788 1483.7398139542859
1335.5950623616932 1483.3077325339693
1316.2097414579202 1488.5432195577241
1293.5608737933103 1489.7749044037114
1272.9438748150308 1493.0029777501768
1249.8066972262257 1492.914002737088
1184.8668457455747 1441.5431168899988
1172.4537638851814 1452.9422464611148
363.25474899042234 458.5531455959116
357.87923857443906 460.2297802156872
347.6493714660355 455.48755693132875
339.33314219980196 453.0000205351088
332.27491903998276 452.0114801384727
324.6773194791713 450.12180375518375
317.14106312264846 448.13228636356513
317.6513853093115 457.54409340639
317.4545772659063 466.1744216201965
316.5722910224495 474.0063127815889
317.7658314090605 485.20601437833454
313.9199664960492 488.89186394858257
843.2696219367094 1339.6959896628487
830.6353439234333 1346.3910744747232
818.633137002144 1354.8906919017595
805.326371566885 1361.680371915126
793.968080548764 1371.8016208875506
785.9397066616461 1387.9206668583784
798.5126681753367 1441.6246109037902
828.7160976763339 1529.9770029160925
821.2884030302083 1550.9707795597214
804.3456130866108 1554.1969420598937
784.7076702524076 1551.887519199455
768.28473706675 1555.6232072035552
751.86120530461 1559.1875217426218
735.0129956307928 1561.6759895233865
718.184799709288 1563.9858034734618
701.3784844578024 1566.11756312854
684.9960217580639 1568.9883524665267
668.6218453263549 1571.6898001680802
651.4921280320561 1572.374639553902
634.4090306605615 1572.87672174787
618.105092277067 1575.058759190005
602.8860400119306 1579.876394772304
587.28339156596 1583.6095535171487
570.9862379485018 1585.3074515920932
554.3793335817999 1585.8951902623953
537.4910772607473 1585.364103878059
521.5986207893426 1587.5061822842315
505.7135795038457 1589.4897846495924
490.1317231279066 1592.2709863536636
475.39793759104623 1597.77526609163
460.0516389253963 1601.2209371358024
444.94970845810224 1605.4830291669389
429.5503160544406 1608.636542534556
413.882139081745 1610.6739505403068
397.25476066109906 1608.6757458021468
381.39363465494694 1609.426884156186
365.9964898930592 1611.9725709161307
350.7974643699816 1615.3483026863253
335.16130775033787 1616.622373279265
319.9198546047107 1619.7074694616
304.09644610907753 1619.7003894127547
288.8273798140322 1622.4927564305983
273.6052038060759 1624.114895089087
258.2072859408348 1625.6214188694328
242.9527881824127 1627.9711123709756
227.676928427756 1630.1776640175458
212.3810498302455 1632.2408797947082
197.06649730344768 1634.1605782910535
181.6242075502503 1634.9427045715527
166.3867582075316 1637.568760905382
151.02426920149077 1639.056945353686
135.81332314924333 1642.3942100650377
120.47999338067251 1644.5928283909648
105.11736672197071 1646.6482135579047
89.94416965113406 1652.5540978575461
74.53448980059476 1655.3228113664613
59.08078710779318 1657.9476652158608
43.58440619054325 1660.4280771948595
28.06356383749338 1663.7633354491074
12.469023277746771 1664.9533096932475
-3.1453667377115564 1665.9970308101047
-18.766969094848243 1665.8942946270608
-34.42820215539916 1667.6446560632594
-50.12390732037023 1669.2476131224328
-65.9314667800444 1672.7011214464562
-81.85693879243122 1677.003411317798
-97.69451930289955 1678.158747228097
-113.76337966741461 1682.1575114853686
-129.76213604924374 1684.0079536771607
-145.7194039722273 1684.709724346001
-161.79673867111376 1686.2555605113334
-178.12553360163574 1689.6367344133864
-194.5319179294294 1692.8595136356407
-210.7674079921667 1693.9380448317063
-227.30574045985244 1696.8429804651926
-243.91702467348935 1699.5862687943886
-260.7510147052512 1703.1552801580312
-277.67330357262534 1706.5575104528605
-294.17270178192877 1706.8352063179152
-310.7016778439039 1706.9532704163237
-327.82357479532965 1709.8575097967698
-344.4346655191234 1709.6493094166212
-362.130806376028 1715.1881176924728
-379.87932488727904 1718.514387057375
-345.2787200259219 1494.6366131930733
-365.51905029917157 1516.5737119798666
-373.5431338340467 1487.8244275335176
-385.09876069496846 1474.5422830530156
-396.43642540282764 1461.1756090948918
-389.94180046723943 1385.1593382164983
-35.8516245255489 122.87660891674648
-36.43609804500629 120.61679302342063
-34.8933752598655 111.67565698474402
-35.950097302344524 111.33997711492472
-37.003590841594864 110.99429834377908
-37.72851544568267 109.6930222131968
-38.766321842659046 109.33056430290377
-41.8593009711107 114.59406146136007
-346.3628891802232 921.0259220015082
-335.5895484812731 867.3405645708814
-368.1920585895331 925.4461669873629
-40.116686639545094 98.11550057490683
-45.30402474350984 107.87282021917962
-44.34457346804133 102.8472595839942
-46.12644513535609 104.25138396767203
-49.17863628343165 108.36263993324424
-44.29704815176925 95.1985899319934
