-533.5821060202628 1117.109724304189
-543.477580361044 1111.2160544398666
-553.0473346961661 1104.248000036888
-553.8656374119181 1080.291097665018
-556.1402292713638 1059.9608697428387
-562.8105566010578 1048.4961980753233
-578.4579682854172 1053.6557212520165
-591.3154297687156 1053.3803028903849
-837.6445943798311 1459.739885563948
-858.974958115954 1464.7068038790887
-864.539223378418 1442.8083487560784
-871.8556107425325 1424.3481997098763
-882.6117580619756 1411.8149611513363
-892.6711343324251 1398.3630594125625
-900.9174517682263 1382.3341654966955
-903.4021898290043 1357.9489988258615
-881.9151335908649 1298.89402845013
-768.8439718069537 1109.6751538248066
-750.9996117391295 1062.3561470465902
-758.6547963635596 1051.9752373295514
-782.7728280156595 1064.099478300956
-978.8256674047614 1304.6307189506247
-986.2361328314049 1288.9791659672997
-989.7479679050663 1268.5739868166113
-993.5857628198476 1249.0009335151442
-999.6625753477092 1232.576056659055
-1003.606707178748 1213.8363058113853
-1014.3758348369042 1203.5437946742668
-1028.2983678396229 1196.948815404555
-1086.3246661178757 1240.6045783342436
-1097.9872511514734 1230.2946786476934
-1103.4962218168073 1213.2172470073247
-1104.0224440215964 1191.0123605977317
-1106.2888803072076 1171.0874917394622
-1109.6654028512899 1152.6676423474742
-1112.7934301636533 1134.2891085541685
-1115.6740497814876 1115.9549339664998
-1119.7357085378783 1099.0691256809898
-1119.9773494757242 1078.7380296723256
-1126.4766610328456 1064.683207413497
-1006.6984858017041 933.6418792473676
-882.2047088476414 803.0964149384856
-873.3877854989631 780.022292079667
-873.2392060714678 765.097568274578
-868.336291881052 746.3357717557592
-873.0956724585227 736.1168023718791
-872.3450981911221 721.4139100834703
-872.1712733516252 707.4222713063286
-874.1587243208585 695.367186955014
-876.7847232842034 683.9536161286397
-876.8902444870907 670.7305711859048
-876.0241850288498 656.9677520583027
-880.6162053340323 647.4288369412421
-882.6723490405116 636.1081073522844
-886.2268246498116 625.960873594438
-902.0020427926233 624.3407041014821
-899.6180654681853 610.128131037473
-904.5423815761166 600.9984026040395
-909.3744973122924 591.8302321088502
-917.487242083787 584.7744527708837
-923.851083758894 576.558908557935
-930.1415612607422 568.2751763146347
-938.9327226805717 561.4635716408044
-951.130490873044 556.5561870391905
-957.2441715986303 547.9895947373928
-968.5160747052412 542.2883117286889
-977.1340928987779 534.9812749011712
-989.2270373396177 529.4467570929892
-1005.7329389658871 526.047769198805
-1016.9196958696812 519.652126092365
-1034.3384541383207 516.216972106448
-1050.883666129637 512.0590984075309
-1073.7637743843773 510.63916498817076
-1114.8525974992801 517.247219276342
-1658.165852706464 750.257292479217
-1719.2028532515478 758.2760377143256
-1750.2183716080228 752.1706267102973
-1754.5195959547568 734.346639817162
-1752.1577555861534 713.8677745488262
-1744.9178255150443 691.6579951101908
-1751.411638607769 675.0453852514286
-1769.7683361972695 663.3400607482929
-1831.404977248081 666.7509349906874
-1874.4024342897885 662.3892468394357
-1971.3981946723623 675.7552501035789
-1974.8561160487607 656.1282808299028
-1869.5988713627112 601.5779751613891
-1843.6985065662318 574.0529739365925
-1827.023084639426 549.9551328923451
-1823.5020992513241 530.1330908611673
-1823.6217234357628 511.5073897933225
-1828.3793370536698 494.2317268601674
-1832.9732975733896 476.91182663353385
-1840.3135473300922 460.2771420713095
-1893.2042350142763 454.5181234274481
-1937.3755087076108 445.78036998047105
-1944.4360449652984 428.0764733545957
-1955.249157596345 411.1018507849161
-1028.5507855513085 206.11715489445888
-1019.6492390786976 194.31785622076265
-1017.5057999288671 183.95093669540375
-1022.1576324691134 174.82212212742647
-1886.6118623453276 304.32988820997303
-1883.4744061245221 285.5681380579402
-1880.1513469460751 266.89307330251035
-622.5739356678775 82.375327780893
-623.3254030045347 76.48164465565837
-607.1287879010131 68.6704805709607
-604.7672398858014 62.6145794596562
-605.3325532658088 56.8902448289408
-605.84368502947 51.16081811222678
-611.2866140109189 45.80038789208846
-2037.6447147974154 133.29672260847127
-1137.2232300542153 63.59500786270363
-1115.7976702919846 51.81272981594226
-1115.2386022239602 41.217230736030025
-1115.5786358897126 30.664428030665817
-1115.8188172456435 20.10888063849191
-1111.95927129991 9.517298470316442
-1103.9995508576137 -0.9958444593115903
-1081.9419027790027 -11.21244892747873
-1067.7941328348452 -20.968783547951013
-1061.5550302922372 -30.73951302878887
-1064.2204851804418 -40.740138957851386
-1065.7926124762037 -50.7455140002419
-1066.2721279847426 -60.72683988887095
-1066.6580849071113 -70.72149533411987
-1066.9502765912773 -80.7286026250733
-1072.1305237888637 -91.17093813390689
-1077.208293229608 -101.71672919119402
-1081.1874549167062 -112.26169128752338
-1085.063204226798 -122.88955542711662
-1087.8417861353025 -133.4775199722957
-1092.499681098793 -144.389912386689
-1097.0481571560404 -155.40058198261605
-1100.4970219373317 -166.35896341064398
-1101.8618341455672 -177.07766220889204
-1106.0796245836934 -188.33975703710496
-1113.1353146496376 -200.2267996044796
-1116.1347081987153 -211.51669710490663
-1118.0391986954303 -222.68441836033446
-1122.7687669530692 -234.51928695671228
-1129.3281287549842 -246.88859350477475
-1130.8792363322445 -258.28695830916365
-1130.3700895660184 -269.2720940136788
-1135.5777251095362 -281.7148030101556
-1140.6509671431127 -294.2777109389727
-1141.724326673679 -305.92411131117905
-1147.4967230146462 -318.95496652450566
-1152.1637390996511 -331.8429120893056
-1155.7312425649036 -344.55956663454316
-1159.1612317761899 -357.37128976333054
-1166.2635657838734 -371.49063935055614
-1167.5027667928166 -383.89880115873996
-1169.558604150308 -396.6833390224289
-1175.2529956629403 -410.859338685742
-1177.9613694900881 -424.15918237029365
-1180.5233791520766 -437.5449134378807
-1187.6096113426652 -452.7962135956128
-1191.7200899820127 -467.12228284814637
-1199.3763722856513 -483.0582962779034
-1204.0868158229998 -497.97985899153485
-1212.265307183229 -514.6861422264558
-1220.2355439057212 -531.5883909465185
-1228.9075883556425 -549.0921045525228
-1240.085269116465 -568.0532768326792
-1250.1091791796039 -586.8458401751665
-1257.1851297341473 -604.5746848614614
-1286.4656753869779 -633.5314246753092
-1346.5647818525465 -678.8426093538942
-1315.275943188709 -678.5640671808753
-1196.5590777630737 -631.5499769794809
-1163.323383509632 -627.9830454556092
-1145.1447289843106 -632.066095973712
-1100.8643697993991 -621.1228858335296
-1081.1486006484954 -623.3953026096686
-1060.6261754249224 -624.846473946602
-1041.0292064072814 -626.4847894458617
-1024.0513732113195 -629.3828604466528
-1008.8053572784542 -633.0819466121985
-1000.316635238597 -640.8670917319221
-991.7707421717655 -648.5489919597943
-979.0099444988549 -653.3517648038835
-969.552844262778 -660.2244180443172
-958.4105782034712 -665.8364390656972
-950.5121135340778 -673.6109574709874
-940.9312957157199 -680.1244715070444
-932.9219248955808 -687.7046473953222
-923.2544939604637 -693.9928957718574
-915.9324135546864 -701.9856222173548
-906.9656908012831 -708.6707526837489
-901.0829936221049 -717.741902500492
-893.5572274565724 -725.5042944463688
-886.7355520078415 -733.8263151491288
-883.658425423729 -745.3078472535065
-878.1687412950392 -754.8401564651197
-875.5868160791936 -766.9704867257282
-869.8703239148354 -776.4545186759489
-866.2722145636593 -787.9171595256531
-866.2027288563019 -802.7788191786676
-864.4763147227052 -816.3343073051936
-882.8140855626747 -849.2728008903491
-920.3206421712741 -902.5136650452743
-955.4682455069828 -955.1342480655836
-944.8602977974284 -962.8291736575885
-913.3867002839294 -948.7959399915429
-859.6138141126886 -910.2571562952065
-820.2602709152503 -885.4502176622017
-824.5057157215347 -907.3402475050469
-825.7439294174434 -926.4059385767343
-843.146137506235 -964.3990827496243
-939.3077341726955 -1095.422284109355
-966.0859336000419 -1148.7728099585815
-955.0206429143087 -1157.9881569375138
-975.9375667114479 -1206.751783044607
-994.7611284411856 -1254.4525887184493
-980.2255046165134 -1260.7802981087948
-958.992165520606 -1258.1963386014515
-945.0818433856125 -1264.935298465045
-928.7673737821109 -1268.2961662789494
-910.1435770133847 -1268.2112084433259
-895.0588669843015 -1272.7944156983006
-879.402894759196 -1276.3818193194177
-861.5230616476607 -1276.470921818919
-845.3773316742119 -1278.837818916609
-830.8961100590396 -1283.5313218962583
-814.2614565396788 -1284.6864521718446
-797.6815081510131 -1285.6411674934516
-783.2347422318664 -1289.8156219246928
-768.2706708633525 -1292.971838939725
-752.3132691518151 -1294.2309473421303
-735.4142831024548 -1293.5647769666978
-721.512934059079 -1297.9383983785435
-707.5954884605011 -1302.164592019897
-692.725476346239 -1304.477065502064
-676.9554087157566 -1304.849176958963
-661.2422555772414 -1305.0393401883034
-647.8050429736288 -1309.5303075140853
-633.9078240206042 -1312.983195111599
-618.7257382504633 -1313.5762105132762
-604.4256956998174 -1315.8166963440583
-589.3367124330621 -1314.9765166643056
-575.9952965471908 -1318.6926929180709
-562.6365975369661 -1322.2741996696548
-548.8792077563194 -1324.797197797759
-534.3769549130143 -1325.3234586537333
-518.8192406170288 -1322.901204007907
-504.78122160759216 -1324.0411316542802
-490.76862388317494 -1325.034021379004
-477.12135536864344 -1326.8214696224916
-463.4846060546523 -1328.469427555773
-449.8597924498049 -1329.9782581444776
-435.93694156917684 -1330.3980543338569
-422.34928253886693 -1331.626855969383
-409.36428154654703 -1334.6298681634094
-396.0762721882877 -1336.547637239103
-382.78888842657426 -1338.3335409744268
-369.5034349615 -1339.9877654484956
-356.991143579265 -1344.4100280070693
-343.4383881416093 -1344.8397947527778
-330.86266054120335 -1349.0184950027915
-317.7805845661663 -1351.132673009126
-304.90792964884156 -1354.0956961888835
-292.00765959052853 -1356.9360805655003
-279.0809427530248 -1359.6535688888118
-266.12894989338065 -1362.2479150391996
-252.78808049293661 -1362.7524303264686
-239.6347660006231 -1364.1114979809483
-226.80577539155004 -1367.316766608615
-213.62897701832944 -1368.42524829751
-200.4516360614636 -1369.406857584802
-187.5457973200772 -1372.2432633857513
-174.35216079158874 -1372.973897795331
-161.394675979584 -1375.5641601050258
-148.29659685294124 -1377.0378060757214
-135.18508668357325 -1378.3867354042386
-122.06133296503805 -1379.610825919686
-109.0051716097408 -1381.7068692607456
-95.92016343267628 -1383.67927000698
-82.80748014073245 -1385.527668880251
-69.71845482873803 -1388.2504590513533
-56.843698554600635 -1388.8372092994318
-43.48803159102377 -1389.3195424769417
-30.150019590651404 -1390.6732097508327
-16.777934119472242 -1390.8988104555567
-3.406745042924407 -1391.995831203604
9.983987993648674 -1392.9642206401938
23.42658914128782 -1395.8034227358828
36.951097492128426 -1399.5122780433644
50.51307597964485 -1402.0903783833176
64.08242456575962 -1403.5378309335924
77.73948012866578 -1405.8522586777476
91.38213858177276 -1407.0356444483637
104.98032548718281 -1407.089240688239
118.83994110859125 -1410.0007334740314
132.7652155920803 -1412.7754236002227
146.85792657747098 -1416.4069857923485
161.14538365372056 -1420.8913277682764
175.28810949004213 -1423.2463169358307
189.22742303174152 -1423.4777772669183
203.3286654885745 -1424.5625482198511
217.46822041341812 -1425.50747914917
232.44623846698747 -1431.2472694201197
247.04524041427564 -1433.8736517520128
261.3576392622785 -1434.3835555384928
275.51392248492084 -1433.7684884656146
290.07878645990047 -1434.9739710691451
305.52245051350224 -1439.944454564906
321.3053059080163 -1445.726080692797
336.0957636554235 -1446.4662587329433
350.93007265486006 -1447.0553148053652
367.0317634046605 -1452.3400719707713
382.25001317227805 -1453.5796942134937
397.5259112164975 -1454.660493005668
413.1306796465655 -1456.5435254515282
429.65458575775443 -1461.1385755421463
445.43084125398275 -1462.6798575422338
461.276290595803 -1464.0523159143518
477.80846474536486 -1467.1564575796535
494.12395120604396 -1469.1295112564198
509.86556516214546 -1469.0344126200332
526.1574955308641 -1471.7769158050714
543.7403525180656 -1476.0336815410176
560.0346753427852 -1476.3475750695368
577.4760513007295 -1479.2786790101848
594.2800789194071 -1480.154109476288
611.1540820031677 -1480.8425601835145
630.0478337767526 -1485.9460714148483
647.4989928946956 -1487.1546840192364
665.8473293430277 -1489.9903805081285
684.7264261299695 -1493.518905591516
702.8835528781921 -1495.0112745706401
721.566475295558 -1497.1926468325794
739.9131212856091 -1498.2555099012277
760.6035233066702 -1503.5648573751248
779.1640580011356 -1504.17398286209
799.6801186741994 -1508.0983747081018
819.8661623942515 -1510.8873140512242
839.6938573802763 -1512.5522225291372
859.6288632604268 -1513.9746422742974
880.1704353782933 -1516.0174816557974
901.3405833511175 -1518.664265993069
923.1610074083294 -1521.8980762195733
944.0726124288891 -1523.1516347565966
966.1630243266261 -1525.8325630369893
990.0207841743184 -1530.747479796347
1013.5103932717547 -1534.508938628294
1036.0448007277223 -1536.3008074218585
1061.5419461804254 -1541.9185116274707
1084.3671124236214 -1543.0955788589563
1107.895095124583 -1544.7878359823046
1132.7362148815866 -1547.7831461466867
1157.736419266061 -1550.4423186642578
1182.2855393471154 -1551.9671077219068
1208.197325712035 -1554.7412074497436
1235.513072867391 -1558.726546503195
1261.7586358855788 -1560.7735725492548
1290.0651084550077 -1564.7734711283194
1319.2074153929027 -1569.1372773509581
1349.2024267232773 -1573.8430073307882
1380.0666056010139 -1578.8683175315462
1409.2779215530145 -1582.4338026670232
1439.6330850894315 -1586.070799275961
1470.8606552102563 -1590.0078405323843
1505.0337837064817 -1596.4051208581584
1538.7647846797352 -1601.5754548036532
1572.7263839121686 -1606.248959951898
1607.61852099402 -1611.129631952997
1643.4547294019794 -1616.1935380412417
1680.24810850972 -1621.4164467679204
1718.0113185790553 -1626.773834690691
1755.291391044171 -1630.8795579460243
1797.234642201202 -1638.4662464853884
1837.985178507527 -1644.0700969200352
1884.2612322880864 -1653.6652044764628
1926.33340705391 -1658.6149658278366
1969.4291412419984 -1663.5602957593103
1102.6444301989673 -913.6734977830947
1113.5607762999268 -905.100766482
1118.1579455354768 -891.4161816098482
2161.687090852325 -1690.1612116133806
2209.311797043847 -1693.9886019223645
2265.1921481731933 -1703.0738480331718
1109.203116916402 -817.6505643751116
1090.136549105961 -787.7990253252074
1071.4231017079535 -758.9608271357015
1162.337072147331 -806.9681100960375
1084.754168997994 -738.0056861850535
1093.3467478971681 -728.8270637556527
1061.6730668057792 -693.3067857876567
1071.5496085417667 -685.3943656275462
1078.8287237507002 -675.7644447663959
1177.233618694768 -721.9986198150393
1311.7524112588696 -787.5313400472018
1286.375970965706 -755.8444690027419
1226.7101917379941 -705.2709447341027
1221.9919304532186 -687.2697591973739
1223.1773733523896 -672.7950009614732
1225.9602579161487 -659.3067920249042
1230.368064830908 -646.7568515634348
1232.8692805346927 -633.2687716237629
1231.5381945368447 -618.2213805724687
1231.0591253231983 -603.4355226190136
1235.8233170075255 -591.3042610539154
1239.5621051272421 -578.7139081899793
1242.263323534766 -565.6914662608564
1244.829280046384 -552.6699408681475
1246.3424579919765 -539.2536299428297
1246.7919612622504 -525.4700803393389
1246.167404974591 -511.34704338530616
1243.5302179902944 -496.5416366680752
1200.6414477987728 -466.266140554584
1234.9465680555625 -466.16196117635775
1243.0665478624746 -455.8086852894207
1245.4483199178874 -443.3311205111945
1248.6506331606365 -431.1758299203948
1252.6827810624382 -419.31712346346603
1255.6510562753451 -407.1123000777672
1256.5923293426547 -394.2901442303637
1244.963530939902 -377.7125979228804
1209.1437681791726 -354.3604773016756
1026.732903875929 -290.3593361655564
980.2351321976026 -267.19858833000694
963.3795921118746 -252.8156670429232
956.0372884373402 -241.223346957499
950.5064149213313 -230.26409879396778
944.8543680390741 -219.43159115651915
941.035411168836 -209.16107411824902
937.1071637731766 -198.98282238673937
936.0113831542184 -189.4932468604804
931.8743007159205 -179.47503354286943
930.583029349665 -170.09181487185236
928.2125018263971 -160.57880138169162
925.7455933318454 -151.1260944597907
924.171653808129 -141.88641336487345
924.4856205460903 -132.97495028579692
923.722653242985 -123.93732240830542
924.8562656617403 -115.17329493515669
926.9001914448666 -106.51307478178315
929.8574495212664 -97.92917629494089
932.7350815172748 -89.29875534946028
938.5044052503092 -81.0770086138067
940.2199358830259 -72.35656271630684
941.8543573825032 -63.61107984928469
949.3972390650937 -55.18951400019071
956.8643806335166 -46.63214636746627
963.2546722962791 -37.90034695603687
968.5652638026696 -29.02291775244265
966.7951092624828 -19.905192944152127
965.9392401239801 -10.834407630686606
965.998354035613 -1.7832555863735124
959.9728275183321 7.222909833202559
887.873283819447 15.001062618089682
817.7178922066533 21.481358548938726
811.4845286994354 28.928527122120443
810.178863793684 36.48573230696259
810.7999561693821 44.129707405874
810.3508764992158 51.72481954490216
811.825308489546 59.46148750118457
807.2461271669009 66.7359736127346
802.6022491523076 73.9298969000847
801.8743069427784 81.44688984263856
801.07596382034 88.95673211912226
802.1929159053522 96.69811617228441
804.2266018302057 104.59719359829695
808.1632218029202 112.81935527702653
814.9831056054315 121.56700859084263
821.7093199140149 130.45226547073506
826.3676480202032 139.14205081698944
828.965715855137 147.5799509987055
835.4092034842646 156.8166532412506
849.6001883390237 167.73645988363853
868.5545302378171 179.95007086235015
887.3527791372558 192.53323182606346
917.6924505067087 208.13833448692696
963.3846203782721 228.01331807289776
1068.9774553997281 263.60614531365246
2808.0556255404426 720.433622112873
0 0
0 0
0 0
2512.660141800672 745.7747728411213
2473.845471112258 760.1530010842359
2410.2103346910308 765.9811633118325
2330.5448866205534 765.3558201560842
2301.3131655799066 780.2933512010662
2256.9086483955193 789.4582653931174
2201.25499364786 793.7735526838624
2145.730679469072 797.0952585388994
2101.5579410950454 803.7127722142742
2048.153515606974 805.895884408646
1981.9268184479433 801.8790970693857
1870.7264582924065 777.8550753480687
1851.222723135508 790.6601225221581
1843.552278064182 808.3835711123558
1834.800226300187 825.6222680916388
1825.8871753371113 842.7674785725093
1821.3335511118846 861.9565508737502
1928.14749340431 935.2519680164683
1932.5190653355894 960.3822479171823
1918.7606217104071 976.6097872607522
1905.7559052546449 993.1240756255229
1957.0217997161153 1043.8341225673248
2001.3400482410634 1092.26279406856
1927.0297068803022 1075.8278248868712
1245.3253627911974 710.9998177137408
1212.5380937818152 707.7904853330268
1191.9519757903865 711.1922998805553
1178.2438508906516 718.4298350140867
1161.9608942372995 723.8838858983223
1151.5881736692013 732.8503791806575
1141.150667707122 741.6846726147102
1131.483154484936 750.9393258558366
1123.3990407350418 761.1987882777979
1116.0447289996473 771.9411654213706
1111.8554583085586 784.9193842869885
1105.085482273723 796.1344590380779
1100.6197537774574 809.0686976980686
1100.0072947642432 824.9902735580898
1101.572620427561 842.7969873726154
1105.261691532502 862.5546899940388
1112.0861908872803 884.5932986620574
1114.9076009943822 903.4412217986024
1404.366718551224 1159.2217733573102
1380.0348048224166 1160.3072599440006
1348.2040017402608 1154.5436196573723
1309.0561788303644 1141.7271655987017
961.4748831332653 854.0269604080855
946.2860691823686 855.9898803557093
927.4636602906281 854.3606725735392
933.5465861042237 875.7229993400591
961.7339006814991 918.6772579529485
1043.6954940557905 1015.2023028380302
1038.012277424496 1028.1301045665434
1034.9965404527572 1043.8784226387784
1026.199230051534 1053.9241624716833
1105.7660848980152 1156.4088228171365
1380.0140813967187 1469.6316324667114
1366.64973771842 1482.0676416392655
1345.1187286178601 1485.4869928482954
1322.974039452222 1487.891357235289
1301.5544944220346 1490.7705719022636
1279.5410991824558 1492.625396910743
1253.7379316194738 1489.614110707375
1210.2598144450997 1464.6744285128054
1167.9685942686751 1439.8490763972643
372.5025959769029 467.8095937349599
359.0141573264467 459.34500632877393
351.1881213640366 457.8164516624525
343.4195058594484 456.18422045841555
332.7386622523843 450.4275553765485
326.29884840941384 450.1833643380111
315.834345349661 444.155002558286
318.09269819169293 456.01867873709796
316.20896544017245 462.18166360778076
318.6968147372942 474.9908844139041
318.22996501679984 483.7051678092827
318.17314623484185 493.28982253338853
846.4908903134004 1338.8462094715833
833.2792543818591 1344.7563661187155
822.1061057828165 1353.9562588335757
809.0059226153769 1360.6610221407984
796.6476575150197 1369.0903950345396
790.1394973717811 1387.835932195542
798.9178166020763 1434.5362743115877
822.6677617383581 1510.502483876276
825.3134521317371 1549.9657111466677
808.3589105638586 1553.2407642448777
788.6965177227399 1550.9860743836562
772.2628554790863 1554.7688194864495
755.8281140750731 1558.3798837169704
739.3940668685323 1561.8195842925047
721.7044257660182 1562.3647851349383
704.892012921234 1564.5393092280713
688.5050748451048 1567.4516776961696
672.1260045874724 1570.194457370577
656.5262074530635 1574.6140285566164
638.6461791050031 1573.3197570470472
621.951246447298 1574.6192069966162
606.0058888345936 1577.6111253087035
590.759020058512 1582.3162706044284
574.4545572140692 1584.0539642625777
558.1699444632832 1585.6252120529161
540.9374458618174 1584.191490844618
525.0385925776403 1586.371796365559
509.45202545515593 1589.3456621388689
493.85609873583917 1592.1668109031218
478.5395435730697 1595.793189995771
463.4767260771149 1600.2328969199573
448.10359883324156 1603.5673246585866
432.4487735906084 1605.7886094439639
416.54100426088985 1606.8894149160762
401.3763506313154 1610.7442457304908
385.47812746977985 1611.5382754506304
369.15374132339883 1610.2265415980874
354.173999195594 1614.611339701849
338.32419623240946 1614.9417135747326
323.2829286249641 1619.0395758163747
307.4482182186216 1619.0675072751583
291.81904348418504 1619.9251976125242
276.7050638134726 1623.589636472216
261.48050392753584 1625.098134287835
246.12834715438655 1627.4940358499166
230.61406678836454 1628.75478577941
215.22876743511972 1630.8591532282483
199.7028151625798 1631.8255990197422
184.40200387025655 1634.6317325222321
168.96328665330563 1636.2996081901729
153.78946955723177 1640.8085808689889
138.46164073222855 1644.1801525519456
123.08384770904138 1647.4083787674315
107.72252171644173 1651.490495980843
92.18374512337213 1653.432235422737
76.61790376273296 1655.2276873055876
61.063182859714196 1657.875836032072
45.46528719312222 1660.3776400748256
29.825595264298375 1662.732520241043
14.145492662548426 1664.9399103383082
-1.5726840695758184 1665.9992577023609
-17.299216450101024 1665.9101827860386
-33.044029738585024 1666.672460952852
-48.834033680840555 1668.2854183725453
-64.77351034743712 1672.7463622310677
-80.8015417234593 1677.054593880328
-96.91666085735518 1681.2088391536195
-112.84949266433054 1681.2168188563314
-128.94388258010505 1683.067875976833
-145.083255174448 1684.7646272010777
-161.26612889897888 1686.306388432997
-177.4910133004195 1687.6924898208176
-194.2123065910341 1692.8962106309384
-210.67754616774968 1694.9569232109516
-227.06624369330967 1695.8661270793195
-243.63290466804557 1697.606552697948
-260.8581980853837 1703.13886706036
-278.0488192485772 1707.5095472981907
-294.6649747104917 1707.7650753774258
-311.13135965007757 1706.8750033445021
-328.17298181977355 1708.7722182911093
-344.8823293583034 1708.5389017802288
-363.0662424649589 1714.9903508715072
-379.8165978401166 1715.4557272063769
-343.8835091856714 1486.7481737369474
-362.7806517379769 1503.8614293626154
-372.284152181345 1481.9542874308295
-383.9355123602219 1469.6783737773017
-390.6757904233942 1439.9432026219147
-391.2019410163604 1389.9989357352156
-31.915430642991797 109.44133262562357
-34.677549940291804 114.88023124166563
-35.45886648759408 113.59431670385176
-36.52602388293488 113.25568232677455
-38.85347574783192 116.70221686974347
-39.94972288649762 116.33150751749093
-40.04139880039452 113.12243978144993
-341.162484785965 935.7479142240534
-346.08623817750964 922.1980892108485
-336.3795932727154 871.3235732089902
-342.34889608965665 862.5434675111703
-41.540266262134374 101.85482943322314
-44.42837461910908 106.0712945556153
-45.81935076382145 106.56728905054258
-46.81993739589053 106.1314913785955
-47.40416946880581 104.77521041244795
-518.380879331905 1117.6337789916163
-527.5851042855207 1109.9977287076024
