-535.841736643076 1117.1368015025432
-545.7358956346961 1111.222899429181
-547.6878761779165 1089.0358076242137
-553.846903584577 1075.8037030005873
-554.6776786369221 1052.8212919683735
-564.613300322574 1047.526525248335
-578.8433308271677 1050.0197133182357
-597.5900020880374 1060.176961362781
-856.721521072076 1486.8369901680373
-864.6605664844251 1468.3249316029587
-871.8110054844695 1448.9398092109136
-877.6253577361371 1427.8479370922232
-888.436151118295 1415.2463408841975
-900.7063006610405 1405.0940039547188
-906.2926651066447 1384.7955102374847
-911.5762587961211 1364.5181290108487
-855.7170181355444 1255.033619021105
-756.7522840066255 1087.6354999036928
-750.7997537420842 1057.5957307879157
-764.2911438298348 1055.304717824801
-862.7764828154727 1167.8701728790586
-982.1074338599105 1303.414357891266
-985.8643700582738 1282.9635395636162
-989.323016605207 1262.5592931879173
-993.1088044991192 1242.9866863431523
-1000.4029334542373 1228.108289498999
-1005.5882048513232 1210.8956859547784
-1016.9991439580248 1201.3279074377006
-1038.1187911865736 1203.008884167248
-1093.7037509987035 1243.44203928103
-1099.4109483930383 1226.337868025578
-1104.2184045682018 1208.499364920336
-1104.6983881210954 1186.2893708040435
-1108.9882481964778 1168.5315850939191
-1110.9559505949924 1148.6430584988432
-1112.6474048765283 1128.822728519198
-1116.1901619180676 1111.190587809903
-1119.4995178063452 1093.5930822894595
-1121.8545368207076 1075.3410613450949
-1123.2366869608431 1056.4579239445502
-946.5223567659021 873.5212808754702
-881.9497421438396 798.914671496534
-867.8032393712882 771.257763485528
-869.7956681272458 758.4006168952384
-870.1030090979548 744.2753210732466
-869.455341439295 729.5700166828947
-869.3799114264054 715.5798834569175
-869.8961356839375 702.28535021183
-869.4550420856133 688.424963080149
-875.1487919871337 679.5429286538567
-875.1830098208862 666.374293712516
-879.854774701202 656.8558254560105
-884.4248810756484 647.3087591979004
-883.2055909330566 633.6535994883881
-889.9876300666194 625.8322605366411
-893.4070067967449 615.669489423084
-898.3714346638449 606.6174786305
-904.9126514009414 598.6301807748404
-909.7046654349041 589.4857264480365
-917.782011368207 582.4475767044862
-922.4099687221634 573.1979148618543
-932.9254089486391 567.5510385313506
-941.6977640736955 560.732842928433
-952.1524047895417 554.8060904978356
-959.1037960235119 546.7503163723729
-970.354889485431 541.047491863438
-981.5834696321093 535.180242670626
-989.2575170172652 527.2670718192397
-1003.964652123362 522.9521749517987
-1018.6779543282157 518.4054642513732
-1032.4988578681468 513.1813602431137
-1044.5120808569243 506.86833886517115
-1072.7654343132617 508.07806776388105
-1102.948923692353 509.6358226477804
-1660.224531306409 748.128000845052
-1720.3408935053303 755.6905518353938
-1752.245564073091 749.980988549827
-1755.5806866009561 731.8062946119796
-1750.389443218196 710.2519250732759
-1745.8785838441368 689.2292582837666
-1751.3968801087506 672.2982733469833
-1771.6080434630255 661.2759940729068
-1838.8560269027553 666.7417133518899
-1898.8119177087706 668.342951759904
-1975.043864550164 674.366912817313
-1967.0585008874784 651.049041229849
-1861.6793952795645 596.8038448196489
-1840.4672222491406 570.9723319273294
-1826.5989159878936 547.8917777370383
-1823.9869456798544 528.4625076478704
-1825.9871319600343 510.47722174095935
-1830.7073022576621 493.28163705987754
-1828.4897736900054 474.2848801206639
-1844.5128791806585 459.97091053313073
-1908.0808437936532 456.805750344389
-1935.6845736012294 444.2085450801539
-1947.5904532860382 427.70015930448807
-1957.398942280045 410.5963720747677
-1034.5192550862057 206.86930863683554
-1019.7184714374599 193.95421884880503
-1016.576962271441 183.46738069468762
-1019.2432021107144 174.0669266434537
-1888.6438216284464 304.29182543193093
-1883.5123293977924 285.3179016579605
-1881.1619553866446 266.8889237227635
-625.5497511253516 82.75571803211405
-623.3227286321461 76.50343763894526
-607.1225430697473 68.72566985139498
-606.7473745318347 62.90964551422608
-606.3165982230054 57.106765967639504
-606.8268599140242 51.40196578814062
-616.2580788606141 46.36787938891682
-2037.5951747328775 134.05187020439158
-1131.2055036791048 63.742516785130206
-1116.7714427781186 52.39794457113165
-1116.215545984814 41.85516577225973
-1115.5602130428922 31.32748115786999
-1115.805504445329 20.834496622304346
-1111.9522724639246 10.302609490516524
-1105.9999891843981 -0.15467421044938115
-1086.9504861009113 -10.375006746625973
-1069.8105764653344 -20.132821037025252
-1056.5807618678086 -29.767325221472927
-1062.252076188498 -39.86886797020121
-1063.8307306997206 -49.891646784793984
-1065.3146516056597 -59.94741924646916
-1064.7076568650639 -69.90425890391404
-1066.9991902347424 -80.07951072780037
-1070.1897191243577 -90.38785914340826
-1075.271659886357 -100.9497768459084
-1081.2438372004062 -111.71734205637743
-1085.1206586351052 -122.38119219600406
-1085.914332961154 -132.76317813886357
-1089.58285071348 -143.56256974255598
-1096.1144232818833 -154.86178054453657
-1099.562820514945 -165.84813457262243
-1101.913791717007 -176.7540540520886
-1105.1424612183453 -187.8859771570459
-1111.2116013414736 -199.62408933823022
-1114.2095259929154 -210.93395219035466
-1116.111909793388 -222.12204937231326
-1119.8599412839706 -233.77277837135418
-1127.394950487212 -246.366851698715
-1129.9169706965479 -258.0089907967099
-1131.346638236357 -269.4880037242724
-1134.601240982147 -281.49782230378247
-1140.63450345145 -294.34151853937317
-1142.6624149650313 -306.28680256629195
-1145.5296894213125 -318.563542569314
-1152.110354694995 -332.0282075435346
-1155.6637590476173 -344.7858408112646
-1160.0342837243513 -357.93359800964663
-1164.2593158452867 -371.19300298829023
-1166.43741660161 -383.9371734434717
-1168.4784922292893 -396.75434868135545
-1174.1567934074915 -410.96450515225416
-1178.7299746118981 -424.976054562412
-1183.1430568285143 -439.1087645202254
-1187.3941768707741 -453.36085928692273
-1191.4814908256785 -467.7305389001433
-1199.1127264750464 -483.7123827292213
-1202.8911513296957 -498.2538289393462
-1212.0384559994138 -515.2201288561588
-1220.973699642765 -532.397619059908
-1228.780851172327 -549.3756636330111
-1239.1046602189888 -567.7927800030433
-1249.1916569914565 -586.447102561637
-1255.4333665251293 -603.6025697554479
-1274.921657507969 -627.5474222854659
-1347.6571694482952 -678.8970125391692
-1315.5462958796834 -678.0397800994015
-1199.5307154984182 -632.3464735221135
-1161.0644170508347 -625.8517551772192
-1138.5885508863987 -627.3883261508863
-1102.2434950284317 -620.7127175010255
-1082.5903061937638 -622.8958411606972
-1062.99213061825 -624.7693416323126
-1044.310404525197 -626.8490878994872
-1024.8295590905964 -628.1149375824251
-1008.8066622695547 -631.1965764803865
-998.7148172223858 -637.8038208261664
-991.9385269128018 -646.4626507587742
-980.0913496535665 -651.7284298956511
-971.5422760837616 -659.0763277360096
-958.8296990549768 -663.4769085734202
-951.8385490143285 -671.7353471496775
-943.9650581005614 -679.3371542063661
-935.2262718586701 -686.2592953289106
-924.8389279089618 -691.8800166388693
-918.4037017718666 -700.3996291916011
-910.3109653353347 -707.6319286113728
-902.9469417714959 -715.3955691402506
-896.2952741720794 -723.7118083165406
-888.7948222016917 -731.3308170913238
-883.5290286800043 -740.8005504046066
-878.9242935047616 -750.8848688628341
-874.9627034086635 -761.6037471308837
-870.8777921140237 -772.3133245015287
-865.9273836639148 -782.3418474177176
-865.2804936510081 -796.4079779278128
-864.4469800371603 -810.5284811187287
-864.1258377565811 -825.41597786903
-904.9296607439009 -881.0626022627043
-951.1337279885549 -943.8986341141689
-954.0330219627821 -965.0233121560129
-927.3731279638242 -956.1396767892193
-878.9123394662428 -923.6547512647657
-831.8421260551542 -891.0665953339521
-821.2731714922227 -896.7532424179498
-825.3746605087495 -918.6847499496585
-841.0325604298487 -954.2789069746922
-869.8179263963603 -1006.1395404811084
-966.8885312586436 -1140.2418901796684
-962.3556979807796 -1157.106957270557
-962.0129270894379 -1179.4130438963323
-1001.3084226304486 -1251.7948884578987
-986.8462414865155 -1258.1476446204308
-965.6483457391255 -1255.6190793275207
-950.6097830217282 -1260.7862786465369
-935.5608290106885 -1265.7811561327785
-917.5699917721964 -1266.5548982176697
-900.8080011553623 -1268.732022554204
-886.3729315158381 -1273.988628785995
-869.6667679639263 -1275.78043279366
-853.0075610138481 -1277.3699937188153
-839.1345468878857 -1282.9427938217912
-822.536172521719 -1284.1570172269903
-804.397540910421 -1282.6303427633652
-789.5026951603536 -1285.9885280726799
-775.6473408145421 -1290.8939548573808
-760.7567449895503 -1293.928195439339
-743.3862101256551 -1292.4619694965943
-729.0551404685831 -1296.012192132595
-715.6880919969825 -1301.1593119113888
-700.8686153920642 -1303.5272087526255
-685.1390901624045 -1303.9606693192218
-668.5521150391186 -1302.4339021527046
-654.7459718338544 -1306.0737775360708
-641.8105675698712 -1311.365393532878
-627.1098257346387 -1312.9197486773787
-612.0157078460688 -1313.4069336461093
-597.3278927625246 -1313.5632411604254
-583.5659028450709 -1316.453887166815
-570.5962278114713 -1321.0378286814196
-556.4289551981024 -1322.7289283209725
-542.6603719228739 -1325.1957292206039
-527.4149518233594 -1323.8045431985659
-512.2455774900056 -1322.2437250151465
-498.56345853562027 -1324.2580858023864
-484.889569211354 -1326.1320091416344
-471.5597807430919 -1328.80825297916
-457.8976428897247 -1330.4054827893767
-443.93156674366264 -1330.9146343956538
-430.61221491021735 -1333.1819532119825
-416.9917481528486 -1334.361975616973
-403.3879846706259 -1335.4037343902296
-389.8023202454274 -1336.3076558679447
-376.7778807511951 -1338.999413209968
-363.99924697941964 -1342.5295334548196
-350.6826067186316 -1344.002496033778
-337.6142376261986 -1346.3137177315252
-325.00165504180234 -1350.4424920077454
-311.89160718703516 -1352.5042053044745
-299.20261973400244 -1356.3918284715187
-286.0556564220391 -1358.2032842799917
-273.0981178515598 -1360.8678914670356
-260.11577236917464 -1363.4088839980425
-246.75373323521566 -1363.8579820254322
-233.57544024698322 -1365.1620833122447
-220.5539633922441 -1367.326204397463
-207.5124524824045 -1369.3661241847403
-194.4520921452268 -1371.2816573776315
-181.24311271436787 -1372.081241797878
-168.1580686584057 -1373.7462880550668
-155.16978588343946 -1376.2802539994852
-142.1484669625387 -1378.6913408519688
-129.09527519644553 -1380.9791489816034
-115.92779681858066 -1382.1467888487061
-102.74978812045694 -1383.188881187671
-89.5624461286344 -1384.1053313398716
-76.47708691316245 -1386.8930222541594
-63.56882730789144 -1386.5435457260978
-50.41413182951153 -1389.0854600462408
-37.16325251943724 -1389.5031099865075
-23.926193238165038 -1390.7942109734029
-10.66022127415208 -1390.9591509754648
2.6104684146665056 -1392.9975540016774
15.919071095048366 -1394.909166639703
29.264373686277096 -1396.6934511311886
42.706121497257236 -1400.3489519354314
56.220249997128626 -1403.8747392450155
69.70641900118838 -1405.2722210127226
83.16528434451445 -1405.5417231373447
96.63562622717531 -1405.6822385388818
110.42859406491782 -1409.6813560563414
124.2189998516453 -1412.548632817949
137.97701481566907 -1414.2854532881813
152.31236701106837 -1420.859578866077
166.20527071809641 -1422.3219776075755
180.13989402023927 -1423.6483479365181
194.11490337228867 -1424.838027387242
207.84008899798172 -1423.9113376208895
222.48843148586792 -1428.7809131756198
237.2484713380147 -1433.4999696015955
251.77329587060177 -1436.0968656349246
265.82294893585333 -1435.5967956982374
279.69449290098913 -1433.9776813607868
294.5632807599067 -1437.1226369478563
310.3579021462986 -1444.0245747823506
325.4330152242874 -1446.8525676799377
339.9039734349242 -1446.603362654446
354.63773162290113 -1447.1807348459843
370.64966036882487 -1452.4530385759379
386.02473360592336 -1454.65112829313
400.67820824188874 -1453.7953684890008
416.7248248573791 -1457.5995404594455
433.4483404328682 -1463.1467924224119
448.8494515609382 -1463.7264668760502
464.30091692876977 -1464.145026470774
481.3578448528179 -1469.1530298776402
496.9502236177105 -1469.2315934686087
512.1973511838688 -1469.2820945755204
529.6516347490843 -1473.7113509122546
546.5432696284703 -1476.0645156712567
562.4599095776588 -1475.425311602689
580.6053879613929 -1480.201804981402
597.3976123764867 -1481.0553982639788
614.2594119631162 -1481.7224351459104
632.7559444366539 -1485.8818643418722
650.1865997672675 -1487.0730935240133
668.9261931053721 -1490.8030547921326
687.3786680468813 -1493.401006667029
705.0885544180234 -1493.972600293828
724.1787550394978 -1497.0417932540972
743.3922992503128 -1499.8812917745636
762.7265281852237 -1502.4890160006214
782.1787544662886 -1504.862916036396
801.7462625337677 -1507.0009722999966
822.3825677809706 -1510.6577746829284
842.1891895493559 -1512.308952894943
862.1026911460184 -1513.7182531497706
883.1266582837177 -1516.6121143616892
904.2848950613327 -1519.2408724635848
926.0939336006835 -1522.4565761124397
948.0472318515206 -1525.3925547801357
969.605429702187 -1527.2021184807325
993.4612204038125 -1532.0936014335962
1016.9471660366626 -1535.832823418617
1040.0354183506747 -1538.4327507486757
1063.8343652927279 -1541.5529323452436
1087.7880666751855 -1544.356863551641
1111.3089627189559 -1546.0298798472552
1135.5527056531967 -1548.1989706377228
1160.5386220011576 -1550.8446430392873
1185.6788785738488 -1553.1521486653714
1212.1980612958673 -1556.696778499442
1238.8933092532975 -1559.8741514261376
1266.389421641999 -1563.4582926171208
1292.7934827971958 -1565.1150152104144
1321.9216788734323 -1569.4671308837424
1351.2510621962283 -1573.402862242714
1382.9031152486953 -1580.3730489461827
1412.3254924225207 -1583.7363112126602
1442.6042453307193 -1587.4249561329775
1473.7549271364496 -1591.4167947904275
1507.16533478036 -1597.1439051119987
1540.118518794476 -1601.6613087873197
1574.6875952797957 -1607.1275547609575
1610.1999678572004 -1612.7916987362848
1645.2426328216038 -1617.2277759011677
1684.1073753518044 -1624.6176006327323
1720.3491398549436 -1628.668117512084
1759.011490627187 -1634.2213974371773
1799.4057405548288 -1640.5377108918674
1839.3262606441367 -1645.5706933780928
1880.2493255671147 -1650.6563766285246
1922.9431844050926 -1656.4218996227992
1965.9087408249077 -1661.5290616622465
1106.9500176325416 -917.8810698904929
1117.0723306435807 -908.7075481751643
1110.7054677781696 -886.3263303364498
2158.4262044396587 -1689.4606594970503
2206.7181371499905 -1694.0835466922154
2265.6700288881734 -1705.7653180311363
1096.5462936397173 -809.5401323621942
1080.6086754401288 -782.2025892078918
1079.7513102729442 -766.2330637370461
1141.9009363142675 -794.31936376032
1119.5649762935764 -763.2819032682248
1083.4453985783834 -723.8474067780637
1079.3182772224714 -706.5210941320272
1064.8608009734307 -682.8590444229494
1079.6946297687045 -678.1478499918878
1133.7148680112705 -697.317429905626
1314.9716968160808 -791.8803170761585
1293.0602611166814 -762.231041824498
1231.7316637723304 -710.5780101161636
1221.804073827466 -689.6403448019902
1222.0984699989294 -674.752791492022
1223.9814025461833 -660.8710359980065
1230.133536917509 -649.3477353089173
1231.6581540451693 -635.6211069293136
1232.2457856958556 -621.2650993213797
1232.6726146893661 -606.9548788788846
1233.840831687124 -593.1254522119468
1238.4794871993859 -581.0271592501902
1242.9997622951807 -568.8941825455104
1245.575059478718 -555.9125571567779
1247.0992942177793 -542.5341928040267
1244.799434714032 -527.6157383320042
1244.178413683701 -513.5524071830541
1241.5474775788334 -498.80242673591323
1211.7392709428316 -473.59153207688917
1224.5689321448021 -465.3288411712075
1243.9165056464149 -459.2904603629526
1245.3726914027577 -446.51523995072284
1248.5877230790222 -434.4107477679886
1251.685288401356 -422.28537601912524
1254.6652799407489 -410.1402629725624
1256.5742065891538 -397.67482109738665
1259.3159665924043 -385.5026540575801
1214.9528548139876 -359.414190843018
1031.749628006292 -294.65523092061073
985.3157502982689 -271.3611472082167
962.7026365912438 -255.38134916290875
955.3810143535877 -243.80959253628595
948.8988111466625 -232.63715568337432
944.2384751660024 -222.06688635675192
940.4393016569762 -211.8252107255862
937.5090241828619 -201.88568442486948
935.4548662598795 -192.22172923660565
934.2835393692337 -182.8066411914442
932.03492268222 -173.24809638419762
928.7046101957679 -163.57489722181296
925.2751657980454 -153.98008818480264
923.7236528689995 -144.77435246048285
922.081056438925 -135.61167116615005
922.3294251065041 -126.76526173485192
923.4849617044241 -118.05306224651038
925.5512866850131 -109.44777620270133
927.5373522156932 -100.81398833842954
934.4028471283304 -92.80258228341476
937.2239344327896 -84.21577480687316
939.9659716366349 -75.58420579193036
944.6233478787117 -67.05020986107681
948.2048675113516 -58.374045840426604
953.7037571591217 -49.74076377153016
961.1218491370477 -41.09490371544987
968.4610408501123 -32.31427479484759
965.7223313381439 -23.159852219307947
966.8969340227897 -14.118037304430542
963.9868491801777 -5.035335904707573
957.9917363226485 3.979087523166533
938.9140479018104 12.704749215827494
830.7819754513984 19.034423161002323
814.5753068916814 26.30721198308651
804.3014948076346 33.52768184954838
808.9452414685223 41.32307231358903
811.5167255835571 49.08771840431844
817.0061554400462 57.11341325008662
809.4566211327801 64.21821006772758
804.8345432828951 71.45178751167522
801.1435420553818 78.7021284525185
801.3645949979683 86.31793489039383
800.51997736141 93.82838507236248
800.5970385020709 101.45630557887345
804.564721220385 109.63397907384426
812.4071356863692 118.47213126245889
820.153762302433 127.46688268395117
822.8690870192072 135.803039834079
826.4849281937339 144.3733475008401
831.9788169899142 153.3859448582655
847.1925833852625 164.4193621718711
863.2509724097368 175.9510120279047
881.1219166356678 188.2157486085772
906.6445233613764 202.57519161739074
947.554484043068 221.0644697138713
1014.4288840380959 246.71854253222108
0 0
0 0
0 0
2623.806415742315 743.0806771202351
2542.722338835244 746.366604014559
2489.5675830341766 756.6090466716407
2451.7163371050865 770.7055224740631
2378.635576876593 772.7184431712218
2327.5510884404475 780.7246189916694
2263.3038486574796 783.2500805312696
2212.410975988195 789.3279884350753
2158.7959528307265 793.4733984461448
2094.0837390755223 792.423052251435
2064.071672772079 803.6374366963447
2028.467930226971 812.1224390698164
1885.6184464165835 775.8634380698126
1858.7950721061957 785.6238794192312
1848.4710855897613 802.1094973497129
1838.0019560291669 818.4697976302832
1831.027538755182 836.3654418495188
1822.9732799383457 853.7783205439392
1875.1550603967462 900.1074932853714
1939.176773176159 953.684666110397
1928.2132655833354 971.2232505600601
1917.0917578077401 988.6395663464158
1901.3917425266754 1003.5982470348246
2022.842465005998 1092.4785406443725
1936.1865692607687 1069.6380551449236
1245.0466296575917 703.3909936715652
1224.4313644869462 707.2226195906314
1202.9962878133992 710.2175240777862
1183.329163536608 713.9020175932773
1171.3637855038153 721.9992257684019
1155.1208044349178 727.2695010528272
1145.6136197923643 736.6229932239667
1136.869233673123 746.4103064183168
1127.211838117006 755.5411782350984
1120.7851723214837 766.8145783071041
1114.245936591904 778.0340563165801
1110.8522065811596 791.5196618744028
1107.3022664919947 805.0109878887938
1101.989303142732 817.3148571750032
1102.124571929152 833.8137849364111
1102.264703047896 850.1038315492602
1108.6810656796024 871.1637587753182
1119.489461676402 896.1581027896137
1421.3308627736917 1159.040369670959
1395.4006835963557 1159.0741702836892
1365.7703848358994 1155.5051951009132
1334.8053746359894 1150.1906849922218
964.3205694016924 846.2711382463636
955.1326526975339 853.6290855816547
938.4951076075135 854.1591965182847
930.7281052752342 862.6159018072717
930.8846934492344 878.552040292392
1002.2087778801288 963.1601972361703
1043.482909438469 1021.1480880410184
1039.8675171030927 1036.1947437011293
1035.3628614537838 1050.5468790692935
1046.6789758086518 1081.428740879468
1127.7909399654538 1186.5313294354423
1376.3022620531735 1474.4765455806064
1358.8503433754656 1482.4462028378566
1334.6771035935478 1482.788598938884
1315.2456050534233 1488.0608181077998
1291.8957465976496 1488.571926351865
1270.590899353348 1491.0666539361848
1247.4222785183747 1490.997538246132
1181.1992956206327 1438.0852631277887
1177.5543039206484 1460.3909960411142
365.5480378149366 461.83940071159986
357.0597358644977 459.6002012884406
347.4295660771336 455.65523876660814
339.09869401831537 453.1755462456827
331.43332841494964 451.3889108250092
320.90570903440334 445.44418944366856
318.01643888243683 449.96282579845786
318.4900744235498 459.39642194261995
318.25636906445874 468.047950054166
319.00142566577654 478.3963737563257
319.5848607501922 488.7959868690416
321.0850921589793 500.92850147826465
842.686557332627 1341.2439621824528
829.1661651940376 1347.29635585398
816.4774180198287 1355.023477975077
803.7166665204654 1362.6311019337666
792.8847453738167 1373.5828262443797
789.7861916024438 1398.382555509796
798.8638332291918 1446.0015822807256
833.7334296173549 1543.1800181244193
820.1390766754992 1552.7098553528472
799.5583015612146 1548.7916329850655
783.627576817794 1553.5532887064649
766.7941394405354 1556.3584894617463
750.410831035699 1559.8860806688133
734.0290445814974 1563.2435388354477
716.4009910156306 1563.7038146886457
699.6451959094949 1565.7974325693488
684.1115316480362 1570.4650305773057
667.3797612156108 1572.2176230788773
649.9114255334107 1571.9466081776218
632.5072713592141 1571.4867328990472
616.9925639868804 1575.4948987492455
601.1025288192393 1578.4158988831541
585.559239643538 1582.11547520024
569.322981068264 1583.7803961495247
553.1072118385928 1585.2802314455757
536.9135975439782 1586.6155138446059
521.0554315882306 1588.7369943487822
504.902154037859 1589.7477205040836
489.950893767286 1594.4190546078648
474.6716791601757 1597.9911755085693
459.6443392812572 1602.378257892529
444.0430787491721 1604.6964648228513
428.6964913146294 1607.829380977511
413.33024516000455 1610.8156655669732
397.4668643180725 1611.7134024910133
381.8534467529228 1613.4286303406523
366.02174612744795 1614.0176831007193
350.63670227672276 1616.4064782772016
334.4278649648943 1614.7318672569209
318.86229688148177 1615.8390500379257
303.6742215867667 1618.7621712727512
288.47686114920936 1620.5237118232797
273.2801828110488 1623.1555506736745
258.0595117171869 1625.6448838575684
242.8161841732396 1627.9914928228425
227.55153847395715 1630.1951715479147
212.1379555422345 1631.264076665198
196.84399302706882 1633.1801622629266
181.5327485056199 1634.9528620789029
166.20556623544093 1636.582020478154
151.138923408675 1641.0548515606865
135.92065312430418 1644.39216005619
120.5800631647226 1646.5908563960847
105.21019723130028 1648.6463581977036
89.97539162265787 1653.5538784395112
74.52291494571125 1655.3233325087865
59.04517481900006 1656.9482995345973
43.648510439800766 1662.4270833743014
28.086831581684713 1663.7629428171858
12.503949858109598 1664.9530477577875
-3.096908760847111 1664.9971198642138
-18.708725212333494 1665.894949749512
-34.35823604338431 1667.6460990318021
-50.07216709444604 1670.2496155013675
-65.8378957090779 1672.7048070381697
-81.80009106791164 1678.0073733751235
-97.75131502713396 1681.160515956304
-113.70139045950825 1683.163983041336
-129.62083038383182 1684.01883609733
-145.56625893480435 1684.7229636529935
-161.6316617895806 1686.2713915343338
-177.73883654814279 1687.6664083824483
-194.45657022841155 1693.8747422094123
-210.8127526059566 1695.947812681363
-227.22481265783776 1697.8627401862054
-243.54929108545466 1698.6287831105926
-260.3616284902578 1702.203225942749
-277.2622525363953 1705.6112227932965
-293.910127119813 1706.8804402114447
-310.60606914957566 1707.9870812765093
-327.3484903708929 1708.9303572269696
-344.1656477912798 1710.7235331521015
-362.12137580508363 1716.2121399130801
-378.91689569161974 1715.6546815019117
-363.5805965835752 1575.5945385117109
-367.6398663313792 1527.377467649646
-369.6082390714947 1474.377749971312
-383.4786616881971 1470.8310970433788
-393.9169745937099 1454.605931902843
-391.37182104853605 1393.0675136866673
-35.22039044311189 120.97737018564568
-34.049822995716944 112.98057157741921
-33.62463439964717 107.88134204527705
-36.17196216180441 112.31913974637176
-35.966290150273785 108.17775174603287
-36.98359559453588 107.83419521144407
-39.3308698611622 111.25233784493845
-33.87560594590404 93.02388575950712
-347.502734253853 927.0069307648654
-339.6670099101528 880.7737066799259
-342.05032428162195 862.6619127206424
-47.16599698119955 115.75996168265381
-44.779916797900235 107.00821955145844
-44.206994509886414 102.90647033303043
-47.19099462799996 107.0607772530168
-47.78533907339534 105.70033760419422
-43.312197977733774 93.45080794908942
-528.140447087303 1111.9481409447221
