-544.2859158215903 1117.4980276663816
-548.3771123119551 1099.8743304088887
-551.4158658992905 1080.421002588591
-556.4527535478593 1065.4409101724061
-559.8434865543227 1047.816429801852
-572.5430214632919 1047.7740637053794
-588.705148775641 1053.6959940158501
-847.5359502202596 1484.0363247185837
-859.9329905751928 1473.4148267614269
-864.5230092885774 1449.8082516010943
-875.5087867575813 1437.3494231780483
-886.8651884390678 1425.6616490370136
-893.7900889768736 1407.1347756511145
-904.7982701975313 1395.3168422432072
-904.6247189264633 1366.7388623680888
-891.1208763326847 1319.229920735604
-780.3292279432428 1132.1268904224044
-749.5180635759848 1065.8478654917437
-755.4213694129238 1053.0691119932742
-775.9134823643453 1060.4500308290037
-964.6637374019209 1292.746252650441
-984.6423880258726 1293.9688434049356
-986.3381281914899 1271.227004462896
-990.7963617534103 1252.4901474806918
-994.9901965753374 1233.7826018869657
-1004.6359603657095 1222.059976899689
-1010.2957974230918 1205.666372471771
-1022.8806761200391 1197.639395820049
-1070.2017698037102 1229.458487265433
-1097.635699472284 1237.3002348839952
-1101.838229403527 1218.770493663553
-1101.7246725925095 1195.858999130302
-1106.0699577442078 1178.161809165331
-1107.415440999547 1157.5988256022804
-1111.265097740641 1139.9797728659416
-1114.8820180754833 1122.391235609018
-1118.2671214794973 1104.8360263034326
-1119.2675414473829 1085.228625987322
-1119.2745695436618 1065.011473164891
-1116.8086673196378 1042.8434209409074
-892.10557754025 817.4641512149491
-872.8803514719397 785.0833662829847
-871.2657270027337 768.8563148927099
-867.1550478373144 750.7670231238616
-871.9273198788334 740.5935112117271
-872.7436417736288 727.196352949947
-869.513747281835 710.6861777802502
-868.3912657292733 696.1792941513779
-871.0034269094015 684.8481804838785
-874.271221641037 674.1408094829216
-876.6170465264847 662.8299583899199
-878.0241905993234 650.9397212664188
-877.6674787144444 637.9065737292807
-882.8444197923945 629.0005806367989
-888.7513668294664 620.6263029865519
-893.753624503033 611.6317999317001
-900.3264437923739 603.7120957941603
-905.1577517987164 594.6246247496764
-912.4206021372867 587.123193883048
-918.7763488889791 579.0043356679093
-923.3580182053948 569.7674703032857
-934.694814626782 564.6322728199351
-944.2949120070609 558.315429804315
-952.9931570649331 551.366522911404
-962.5143690080951 544.7954565274464
-971.9961236277686 538.093426509367
-983.1956409298176 532.2126752122738
-1003.2091371305933 530.8450123884471
-1011.7358365591828 523.1745378187768
-1029.1325452863418 519.8992250739134
-1047.4534255060387 516.7836311220253
-1063.1033689969056 512.0656469901387
-1089.616724610583 512.2024926226974
-1118.9526770493785 513.1334198081717
-1678.783954578076 750.7365941868003
-1740.808025350195 758.8072343331703
-1750.665090103578 743.488898567175
-1756.691509500785 726.5231864488935
-1747.711141212118 703.5351923557457
-1748.697177400224 684.7935322069636
-1754.1583286956304 667.8754059461634
-1806.2282668715486 668.592138717022
-1851.00488484289 665.4847228056848
-1940.2544890399292 677.080141312979
-1978.7278901064942 669.7439338394198
-1935.5161673646433 634.9379228476448
-1853.7072970781196 588.8923982862508
-1836.2110415671627 564.4200659321344
-1826.0893690239602 542.6072394814458
-1824.3722344106764 523.5169054685786
-1827.276982056039 505.84071687456526
-1830.0108097070092 488.15615980493004
-1835.4795889625525 471.21086415941164
-1852.441985356592 457.0806174933777
-1928.6580012242982 456.7300234421805
-1936.7597749673414 439.496955698732
-1949.5938150088325 423.21266105742495
-1957.3960718040037 405.71124964222463
-1035.0067233626842 204.4164440401993
-1020.1713484487912 191.5578758604694
-1017.9859230403982 181.27509617040195
-1022.6004950584429 172.2127390939114
-1883.4088868236743 299.03171242128855
-1884.153903129062 281.0499409776159
-1877.7946811997851 262.1128292506823
-626.7238731541004 81.49347715445144
-617.5328176866345 74.4124927683903
-605.2832403664426 67.18034631869102
-604.8921093020203 61.39654798237992
-605.4416097663006 55.717655761800735
-605.9377964251131 50.03385717170163
-2046.5346113507035 149.66657791111928
-2039.8651300466297 129.94710931701056
-1131.3341548225121 61.41685543913758
-1117.8747454575068 50.170244850053095
-1116.29757215802 39.60720129105554
-1115.6204291821068 29.10426071096266
-1113.8446971870078 18.600821174961265
-1109.9703093305998 8.118645486313929
-1098.997645945371 -2.274688227599391
-1079.9291593756798 -12.369750609358977
-1065.7710536972436 -22.092104948762476
-1061.521536009595 -31.875203337864114
-1063.1779410602683 -41.81704966695367
-1063.7422501877218 -51.74384181293714
-1067.2087647230057 -61.858326023229004
-1066.5878390998853 -71.7731250833997
-1067.8689560443468 -81.83454476415861
-1072.0439818188947 -92.18297590059159
-1079.1049172363057 -102.9008143623061
-1082.0803104110698 -113.3410861986201
-1082.9674143876662 -123.61868537762837
-1086.7341314368819 -134.2904597137335
-1091.3868701131548 -145.1747214380373
-1098.9006544044269 -156.580176745086
-1101.352706944049 -167.3864239029426
-1101.7240602333213 -177.93283874261473
-1106.9227604575754 -189.3436092953263
-1112.9880055100573 -201.0440240115203
-1114.018803306054 -211.93892016462482
-1115.923574383467 -223.06630434744423
-1123.589822554634 -235.4780470694583
-1129.1673375885448 -247.6229466814358
-1131.6912214176882 -259.22187285439645
-1133.1239851271794 -270.6566724274492
-1137.3529336003892 -282.86446300408403
-1141.4522602756454 -295.1740800131682
-1142.5230856629214 -306.806125635191
-1146.3659604162938 -319.288403796361
-1151.9965233335295 -332.4229387804957
-1155.564863969831 -345.1171470071951
-1159.9516587092094 -358.2012694809362
-1164.1944088326702 -371.39652454317536
-1167.3415991866273 -384.38859349414605
-1170.3472869910186 -397.4710402441444
-1176.9854806070387 -411.96380719696515
-1178.7507747302054 -424.9183581265236
-1181.3140057774178 -438.2889683235373
-1186.5327966674236 -452.81334171221437
-1191.5828516844106 -467.4722532639214
-1196.4621239183273 -482.2638137252731
-1203.0269842523385 -497.9257727420062
-1212.1717145679668 -514.9065297715265
-1221.1039608311826 -532.0987848533366
-1228.9075883556425 -549.0921045525228
-1241.9552840463577 -568.7733049549098
-1249.310552601643 -586.1937761168894
-1255.5473028876859 -603.3655361482436
-1272.3395087104018 -626.0001394365447
-1338.8348176092438 -674.1827134814587
-1315.6458468237586 -677.846594544367
-1204.9227466644884 -634.984389233708
-1164.6600755331115 -627.6112717751387
-1145.6614535549734 -631.1290152087015
-1097.9429981930639 -618.1595042695905
-1082.6382146164779 -622.8125691185472
-1063.031446838028 -624.7024435949078
-1045.1985088868166 -627.3125831838345
-1024.8515189484858 -628.0791065693727
-1010.5153986185352 -632.2362130998373
-1001.2476802774096 -639.4115128296535
-991.9340064952231 -646.4695868780948
-980.9103691100087 -652.3027270926182
-972.3467616762057 -659.6717176427956
-960.441814495208 -664.6619599233528
-951.7962731144164 -671.7952474418879
-943.9128023551755 -679.4097596811511
-935.9700610275551 -686.9359830872706
-924.7663532045291 -691.9770169455024
-917.5253543391669 -699.9022961419587
-910.2169430252022 -707.752864091595
-902.8418814876446 -715.5281525082363
-897.7347358299567 -725.1126423420833
-890.9832102753433 -733.3927454014279
-886.4538146870821 -743.5379172757233
-881.8127426098292 -753.6619182172675
-877.0599993597917 -763.7635481763987
-872.195602917972 -773.8416054016193
-865.7358892075732 -782.553749040903
-865.0744158826053 -796.6318189636723
-864.2259105413369 -810.7641923204287
-863.9007083378172 -825.6516009391721
-904.7633020810104 -881.2334351393315
-950.3249921152034 -943.293914621121
-951.9036856008107 -962.9098469428967
-930.2183834109982 -958.9524279985056
-878.358512478127 -922.8013456628745
-830.6825882829905 -889.4129735524841
-819.5284422303739 -894.2830269973016
-825.0721416814785 -917.6120972508692
-840.1697837015663 -952.3732118003232
-865.8066694759858 -1000.3538429430364
-968.9243175105775 -1141.1374443670936
-961.2849915480006 -1154.0949549428594
-956.0177514579619 -1170.1072852081822
-997.4343699784102 -1244.6484152505766
-988.7041638632109 -1257.9602840946725
-973.0958629494676 -1262.5056203877396
-952.666752600724 -1260.4864372492038
-938.9128730615332 -1267.0326028951808
-921.594053206341 -1268.5773138026345
-903.7504472371083 -1269.093822031581
-889.4141079952484 -1274.3070840653036
-873.9311134595739 -1277.7121776547758
-855.6799973953703 -1276.7853155708908
-841.3670488181175 -1281.4798044304448
-825.9602519854975 -1284.335883692445
-810.0420904928009 -1286.1694334845831
-792.5888191160295 -1285.2637720764785
-779.877012514443 -1291.8486154931418
-764.0594317058434 -1293.1423683498053
-746.7859143017356 -1291.655835817158
-732.0709310930531 -1294.3110722884783
-718.3408844336632 -1298.5539548863815
-704.5962119337796 -1302.6531303952593
-689.4361585369468 -1303.956587966723
-672.4786401459759 -1301.5365836377473
-659.2338652372489 -1306.0550183374194
-645.9638673927515 -1310.4394995660807
-632.2363615653264 -1313.7888655010886
-617.2281509997656 -1314.2805673117937
-602.5156385603846 -1314.492641778634
-587.9847392883179 -1315.581600040092
-573.8869065839051 -1317.4303846699286
-560.5883285569831 -1320.9715083550016
-546.8923560430745 -1323.4548541229713
-532.8266654096352 -1324.8697085481458
-518.7834466385219 -1326.1371480709888
-502.98688864756446 -1322.584284591588
-489.3841697412151 -1324.4799486616253
-476.4661764811846 -1328.1193405223044
-463.1944563856779 -1330.6885043365994
-449.2773710847013 -1331.2305750061555
-435.08099243604477 -1330.6782218180572
-421.84085795012805 -1332.8369332232282
-408.5989569990568 -1334.8643722638203
-395.0729739289219 -1335.8017612171939
-382.1150420539625 -1338.5260903830372
-369.14099120368985 -1341.1248743547924
-356.1520363425989 -1343.598052621773
-342.9023443328453 -1344.976573123502
-330.1342728133774 -1348.1674087122794
-317.3365207188394 -1351.2370379093602
-304.2908508454546 -1353.2095469999276
-291.65657967438386 -1357.0115841556549
-278.57585170196296 -1358.7363595814038
-265.48865545373377 -1360.335169664215
-252.76067385760896 -1363.774556791205
-239.4726088475381 -1364.1399743471172
-226.36392745893096 -1365.3627255588046
-213.56199571955403 -1368.4357032700811
-200.57730603281155 -1370.399118616405
-187.5745835325178 -1372.239328839034
-174.42896473368714 -1372.9641423802495
-161.51971762334858 -1375.5494832316551
-148.46991666561522 -1377.0191298036875
-135.40676758601046 -1378.3649760828619
-122.41977077408593 -1380.5829926967883
-109.4028785936606 -1382.678563569791
-96.28782464311921 -1383.6537337157356
-83.16411397849897 -1384.5045070877059
-70.374213822306 -1386.214799383159
-57.17889803533633 -1386.8217526486467
-44.0100883538325 -1388.3026010647275
-30.84044039362506 -1390.6580698490652
-17.604629794504127 -1390.888592594604
-4.367224765435972 -1390.9931442490463
8.883330040576801 -1392.971674675185
22.187039437537294 -1395.8236762861552
35.54583210322468 -1398.5483523354098
48.99340738759929 -1402.1443028563617
62.468202478366464 -1404.6115917502325
75.88651349319467 -1404.9520408433334
89.4438278438305 -1407.1601904760678
102.83123644275463 -1406.2452619694952
116.62142157031487 -1410.1859607976953
130.4039887112163 -1412.9953289831517
144.3519271348289 -1416.6645760844242
158.38146810672737 -1420.1958704912354
172.37095811123828 -1422.5952526280319
186.2906882518094 -1423.8650847150748
200.2501636820785 -1424.9985515590186
214.39662405973436 -1426.9839128707056
228.44097371617826 -1427.8412802295654
243.52524444204167 -1434.4756726133223
257.6958660029845 -1435.0459367717021
271.89934934187244 -1435.4761383692403
286.1343094775081 -1435.7657040547492
301.4232095073171 -1440.8081235092714
317.0479268721413 -1446.6656877337202
331.47107855361486 -1446.5071462258675
346.15249598736943 -1447.177407756808
360.8766073748185 -1447.6988893584332
376.8973949281415 -1452.9106489032217
392.00866732583484 -1454.0856937407173
407.17632198288436 -1455.1042721456392
423.2346267009481 -1458.8466165986433
439.1130818987096 -1461.4567052449474
454.1887988693835 -1461.0313258043398
471.1316597511991 -1466.163346690975
487.8980820690679 -1470.1552508199006
502.80333489523025 -1469.3528529316009
518.7912432252999 -1470.1485115296168
535.5233880394544 -1472.6519279390986
552.7009296946466 -1475.9057159299416
570.348581341703 -1479.898136954536
587.7538430056921 -1482.7577077972112
603.7558441876436 -1481.7148445666817
621.3358990131948 -1484.1909245772474
639.412735335282 -1487.3844001773896
657.6066507684587 -1490.3672342295674
676.3276586513664 -1494.0484925674805
693.0729713917239 -1492.9721552414321
712.0075312015792 -1496.2266791874258
731.0667897457186 -1499.2549312678245
750.2481446786259 -1502.05483302251
769.5489653911529 -1504.6243351300038
789.8942436459088 -1508.7332712759594
808.9705960283558 -1509.9455535752031
829.5834167805765 -1513.561149938338
848.3823038100788 -1513.4306943437823
869.7401606680794 -1517.416571980504
889.7339999007827 -1518.5431865510293
911.369153217352 -1521.999430539935
931.5848300031272 -1522.6209983144342
953.4847716368656 -1525.5385246714009
976.0625076777013 -1529.0186333416336
999.3387173056683 -1533.0434201593448
1023.8878005996534 -1538.4270446736186
1045.8197463325375 -1539.3446846567363
1069.5711636547196 -1542.4482246993864
1094.631372860328 -1546.8701165740817
1117.5306779008376 -1547.7099805682246
1141.7310490745842 -1549.8629654195397
1166.0732858255185 -1551.6939427877132
1191.1617924899206 -1553.9940746708783
1217.6311066810758 -1557.5312157522296
1244.2751864526713 -1560.7034504921717
1271.7202796855015 -1564.28371155511
1299.3457095057681 -1567.481013342411
1327.7921534360908 -1571.0560134105813
1358.6156258028989 -1577.620861082978
1388.5536209023903 -1582.0694807368168
1418.027204378781 -1585.3478632911133
1447.6837491351598 -1588.210553575932
1480.240312595153 -1593.585145816879
1513.0241917771345 -1598.4864075421938
1546.7235704594689 -1603.6303179302618
1582.7544697469748 -1610.4199106121275
1616.217230267775 -1613.8456755791624
1652.7394840175443 -1619.5827234103917
1689.5104213607565 -1624.7739953954826
1725.795729174805 -1628.7289833370078
1764.503772940423 -1634.1821915805508
1805.684766482338 -1641.0674952888514
1846.4024045941026 -1646.6554467492936
1887.3823091089005 -1651.6210277369182
1929.3750601052216 -1656.6112632250129
1975.449899298619 -1664.1774831312541
1106.8831716249033 -914.8254720839352
1113.1013387520086 -902.4934402357097
1118.4030370465987 -889.5030335670275
2163.5412861676004 -1687.7870431568806
2211.8697441100467 -1692.2934837345906
2285.2675042903315 -1714.6432380628455
1113.99049688662 -819.5817060222256
1091.6357407687794 -787.4308918731842
1089.1898332381843 -770.2087425955228
1163.773665944278 -806.6516314088854
1067.9040904953042 -725.4390763554146
1089.658296712641 -725.3452946047876
1070.461019419109 -698.1383859266025
1065.1768595226176 -680.5102923083044
1085.088721868271 -678.9568952991654
1213.3537427932883 -743.4390996238487
1315.4743633319458 -789.1027812752984
1281.439693452615 -752.4016959338063
1222.5573106601662 -702.4625414578217
1220.3878604782824 -686.0418864743174
1220.6473381830017 -671.1699306336305
1225.1394239019614 -658.7217864934863
1228.5390387282478 -645.937946184208
1230.0946697769898 -632.1045035326345
1231.4992858531716 -618.2988831812072
1233.6514013778421 -604.9629905031267
1235.662017833307 -591.6412575912201
1240.2494499790398 -579.6052983079858
1244.7198914083153 -567.535366239384
1247.2456425679113 -554.6199663691867
1247.8038624275073 -540.9117496514514
1243.6091132204037 -525.2964625001404
1242.9312459711227 -511.3295588841629
1237.4596487009885 -495.56293024884957
1202.9176232077432 -468.68986737098777
1226.8973951080475 -464.8298418530031
1242.4630732647097 -457.45110293190095
1243.8730392885523 -444.77057246524294
1247.988884524574 -433.0874554903546
1251.0472353682444 -421.0472834225068
1253.0388916644542 -408.6777899229611
1253.95516449441 -396.0068754930875
1253.787878725475 -383.06259953312326
1213.2080091452585 -358.2615337233376
1030.911488723074 -293.94812878937597
984.4482597866262 -270.74457298916155
962.7775967984625 -255.0986066268832
954.4682453362025 -243.34208153303592
947.9665617648291 -232.23995731951143
944.2617620292368 -221.96784625130022
941.4237566220845 -212.00544914591737
938.4823747236047 -202.11588837383243
934.4592166312417 -192.09886114427132
932.2939613638165 -182.55949606789184
931.9985590296128 -173.44361033697808
929.6447607081109 -164.00188684267977
927.1961896172478 -154.6196169936295
922.6779984393922 -144.9872794278068
924.9862430347414 -136.47509002185828
923.2534330399401 -127.38562862413049
924.4073148706304 -118.72285463915999
926.4729209740219 -110.16772078001672
926.4605072232018 -101.46392736203151
930.3543329274855 -93.09036041961281
936.1641489195061 -84.8332851999546
939.9070224613364 -76.31375451296303
940.5798646656809 -67.5167992835072
947.1587332511862 -59.08751159093139
952.663085290767 -50.48807705069366
959.0880487250806 -41.83437333960509
967.4327802625083 -33.13330157942764
966.7007380253328 -24.0558329990228
966.8834910524245 -15.010487343055788
966.9816093175623 -5.963827765570298
955.9951401508702 3.048279501311767
925.9271405738557 11.615952338204771
833.8000010220343 18.263578391311555
803.6072905839399 25.126132220046102
811.3304467406351 32.968260367228275
809.9877399675619 40.50754376954213
810.5715483275379 48.14317232897876
812.0809374891485 55.86189190088189
808.5318905372575 63.22327090754104
802.9240785903935 70.34858932322392
801.235443843408 77.76093832418003
800.4728578194328 85.25376176093476
800.6335454177718 92.85432651077105
801.714215611961 100.58984285551956
805.693087201606 108.75499637049006
813.5477883174384 117.575491169735
821.307188730728 126.55236757654319
822.0609754944415 134.55390209550637
826.6780132989605 143.26361131872787
832.1871911400667 152.25136748944533
844.4735745133702 162.6787692005675
861.5371511399667 174.34086499048405
878.4548001620478 186.33615878904632
902.0555377554615 200.17943651810265
943.0071743332323 218.54397533689377
1008.9630657651182 243.79813765050315
1068.704281875462 268.84039484618563
0 0
0 0
0 0
2546.627778329146 743.7042144847358
2503.050932812861 756.941891920817
2440.3686390852417 763.4460723386063
2382.5522530414405 770.3640448042445
2311.5509294590825 771.8168827622594
2285.1808025598175 787.2977198062165
2222.91933697514 789.6268873980943
2180.546720544646 798.0601478096684
2131.668089847904 803.2902057937642
2061.447304691594 799.3472399275304
2042.5889272026282 814.513029035887
1906.1167140316056 781.2292061164602
1866.3270243380618 785.7788736186761
1849.574256110736 799.5624247877194
1840.0417525343046 816.3426663665722
1832.1779141795714 833.8423656738694
1828.6785678024107 853.3807448379201
1840.308715481571 880.2635013009286
1941.386614582205 951.452580384879
1924.1869767558344 965.874463107521
1919.3412201160481 986.4549055904378
1900.117386953559 999.5813702729654
2034.0313235824658 1094.9048244872072
1956.053672396239 1077.0993597181211
1259.9558053842782 709.5261577126353
1231.4707767322313 709.0280149997704
1204.8353152762643 709.0668960423587
1188.5962310216564 714.8482353626631
1174.0612523315413 721.4320312917172
1157.8154899491797 726.7408693845016
1149.1528586835568 736.6632252117718
1139.5697294208533 745.9388927973145
1129.9144055490647 755.0989578410924
1120.1882186827545 764.1428889444418
1112.8545716235715 774.7842941209619
1111.1262828312342 789.4095157784991
1108.4101370931762 803.4848897080057
1103.1141276483522 815.796066049975
1102.6889492152427 831.4072896472486
1103.0924814829518 847.3889173784275
1108.8095787344755 867.758790279116
1117.3760169022355 890.7928136506802
1413.6188759405147 1147.9210223637667
1395.525397126287 1154.2226240962004
1374.3743451656755 1157.7150596543265
1347.2024242137122 1155.7121735937096
978.2731297413235 854.6242938426894
957.8410722522324 852.0941733791482
942.7227495856843 853.9659345744462
928.3839743136504 856.3131414602905
933.0320513080433 876.2711858961842
984.3732644202313 941.3040296815144
1043.9291494092352 1016.3960502745527
1039.71138991249 1030.6775566035376
1038.136012262202 1047.806575682904
1030.0593184502786 1058.5399380626823
1124.129836592496 1176.206236372911
1381.779479724318 1472.0891513127845
1365.764658208408 1481.5235058509434
1341.6383029354395 1481.8932701434724
1321.6035100546524 1486.4337059590725
1298.3076708593983 1486.967784381237
1278.3645440765868 1490.9996956565285
1255.878362599125 1491.7337357435276
1203.5381326054508 1455.95912146069
1179.0438624973042 1452.7548211268954
365.16865304843816 458.30978042235733
360.413338501114 460.78978442504706
351.38016747998387 457.6690702917759
343.0345631966676 455.2222407269569
334.7617967828979 452.6627214766926
326.5632164993984 449.99162839942596
316.1200095358548 443.95173112744027
319.55685676766353 457.4356952542849
317.6884744248387 463.59252929444256
317.4084825490871 472.2423691346276
318.09890774944216 482.59412023833437
316.4570902224011 489.6365080832628
846.9012322812748 1337.4031937902864
833.3820549836242 1343.5160402582737
821.8993093018873 1352.9118690325251
809.8025766839862 1361.3507214513006
798.1231664323217 1370.5456618456915
791.2944886338815 1388.3288631508183
793.9453693118844 1423.5697210000694
822.829236441789 1508.136614387643
825.2556017731326 1546.5969713348286
809.9224908186127 1552.4260236372536
790.009495811033 1549.195273852976
774.6868754944661 1554.6797885534568
758.4553141659014 1558.2151765444669
742.2250978923236 1561.5834604844952
726.4187961521292 1565.6920938028943
708.1258173283597 1564.1760856224091
692.3476896407046 1567.9447301002606
676.5607770056719 1571.5554444617858
659.99291843702 1573.1641197322626
641.5623576810646 1569.9725288063844
625.0967438503177 1571.2208822529474
610.1075347771657 1576.0294400829348
594.7306406830646 1579.7593060440288
579.3371737195152 1583.3396474372403
562.9239601019596 1583.9436906478486
546.8757996200076 1585.3251590099671
530.850690165719 1586.5454751599714
514.8502379256782 1587.605187856185
499.4752913681129 1590.412975711887
484.6741666929895 1594.9858783514217
469.54934323555165 1598.4615773508797
454.67471586850326 1602.75603344673
439.4968607347353 1605.9475425443736
424.04398993444744 1608.0285117498615
408.09846033866285 1608.0225889797732
392.4267188737208 1608.8310260291494
377.2311251395863 1611.4346645849225
362.02105031016197 1613.8949033726847
347.0076455735525 1617.1894428030068
330.9607537035983 1615.446062085623
315.5850023615747 1616.482324767099
300.3457366569308 1619.3830425418212
285.25291611148606 1623.1250025336599
269.6248178707301 1623.7667497483053
254.4734878389112 1627.2222478773756
238.99058131573102 1628.5574911689084
223.50511062929323 1629.7455217065599
208.27153834693888 1632.7703348342043
192.88361986575146 1634.6595698149154
177.47858969464528 1636.4037858059362
162.1562700297961 1638.997969519799
146.71174048141864 1640.4525793831751
131.4135811728375 1643.7552952563622
115.99590771187883 1645.9176617905578
100.79276061963175 1651.92790986976
85.28066692402521 1653.8026508168964
69.70010557523133 1654.5325307417806
54.21139222517404 1658.1140265232088
38.661387096034844 1661.5502692208293
23.00992066733673 1661.8407094396512
7.360839152412732 1662.9837094953673
-8.317717981234042 1665.9792362354294
-24.008815931351343 1665.8269948459756
-39.74544034021186 1667.526401581745
-55.615932797256214 1672.0753176873018
-71.57562687270128 1676.4727643590813
-87.57100941358749 1679.7188212049912
-103.57240370940536 1681.8138295274707
-119.40841870788869 1680.763704255206
-135.55487026451908 1683.55156652464
-151.76440311001645 1686.18402493579
-167.93649976073527 1687.6650532757121
-184.2583200152195 1689.9848731586826
-201.10968285139938 1696.118773984714
-217.45738746216352 1697.1250056015704
-233.7054241447568 1696.9828445583412
-250.55307093749377 1700.6422782712982
-267.4903080388474 1704.1343653319366
-284.3511079331227 1706.4713438605422
-300.9322918967902 1706.6718359701565
-317.47458311088303 1707.7408729308352
-334.3134057923357 1708.6004643296599
-352.20281144776067 1714.19169861725
-368.9641849341641 1713.7311429264125
-382.23328356554913 1697.497486576843
-351.74744836802205 1496.2094547778347
-366.0623028429686 1493.8013222772643
-378.13863334306484 1482.5353870897784
-386.1914165006305 1456.6760758045134
-387.68791159906715 1408.623116095982
-394.35195092466927 1381.8305029206394
-33.16625096622099 112.20071210489552
-35.099048134918995 114.75215387966641
-32.560483316901134 102.97482666248972
-32.59757540840903 99.81181331632587
-36.73016047001135 108.97658148357938
-37.754956020421616 108.62579479983577
-35.74172718629571 99.79242926064286
-37.71817820627157 102.266020910173
-347.76266277882917 916.2211143479386
-333.8306140390868 855.1497653220085
-403.68993759094735 1006.0270544512294
-40.78117091546685 98.92368825899831
-43.27039442709573 102.21875056037206
-43.43428999793744 99.97230842775949
-46.002381938235075 103.212309614739
-46.55678826404152 101.86493737561126
