-43.91117343290789 93.17085836110498
-44.33846859596942 91.85913238521378
-48.308561710550514 97.71019836976042
-546.0630225719805 1078.6547989878657
-554.4105723018492 1069.8850019137271
-556.0824945609832 1048.685491099612
-568.3703252524308 1047.768664053495
-583.1160361831577 1051.0850052902679
-597.481678268714 1053.345453369027
-860.2299357506004 1483.6540896174274
-867.6113092178847 1464.2590672818892
-875.7388989477988 1446.5691759710965
-883.6098060794691 1428.8574843560161
-893.3603024546362 1414.50923291372
-901.8347141462149 1398.424166110131
-906.2357635867912 1376.4594947895364
-903.6091305101515 1344.5782012433074
-794.6911633287272 1158.6591193820702
-748.8589075144763 1069.9749233679381
-753.7253880157979 1055.5126903360447
-768.9841730033953 1055.6037806252327
-924.4739510822899 1244.1253609545543
-981.5120930568147 1295.0903486565062
-987.0028569245425 1277.0361625352632
-990.3833736436724 1256.6386804528092
-995.9724979416461 1239.4106596862387
-1000.0572417641903 1220.6430736275859
-1009.0049342122071 1208.0500994310705
-1020.3971792594662 1198.4429884476463
-1055.9500684268037 1216.6718756466053
-1097.2380903384515 1240.3243822123422
-1101.5658505231875 1221.7109629372762
-1103.6102348833342 1200.918585692116
-1106.727674254883 1181.6576725254984
-1107.5086623315085 1160.2760718297488
-1112.1686221851105 1143.287346132578
-1113.0865347154004 1122.764163230757
-1117.9807995455326 1106.5477539842245
-1120.5162063139944 1088.2497100333608
-1122.8060545580324 1070.0035345024917
-1118.2777523538837 1045.6652755974762
-899.5404608816698 825.6318545434116
-885.7895901736399 797.6470409523344
-861.8476786213542 761.3925261354899
-875.8399342544076 759.0687778885618
-867.0090326163255 737.1155522451709
-868.5934463569157 724.3662229465257
-866.1442251278834 708.4879542219603
-867.3726695440022 695.8510272523217
-870.0115506602816 684.4917104813558
-871.7215138809505 672.5344617468339
-874.8783079001939 661.8133772943046
-881.1232314898471 653.4759757855596
-880.8180482362312 640.3753320524739
-886.0447558633742 631.4021623395137
-892.0004008755723 622.9600989130994
-895.3998542866002 612.767574977279
-902.839287304881 605.351320555935
-908.5468047020208 596.7509561498397
-911.6493835760868 586.4737005402211
-921.4077703096873 580.4556148517564
-925.1757935448272 570.6301350600922
-931.4086768169659 562.336088785051
-941.0111644555653 556.0098815398707
-956.6372512308667 553.055304248546
-964.4571029052009 545.4232270959008
-975.7183705021854 539.6282622922564
-986.0763566302273 533.1926658299576
-997.2837434127102 527.0760240465617
-1007.5748093334686 520.3354721683162
-1020.505800259059 514.7979328218186
-1038.8041591769274 511.7127308136047
-1062.5420703319903 510.9259719123775
-1089.9781922698392 511.43283075705443
-1178.4401550362506 539.3466427059111
-1672.9842203157282 746.5572975830958
-1743.2728910516605 758.1560705582887
-1751.314277510329 741.9584229513632
-1756.4318430154988 724.5323877102933
-1747.4562898632307 701.4880718996103
-1747.518021829366 682.3172014404878
-1754.7041458721185 666.4400651665529
-1808.7395540842924 667.5666449808248
-1854.4749072106417 664.6975391304543
-1956.0376607887856 680.4099275994845
-1978.4583975909766 667.4176870609176
-1931.4197130216135 631.3809405988655
-1852.4212923747446 586.3312677630969
-1834.9054143541746 561.856850428768
-1825.7250661364474 540.3184087934306
-1823.9952879226887 521.2007191436217
-1826.8882841677098 503.492003085214
-1831.5427201621526 486.28825219310244
-1835.0662688215782 468.7939729062773
-1851.0480433310922 454.3755509269122
-1933.1089244614564 455.28659783423416
-1938.2807825074103 437.30608063741977
-1951.1053974131985 420.955731859164
-1967.7109275927062 405.2094587151833
-1035.273133075242 203.06289649409732
-1017.4757421524234 189.65261435417986
-1019.2143845725344 180.0750906717246
-1034.6716487870526 172.78767084569995
-1880.8596291087135 295.9443454250014
-1881.5812088497175 277.9499136600611
-625.0655651394724 86.3367782400523
-624.858061299838 80.32685247541934
-612.6769677547263 72.9104463220058
-606.3771519648733 66.38335314647053
-605.979614826537 60.57810177516155
-607.5184704914528 54.96642622297563
-610.0020202572861 49.41189413521349
-2048.76347593439 146.57496265472727
-2044.0629072868 126.9284485615213
-1128.4364512890465 59.423693945960764
-1117.9556778462675 48.33324292133095
-1115.3625124415896 37.71559147070148
-1115.6678913634532 27.224183745815857
-1114.8746997687124 16.715376622234547
-1109.9826758879026 6.201550510271709
-1095.992012131816 -4.1844167160035175
-1076.9077307972054 -14.097494430337909
-1064.7320611473883 -23.888029739476895
-1061.4639562937248 -33.73824964744542
-1063.100770233032 -43.73502406463305
-1064.643269193329 -53.76531745782496
-1066.0909698388607 -63.82823848452296
-1066.4457866199427 -73.85380288496714
-1068.7000851031037 -84.04836762614103
-1072.849012887437 -94.46690185695616
-1077.891399805969 -105.06726523674523
-1081.834508113557 -115.6637240222639
-1083.6866779244322 -126.11179203035628
-1087.4221400082 -136.85426343372308
-1092.041999309271 -147.8116089642835
-1097.541184962409 -159.0105257877957
-1100.9492639859961 -170.01975805386041
-1102.2733714333804 -180.78278299907055
-1108.418514009396 -192.44063448555434
-1114.4413545711138 -204.22895784315511
-1116.4124205861192 -215.38873499104434
-1118.2718975031166 -226.6030963044831
-1124.909850533231 -238.90966529904884
-1129.4622988068413 -250.9261157671028
-1131.939551318462 -262.5963673795945
-1132.3529522179651 -273.86454973811175
-1136.5333072681133 -286.139898424188
-1141.5499589661795 -298.7702983636657
-1144.4991248525428 -310.9947800394148
-1149.2440442013449 -323.84275021642435
-1152.8881865174217 -336.52611992023884
-1155.437786340829 -349.0165066236904
-1162.626821294014 -363.0741995898038
-1166.7979938633227 -376.3753997228373
-1168.9238475286866 -389.1542607742228
-1171.8580864258327 -402.33024405130874
-1177.4757902599413 -416.59544326807844
-1179.1701040288854 -429.63108100381595
-1184.4684875018052 -444.1389446053856
-1189.5979018461321 -458.78299001083354
-1194.5562679807233 -473.56131876238237
-1200.301839943906 -488.7652739580359
-1206.7616912125238 -504.56934173797094
-1213.9491444023522 -520.930393435435
-1223.6810638599304 -538.6776902291656
-1234.0976930789825 -557.062728906838
-1243.3688928889549 -575.2684557631288
-1251.5029558406359 -593.2666782503056
-1244.1154416118775 -604.0411972232386
-1312.750423450742 -652.565955080326
-1334.2357275024258 -678.8402046550221
-1265.7552438848672 -658.9329727506133
-1176.5838349892383 -626.5297113800884
-1144.341384518681 -623.1306409396575
-1120.1306460820304 -623.5634175509764
-1093.4055153392535 -622.1160494840989
-1072.8582425341222 -623.7436904904088
-1052.3770219570379 -625.0428814544135
-1034.53113949369 -627.5709692280925
-1017.5808128475554 -630.3477526925184
-1006.5857817423192 -636.6051083632647
-997.2432721196789 -643.7972166855307
-987.0194230573492 -650.3204275643951
-974.2713928693628 -655.0353067097922
-964.8203936125835 -661.8320089488416
-954.5083357564423 -667.9362521764085
-947.422452450609 -676.2297661242617
-939.4564887475584 -683.8607356400196
-931.4307405700902 -691.4020360984291
-921.7514609613911 -697.6462170868134
-914.4121101936754 -705.6029285165628
-906.2186266805625 -712.8652051104721
-899.5296897858542 -721.287277853814
-892.7624839271275 -729.6465906809032
-887.4543153548126 -739.2224551230304
-882.0450484452716 -748.7626676812743
-877.2911729802303 -758.9204159929891
-872.4243474691967 -769.0544570724146
-867.4446021501662 -779.1635657553168
-864.565030726564 -791.2719555530674
-862.9973679106213 -804.758064873748
-862.7486005115015 -819.612623326072
-882.233085554716 -854.1948154564069
-918.9314676690694 -906.7777885058555
-952.5920549435742 -958.0028062894067
-942.7606406721175 -966.2827611002375
-905.8887200376795 -946.2904558899951
-858.5294511032943 -914.0258101324472
-816.6112961382871 -886.0987478940182
-822.250851393123 -909.3841528107274
-825.5299402784887 -930.6107229684145
-840.2958222856093 -965.5583519649922
-953.1633539564561 -1116.4692654410508
-959.8619153698188 -1146.163209766647
-955.2905654942186 -1162.9466606331246
-975.5819163372347 -1210.8942664476403
-992.5666680859052 -1256.189639109018
-977.5399254914613 -1261.5988641680638
-955.2405872001463 -1257.2813609393563
-942.6702514829709 -1265.486782613328
-927.0815267999141 -1269.5289845711834
-908.0089436387292 -1268.5108427885348
-893.0599885830485 -1272.9763771539695
-878.1083025493534 -1277.2728013208034
-860.9210379030853 -1278.0829262985537
-843.7979143457637 -1278.6825562842948
-828.9127222613582 -1282.4323369571061
-811.8932107225036 -1282.6353395968413
-797.0521229575611 -1286.031458903259
-783.2573504766539 -1290.971697181736
-767.9089963335408 -1293.1866738216931
-752.0870097480482 -1294.3624414236683
-735.8179979624383 -1294.48556340909
-722.0442106756473 -1298.787187275029
-709.2103375457984 -1304.7013823546654
-693.0447102819596 -1304.3074904140492
-676.950751351381 -1303.724925068475
-661.8353443750794 -1304.7386623136144
-648.5374933565081 -1309.1677202371197
-634.7798830413952 -1312.5618081012235
-618.882295076843 -1311.2912357064008
-605.4422571007217 -1314.2483301556001
-590.467476843639 -1314.4691547502766
-577.1476970328926 -1318.1887330005627
-564.2029712193984 -1322.6938448738629
-550.0739952782596 -1324.3015516560467
-535.5907509004211 -1324.833403696451
-520.7812667564222 -1324.2793784528915
-505.673761449296 -1322.6299735684656
-492.73418964566525 -1326.4380944296759
-478.4107448003386 -1326.357100957199
-465.45486421640027 -1329.8995335653337
-451.5108101265101 -1330.4747229237023
-437.5979723223333 -1330.9053364606298
-424.3244471493788 -1333.0978071962215
-410.75458760938875 -1334.2026340694433
-397.4872693664195 -1336.1286879232955
-384.4965100644627 -1338.88439894871
-371.22242217461826 -1340.550227807526
-358.4668527938163 -1344.0173047427984
-345.6789128523646 -1347.3630131516923
-332.8597571370485 -1350.5870509073693
-319.5504274472705 -1351.742772985403
-306.69083205160905 -1354.718322580562
-293.80354161495984 -1357.5715373174653
-280.68749547537084 -1359.3228203350975
-267.7576240971399 -1361.9287260124352
-254.6199973940634 -1363.4286402034568
-241.47806014864412 -1364.8019440442074
-228.4978928197291 -1367.0350079558839
-215.34161018422037 -1368.156785943507
-202.18465581374815 -1369.152060566494
-189.30160476869293 -1372.002151030383
-176.12811188310698 -1372.7472047702342
-163.07539399482977 -1374.3589108647825
-149.8995626947351 -1374.8523997520342
-137.02589541537668 -1378.2049571764042
-123.83360467191648 -1378.4488522806928
-110.96908672579141 -1382.5537464385404
-97.82612251672512 -1383.5458249560593
-84.73537287438248 -1385.4111002095513
-71.88629742719338 -1386.137208303063
-58.724232721755655 -1387.75807131187
-45.537811350143535 -1389.2538672746025
-32.32822253997141 -1390.6242792456221
-19.082940482414298 -1390.8690957033104
-5.835927565416718 -1390.98775765621
7.416942945058015 -1391.980240146156
20.717890819141324 -1394.846145279115
34.074095125615834 -1397.5846865365156
47.51822692953512 -1401.194496888092
60.99078433712639 -1403.675576558181
74.51489778551078 -1406.0268596324947
87.96445357062701 -1406.251490633173
101.49697360413013 -1407.3447922770038
115.05828357379217 -1408.3077047936124
128.8289590155108 -1411.1314961118894
142.76421984716035 -1414.8153156972226
157.001022494383 -1420.3491398018018
171.1174512257809 -1423.7537771279106
185.055357360773 -1425.0345661464064
198.89492724213628 -1425.1883412087489
212.60654249431198 -1424.2185429521041
227.1029925307494 -1428.0547016076025
242.19107240244705 -1434.701531486097
256.3711937189821 -1435.2831814771273
270.5843132450313 -1435.724600829043
284.8290435815559 -1436.0252142397835
300.32731856901086 -1442.0584252106944
315.5397729165937 -1445.9718709946417
329.96388248144586 -1445.826004835219
344.41377321245756 -1445.536285543036
360.09314186410705 -1449.9548024619376
375.63747726807975 -1453.2368993635116
390.7578952035076 -1454.422313957031
405.3975392376592 -1453.5246248963417
422.00015529060715 -1459.204190281368
438.1735688557858 -1462.7825961352507
452.9729057726116 -1461.4087541259346
469.6166012835052 -1465.5992794072088
486.38095138898245 -1469.604562501746
501.60105526807774 -1469.7637161645919
518.3552681984961 -1472.422770786592
535.8888577621829 -1476.7749090928999
551.4528344958557 -1475.3049757004435
568.833463611958 -1478.3384222414106
586.6910476126985 -1482.1031052700464
602.7882467677022 -1481.0291454116357
620.8480894801504 -1484.395045056688
638.633188544608 -1486.6309732039579
656.1147174811466 -1487.7464426119914
675.7377658491035 -1493.2178246341898
692.999893254508 -1493.0060776665446
711.6092024606238 -1495.308778471308
730.326330550603 -1497.3908811344122
749.5957346181812 -1500.145071198859
768.9850212825519 -1502.6663092793
788.955575861007 -1505.8383377102027
809.0575501146865 -1508.7643555580248
828.8070253955564 -1510.565428789819
849.6441546404182 -1513.869482645505
870.6206892058946 -1516.9115384644726
891.7335081622591 -1519.6892282373492
912.979458001485 -1522.200219835523
933.8327829315756 -1523.5896210995495
955.3272384687617 -1525.5654254864487
978.561788764357 -1529.7950273060446
1001.964999079048 -1533.717751289501
1025.5331055223796 -1537.330754742656
1049.262305224321 -1540.631239082002
1071.4362854160324 -1541.1532325806847
1096.0312091183391 -1544.6525786203808
1120.791366356969 -1547.8203103395686
1145.1183938661663 -1549.849303651607
1170.7908862703096 -1553.149606646566
1196.0219036758722 -1555.305631034474
1222.6358274631161 -1558.6926038842878
1248.7994392527296 -1560.9295181147893
1275.7500390858547 -1563.5810940825681
1304.1449542429527 -1567.3949528828548
1333.3766303743407 -1571.5685672510663
1362.2787523936975 -1575.780949490338
1392.9596707807762 -1580.8581073512928
1423.1882595151496 -1584.750825201943
1454.9634130108457 -1589.6875374738995
1487.639176706981 -1594.8951940257944
1520.5413307638266 -1599.6259129680825
1555.055315063621 -1605.3124204005844
1588.4053714021352 -1609.0647519913066
1624.0908441644895 -1614.443845384867
1659.301749237355 -1618.5925073896317
1696.1787026586248 -1623.6014931772218
1733.2961535047514 -1628.0566465100756
1772.1175514449194 -1633.309335019201
1814.1572088476612 -1640.6552415379847
1855.7431066009106 -1646.6871355249004
1899.864853109529 -1654.0479255206324
1942.0072440311496 -1658.7717938675407
1985.9386974407862 -1664.129949855838
1100.0464137212746 -904.2532209834601
1117.8748903869166 -901.3610427805493
1121.627568724516 -887.0465585735229
2180.884610619307 -1691.5502697714528
2234.9596768590127 -1699.9468352905205
2290.185806771638 -1708.0684911506742
1089.7375267888565 -796.8513805648493
1075.2668233674565 -770.7984552172242
1086.5861148754275 -763.4884510979354
1227.9921306180463 -845.6455091468004
1081.7409256487542 -729.9736774545888
1081.9101824113668 -715.317661738198
1075.1850696766044 -696.3749463791149
1067.355507917293 -677.0880442886419
1085.5917288363983 -674.3697785948001
1256.8063275957174 -764.3813543744814
1315.5212655072999 -783.1760976932786
1275.333058637315 -743.0353891617754
1223.2145929996727 -697.2876447153245
1222.7551352079513 -681.8136690640517
1222.9911157586935 -666.8895941423181
1227.4670204763356 -654.3742917038744
1230.8212927624318 -641.578479441616
1232.3278718165 -627.739608710663
1232.7882644116894 -613.4835736422083
1232.1907220298708 -598.8372270855458
1236.8482664660157 -586.828225071027
1240.4815721804744 -574.3644044338566
1243.9900474506487 -561.8841178069839
1246.4585358350523 -548.9855357328983
1246.9569359980028 -535.3012233934016
1246.3861408650555 -521.270167820406
1245.6623399044058 -507.2970874585035
1240.1383772433398 -491.54125491992613
1156.985947322501 -446.07568606488195
1239.774220701156 -464.6890161009201
1245.0166528418883 -453.3856351345736
1246.3848223099715 -440.69135992817104
1249.516420343645 -428.6603728963102
1254.4298430983124 -417.2406604638902
1255.4316644412113 -404.5396592651575
1256.3058447212952 -391.85663771220356
1246.5215221348976 -376.0160832391319
1168.3878164634164 -340.5274002776427
1018.4701917377301 -286.500381398893
974.785439875475 -264.37349754991834
959.8057357752916 -250.6729933057229
953.3851957285424 -239.46955665731036
946.839710535997 -228.40876198628936
943.0942051088361 -218.16810099125973
940.2167578871671 -208.2341186937054
936.2580386760446 -198.16630645618355
934.1541470444273 -188.5869283903276
931.95327403594 -179.06449959076812
932.6075931570088 -170.13840596964366
926.2787253018306 -160.02413272133572
925.7646074984787 -151.00957421033854
923.1862079649542 -141.715297068765
923.4846580070699 -132.91006893973483
923.6992377068736 -124.11171685115258
924.8224010839497 -115.44490657156857
925.8642480340906 -106.76794562165207
928.80326640306 -98.38949292991825
933.665903567415 -90.06653382718058
939.4500020403754 -81.74774410550339
941.1717278893157 -73.01902917623646
943.8099576142705 -64.33322553819976
950.3609873125081 -55.838998866338244
954.837606404142 -47.12902923261561
963.2308991297692 -38.499804696338835
967.5474818015623 -29.595108708289587
966.7825343868651 -20.506857499626804
965.9323104622869 -11.435541307181026
963.9970632849988 -2.3794911006207844
961.9770890429587 6.639288850141683
896.8812561283601 14.594944522503178
819.7304449612673 21.02373904905503
806.5054389255195 28.248486394056844
813.1984590930991 36.11462485765607
813.8229297538161 43.78628788690988
813.3769351609366 51.40973981845926
819.8411453699408 59.53567299110266
808.2841540748612 66.31535471884263
802.6481027366676 73.43039679334369
801.924838740168 80.94784130262914
800.1372101270589 88.34842935834655
801.26005168033 96.0798083950778
803.2998122046768 103.96832071323959
807.2427945435618 112.17874423214433
816.0477517243822 121.20671147086274
821.7903455282079 129.94086345960875
823.4954145117616 138.13146737113115
828.0727704463208 146.88936940893666
836.4895828525753 156.4805987307205
851.6667775801992 167.59385420163682
868.6663508935578 179.40950595013146
887.472427067864 191.98096570825643
916.8464355824651 207.34660247934772
965.4728518570538 227.87314964033718
1057.4885329681742 260.07499426284477
0 0
0 0
0 0
0 0
2523.4409808195333 748.1106979054312
2494.2137118781 765.3619793792152
2446.7785633256894 776.3785558925974
2371.8063943904476 777.528409467193
2332.087997065922 789.1828520318059
2267.8180896793046 791.5839261400586
2203.719111300268 792.834206180558
2161.373990159358 800.9291321100862
2084.507219237281 795.1041774180648
2051.706062463963 805.0579067673455
1995.722157990882 805.1068675053128
1873.4159787310844 776.5929246619834
1853.9738980448612 789.307155275019
1844.540107118453 806.1270329367735
1836.7791854565967 823.6572247442507
1827.9431439370378 840.6948688635956
1825.280762360218 860.6242725822351
1920.5473882709664 928.0014705837323
1929.5465903913432 955.1224819410035
1924.8225706031417 975.7161839883123
1911.0048958315028 991.7002007199691
1932.384716497144 1026.2715563866382
2014.7832592115165 1094.7590686543863
1929.9689741267784 1072.606059514876
1238.0456738676273 703.5758021831425
1213.9955354259673 705.2877710309596
1199.4849545781276 712.2224678713155
1179.8234330480318 715.8328483876361
1165.3028961602852 722.2950644995796
1156.681345356228 732.29042415213
1147.975258467116 742.1871771644659
1135.0128892558375 749.230098983694
1121.1917410425738 755.5349626707703
1119.712914007084 770.1454344510291
1114.7830092129002 782.4978225977574
1109.719162230105 794.8260067331178
1104.5213884267419 807.1285538920444
1099.1897183362137 819.4040292212111
1100.3028510242225 836.2162615184948
1102.1854591102433 853.4771313432728
1110.9109829910733 876.4141645762049
1115.4131803329706 896.4454457129491
1408.25859042057 1152.9127211140785
1390.8652477306555 1159.833980643412
1364.3161812432977 1158.7671714359644
1325.0442449981779 1146.1944637788165
973.2142624842242 857.3581511231394
954.257689006757 856.1052873166265
936.8808035885285 855.9295297320413
931.3003562527697 866.4084755145601
932.1405254990573 883.0458882313769
1034.9553046564083 998.354404689818
1040.8683514263116 1022.3864606884582
1040.7738395179763 1040.9485169666223
1035.5236412420943 1054.5969791482974
1079.3956851176881 1119.3435375028153
1137.9922348844766 1201.6649588561008
1372.927971314183 1476.2536318611112
1356.1529358972075 1484.9142111439924
1329.986507168713 1482.9699561181835
1310.5761884288156 1488.1797788988392
1287.256307417579 1488.6219127144607
1266.6252784495443 1491.8141318517578
1240.9198587690241 1488.610729543713
1172.9432080419103 1433.2160446730813
365.7685637180863 455.26844585981166
360.39896287635565 456.98641944553145
355.02829788303126 458.644642073008
346.6324927344143 456.2618929745571
337.71142185185045 452.96356978326804
330.6500583293227 451.96298402282406
320.13588240922365 445.9977766694221
317.2419624090435 450.5091977827524
318.8392680308031 461.5869594795564
318.5790936548807 470.24606440249426
318.7414551897081 479.7706584854344
318.7572697499793 489.3360838744052
317.0111593630695 496.4120514645898
839.0638871699161 1341.1546492658147
826.5455687385839 1348.9056389527811
814.9846759245835 1358.254754458125
801.8017438353793 1364.9186655557703
793.5500197568932 1380.1240401296668
791.9495268593876 1407.4945637220742
804.8567315186933 1462.110338424924
829.1393583899452 1539.976923323434
815.7027521103058 1549.396663285317
797.5866067564201 1549.8079251064564
780.8816766181259 1552.696946323417
764.1922524778338 1555.4096570527183
748.3853509251328 1559.7497768939304
732.1397871820907 1563.0250580284894
714.2352842959885 1562.4954267666285
697.626107951269 1564.5084894319891
683.0351856155464 1570.9334598292621
666.0439950483858 1571.6979342927145
648.3347463676828 1570.4340344797524
632.1988956498107 1572.6886393495568
616.0773662470664 1574.7792476401503
600.6830985224537 1578.5755652326131
585.9654540675716 1584.097688477382
570.1824936446062 1586.659359768573
553.0850416245646 1585.2879665004568
537.0245404006557 1586.577966255508
520.9880467583122 1587.7066653305196
504.9771688918066 1588.6746233568458
490.16967864308515 1593.305584669474
475.0345950496914 1596.840046312083
460.15240692322277 1601.1919817444643
444.6958701328019 1603.4779646402474
429.23668729353847 1605.6151052731377
413.77628852046774 1607.6035528258285
398.0758620158471 1608.4727563997906
382.6263542803856 1610.1621263121615
367.402051812948 1612.6784342588687
351.9510282911719 1614.0738749155153
336.5058916453769 1615.3215732131946
321.2628748206383 1617.4025983848235
306.06690331742345 1619.3291977524777
290.59078083331195 1621.161928400333
275.1073469020771 1622.8468651356172
259.9336568787565 1626.3589683774112
244.56966707795308 1628.7402119261928
229.04473117385209 1629.9860462965619
213.7776771871922 1633.0670851916796
198.2319884364317 1634.0196078262152
182.79843331857586 1635.8180622478387
167.450258762849 1638.4655659611083
151.88383193699497 1638.9775171112428
136.65415326648224 1643.327916879349
121.35585361833066 1647.5365722170072
105.86216954293006 1649.6066807150316
90.34021128797545 1651.5310006852562
74.97211604775457 1657.3050961773217
59.360002862485985 1658.938332205319
43.72373265684485 1660.4244141792642
28.115351548747896 1664.7626037988991
12.399170100576752 1664.9538313661483
-3.3201091090078982 1665.9966917360623
-19.057971906980008 1666.8910563401535
-34.833885796849785 1668.6364494401685
-50.61413848862851 1669.2328204852233
-66.52797749502449 1672.6775027513288
-82.60969128868045 1677.967710924495
-98.73858497592933 1682.1045424815163
-114.74885677459827 1683.092896981305
-130.78657473788854 1683.928701539448
-146.76344153734686 1683.6153041084276
-163.13100823166926 1687.131670662761
-179.57799742181487 1690.4886106809388
-196.10285355813116 1693.6849384777436
-212.57961747995225 1695.7272499526796
-229.11236971327446 1697.6090604271549
-245.69954500161157 1699.3294952968954
-262.79686970734883 1703.8526360199166
-279.67787432266425 1706.2301388190153
-296.28498044281594 1706.469809391306
-313.2822043937942 1708.514928354495
-329.8678479701177 1709.464302895958
-346.98370505957337 1711.1745406074538
-364.78507650796917 1715.6479382312314
-382.0500831379059 1717.0086586777363
-361.56404917915324 1555.5322042121709
-362.3321536069108 1494.7104771368192
-378.13894126573746 1498.0106612098684
-384.9000626701041 1466.324637233021
-393.4644194370092 1443.3300906712564
-388.02408590265895 1372.1928832199233
-398.4293408278606 1359.8319971112155
-404.28266440637975 1333.0433328517413
-413.8557863677029 1319.6258515541329
-33.28979145325817 102.74137328748618
-34.57536541473414 103.37090551232298
-34.57118963587602 100.20395624505201
-36.18565344927627 101.75754755520045
-37.488537674944894 102.35042522136504
-38.10024884192741 101.05627658974582
-39.0524964071342 100.6921174887626
-39.63088190295074 99.39010614540247
-41.704734913118315 101.78759789790959
-48.869358143451656 116.13692709318192
-475.04962722347756 1099.7871847202234
-488.2464544852699 1101.6534843963248
-44.276158208704466 97.40955709927938
-44.34896433667163 95.17441548160214
