-52.28199446116946 110.22972854526245
-53.30178930063921 109.74023536219642
-55.22607706087976 111.02288238226285
-54.456429446899435 106.93220886101092
-555.5585456473859 1065.9074548750286
-560.8902285168093 1051.7918765394422
-573.1881509933769 1050.8398277381734
-586.4921066296974 1051.4956057259867
-619.6728981589578 1086.7412292203135
-860.5161236757727 1476.547662926606
-872.3693970118377 1464.9220577072363
-874.7247040761705 1437.82672533197
-885.619529148306 1425.258590428815
-896.3552568209184 1412.6132710581144
-903.6690611177136 1394.8570636372137
-908.5215569149512 1373.7531003134563
-902.426933235546 1336.9347890495958
-785.1021383522266 1139.7677975599947
-750.9747907018922 1068.4909282395658
-755.7831614545132 1054.040233037535
-773.3740590784532 1057.3516750563729
-968.0887466611895 1297.676839042744
-984.5338075560803 1294.0514602515339
-986.8977729393786 1272.0584836269497
-990.7963617534103 1252.4901474806918
-997.5531059857143 1236.85439754979
-1002.1980739121691 1218.885975244091
-1011.7322801302964 1207.0719917810832
-1023.0816497026813 1197.4677189977356
-1069.1462086627607 1227.7256959524975
-1098.6109437620846 1237.7717860115335
-1100.183585800614 1216.2220510806828
-1102.8038031916515 1196.224381822252
-1106.5147472103663 1177.7440783998784
-1107.90101445598 1157.1341072526598
-1111.0927248868356 1138.7510512414672
-1113.3316965378087 1119.7024307753577
-1117.4460515384455 1102.8210742913548
-1117.7497350538158 1082.4839628313784
-1123.569002819052 1067.7512331550834
-926.625139951489 864.0919221991857
-894.7642394704276 819.0030254919131
-876.4655590666276 787.0782196008374
-871.8998256783959 768.1371583135285
-868.567526200126 750.6626755278254
-865.7455811361525 733.9683840215636
-866.5300952282893 720.593223714775
-867.914067799461 707.9019500720368
-868.354683805741 694.6251817438175
-868.621909487962 681.4044161564311
-871.8873527134735 670.680582824858
-876.6244770047132 661.1607416628829
-878.8473447136811 649.8279346794136
-884.173082476813 640.8603281710072
-886.9621555905339 630.1127951011578
-890.4477951412794 619.9417102664041
-897.9508559593864 612.5791869479448
-902.9000511975532 603.4629214354894
-908.593793776846 594.8557118412816
-915.0472976335814 586.7345593140735
-923.9691321386186 580.1396752981198
-931.1441221573606 572.3806633454682
-937.3980788153395 564.022022471916
-945.3006128323412 556.6109515440745
-953.1467131333465 549.1004855607927
-961.8064044598708 541.9819557328227
-977.4231806000096 538.609251708287
-985.1383969576633 530.7196424098937
-1003.4097871228125 528.3226278574028
-1018.1664699745692 523.7957993526911
-1031.1397756471722 518.1377838744239
-1042.3012426389098 511.399178326857
-1063.3481626644293 509.2461928754919
-1090.7886154559756 509.7020663011242
-1653.3838223111834 753.5323059561953
-1693.368424517796 752.4043984760572
-1745.407629949081 755.7487712960783
-1754.3532625544565 739.9058251997578
-1754.8297463760098 720.5425464425463
-1744.8823805931047 697.1559925122494
-1749.5642275997723 679.8191035144658
-1761.4048049589219 665.6892015555173
-1826.7637058772875 670.7088510594434
-1853.7501558168608 660.7831412868861
-1969.548029796823 681.1288852511343
-1974.0075929524255 661.8293004742018
-1900.2886156208124 617.1767796522612
-1853.5738688697209 582.6773658237765
-1833.170680122488 557.2622879212759
-1823.9685635975584 535.6675078888579
-1824.1442268335995 517.0240223719292
-1827.9893701834958 499.4795916713173
-1831.6659080728796 481.90870629565677
-1839.0514945437842 465.2941009901954
-1864.7492597274374 453.0686463947532
-1933.230869263073 450.38140073535874
-1941.3093729712782 432.94216520669727
-1955.098820492104 416.64085506630636
-1027.00489776177 208.72215975630434
-1025.9881765228397 198.42696801427533
-1022.9017247274253 187.80857687991409
-1024.63275020959 178.12278685763894
-1028.2456638151618 168.74494020656456
-1879.7237731585917 290.24564875709507
-1877.437143654218 271.7329049406631
-627.3019689199916 84.74219603657811
-625.0989552419993 78.4301992561604
-610.9126766395813 70.78630885321276
-605.5886349259115 64.3692880850105
-605.1751584702153 58.54081969489163
-606.6981331529352 52.89967134816052
-610.1624424761054 47.38980683220115
-2043.2597404232502 139.26102529247902
-1129.0593003742072 66.22760933708719
-1119.6473976899022 55.051837809740384
-1116.1212661285397 44.29807327216066
-1115.4908634903193 33.70657902579194
-1114.7600449138718 23.130980602272526
-1112.9291184521278 12.560943490431402
-1104.9981597418505 2.016672289623749
-1086.9683110179749 -8.300050766785711
-1071.8467739487369 -18.12438069798266
-1057.6362869398763 -27.73958449637978
-1063.3282605967663 -37.80225147071895
-1064.9280416958911 -47.79399554080146
-1066.4337696420466 -57.81881153270384
-1066.8469812900116 -67.81237728018127
-1067.166462005537 -77.81865053176482
-1069.3852733695853 -88.00077897528828
-1073.4983802633694 -98.41355380191382
-1081.4895804432788 -109.31279610649698
-1083.4063966637154 -119.71039916458454
-1084.2302048318925 -130.0340837249707
-1089.9141826332007 -141.02508463036682
-1094.4963832405365 -151.99561530973398
-1097.9790918441242 -162.9168925346664
-1100.365119855145 -173.76018820826744
-1102.6440687522793 -184.66200920985017
-1110.7231577500295 -196.66740156366328
-1113.7583283003582 -207.92158652143715
-1116.6797877084034 -219.24929127254887
-1118.507002328386 -230.44757699391735
-1126.087187781893 -242.9642885558862
-1130.6038992467847 -254.9820052630501
-1131.1002111287785 -266.1884903305041
-1133.4280626715606 -277.9025490142056
-1140.4802704414979 -290.9188078032904
-1142.5543587639065 -302.80940749850964
-1143.54126944852 -314.49859310983703
-1148.2559727509936 -327.3289187372074
-1152.8302108861863 -340.27416132893705
-1155.3494238388957 -352.74878998393666
-1161.5503882767564 -366.50333626601065
-1165.6929160950522 -379.7841826166719
-1168.7402729651037 -392.85515695922203
-1173.534444900475 -406.670513600549
-1178.1719184644473 -420.6089995967794
-1180.7735948200623 -433.97893701850023
-1184.1632138946516 -447.7873187783345
-1189.2614431402528 -462.4210417573615
-1194.1889968045828 -477.18826464076443
-1201.7398585271778 -493.1757419288571
-1207.2598600850538 -508.5505188547315
-1217.1870124898119 -526.0530169347257
-1227.8065343964258 -544.1875725275598
-1238.1932735424907 -562.5632563135728
-1244.7174102839556 -579.4890581676266
-1256.448996295028 -599.1660201556962
-1244.5579201846995 -607.7010640977481
-1332.8007195006498 -666.1398067211943
-1333.6990746034733 -682.0929397097136
-1226.315594850288 -641.565321558907
-1170.9462141912222 -626.4734339708622
-1137.8989010776834 -622.4107091994807
-1111.1394652272043 -621.2069613378478
-1088.8431239920849 -622.042322784517
-1068.3552993574942 -623.5270277500078
-1047.9345687702203 -624.6864330016882
-1029.2935636103832 -626.5618564118294
-1014.1060917698951 -630.2577525387443
-1004.0056811215622 -636.9408075132476
-995.5476425219272 -644.5780724388887
-983.697069083824 -649.9085137739728
-975.1504664535054 -657.3108608379379
-962.4313328864723 -661.7778550830847
-952.9885100480811 -668.3628503412936
-945.1332675731234 -675.9934219550888
-937.218559664236 -683.5359327942424
-926.8379712781308 -689.1998077459386
-920.4176775098871 -697.7508860096887
-913.1272220577908 -705.63069401566
-905.7698230389778 -713.4353703538526
-899.9058751196982 -722.4163729630234
-893.1792184313869 -730.7166918596406
-887.9121863810728 -740.2350635277843
-884.069595089349 -751.0132828642609
-879.3471758926325 -761.1291245574903
-873.7630221156995 -770.5603034047625
-868.0794831631771 -779.953210719176
-867.4602439291541 -794.0332015743248
-865.1914290154788 -806.8040599539356
-862.7486005115015 -819.612623326072
-904.406456372105 -875.8595559063403
-951.4640303828912 -939.3003773487716
-955.0899106108824 -961.1598528076881
-932.5558235455758 -956.6794844519417
-883.934691832359 -924.3919409943124
-837.3913912247016 -892.7214895490972
-819.9797458861675 -891.1533068650175
-826.1266810761376 -915.3161786039432
-838.5124400784964 -947.1651850831543
-854.2946742013642 -983.8646297286965
-966.0524771824622 -1134.3908547452365
-961.5273479481806 -1151.2884778142004
-954.865358350435 -1165.8821327313904
-997.4782799291786 -1242.049145996054
-989.2198342948162 -1256.2822610535165
-973.4467628979995 -1260.9720059554875
-954.6579103184538 -1261.488118955705
-938.928318549961 -1265.776288537964
-922.6166837089246 -1269.0703112680346
-902.8473067398145 -1267.2816343310049
-889.494301622026 -1274.2511084483874
-872.7038493899545 -1276.1285167489814
-854.8466707334119 -1276.1399490400736
-840.3614580641371 -1280.9436442717993
-825.3225187374794 -1284.7457881093922
-807.6263621771521 -1284.14510827885
-791.0667673392384 -1285.026991783226
-777.1452306297467 -1289.992748239089
-763.2014034366193 -1294.809877083263
-747.2388891636122 -1296.0131336223144
-730.8327887184454 -1296.1587228939286
-716.9069582895607 -1300.4881441812572
-702.491158895814 -1303.7895427074172
-686.6806371263893 -1304.2797639293865
-670.4684083584624 -1303.6978612367475
-656.5749167829824 -1307.3937351277998
-642.6723833994015 -1310.9432511042316
-628.7623354624801 -1314.346577392648
-614.0005653459411 -1315.7915130273734
-599.2875767115692 -1315.9674769534295
-584.3482511064269 -1316.1068047194574
-571.0488339015253 -1319.7527152083105
-557.7328848505101 -1323.2649126899448
-543.642465173113 -1324.7931423661962
-528.8316449714729 -1324.3160843532658
-513.3548925319166 -1321.813434004037
-499.73926671618466 -1323.8148153355778
-486.13193612576674 -1325.6770876343203
-473.5404179396531 -1330.226850043833
-459.27422175779463 -1329.9308964110776
-446.00868975628015 -1332.329256851281
-432.1221479078716 -1332.6933065366118
-418.2689115765845 -1332.9141448752575
-405.03113462179766 -1334.9062813497355
-391.7932364944663 -1336.7673918214757
-378.5565101214574 -1338.4976535820535
-365.5852560277025 -1341.0620494873306
-352.8532811777987 -1344.4681334870163
-339.8449144455742 -1346.783736954631
-327.0598453887811 -1349.9455016904449
-314.24537216194784 -1352.9859001759032
-301.1856542982701 -1354.9284858046653
-288.32509704107366 -1357.7233291124726
-275.43861804417304 -1360.3961069078066
-262.5273758607315 -1362.9465788957682
-249.41270956183624 -1364.390816558446
-236.12378770620575 -1364.7236192281846
-223.17328066320107 -1366.9011254651978
-210.20270932558617 -1368.9557410640357
-197.2132398068125 -1370.8872813053963
-184.20603991936406 -1372.6955725350124
-171.05868175635922 -1373.3881197228177
-158.14312815344852 -1375.9417687597982
-145.08975944948023 -1377.3793819071388
-131.92802279927614 -1377.6977160466927
-118.94506408057376 -1379.8829920434807
-106.00894871966565 -1382.942913786159
-92.95851383862987 -1384.883646630616
-79.7657815995411 -1384.7044522517483
-66.97172228142965 -1386.3833482895916
-53.774743718847 -1388.9594223511256
-40.476336378725726 -1389.410546308526
-27.19376972167724 -1390.7341582374124
-13.87959145250338 -1390.9307520294142
-0.564952434776125 -1392.9998854374492
12.778861677121808 -1393.941426565061
26.196865608770704 -1397.7545293191777
39.63241850569973 -1399.4389130660147
53.14049097776434 -1401.9932554112527
66.70108817903164 -1404.416948358191
80.25594404729603 -1405.7108463140908
93.77511927152206 -1405.8759643032565
107.38090669445593 -1406.9080783325812
121.27196555238366 -1410.7973314303729
135.24728567028703 -1414.549105446262
149.4102058640441 -1419.1566475846364
163.55945685206314 -1422.6286599370399
177.54137485520823 -1423.974740019823
191.4308022492282 -1424.1921387053844
205.3406366616446 -1424.2739283352028
219.5738825802076 -1426.1964486313425
234.34755346556096 -1430.9371838710133
249.06094560974785 -1434.5398723534938
263.32324664936755 -1435.0407199010194
277.6179100003251 -1435.3996990549538
292.34208164086465 -1437.5761222634042
307.75922093312073 -1442.535705599913
323.07994599559913 -1446.3551944441176
337.3651829205381 -1445.1438452116079
352.36673232375534 -1446.7061505196828
368.658680995291 -1452.959661149205
383.5711962878193 -1453.2316186273717
398.5226073554361 -1453.350863152675
414.8796903342012 -1458.1257979160089
431.64734585615764 -1463.679120851061
447.0989265013415 -1464.262117901487
462.90226222664506 -1465.636549634818
480.013864433852 -1470.6446511483593
495.6666180442478 -1470.7204369820179
510.922454072547 -1470.7845681555427
528.3809429310058 -1475.229669965779
544.5865992683101 -1475.721666134023
560.4949426645603 -1475.1031893557315
578.2621033511523 -1478.9715818189006
595.7816764526796 -1481.7061766771558
612.6427383830635 -1482.3916065286194
631.1347226194764 -1486.5712098328947
648.9636763254938 -1488.6981382436468
668.116349737242 -1493.3574733511678
685.3320892298186 -1493.2410814975228
703.458463944058 -1494.7408435931181
722.9797882840554 -1498.731538913071
740.8695330306434 -1498.8983738155687
761.0871134526436 -1503.3201274965763
779.1560722368791 -1503.0518338022807
799.6331846441647 -1506.9912972594868
819.3026936725859 -1508.9175246317625
840.5390156526779 -1513.226738848355
860.4509680938914 -1514.6577605209318
881.4717660109945 -1517.5745535971068
903.1376583735725 -1521.086246741946
924.4326404468085 -1523.4658818879211
945.3288446704609 -1524.726000117402
965.7986600393566 -1524.8796504203808
989.0736317221375 -1528.9782048910904
1013.6176914083857 -1534.4380651117642
1036.1199976242967 -1536.2500937422355
1061.0179872134847 -1541.0651611172855
1084.9528642729563 -1543.9061766525544
1107.873491142859 -1544.8033297552583
1132.6820997822156 -1547.8227485190127
1157.0514170777435 -1549.7057844114754
1182.1661623342097 -1552.058041644064
1208.6586507332647 -1555.6491461790615
1235.3277742841854 -1558.8734041230164
1262.1689193858 -1561.7277672297696
1289.1774303070486 -1564.2092421370344
1318.9221163851737 -1569.3770900934085
1348.8832509367508 -1574.1165698074276
1378.5475573056221 -1578.8675157361058
1407.3286137079103 -1581.4914394453644
1436.9521612489364 -1584.452424745537
1469.470208000792 -1589.9315418589913
1504.2745383823126 -1597.1205693918919
1537.2657978686502 -1601.6285045862735
1571.1733208094802 -1606.369632424776
1606.0110640140917 -1611.3204095599126
1641.0799745267914 -1615.7554014166703
1679.2500673528193 -1622.4500643457573
1716.9644425268714 -1627.878712649806
1758.5890299271628 -1636.1444385566456
1798.3040742711612 -1641.7452471256743
1838.2787821618965 -1646.7407564803195
1881.509659455182 -1653.7673359263224
1922.004690400506 -1657.510775252594
1968.0791288833107 -1665.1572125339726
1104.9552478979515 -917.1531497753124
1113.551024879802 -906.697366814938
1117.3596440536046 -892.4166212259843
2165.63665928225 -1696.4724754539393
2203.7348696641707 -1693.042711872988
2270.712163208341 -1710.7060740693291
1132.5094177063581 -836.5921460343777
1094.180102671761 -792.4461514306283
1079.5851903616601 -766.4671008932987
1137.652420895391 -791.6709980988667
1126.8883623167658 -768.5171558755457
1083.3644076917633 -723.9686182057029
1091.8135107376836 -714.8204374321245
1075.7750897622202 -689.9217029830901
1081.3835189865995 -679.2191729214943
1136.2897457912184 -698.8573628500512
1315.8782208058778 -792.3133900223808
1288.8272957219106 -759.5657982045708
1234.4248477401554 -711.9131234088147
1222.7907257127342 -689.9266925630029
1220.4842196274976 -673.5386177794543
1224.1384868504574 -660.580021656326
1228.5416148889026 -648.0790850553408
1230.0539124559173 -634.3684831798396
1231.5307864660035 -620.4618618307065
1231.957782349265 -606.1427410347178
1234.9288129652934 -593.1701500481388
1238.6703735725757 -580.6201044000939
1243.194611104849 -568.4682567389875
1246.686552040662 -555.8755624786593
1248.2174057971479 -542.4705594454306
1247.7648361877184 -528.3066472924943
1247.1565162460158 -514.1999844273638
1240.825090110312 -497.91776002944147
1221.2566263965396 -476.710868852959
1206.074966917075 -457.69331891122937
1244.125130559019 -458.72503693553057
1245.5817461452339 -445.93173655817577
1247.852546264272 -433.480129627383
1251.8947852501537 -421.6639024904447
1254.8744737452973 -409.4997620786403
1253.9219311192046 -396.1120935521724
1257.6106317070112 -384.24015799691284
1223.7829103100428 -361.291279209839
1049.2271586880763 -299.0039623004118
992.2228919519789 -272.6439668990523
964.7876980232708 -255.3207742095383
956.4982551295453 -243.47502527802533
950.0147904166959 -232.2840889719346
945.3531763477627 -221.69432101250578
942.5282576172187 -211.65179799153574
939.5983872574352 -201.6825988111688
936.5647000646219 -191.78780616312596
933.4283418868363 -181.96848782795155
931.1737574660624 -172.40775332488627
927.8372153399146 -162.7332228841825
925.3879705810218 -153.30069766291953
923.8317141947925 -144.08318377906278
922.1841495165887 -134.90883729528622
924.4091228213632 -126.3201236725091
924.5699812756545 -117.44934961052708
926.6321734426257 -108.82010448899474
930.6022194670701 -100.37683558950806
934.478458345193 -92.03809476945732
937.2901852045463 -83.47519822813935
939.0264642271186 -74.7883646105197
941.6796962500123 -66.14642598420869
946.2495502291578 -57.58288540110301
953.7372755952092 -49.0938808837508
959.1501405871018 -40.38573772686241
967.4814991863458 -31.67883729148913
965.735926115823 -22.58585861138843
965.9048737621974 -13.556358007719384
963.9894205906307 -4.516302618289836
957.9895803779254 4.468096611101452
932.9083978749214 13.073682512863813
829.7735111281304 19.388662411173307
817.5624067734593 26.752776132369068
810.2827613729578 34.100536972523095
810.9272291784545 41.72563932349516
809.5035492732867 49.244326718429406
816.9881435310901 57.37049180217
808.4413319293847 64.37090047717611
803.8199707047165 71.57132593622006
801.1253600004578 78.88699236336036
801.3470747425231 86.48043594710377
801.4967433423725 94.08491064762147
802.5662262648572 101.8255982500773
805.5425102572499 109.86475398620044
814.3754039881248 118.83476502765726
822.1219936554188 127.82577028142428
823.850986386982 135.99467720906173
827.4690007859647 144.5512114728794
831.9820344628216 153.3684919763648
846.2189377896483 164.18742133963684
862.2846346747295 175.68497034142717
881.1416532823365 188.12332883210078
903.7435341932681 201.80095243546583
948.5639099777674 221.13911614115196
1019.3340447143613 247.7077013059147
0 0
0 0
0 0
0 0
2535.2178345880284 743.5284333411785
2495.4514539584484 757.8826036640945
2443.243309791627 767.647789782826
2386.325461975819 774.9398618769676
2328.5483228132366 780.8960931671145
2283.1656758164554 790.0699315716229
2218.9873338884818 791.7267281344537
2187.8421551731194 804.3057279712982
2121.1225495866693 802.9091664907979
2068.6126798712994 805.7552858502893
2035.7408906382557 815.4802426689208
1884.5146753994393 775.9178037679931
1860.4227600449676 786.9098766101905
1847.30137004767 802.2927447135498
1838.623333028611 819.5323295897251
1829.784605132615 836.6793285480886
1818.9753367302685 852.8831833064871
1873.8192477705654 900.5789397296343
1938.6763581674065 954.7015126639117
1924.0914628998098 970.5138033001226
1918.2669620555077 990.7234035220597
1909.5793427171216 1009.5081643394699
2022.9652534763406 1094.3544139022808
1940.6504359338614 1073.9645643640733
1238.4083455254665 700.9092450045702
1222.1213096137537 707.2223869391886
1200.6636188567302 710.2336758798897
1182.6847189242924 714.9691291398302
1166.4277743489242 720.4770969485534
1155.248913317108 728.9416631525745
1144.0152716023913 737.2584745803243
1136.070033698029 747.6261622852422
1125.5410796118308 756.2362581272033
1119.0750355882342 767.5415719836891
1114.1340468782155 779.9393089124115
1109.0580242492654 792.3126269650862
1103.8469839492175 804.6600748304938
1098.5009576579735 816.9801992854631
1103.376595953174 837.1290745773834
1104.2686229121618 854.0531648859322
1109.0753025378697 873.8970038285593
1123.7504680902418 902.0343039302677
1412.8304702745104 1155.2207850726656
1386.968256321306 1155.1381112044726
1367.3248275883213 1159.8585326929174
1328.7921733494043 1147.975330765155
965.5010551266653 849.4726084749856
954.0634527842979 854.823916406943
938.914661386453 856.6681146357452
929.6718356429152 863.7541768421919
935.6326078842295 885.1754758598747
1024.8224804121471 987.2526949276435
1039.419907166665 1019.5794508451222
1037.9492618124207 1036.7016590625535
1038.3568023689115 1056.0190107068192
1046.1403554876142 1083.3403696993146
1129.8950426288459 1191.4282154803782
1375.3436144628402 1476.737600982751
1359.2467581408443 1486.1508168700798
1335.0738323049413 1486.466233149814
1314.314302542213 1490.2170694677254
1290.3232909038338 1489.9351680362138
1268.388894431024 1491.6278398059098
1243.9663577993167 1489.9760738560544
1178.472738421041 1437.7353737035244
364.2378904194578 452.6497091380741
361.37340400794363 457.4912708191398
356.6128550941028 459.9470312782032
345.17618446199185 453.6004868606966
337.4740342029416 451.89299202221736
330.4222966865707 450.8903479254927
320.49753949170463 445.73795797504533
316.4575772554751 448.6152045992144
317.5129631080349 458.85675134877954
317.84714408998667 468.3259473847667
316.3735722623019 475.34068074801894
316.98507552404953 485.71644186192896
316.3566497879852 494.4567424304396
841.5889727887094 1341.932934568805
827.0167768928382 1346.2701254717724
816.389884521057 1357.4106071678148
802.0752105812273 1362.4376523610465
791.731892201758 1374.2476526705889
788.602747209029 1399.0502875502268
800.5269407303184 1451.9368502675857
830.9821387953082 1541.2558791463457
816.4610458402819 1548.9972113032977
797.2883576280211 1547.7119482613077
781.3593582632448 1552.4566187995238
764.0882375353792 1554.346539630104
748.1489568795333 1558.7540339386667
731.7702194174435 1562.0938979375558
714.5635627311375 1563.4448870417477
697.8034838136061 1565.5242885300738
682.2631662676296 1570.1786433251693
665.5274241208085 1571.916743260635
648.8194432955333 1573.4793706946634
631.3960298975836 1573.01114218227
615.4940200061419 1576.0809342596208
600.300167405813 1580.8607494060168
584.3784758810451 1583.617945379171
568.4580717331118 1586.2157547702873
552.2120400689098 1587.7099429061132
535.6686354041166 1588.0916576332397
518.8562765262329 1587.3525645896482
503.312268283844 1590.2517915710619
488.3451920744829 1594.9115879501712
472.76743708997054 1597.5127387371222
457.18397293357214 1599.9621292057743
442.659081519222 1606.116103383737
427.03233430325463 1608.272173936835
411.1566680239545 1609.3076754739723
395.53773951287377 1611.1582469208436
379.9203840705284 1612.857557804688
364.52618815252737 1615.3812733070135
348.4852891641904 1614.8256881893321
332.89060609778795 1616.0704948645796
317.1108017270669 1616.1836960655237
302.09155363981773 1620.0755208382975
287.0573432824014 1622.8068528533054
271.6062299599051 1624.4503857757452
256.4608615622005 1627.9225492899757
240.83523440539182 1628.2857212015647
225.63651063593142 1631.4708593989785
210.143814369379 1632.5304215487956
194.76950133173486 1634.4359398125664
179.2689568545462 1635.2026299845174
163.87086109861798 1636.8174427476015
148.72899362715233 1641.2750185312195
133.4368402217443 1644.5955763261788
118.02385645695267 1646.7760531739066
102.64373777230787 1649.8100687946262
87.21695211295342 1652.7002762945638
71.74484569868001 1655.4460659035897
56.29655843791612 1660.0456913916696
40.743548006736155 1663.50111610898
25.1153993963177 1665.8106785325765
9.436055367118064 1665.9732773544445
-6.2441245402204695 1665.988298550961
-21.92375132159717 1665.8557407914975
-37.669145690614904 1668.5748516212689
-53.43568118418865 1670.1453912687905
-69.35926242340369 1674.564209791933
-85.31995099568795 1677.8320851509825
-101.34827865498359 1680.947508524187
-117.30363601643816 1681.9143429370365
-133.28615808117166 1682.7295683097627
-149.20606286362099 1682.3966686856988
-165.52234420223945 1685.8939330722426
-182.0247037184097 1690.2269099846403
-198.50680457194466 1693.4048684643126
-215.0647986770054 1696.4218615574428
-231.42691128360795 1697.2950788633452
-247.96889606825144 1698.9998312485768
-264.8708728852642 1702.5194332802778
-281.860985320891 1705.8708582287043
-298.4206650655219 1706.0976251849868
-315.1910974846174 1707.14690992499
-332.1984609505645 1709.012926382383
-348.8296369641276 1709.7786068305672
-366.76428494766276 1715.2259207716136
-382.6491363836334 1710.7275172934058
-365.27502895604 1563.9086140888041
-372.6220326348648 1530.2868426524035
-375.6844152852855 1482.1275991330008
-389.596546553632 1478.5315454576826
-391.07185476064393 1429.4708127184933
-394.9357530118358 1392.0613316204765
-34.96342480389093 118.96873087489277
-38.698627916527705 127.24549578424434
-37.79312705284091 120.198500604491
-38.92105817626879 119.83802080491608
-41.31683913517084 123.25955867144103
-40.51307189634326 117.19509804391019
-42.619415409048905 119.63521818507678
-42.70856798753436 116.41296414254795
-45.56686388856327 120.68413696655062
-40.18287391425367 103.47142911930419
-47.827042896928354 119.80640203150821
-48.95084606131916 119.35164292912367
-48.51775762454633 115.19994442310194
-50.788597527504066 117.49263109314221
-51.079736117214324 115.1818586331882
-52.98787064049912 116.51731873410807
-53.65803160701308 115.10784353840005
-530.9960861203261 1111.6956222477875
