-533.5044038808136 1113.821373039581
-542.4877506216118 1106.1333737056775
-546.6526233387401 1088.4369110779335
-553.2751106312535 1076.0978821445447
-555.0567663211398 1054.8819773610314
-565.0192058092512 1049.5795811022065
-579.7542438522445 1052.943026348203
-593.1313957944521 1053.5065957662177
-854.4867745358702 1484.6620329702262
-864.4487621429736 1469.609927031483
-875.2329831004612 1456.2170941494498
-882.1787073219735 1436.7869460528
-888.8355787405013 1417.3568054533898
-898.4399074222101 1402.9831548351428
-908.3993066856536 1389.3922051073353
-910.9655179426557 1364.9259412581582
-855.7270362152657 1256.2369360475902
-762.5592411359397 1096.99562613448
-752.0841544232754 1060.3628740508727
-761.5034319193304 1052.384684027225
-783.3103108902577 1061.2190899399652
-980.9772759237759 1303.0136546180813
-985.9619318111836 1284.1495508776068
-990.0615007472436 1264.521342144179
-995.1263081473941 1246.4945370249072
-999.939134265215 1228.4859493559266
-1005.7779636975644 1212.0378243851885
-1015.2705687483649 1200.1706846250543
-1029.8531617486342 1194.291197839263
-1090.6281991817511 1240.81994308182
-1099.657968541191 1227.4593077670074
-1107.1841713341048 1212.5622502565432
-1104.308457153584 1186.652363356291
-1106.5478715529737 1166.7115358826206
-1111.289450721578 1149.7115971907622
-1115.8088800379446 1132.727038270239
-1115.8560012197133 1111.5261510832534
-1119.178297417223 1093.9218155747176
-1121.54619828242 1075.6626446606067
-1127.3105723578533 1060.8840056529314
-909.5494741686198 839.8593656318822
-886.1775459245308 803.1845099970342
-878.032969548881 780.8220696068815
-873.3139064651352 761.9736352227713
-870.5972154147078 745.2358609944617
-871.4720714808786 731.8336072009993
-868.3127858019196 715.3026674163249
-872.69789750531 705.1825151617212
-870.6998375226578 690.074483616093
-872.4426902381418 678.1362342848477
-875.6287206714189 667.4393931551645
-881.0937768142726 658.5391077674589
-884.0490484336724 647.8219508194503
-886.8807549833446 637.1079393950233
-889.5892216101533 626.3984489085533
-893.8208673395268 616.8308172492813
-902.0931253518512 610.0401570330671
-903.6476432213725 598.7294354718657
-910.9409664594319 591.2550681609048
-916.4857482282189 582.623268754829
-921.9487402702592 573.9394744344407
-929.0372441046741 566.2453523574319
-940.3563688428256 561.0302127129482
-947.3414613212219 553.1303243013999
-961.2074587517359 549.1167646685266
-967.2248748635685 540.4998070722636
-978.4302853848421 534.6954054802942
-994.9038419890825 531.5546493027437
-1010.5179341411432 527.6869382305348
-1016.3485138706342 518.571787077694
-1032.8370520455417 514.7461742663808
-1047.544614685322 509.7796389066363
-1076.702008747891 511.445778512499
-1118.68420166108 518.4926778209241
-1661.1512311849983 750.9364734333818
-1721.245014199606 758.6017407658633
-1747.6301192276435 750.5950748362076
-1755.5653345252656 734.438122794012
-1751.3114823877074 713.2945335953241
-1747.7454696976022 692.6657008626223
-1752.3447295180554 675.405025840268
-1771.641106923404 664.0420079025239
-1833.2749708188674 667.4607714083882
-1875.3267555636169 662.7748938117969
-1974.2077060607492 676.8108549146905
-1969.1255520983586 654.3466665868589
-1869.5568014219434 601.70870548543
-1844.6050957983841 574.5050396250969
-1828.8843000828977 550.7106471735312
-1823.4427765061691 530.3371011040741
-1825.4829429859685 512.277292945225
-1827.3448839216535 494.2263400562122
-1832.8999101013233 477.1937966388095
-1838.2961234301627 460.10038315745385
-1895.0662249254124 455.32955444045865
-1936.3137011311183 445.93525405815456
-1945.32277003193 428.6995689236215
-1957.1142346673585 411.95129865361537
-1034.384508624647 207.54201578800283
-1020.582564987099 194.76197792267826
-1018.4408863072954 184.39946067602943
-1022.1086947042945 175.10801298022682
-1884.5480213766402 304.56486193484426
-1881.409147552695 285.84719607692824
-1879.075372957918 267.35695753628994
-626.5115148781025 83.11029855045075
-623.2986249939175 76.69957027709937
-608.0974016805886 69.00398589441701
-607.7274858128649 63.153012498012146
-607.301381830535 57.315195426018434
-604.8264669317566 51.3219728659045
-2061.1575878971526 155.30099115585605
-2035.5910569657271 134.0486807139597
-1133.2009962198892 63.8788084285459
-1118.7703459001757 52.468210703257796
-1115.2188777568585 41.74751123999063
-1115.5634927700594 31.210472579980287
-1115.808551807165 20.67064861094748
-1109.954280132845 10.074523054601261
-1099.9999244594753 -0.40766303310142654
-1080.9479054850335 -10.612522203458665
-1068.80522850925 -20.40547748252786
-1062.5712348464683 -30.188919769530678
-1063.243258410408 -40.12198206492375
-1064.821237115625 -50.11719253459465
-1065.306677733708 -60.08895385983697
-1066.6964988436205 -70.13971310721368
-1066.9941485143938 -80.14665954388646
-1069.1907406574112 -90.33360444738342
-1077.2636108736529 -101.12918810837448
-1083.2379410594988 -111.87744656175359
-1084.1363598331347 -122.18573275043042
-1086.9218023704375 -132.7629298102442
-1090.5953704047038 -143.53305560680735
-1098.1229438615492 -154.94192513598472
-1100.587592985155 -165.75871068255404
-1101.9582511333988 -176.47666349696627
-1104.210379215129 -187.40181011287203
-1112.260054922307 -199.44315035675282
-1116.2499066423748 -210.90790862575477
-1116.1988028360777 -221.68498493877942
-1121.9175247522144 -233.70294746507696
-1127.508530038302 -245.84652670084049
-1131.9949589930752 -257.8922503959088
-1132.4625985982445 -269.1179346979889
-1136.701918220766 -281.3356520479252
-1139.8428704226828 -293.4062554659989
-1141.8910125653679 -305.30135181888556
-1145.743276795664 -317.79449913038815
-1152.3445599507593 -331.214454925945
-1154.960525279193 -343.6439800823097
-1159.3559751559046 -356.7390122628886
-1163.6070237011727 -369.9455289543293
-1165.811713851849 -382.6382728450131
-1168.8276013165375 -395.72470026601735
-1175.4769098528664 -410.21827653428164
-1177.2514888638516 -423.1783689744134
-1179.8239903724773 -436.5539505508619
-1186.9218126061694 -451.79266346376767
-1190.1122279462015 -465.74336806113365
-1196.8562746230714 -481.2847991526254
-1202.5096497432676 -496.5597066560313
-1211.6574787246407 -513.558326045491
-1220.592113860249 -530.7691509330293
-1229.310407662596 -548.1896766744358
-1237.8092408785687 -565.8173585138771
-1246.0855229625627 -583.649611893229
-1254.1361925462793 -601.6838127667401
-1257.4704575285346 -617.7127556097399
-1349.0629008488565 -678.3283051393832
-1322.25402742637 -680.3038195944108
-1207.0343071476073 -635.2670158041384
-1156.1746942199518 -622.2773308143251
-1133.700139815105 -623.8268934433742
-1100.8386648804676 -619.1310312883609
-1082.9037723423226 -622.3507209337571
-1063.2803517880177 -624.2786985806495
-1042.8580802242955 -625.3823026844434
-1025.0666592557805 -627.7279220189221
-1009.8663750858552 -631.3880775489467
-1001.4309537439105 -639.1244361496136
-991.263306306426 -645.6671414672213
-979.3952254479981 -650.9692714480959
-972.4805116594915 -659.4745290323907
-960.5579911215453 -664.4940524132186
-950.2607566630988 -670.5024193439385
-943.9935588805076 -679.2975495260628
-936.8387309480815 -687.4425010105123
-925.6106004595576 -692.517881586387
-917.5498241299629 -699.87021671098
-909.4324540742399 -707.1326689359682
-903.610575167734 -716.1682263581906
-896.9213399883566 -724.5281981217094
-890.9267968627722 -733.4612754821078
-884.8436251683265 -742.3454445195808
-880.9525080441198 -753.1292575453268
-876.9371537473562 -763.9045937664505
-872.0494879090326 -774.0062600764894
-867.7913425342282 -784.7535828670309
-865.614865844632 -797.5210994254509
-864.0047767734769 -810.9998432260111
-865.8437377205855 -827.9605194995991
-904.4366524070713 -881.5686823967209
-953.4299430754395 -947.2630804835393
-950.6555197588635 -962.7372864660458
-928.1895690878356 -958.1336669987847
-870.7659428092026 -916.221956102123
-829.2353795098627 -889.39568549051
-819.3462817188547 -895.8055986839373
-825.4384654036473 -919.9713798983486
-838.4097260917315 -952.5912718447444
-878.2769679311104 -1017.3325747275251
-966.7371949317833 -1141.6808643116635
-959.6134920782926 -1155.4851560367638
-954.2083928366684 -1171.583263383385
-998.5081076654357 -1250.192608731307
-986.5123892132851 -1259.6798426301407
-969.5544013525797 -1262.7067208254819
-950.2235007876493 -1262.3293146207388
-935.1452630513313 -1267.3311867829404
-917.7143976627756 -1268.9193372009308
-899.7608440582951 -1269.4748613105753
-885.3036149729691 -1274.7319362578914
-868.0155511285208 -1275.695105814493
-850.7904261446199 -1276.4449266539689
-836.3639480572948 -1281.1695228930537
-821.9250845670805 -1285.7352586591835
-804.2923365234188 -1285.0563557329692
-788.3153778982631 -1286.7166995765303
-774.4374384486441 -1291.6201662753267
-759.525900456455 -1294.6510752074519
-742.1386827548876 -1293.178709830486
-726.8071943744255 -1294.981197626273
-713.9146972612364 -1300.9926229746259
-699.5557117537 -1304.2322669497078
-683.3432846541294 -1303.7737362434118
-667.2038804825888 -1303.125082971307
-653.8229141082962 -1307.654234492794
-640.4164064922958 -1312.0468079666573
-625.2656189548909 -1312.6914739393096
-610.1612572110082 -1313.1668744674769
-596.3076178587897 -1315.1247944144218
-581.7804905447251 -1316.1506223915023
-568.8701602466198 -1320.6932803573225
-555.5391740185006 -1324.1873833150812
-541.8150695932584 -1326.6218113545597
-525.8791046964026 -1323.3393998682689
-511.13590178121945 -1322.6730850479644
-497.50767377452985 -1324.6550926695809
-484.23064553432613 -1327.4372610128923
-470.6119076468918 -1329.1442481465108
-457.3292722771214 -1331.6583408361464
-443.7255382129845 -1333.091387241549
-429.82906902818866 -1333.4346520989923
-415.3706344254514 -1331.7252855063607
-402.4269257031704 -1334.649230872702
-389.4651529804041 -1337.4475296675942
-376.2160700001936 -1339.1573726316146
-363.49228823946174 -1342.6668821380977
-350.7357786486764 -1346.0555016698631
-337.46178369229204 -1347.3828500271245
-324.42795989239056 -1349.5519622600907
-311.8323799068578 -1353.5440764310652
-298.97498568181817 -1356.4420215905125
-285.8847037776352 -1358.2392779425772
-273.180600682127 -1361.8712712334275
-260.0585702794986 -1363.4197959631447
-246.93176623177789 -1364.842006543488
-233.80140333888113 -1366.1379519641382
-220.66869503977316 -1367.3076928875385
-207.53485330041366 -1368.3513016274644
-194.54165328035197 -1370.2589336103404
-181.53093727336818 -1372.0431913072753
-168.38212537196534 -1372.711353437138
-155.4616445643299 -1375.2409523677493
-142.4054150685521 -1376.6541678138171
-129.42981491697847 -1378.9390570328178
-116.42366694015806 -1381.1015638888427
-103.46266702451543 -1384.1385322763665
-90.32435210001091 -1385.0579451480407
-77.12230094552302 -1384.8541983533387
-64.41774741205732 -1388.5065191846802
-51.08640861328787 -1388.060221624046
-37.85115507132772 -1390.4849118418244
-24.53887443300962 -1390.7835358680231
-11.232414397925496 -1391.9546806080984
2.094219500882094 -1392.9984257868643
15.450882558621192 -1394.9144311491511
28.84441777334995 -1396.7021871405932
42.27359199247578 -1398.3611634409954
55.816732977302635 -1401.889258222539
69.43127922137137 -1405.2858419075046
82.99813905180086 -1406.5533437854172
96.59561709509758 -1407.6896983206268
110.14443800560188 -1407.6974826916578
123.9648899776145 -1410.5632584371529
137.8502689367535 -1413.2930705816345
152.11903655916728 -1418.868844790212
166.3910034236783 -1423.307076487594
180.38496807752745 -1424.6253062793983
194.2842761803104 -1424.8149423799193
208.20372001225385 -1424.8688399193306
222.75817797697493 -1428.7388824219695
237.40572301521877 -1432.4603040502104
251.9718994312188 -1435.0467455442083
266.42691029494586 -1436.5018974824534
280.35751431148174 -1434.8671242205974
295.4881121274716 -1438.9745569645568
311.1439432533436 -1444.8783500962147
326.06024629949474 -1446.7113450108536
340.8108602369479 -1447.4173404877226
355.60478564438284 -1447.9731476884551
371.43164056266596 -1452.2532617931786
386.8587458388975 -1454.4295482311804
402.09512377964415 -1455.4791346606905
418.2134334364348 -1459.2537558948782
434.4406535965644 -1462.8524595811398
449.59946314370336 -1462.4501094878053
465.6992496579551 -1464.7502206410545
482.5082798293248 -1468.7755988904996
498.4732506777289 -1469.7715531193198
514.0591294258221 -1470.7505605825775
531.8431373053362 -1476.1110653677852
547.6887790113478 -1475.6398616685099
565.0016494739886 -1478.736668948083
582.4237028869288 -1481.6364703649404
598.4538016421229 -1480.6289363983437
616.8193754584652 -1484.9908612712163
634.5380790300005 -1487.2963478274653
651.5547139047931 -1487.5659497274207
670.6841681806951 -1492.2060000387912
688.287048216432 -1492.9825649542968
706.8206283786103 -1495.366376276552
725.8985028412495 -1498.4313009186749
743.7656769399156 -1498.5798670094662
763.9675096737325 -1502.9802540828389
782.9362941311368 -1504.4689293342692
803.8835933983042 -1509.261795801189
824.0367261625407 -1512.0342171840298
843.8291582733253 -1513.6846936029085
863.7282102038774 -1515.0939175173287
884.2346189027617 -1517.1239694678507
904.8584887507959 -1518.8993104665053
926.1168115383758 -1521.2720504189883
949.0873125462532 -1525.9234165461025
970.085935273993 -1526.896944192234
993.9111307859379 -1531.801770497677
1016.8136457066003 -1534.721802120779
1040.4226553482104 -1538.1708937040055
1064.1900544148803 -1541.307408690575
1089.2640612634495 -1545.763502234367
1112.1846536619687 -1546.6319200633377
1136.9956466287783 -1549.6208889748505
1161.3655994112087 -1551.474764378797
1185.8743568169805 -1553.0029007841267
1211.7468566844557 -1555.7806899802238
1238.4021939282184 -1558.987173158835
1265.858344440591 -1562.6015652782783
1294.1328989602464 -1566.602706441154
1323.2430568808043 -1570.969067937604
1351.90258151262 -1574.161494288154
1383.5616405416708 -1581.125607540919
1411.7374108085198 -1582.920870708216
1442.7596394954687 -1587.2837246828008
1474.6681696199064 -1591.93397774841
1508.850941713376 -1598.3031113310951
1542.5903566425127 -1603.4462858460602
1576.5596587511693 -1608.0931696883724
1612.1660293227148 -1613.654762921063
1649.442915508293 -1620.0870558335755
1686.9829305196304 -1625.9574385989938
1725.5052979148495 -1631.9486716400693
1763.556050641658 -1636.6753056868667
1804.065889756276 -1642.8470000027075
1845.592852956219 -1649.0639833302175
1887.3956254470213 -1654.6412762419072
1927.9495315725856 -1658.2700635629433
1974.087736321551 -1665.793087182455
1099.2399422161561 -909.9453551926192
1115.5436177934737 -905.8319031698145
1122.4803009522166 -894.0150859880505
2161.655193438728 -1688.578048145651
2211.633669992261 -1694.246885715468
2281.097801742297 -1713.5348898947052
1086.9896655330047 -800.595695107366
1085.5805136356416 -783.8596484158224
1082.32059153094 -766.0666662556962
1128.121245794591 -782.6055550447239
1106.5138928508954 -752.2439796555083
1091.0945261858067 -726.7969007414451
1066.9207621975715 -696.244272645566
1064.177222644554 -680.2174937507293
1087.5033932857832 -680.7535307230562
1191.077056897633 -730.0304408256362
1315.3915890187216 -789.2407538506883
1283.9792697160763 -754.0014820538298
1219.9414200588656 -700.9935317995156
1223.017399345896 -687.4863205164168
1221.5658768353583 -671.5748718880585
1225.2085088936515 -658.5932809667855
1228.7151452919754 -645.6028901190887
1231.090248383849 -632.354963872502
1232.5400412545953 -618.4545631686459
1233.8374720823956 -604.5834040769922
1235.8853306796877 -591.1746352904185
1240.5087109244191 -579.0502034544464
1244.1032957970353 -566.4768215796252
1245.7432516176366 -553.075719091986
1245.4058394942444 -538.9000788213305
1245.8337400326645 -525.168822566823
1247.038867185607 -511.8574642695347
1239.746169168879 -495.23169933990414
1204.288367202833 -467.9247040068887
1227.3648198600201 -463.5942180074947
1245.77132027356 -457.14638529017344
1245.3242713990653 -443.6794553102349
1249.4600249968257 -431.8954108750538
1253.4842733210746 -420.0728228970988
1253.5921287730941 -406.97760955382057
1253.564774172242 -393.9179571363756
1255.3164842407575 -381.47676782921417
1220.4841742640199 -358.3327788119219
1040.050146882128 -294.71459409140925
976.2269034744036 -266.69276880481306
963.2291576957856 -253.38821946702137
955.8852911361107 -241.8249577476089
950.3532435413056 -230.89545792526957
944.7006994075357 -220.09222734779377
942.8336252471476 -210.2873156025379
937.9318649970553 -199.91202220763375
934.878745049449 -190.04665757325836
934.6687598106348 -180.8267387143004
931.4175483662883 -171.0857989294635
932.0069809936766 -162.1079497712948
925.602519634353 -151.9999198899035
925.0205810404867 -142.9437814370407
923.3606518761993 -133.76885499532509
924.5831290043376 -125.04014379609642
924.7308932438084 -116.17562171345672
926.7804444486927 -107.55002458151098
927.7550866703926 -98.7901774328405
933.6077696299318 -90.6671521920937
939.396066683507 -82.36522263404765
940.1255477893068 -73.57278296935483
944.7632887855551 -65.04865996392023
949.3234724377903 -56.4441731151767
955.8024981363301 -47.86005177964885
964.2018194519115 -39.24093991768538
967.525279966951 -30.31225205874982
965.7670133063743 -21.214994915985045
965.92322878661 -12.178509368973144
964.9948988462438 -3.1377062844783823
960.9820945143885 5.86634662622428
903.8919629187944 13.975670674743517
828.7447417319769 20.570684276386917
814.5241877690502 27.84506310226374
812.229919260362 35.377369296005725
813.8605896322466 43.08062956192641
813.4219143003104 50.693089627862555
812.9120372458067 58.3011123467832
809.3408276285592 65.66144023335744
802.7155378587347 72.68951286232597
802.0003344767428 80.1964057747775
801.2149291438191 87.69627880967904
801.3523923346166 95.30657532188737
803.4012071300544 103.1818801048491
806.3631647291652 111.24048978661149
815.1800873396979 120.23903361572084
821.9225746226887 129.1018254154861
823.637924481776 137.2791657730772
827.2415722223373 145.84711579978384
834.6891397038902 155.2257712507161
847.9211953939265 165.9085483082009
863.9637855619853 177.45584588117677
881.8182357639224 189.73823830267665
909.2729234660734 204.5647835074754
951.1275861449448 223.35020679213764
1039.3306793879674 254.3457074199332
0 0
0 0
2676.8508621596206 735.2859727720203
2611.249324344074 743.3720240314508
2550.3081655642804 752.4687771968709
2498.0441760892504 763.0984827049375
2423.8830226214204 765.8688482029062
2358.459028484482 770.085716631618
2339.613645249849 788.7768955545746
2239.400837627514 778.9254703969995
2227.1409385199554 798.6233404856465
2165.93152154917 800.1385154832234
2125.4647834500056 808.3782866417307
2067.3480713354757 808.9944078579838
2017.768044492586 811.934183677819
1876.8392471190969 776.1671472520733
1860.1248912193576 790.1749104256435
1845.1483605889432 804.7338239541916
1835.540679372604 821.5299229902462
1822.1454689709176 836.5470040044105
1823.1077093497308 858.1976929062309
1925.5954008884344 929.0459364731705
1939.9282449625364 958.9444219539389
1923.5292111425592 973.8436085333642
1911.462367234939 990.8181561944675
1939.8820846533247 1029.2101328888436
2014.317644276944 1093.5211145444714
1926.8319025664252 1070.0162705549153
1243.4696052681438 706.1751487940414
1217.6322216255664 706.9906455245268
1197.914428904082 710.9500833556513
1183.3636738131192 717.7091440824186
1164.543766716668 721.6216566881532
1152.5180150352994 729.519173852952
1144.6471965392116 739.9674286446152
1132.5091843530672 747.5773855300537
1126.1356038783429 758.9351762025266
1118.0005339335848 769.1058484527465
1113.047676405617 781.4888803099228
1108.7728754679713 794.42980220186
1103.5447737222273 806.7700616596766
1099.7850073583393 820.2785731626892
1102.2341128833039 838.6327923449909
1104.6834392520439 856.7838111462399
1109.4273983150288 876.6794441915167
1114.6794044123678 897.357690878553
1407.290685005606 1154.0939857292612
1378.3553094001 1151.413323289493
91.39405900568397 77.76326882574804
87.66274935935282 75.96869338588948
88.47020407361163 78.08343608713383
87.01524645061917 78.21346997249263
84.08999561688384 76.97319427666008
86.31492889488865 80.45951186696522
84.13170087588801 79.86148575959568
80.52851025817475 77.84060017496682
1045.4968369479075 1029.0895801298934
96.05550485229918 96.27741161648422
81.18215566281765 82.85805695246567
80.42794896855987 83.59034049883232
80.35392283652095 85.0426192257884
80.26012383409562 86.500361398873
77.45244917185296 85.00657690603437
76.01215212654989 84.9597123882269
1307.4445722015164 1488.2707047512538
1286.0660511882263 1490.971197569263
1266.0391385754751 1494.9334097527785
1242.210605206584 1494.0421052675497
1169.1811723441735 1432.4162754715908
369.54356577724866 461.21421594811704
362.8760434670457 461.4000185063962
355.0136273642637 459.91991083847165
342.37741736753026 451.9587415646919
337.07445114512194 453.4377734432971
330.005010041122 452.43418675842673
318.3260904909998 444.8342389168305
314.8564146694129 448.5191613983986
317.01719569574277 460.4140502126397
317.30885218005307 469.8979594850112
318.0063808199679 480.2582032175875
316.9082401650762 488.15281143866656
312.47150712059647 491.0046407497418
838.8220675956544 1344.842942099393
825.2740516691512 1350.8559285288654
813.0938644753801 1359.3874972032413
799.3104496135426 1365.2204236454259
791.9520883144703 1382.1942301335039
795.5921868459939 1419.2117784987586
809.1842316516273 1475.7065694935309
830.2911833911475 1548.4397149333674
813.4247171140595 1551.7229873878625
793.3780722255693 1548.5965370333356
777.0427534360393 1552.385441613177
761.1454509530207 1556.9028879456557
744.8010598084265 1560.356491737784
728.0366307286336 1562.7343550064097
710.8794337291017 1564.0250735525283
694.9778901646083 1567.8745907062687
679.0667267481662 1571.5636737413893
661.595421591975 1571.40589859162
644.1869305241371 1571.0592600350537
627.9553350250418 1573.3111889303996
612.4621766144413 1577.261576979767
596.9501845356388 1581.0599220721733
581.0764026242592 1583.7674116843198
564.5331194506423 1584.432503151626
548.3553269172259 1585.8721371666452
532.2002343621517 1587.1480430460388
516.069486540205 1588.2607736332625
500.56491757212876 1591.1187143943748
485.34330082187955 1594.7823927882207
470.3791720112184 1599.2599646517888
455.100576437363 1602.635162888416
439.53590782338665 1604.9000547491646
423.7137025463383 1606.0472279090902
407.9086560981535 1607.0390562398284
392.83308376648387 1610.7905414108052
377.2673855397216 1612.4531992613065
361.7050586635638 1613.9657525911718
345.9380154274514 1614.3506092178725
330.3959327525345 1615.561675585486
315.2439076470358 1618.5865063973033
299.7002708067937 1619.5026235478394
284.67147510216637 1622.2118083848227
269.39097754930907 1624.8192210873883
253.77807165198246 1625.3066450207484
238.61478097427175 1628.6125955243624
223.41172827668086 1631.7770067225567
207.79128476867422 1631.8234530653688
192.42372975533831 1633.7068611678915
177.14675175915588 1636.4397417385035
161.83536728116817 1639.0296867039867
146.49091441846832 1641.4762904144673
131.1147358568437 1643.7791597538856
115.77830492224973 1646.9354523202574
100.39406353948722 1649.9484937433742
84.91201394084786 1651.818982179497
69.61332250284259 1658.539714728024
54.06550101504347 1661.1203814293508
38.45214090016235 1662.5553924186088
22.830267922354047 1664.8434697792443
7.164428631906478 1665.984595055542
-8.515757180820657 1665.9782357160723
-24.195188638577473 1665.8242983120228
-39.944275981479926 1668.5219371696362
-55.71293830876868 1670.0709770860049
-71.5997838327443 1673.4689931262856
-87.55551216327619 1676.7155490093799
-103.64022033708791 1680.80775364956
-119.59688118166333 1681.7528314266692
-135.50017977815943 1681.5494941511793
-151.6793320579019 1684.1835945722987
-167.92003873451895 1686.6617504975318
-184.43765217408045 1690.9712453085986
-200.93342245324288 1694.1256623229656
-217.37773451538163 1696.1270354949713
-233.87747384477774 1697.968588410276
-250.57685441231388 1700.6387741177812
-267.5022242004051 1704.1324948629542
-284.1867431308488 1705.4849442398138
-300.9203579780597 1706.673940198993
-317.7014666541011 1707.69867894949
-334.72060359939485 1709.5397385045067
-351.16066088272146 1709.301374903914
-369.22317624910374 1715.7212029116279
-383.26546741370925 1703.415269829454
-357.3305690011094 1521.6056862595326
-367.96930381874466 1503.629805320162
-379.78421690948096 1491.4036839791072
-386.54238730081227 1460.7210489411689
-392.49603079241035 1429.0804266423227
-392.41587546133314 1378.2230518627655
-394.531613988969 1338.0470117164266
-401.47527224187064 1316.1282634220406
-408.9462828073693 1297.0593424273368
-400.61659049218053 1230.423645506872
-385.9834407044094 1148.8954623907198
-332.87736796937844 960.9795304239207
-339.15448417578267 950.292184469313
-341.81199159615 930.1857676835706
-346.59957046375604 916.6617357315291
-334.1318185738929 859.3252747455431
-375.91740047826505 940.6673737393382
-448.49069299896473 1092.5278478342364
-466.06045020753834 1105.797294603467
-472.80135110969997 1093.1330579526182
-485.0241048863195 1093.2372193075137
-502.6727434656458 1105.0412268222037
-517.6258549215613 1110.2650468769712
-528.8410695370455 1107.1838705341195
