-547.0583574173328 1113.9156851305443
-550.6261276243708 1095.3934761433402
-553.1937447356509 1075.0152002578138
-554.9595847367362 1053.8030457864645
-564.9118135688766 1048.5016179722008
-580.1223438804635 1052.740265274696
-593.9905933599954 1054.1703728524344
-852.0110312691278 1479.1640215323375
-866.484450228927 1471.8928960734454
-875.2266142721228 1455.0540792938787
-880.586848064345 1433.0704110461922
-888.2679108502448 1415.3519415868766
-900.5490929942994 1405.1947662538262
-911.0751021336839 1392.4216883803906
-912.553512947047 1366.2705025023424
-849.4069892480541 1246.022378056091
-762.9427318922525 1096.7289491268052
-751.8760266710287 1059.2844002048678
-761.8713256286682 1052.1183788836768
-818.141879515836 1107.5977902570478
-974.2119403805578 1293.086267508842
-986.4108426499114 1283.804755211123
-990.503548818149 1264.1751143645618
-994.3136996107831 1244.5839733687387
-1001.000128671931 1228.9116088632159
-1006.2016612452105 1211.6861049411182
-1016.9823432757363 1201.342130063452
-1036.8037581223143 1201.5019630210538
-1095.024649248702 1244.9437808743646
-1098.0844664378023 1224.8410119554321
-1102.8862090557707 1207.0074605712225
-1106.0862878071043 1187.729819413952
-1109.020931614561 1168.5005662132864
-1111.6913509981073 1149.3229920766412
-1114.098794936365 1130.2003694572654
-1117.6620040188538 1112.546918009555
-1120.991440183392 1094.927938740977
-1122.644166212155 1075.9623952861064
-1124.0390334545311 1057.0644499133455
-895.1444592237605 825.9784483393023
-883.6502141125657 800.0164367679059
-878.322284063551 780.4966145457562
-875.8468066471546 763.6336630125611
-873.1322251196297 746.88762036711
-871.7125398709439 731.547160360662
-869.3098555177481 715.6649880354018
-870.5759070558504 703.0352694238627
-873.2492998549081 691.6875452853786
-876.5761318987421 680.9657003002715
-875.8013730755927 667.2128258051599
-876.4480747390837 654.7325960162311
-881.778260137702 645.8452600650771
-885.3942619127483 635.7491651366752
-889.7162260535565 626.2180427750519
-896.40674768494 618.3655413304564
-896.4004904873475 605.9621775771511
-906.2450600820299 600.2406942859823
-910.1888942990029 590.5769862556097
-915.7191652684542 581.9651281305827
-925.4129703256051 575.9434298202739
-929.0966310962083 566.1479047790218
-936.9720860008713 558.8956164215067
-946.5203904560941 552.5533010043856
-955.163699711154 545.5843718015578
-967.2513298381742 540.4524631512779
-978.448979088357 534.661196760109
-989.6228914420751 528.7064712426231
-1004.3166666298347 524.439732599979
-1019.9078847071073 520.396874233766
-1021.1912959251036 508.968896030796
-1054.7201078804596 513.3171476121087
-1076.6769734478853 511.4984798091795
-1091.4337696403165 505.9459719068121
-1660.1822793120607 750.6522493526618
-1721.1760482439327 758.7582032185214
-1749.388974978321 751.5678374067774
-1754.555538310887 734.2607595279719
-1752.1427800286476 713.9045303074371
-1745.7845425527487 692.1851854698205
-1750.3700169599927 674.967261226406
-1771.641106923404 664.0420079025239
-1831.2790636090797 667.0966880348393
-1873.3252839263964 662.4359445275338
-1974.0893608135502 677.1559610036294
-1973.7557390945867 656.268452990986
-1869.4515865776295 602.035518422612
-1844.5046368795513 574.8274911047966
-1829.7454815932444 551.3188483891205
-1823.3500390239421 530.6558538180734
-1824.4306023427132 512.3260458296116
-1829.1890014784872 495.06827495824746
-1832.8164625951226 477.51420339116726
-1843.0658372418816 461.636566567123
-1908.5986111241805 458.93391857090904
-1934.2868128428843 445.82454582729866
-1945.2477982111598 429.03962935215634
-1958.0207115707371 412.4995673452572
-1034.3482118550583 207.72283608752159
-1021.5307436400146 195.12800874881816
-1018.408635392118 184.57749418269907
-1036.8622251988363 177.82217509556403
-1884.4947507984125 304.89430006680885
-1881.359149106722 286.17608578012084
-1876.058593270609 267.26233295304314
-626.4969765757643 83.2198194027493
-622.2927150484076 76.68622299788551
-607.0917261413773 68.997362635704
-604.7325588257306 62.948648087820516
-605.3002339408042 57.233091749508404
-605.8138903863794 51.51242777155775
-615.2479253172347 46.46493724130481
-2037.5632469631767 134.53629482365372
-1134.1882172035132 64.1333607159064
-1115.7644750303216 52.522721371907515
-1116.2108562395981 41.98004779491296
-1115.55801973993 31.40548668507178
-1115.804921267581 20.865705716497548
-1111.9524164372835 10.287058825823749
-1104.999978820587 -0.21634810381255912
-1082.9496511910472 -10.442843730960524
-1069.8050463095392 -20.42456586183799
-1056.5749134676932 -29.974192745364874
-1063.243258410408 -40.12198206492375
-1065.8180257554616 -50.20892325802692
-1066.3000401929548 -60.23474316789829
-1067.6854991681168 -70.33971044956824
-1068.9750396845316 -80.47586303640523
-1072.161064033821 -90.81108285812165
-1077.2381194730726 -101.40036466462175
-1081.2156803158389 -111.98952022023104
-1085.0889595271549 -122.66193342792423
-1085.8790174331314 -133.0517173825926
-1090.5350550851572 -143.9906025767424
-1093.1006832442115 -154.7478474520338
-1099.5152278771454 -166.16336439260212
-1101.8618341455672 -177.07766220889204
-1104.1001144627917 -188.05035826408317
-1112.1343200243757 -200.14308437695055
-1114.1430977812597 -211.2845419484789
-1116.040405337944 -222.48104110938908
-1119.7830519133984 -234.14080517397008
-1127.3121963563592 -246.74523692708138
-1128.853671585726 -258.1731747246909
-1131.2523492807165 -269.8835345975367
-1136.4417582453489 -282.3847200473502
-1140.5274024544544 -294.756245481746
-1142.5488257611662 -306.7102553743192
-1144.4459813051521 -318.72777706765294
-1151.9825755052461 -332.4712705367188
-1153.6123595122378 -344.6658149289066
-1157.9806698040265 -357.8054895613228
-1162.2034255832662 -371.0568656722603
-1165.3291825308584 -384.1053193356758
-1169.2586991660135 -397.5664654175476
-1173.037677701448 -411.13453600104424
-1177.6050426113368 -425.14746102540863
-1182.949502406564 -439.6299293224501
-1187.1911697779099 -453.8921968941059
-1190.3380995016828 -467.9061966620253
-1196.1077170881388 -483.14214173698497
-1202.6192171193252 -498.90983014498863
-1213.5829932373308 -516.6984793137298
-1223.4137465781516 -534.3068450652772
-1229.3706252786935 -550.5060087790815
-1238.7669663930049 -568.5291575402902
-1249.7437236197957 -587.6237106115851
-1253.2639727203723 -603.4984794356567
-1268.256762031944 -625.2365836707324
-1346.341609049284 -679.285118151859
-1305.3447921619938 -673.8219153274559
-1196.4751609917487 -631.7089433669346
-1158.0216927641109 -625.1733832208015
-1133.8027010679832 -625.7127416402399
-1099.2222172343406 -619.9633191878535
-1082.1762851443752 -623.6148553964376
-1062.572495683837 -625.4827666820424
-1041.3138442407017 -626.0115636253469
-1023.5466476733095 -628.2939280597338
-1010.9115776130648 -633.4877917117777
-1002.4806922044264 -641.196118014866
-993.1565200479259 -648.2562199364488
-980.4585723305707 -652.9816137867123
-972.7216273871337 -660.8998680687765
-959.1688614425348 -664.7436312135917
-950.5284904307459 -671.8568217108817
-942.6500397186553 -679.451913396686
-933.1009789131735 -685.7744258510062
-924.3161629903444 -692.5782488894716
-918.664294635732 -701.7064298988809
-909.7664029257782 -708.3319081528734
-901.6080767839192 -715.4745808748223
-895.7282168165744 -724.4135294143807
-888.9883728137956 -732.6688699555071
-882.9382221488878 -741.5046162152744
-881.3593645049625 -754.1920647947767
-876.6058917306786 -764.2847051871846
-870.9932870959732 -773.6896624834479
-866.7644826501727 -784.3980696152805
-863.1470587193868 -795.7720496625094
-863.7665608564489 -811.2535536724769
-863.4502567734811 -826.1226628520789
-903.7328694415296 -880.858047979911
-954.8620047374137 -948.6593445008842
-953.4795348752255 -965.5701821069889
-926.8113598575777 -956.6842233668054
-876.9789212910275 -922.733423915719
-831.2936592917085 -891.5782927042363
-820.0337343732725 -896.5320264719076
-824.7834902491111 -919.215531968697
-840.4051355921799 -954.8315076861936
-885.4795904507172 -1025.6465740669298
-967.3993866307566 -1142.4304909912182
-960.9074539212709 -1157.0103132636893
-956.1193334900262 -1173.8960005582217
-998.5255915239668 -1250.1786444631473
-986.5300057520494 -1259.666046121297
-965.3088664917848 -1257.1411186785458
-950.2411543828546 -1262.316025612105
-935.7567408764494 -1268.1227550613094
-918.9042151256592 -1270.5270730780578
-901.5133892295719 -1271.9098274012235
-885.8918810987807 -1275.5408950728563
-866.9082673600037 -1274.0294564816295
-851.9175447929738 -1278.0972173015289
-836.9285199579568 -1281.9951842659095
-821.4044396451318 -1284.881218841363
-803.2492125776926 -1283.3497974026086
-787.8109515117454 -1285.8529871949431
-773.9412550128231 -1290.7516933125348
-758.5319554494293 -1292.915415857536
-741.6590100746596 -1292.3010147698083
-727.8041939275529 -1296.7151018251716
-713.9328915863044 -1300.9826387431995
-698.1558960797632 -1301.578789305151
-683.8257580376857 -1304.6498889143343
-667.2221046347003 -1303.1157519909125
-653.3939777978416 -1306.7506685582807
-639.5574475333069 -1310.2405394829918
-625.2839768971783 -1312.6827294649872
-610.1796218032525 -1313.158341227759
-595.9489510375458 -1315.287363186178
-582.111107940812 -1317.097816417566
-568.7223974164107 -1320.756917330714
-554.930229948838 -1323.358394347098
-541.140319637662 -1325.8171647940183
-526.2470201973591 -1325.3452658584479
-511.0520801434512 -1323.7774629374271
-496.2864689846981 -1322.9772260710688
-483.6365419154582 -1327.653831133725
-469.9426765884179 -1329.381014126843
-456.2599919487481 -1330.9680010229129
-442.5899142334689 -1332.4151634602522
-428.3215383087377 -1331.8189290668745
-414.402066719663 -1332.0269993879524
-401.38155775622 -1334.9639864405297
-388.34276297570057 -1337.7738592319702
-375.0173191927093 -1339.4935648615538
-362.2152737997017 -1343.0119491003077
-349.38022989608646 -1346.407982358155
-336.27143488353823 -1348.7110595236352
-323.3831768782949 -1351.859208982985
-310.01874515216065 -1352.9347277878114
-296.8773268814806 -1354.8552885026897
-284.1369285606189 -1358.6059788725124
-271.1566020435846 -1361.2560733264615
-257.9655844719813 -1362.7996027399
-244.9464235201477 -1365.1997105202918
-231.40335061804856 -1364.5176764420241
-218.3690012333869 -1366.6641794165578
-205.31475801120703 -1368.6861766463485
-192.24181021826558 -1370.5834839235458
-179.02190420913357 -1371.3643417463265
-166.16454079641215 -1374.996125587966
-152.922656991609 -1375.525594446947
-139.88781806996764 -1377.9174134742705
-126.82124346747545 -1380.1856296184812
-113.64211317020084 -1381.3332219686208
-100.45262985705676 -1382.3549721959266
-87.25399511543566 -1383.2507872169801
-74.10083662716524 -1385.0191572722574
-60.92186542309149 -1386.6623692569763
-48.09683888193515 -1388.1670267260943
-34.93418211130042 -1390.5612546451214
-21.69910748653076 -1390.8307405052162
-8.462067599941815 -1390.9742605138076
4.782605312270938 -1392.9917898847887
18.077861225384833 -1395.882943134386
31.451040023254397 -1399.6466811597331
44.833527839756584 -1401.2829674200145
58.25000229214283 -1402.7911238787353
71.69923495900089 -1404.1706519174563
85.17999100736999 -1405.4210647104962
98.76102294389119 -1407.5394347396013
112.39007010736759 -1409.5263289989518
126.15482424836233 -1412.377060249445
139.98398404656268 -1415.0931008984714
153.9841367124237 -1418.6676445316323
168.06495409434336 -1422.10343196452
182.09824953104052 -1424.4073250014305
195.91808427575293 -1424.5912060144549
209.75788662359432 -1424.640877203516
224.39172082202182 -1429.4954898937358
239.13685357846114 -1434.1999739438686
253.64405110838743 -1436.7831065743103
267.8555703256202 -1437.25342005004
281.906404600084 -1436.6018164562697
296.7766165938956 -1439.7304052644995
312.5765998255314 -1446.6153148786686
326.9908633085314 -1446.501287698266
341.43120625053496 -1446.243662526583
356.6132492384728 -1448.7549794453093
372.61862478390924 -1454.0138790479782
387.2114636971194 -1453.3008230856867
402.35768570939894 -1454.3690359570285
418.6623825602463 -1459.1250150103583
435.0938176794857 -1463.701598624901
450.17983083537155 -1463.317846508077
465.9040905685028 -1464.6850782306537
482.9437039835731 -1469.6851291288983
498.1931523163698 -1468.8106014680989
514.1299897850271 -1469.6664089526057
531.4629070606674 -1475.1851336081938
547.6990974170924 -1475.6360319158996
564.7067319390538 -1477.7788423518296
582.5376650188765 -1481.5916673747713
598.9942907622461 -1481.4890615979025
615.5025097575401 -1481.2064881312697
634.4158825625241 -1486.261244853143
651.8771547778897 -1487.4246787917307
671.4699634523251 -1492.9491244450808
688.2961207078274 -1491.8771565442496
707.3015842225436 -1495.1389463712997
726.8691198695047 -1499.0721405523257
744.3524342274911 -1498.288508151754
764.6085255715444 -1502.6542525222856
783.1684848563451 -1503.2205840553863
803.6917032774413 -1507.097755981013
824.8401506836664 -1511.5960855400976
844.6863631497308 -1513.2065119833715
864.6391639310056 -1514.5742359477438
885.1998130480264 -1516.5610079979438
905.8778922622338 -1518.291554448793
927.7115695616681 -1521.4714074544504
949.1605141510739 -1523.5220111230653
970.733861259832 -1525.2998953004544
994.6083040961655 -1530.1566329702819
1018.1117991345363 -1533.8609338734193
1041.2164652324016 -1536.425810942052
1066.170400956185 -1541.1543323512176
1089.0031521748901 -1542.276283469714
1111.955131634841 -1543.1007048248482
1139.1694625026846 -1549.2649662666952
1164.803419087576 -1552.6474148633658
1189.9987638763205 -1554.8848645391174
1214.7283036776266 -1555.992014196884
1242.0796884028248 -1559.895524596805
1269.6170577228866 -1563.4156602577193
1297.9733807158514 -1567.3194004264299
1327.1658678138745 -1571.585110425091
1357.8638339700965 -1576.9485750638892
1387.466409571387 -1580.3626046926966
1415.393680357353 -1582.3367939868133
1447.032295192218 -1587.4512706444696
1480.2514557110915 -1593.574795190108
1513.71161757985 -1599.2126621571608
1546.018141428511 -1602.9213662478683
1582.7319478535935 -1610.4420452917796
1616.1833754402187 -1613.879579445338
1651.9799683186914 -1618.929023853046
1689.4536141265949 -1624.8330639529054
1725.727394282418 -1628.8013877152782
1764.4237816364998 -1634.268557733261
1804.1129680442193 -1639.8232827151462
1844.806211060155 -1645.4403798478618
1890.2768097315497 -1654.387373800681
1930.7649324460144 -1658.062657331362
1971.4865766029932 -1661.121512194159
1100.6339903171704 -909.8290055601124
1115.3430877034382 -904.4920103086375
1123.7878073482116 -893.9781675496884
2157.8336866456325 -1683.7228931083996
2222.7864641819983 -1701.0647649778916
2277.853399781411 -1709.528557557395
1125.9627447304474 -828.6204785540106
1093.9584286245542 -789.3389363519931
1082.5455273023554 -765.7487716723189
1143.1049005061263 -792.5857596745471
1118.2405677591398 -759.8960669839768
1084.5424978196859 -722.2025826754132
1073.689003351447 -700.5111876923713
1064.2105163393894 -680.1654040839259
1084.1128916699272 -678.6311502687365
1172.2847660238033 -718.5912797609755
1317.8866425964225 -790.9132678530113
1286.4552425832028 -755.7095399888723
1225.0058725053448 -704.2227008038145
1221.1059170289993 -686.8051684406333
1223.1209147772947 -672.8976354798353
1224.9827813558306 -659.0130388556308
1230.232364244491 -647.0149379770222
1230.9177545431976 -632.6906681391251
1231.3695550164211 -618.5572075230072
1232.6605359717548 -604.7123308299794
1235.604093149991 -591.7622199760546
1240.2251315297538 -579.6573325008536
1243.8179395110253 -567.1031064546793
1245.4568983859547 -553.720249099523
1249.7070402356233 -541.5499179074062
1247.3896449088347 -526.6261233305951
1244.9025578943222 -511.7945108617071
1242.247314636986 -497.0569477204769
1208.6728085964987 -470.44557789339603
1224.2799765881473 -463.270481387845
1245.4897837809763 -457.912872168076
1245.9865948477404 -444.7992867122574
1249.1819236364365 -432.6991121552854
1252.2599269921463 -420.57826293048515
1252.3677256018345 -407.50960709029687
1254.2483425017745 -395.07732829352705
1251.2230593349295 -381.1887403748168
1201.042308815682 -353.5553315037065
1026.3686690045106 -291.64422724598785
979.8867831554202 -268.47326160592337
962.0706215090785 -253.86043257887903
954.729733778204 -242.31412554739666
947.2574854813454 -230.92911509716302
944.5249537309008 -220.8452213194563
941.6869032820622 -210.8335271892021
938.7444540161391 -200.89512202624775
934.7189476841154 -190.831047893942
933.5325265153573 -181.4332437505703
931.2688547896124 -171.89333930913045
927.9235656954394 -162.2401190429221
927.4393780700938 -153.15417070702873
923.9021286903217 -143.63097368427276
923.2367884863943 -134.62106961887068
922.4838556912216 -125.63652330853999
924.6199943417191 -117.05497026405705
925.6830087786143 -108.32805388527886
926.6636571076197 -99.59149861274253
930.5475661879934 -91.13850482426231
938.3252893230892 -83.12431303018836
940.0603611924473 -74.40105721510638
941.7142564421084 -65.65256441059014
948.2775889634844 -57.180541004793085
955.7630228559784 -48.641999765659826
962.1719520927008 -39.92661526001751
967.5014611311088 -31.063205069174394
966.7504584923823 -21.967043605556725
965.9140268176781 -12.887699440077165
963.9924233336948 -3.8220093184845365
956.985983861622 5.179449044375777
930.8981882069195 13.768194982447614
829.7576516865602 20.055908545989418
808.5449251698874 27.13123627889201
805.2577371621377 34.5828966472393
811.888487872925 42.49803830078888
813.4504960318912 50.232365119215466
812.9437146565311 57.85772896027329
810.3719191028563 65.31732334958213
803.7480026760365 72.3750522920834
802.0389345166416 79.80944505138746
801.255316118318 87.32650452259207
801.3942997736092 94.95354806623416
801.4606130107692 102.59086602813166
805.4167655819882 110.7828223121647
814.236079664525 119.7856693120893
821.9685623604602 128.80870502834136
823.6839544999576 137.00271201444068
826.3025579380381 145.41348886900062
831.7850986716977 154.43299397380784
844.0406379922608 164.910282934744
862.049226392521 176.8364534705902
879.906646786808 189.11449690702065
906.3888338268849 203.71617980400967
941.4341206318016 220.88638824116398
1016.0603019972083 248.47024511064055
0 0
0 0
0 0
0 0
2561.0803117310297 754.8295415944536
2495.441399061563 761.3496068493567
2446.1275200152313 771.8064238033614
2397.7949825909777 781.7053290476746
2324.8573077434935 782.4624582890071
147.37079150602816 51.16492754697086
119.57340347179432 42.792536524159026
123.8524340735163 45.657141545056206
127.15242694125338 48.25204993520193
123.89323243160925 48.36803652875777
123.427666492519 49.5440323773863
122.9509382805513 50.71554767457477
124.30464114820948 52.66266408960777
121.96416849663554 53.04471324198385
117.80145778307667 52.5720129363714
118.20546168231574 54.10608864509229
1815.9791191600082 852.2064531408109
117.15506730900711 56.34438928431131
118.408014449872 58.33988441914249
117.84786762291986 59.46326678488794
116.38860053683585 60.12232251898504
119.34782653428611 63.09592935793836
2036.212417984508 1101.3918416465972
1939.0205604731716 1072.7792252193865
1248.1048806688689 706.1092032048219
1224.020701901829 707.9331333648356
1200.0162722077641 709.3637617164984
1179.5207480083716 712.4709152083134
1168.437002950564 721.0297983689052
1157.2975293408317 729.4425464569548
1150.3084456617348 740.4150726715951
1138.2012306446225 748.0253729380221
1129.3754477863642 757.7011930420522
1120.468721617112 767.2769016969787
1115.580542592806 779.6159650676353
1112.1871762501187 793.0924819873072
1107.0207466520867 805.3980795121483
1100.1146282012971 816.4850303695235
1103.4625792007657 835.3600040123981
1102.5924030275446 851.3160357857384
1105.6531904266196 870.1609175890613
1121.9206082302635 899.5210663615586
1415.7919174712722 1156.3378599799535
1391.4337476810729 1157.5889278211869
1367.169983596524 1158.4948148147578
1328.6209385375535 1146.6435373208146
960.6649280280039 844.3718944025493
954.4757795963328 854.363497677641
939.3159054884179 856.228141149585
927.8655933211668 861.290566957957
931.662108422585 880.6416500084376
1010.8338863439055 972.9459667519446
1041.9829825573597 1021.2504414005747
1039.0701939090357 1036.9942777710198
1033.1517145186274 1049.9173942683399
1037.5078794508304 1073.604396450313
1117.929016376901 1177.968893622652
1375.8495123812245 1476.2662765505238
1360.4102463888173 1486.4417114439157
1330.8624273889031 1480.8396940130003
1315.4240002808206 1490.571601596248
1292.0601330602478 1491.0766621996115
1272.035655339758 1495.0900613489316
1248.8394227679303 1495.0264533247105
1184.5316293089343 1444.4060437310284
359.9526642114898 447.11305005227763
360.8525432751874 456.6283412271177
353.6416314955802 455.92389329047484
346.4732619809703 455.12666229552616
338.75002219120876 453.4362385886858
331.08603309152704 451.6437076852906
319.3951824762002 444.06724424460174
317.0937104186241 449.3902299927645
318.7057411426651 460.46351708110876
317.89626391455744 468.292606592466
317.5250705920395 476.97675996375375
317.0224347075385 485.6920587080918
313.15382007595485 489.38296350796327
840.0606131806898 1339.3502776281057
826.8602236731824 1345.1926146493427
815.8993682464502 1355.3716172677675
804.7156769857603 1365.524690078268
793.912956059346 1376.4531296782723
790.8402246184493 1401.2325785270057
799.4563876273671 1447.9590754858373
831.4983309041186 1539.8410715731884
818.9338408467141 1551.0845767771816
799.3525257732767 1548.8978467090342
783.0360720887779 1552.7316283916477
766.276046242115 1555.4989620554404
749.5329103073739 1558.0890270989519
733.2335731923263 1561.4075467806647
716.1046830398191 1562.7396081652375
699.8313213546433 1565.7142528734335
684.3640969453838 1570.3549862410503
667.6985659406839 1572.082257720872
650.6784228709462 1572.7115406234477
633.7050728606536 1573.1604751679574
617.5103134882446 1575.292040459689
602.0436916948224 1579.1274151538466
586.5593916574237 1582.811448043788
571.0588897621764 1586.344144384689
554.8838701755557 1587.83748873082
538.4099005753668 1588.220318143054
521.9774116470705 1588.4343177261767
505.58811637171965 1588.4802978267298
490.715568527479 1593.1375429650616
475.8001307805238 1597.6555434602406
460.5666562075578 1601.0728762894553
445.578349824364 1605.3086725511068
430.03423059103875 1607.4721025635167
414.48865018280094 1609.4853708156652
398.7027289550188 1610.3779475402105
382.9364090821323 1611.1162920780366
367.19119223356023 1611.7008495208088
352.1076072343873 1615.0632287708352
336.3816440638281 1615.347451645285
321.07060772296194 1617.4407763057068
305.7498487620388 1619.389091596578
290.2444063162673 1620.2080683054623
275.2094762408296 1622.8295487164535
260.0814960067761 1626.3353330217226
244.6146663258261 1627.7222321447555
229.42337784131132 1630.9426457419902
213.93318310671737 1632.0381714794012
198.44270131626428 1632.9866791539678
183.17589782669356 1635.775837471438
167.77223412702114 1637.4273960869314
152.44626855634093 1639.9296128807628
137.1712405342822 1643.2848355566014
121.84654480087761 1646.4976220815163
106.40909877008502 1648.5694112468964
90.99845940677517 1651.4948623551916
75.6334035204122 1656.2740076062048
60.15021871106918 1659.910525055194
44.57846593939962 1662.4024062706628
28.947734216655736 1663.7481866808216
13.295617507335823 1664.9469140351287
-2.3764999188003384 1665.9983049955772
-18.056392182285933 1665.9021479971025
-33.73468494863822 1665.6584196741587
-49.558278664781106 1670.264942162106
-65.47155866507603 1674.7207155242231
-81.42461782402907 1678.0256349687304
-97.44566980647161 1681.178259862995
-113.46599869650376 1683.1798677324432
-129.3793261005674 1683.0344589394963
-145.38598802505388 1683.7348112116645
-161.51267896853767 1685.278212798233
-177.78604054191638 1687.661436363475
-194.57501402922972 1693.8611406828852
-211.0024940635662 1695.924216319513
-227.35320110314186 1696.8366220553332
-243.73973888653515 1697.5912168974967
-260.9177439612922 1703.1297457581293
-277.9000302484196 1706.520604384233
-294.62914997809276 1707.7712563406103
-311.227090231022 1707.8740288166252
-328.60713514060865 1711.7436580091896
-344.9008872291267 1709.5553158609878
-362.598537903627 1715.0892980571455
-379.2887170600276 1714.548357180677
-364.0322930968136 1575.4902378569902
-362.1362828642931 1502.9881279082788
-374.24596505667245 1491.7720863586367
-383.1486932359146 1468.8502574706554
-391.65544576567464 1445.8941910811077
-387.0539152197302 1377.6611581637474
-401.8921128265634 1380.697913972423
-397.205832217617 1318.467491769255
-411.6148725095238 1321.3739806462697
-405.89481996728364 1261.298693856347
-397.51131185783754 1196.7062116263378
-348.414611349375 1016.972103156357
-336.94523417242243 954.2598750699368
-342.105633070906 940.7256432250344
-344.93917465260455 921.5600717207642
-338.8211104754091 880.0279854051294
-344.10162431865564 869.3785551422711
-439.6237314447945 1081.0272775238168
-454.35036478194644 1087.9369218950667
-471.6084719530747 1100.179280472999
-485.9143917811339 1104.8693152857359
-500.3491259637428 1109.3871065355495
-511.5534947999322 1106.469169004711
