-531.3907633758207 1120.3677327551266
-541.3189913400981 1114.4930460144374
-549.1431694843931 1103.9614030429846
-551.8251517285809 1083.579716458244
-556.9451310358569 1068.567789620973
-559.0080465419207 1048.2623735980346
-571.2727352841258 1047.32824936645
-588.9277050791563 1055.8622818294998
-613.2334515753714 1075.4481548958818
-864.0407654930522 1482.5955468590146
-871.8577434065521 1464.062865884534
-873.6852213618791 1436.1180780053724
-885.0917463538195 1424.4092110543045
-893.6763708172695 1408.3914740734815
-903.1253372542251 1394.0177994593332
-909.6248010642104 1375.4212886562777
-889.5590972377671 1317.8712427705254
-773.7567317286395 1123.2971646472781
-749.24973375541 1066.0365080368717
-755.7831614545132 1054.040233037535
-776.916230341408 1062.1945071558675
-971.0785204309893 1301.6844883294725
-985.1393019026708 1294.8473098580846
-985.6718129729943 1270.478286752879
-990.1759507566956 1251.7058706194014
-996.2975325357637 1235.2976267536292
-1000.9278608907342 1217.3411260992948
-1010.4475407269564 1205.5392019502501
-1024.380801003891 1198.9883129266216
-1075.713445816709 1235.2670085811983
-1097.283317243943 1236.275989291278
-1102.1961167502493 1218.4468475155866
-1102.8038031916515 1196.224381822252
-1106.5147472103663 1177.7440783998784
-1108.5925881229314 1157.8564131872745
-1112.489447356838 1140.1825421921164
-1113.3316965378087 1119.7024307753577
-1118.1578006158586 1103.5235080966359
-1119.9047795301406 1084.5710141735983
-1125.0187692743025 1069.1289766817351
-1055.343391436463 984.1236335701855
-893.2889480615728 817.6526495224293
-872.7508968926919 783.7313774329837
-870.4098613415118 766.8028907610156
-869.33987868513 751.2983264507673
-868.8172680045233 736.5307561922696
-868.8620017362729 722.4810183934502
-867.9437670832107 707.8655360881793
-867.6077578813718 693.9580523807323
-870.2336853864862 682.5901646073244
-873.5148850931678 671.8450308818767
-879.0659817141008 662.9057246645441
-882.9178985986226 652.7327051207043
-886.6560486466013 642.5465363679081
-886.2041555831654 629.4530916812856
-886.4047543968651 616.9980643264882
-894.7105395690934 610.2311450458601
-899.641713656362 601.1395736843853
-906.9910841091465 593.6524011123977
-913.4373842365907 585.5400456664045
-923.1992281770681 579.4852759935026
-929.5201822087535 571.2033183259757
-936.6239616552376 563.3689328080205
-945.386227953774 556.465524534391
-954.9681658938875 549.9452719400944
-963.6399140490473 542.8020965799087
-976.6414097838452 537.9559059025407
-986.1153283445863 531.0146506489712
-995.545154069505 523.9416438962696
-1010.2651433411148 519.480837134496
-1031.2448237963345 517.9286759711874
-1046.897768563729 513.3819846627706
-1061.6545248925318 508.152211227318
-1089.0905085342176 508.61170279563873
-1179.4225231762935 537.1950407668203
-1693.547257171211 752.0017870509805
-1746.5103047172067 755.7187013145898
-1755.460965413589 739.8525521407557
-1755.9412618019535 720.4681013767115
-1745.067563930031 696.6923261521603
-1749.7495544415383 679.3419586126256
-1759.7152357778132 664.5022866562875
-1817.516365974354 666.8809934428921
-1852.9051714369036 660.1752991913427
-1965.8247442283832 679.6565860634412
-1981.606572982273 664.3307835058158
-1901.2138027205692 617.5654429651914
-1853.5127430578273 582.8717794869202
-1831.1636927990808 556.9879084634005
-1823.8449083331354 536.0883792317237
-1824.9543271180805 517.8326987869674
-1828.7756747900955 500.3953749746595
-1825.6616710252051 481.1480675940159
-1834.949447681902 465.19837107612744
-1870.3314763674325 455.5053989901985
-1931.0089597049391 451.1024246656726
-1939.0665570228048 433.8085838658861
-1953.814505272244 417.8670589885927
-1026.838189533475 209.54076576078202
-1027.7804207531135 199.69077774537575
-1019.7777629541415 188.20816715606836
-1019.531360996423 178.27171381007506
-1032.0146244044445 170.47526218004035
-1884.3405025522368 293.1038560667261
-1881.0747066195675 274.5158431058366
-627.1966053242835 85.51852588588648
-624.0043619780389 79.11735733946475
-609.8223928184423 71.50279167409798
-605.4961979011084 65.23307694185303
-607.0777150978669 59.63763770936223
-605.6191999108268 53.75299711988254
-609.088228177404 48.296276209566486
-2045.018295036602 142.82917407025096
-2042.277542530618 123.36303852896944
-1119.546258546139 57.071665258182264
-1116.036616502379 46.38179196539846
-1115.4237347483838 35.85933574352529
-1115.7114758755963 25.375235949618492
-1114.9007659438003 14.875553701538205
-1110.9913601285357 4.381520255145017
-1093.9837279965273 -5.966814796888882
-1074.8834390906413 -15.830109559817632
-1063.6918387886924 -25.60609486685298
-1062.4067732387884 -35.50842401945638
-1064.0268721437553 -45.51719846361667
-1065.552514158358 -55.559333786521535
-1066.9832174445926 -65.63393704163498
-1067.3210123465435 -75.6693901359696
-1068.561130728658 -85.79691075960442
-1073.689006613642 -96.31156253021103
-1078.7131638970438 -106.9294628960106
-1083.6321214931115 -117.64958677504359
-1084.471983613753 -128.00201856553542
-1088.1887250091838 -138.75986005645473
-1094.7709100902277 -150.005514632678
-1098.2689669918695 -160.95116073707413
-1100.6695961453026 -171.8209536736892
-1101.9760908696437 -182.58613077574856
-1109.0871298020734 -194.42669185942256
-1115.0890176706812 -206.23404828067373
-1116.0584972638683 -217.2151713972022
-1118.8793765142266 -228.63276408060045
-1125.495271064168 -240.9593219035009
-1131.0018958944966 -253.2108044358582
-1133.4558826360978 -264.90330710964054
-1137.732871802055 -277.1369921555922
-1140.9102784160445 -289.22782819885055
-1142.9935685603841 -301.14730984951245
-1144.953306319569 -313.13084541112676
-1149.6746904114077 -325.9955616683054
-1154.254964745121 -338.97562797528605
-1156.7787754765845 -351.48807178465376
-1162.031186438295 -364.9760563993324
-1166.1805893957492 -378.28406378881914
-1168.285530862168 -391.0663861521501
-1174.0340376977226 -405.22595959190767
-1178.676937234633 -419.1916955656268
-1180.3435763723958 -432.24766247652775
-1187.48323354565 -447.48694958397135
-1189.778055756705 -461.0902059681978
-1195.6378293821929 -476.2553736707212
-1200.4260337107837 -491.1072567061052
-1209.643665473367 -508.0415362745024
-1216.8124189915043 -524.3973083340949
-1226.5245970164356 -542.1424286233924
-1236.0108796316097 -560.1125828191099
-1244.3609616308902 -577.8838959246452
-1254.2924426747043 -596.7172431303824
-1249.59628943785 -608.7767352840921
-1333.3778086774207 -664.9839241114025
-1330.7081433366482 -679.155237966645
-1241.9050968681245 -648.4386866720512
-1169.6722727604447 -624.6141003334906
-1143.6347769087272 -624.426534545839
-1114.2105430893223 -621.8608089183606
-1090.1464637678741 -621.7762359035595
-1072.2296383131688 -624.8236573008508
-1051.7733871488615 -626.0580980112079
-1031.3879282190737 -626.9672571386537
-1017.0250465286492 -631.2440532261662
-1005.2065403335787 -636.9142887944951
-995.8900502961553 -644.0489171803034
-984.0241475750673 -649.4131789463177
-973.8039506585524 -655.7300249964123
-964.3759013538255 -662.4795248820878
-956.5446759324539 -670.2583702910965
-947.838687118112 -677.3675687558518
-936.6588771416192 -682.6061440331468
-927.8718996096262 -689.4851252310115
-920.6323111117827 -697.4676678792918
-913.3245513839349 -705.3752645502492
-905.9493875532412 -713.20733815063
-899.2875460868221 -721.5891555817215
-892.5481590166779 -729.9087503489317
-887.2682026365238 -739.4458307341738
-882.6501767339857 -749.5950009915111
-877.9199741997907 -759.7220010642307
-873.0776101256597 -769.8256209670257
-866.635326450669 -778.5680515842803
-864.5318321269499 -791.3082277085329
-864.4600753138596 -806.122061593873
-859.8486052156645 -816.8576229115306
-890.8060037441458 -862.5918291366926
-934.4878428817402 -922.3347936114262
-954.5462166881728 -960.2903312052537
-941.1480394105632 -965.0618466780525
-885.5758419359944 -925.5897731605263
-839.059753413578 -893.8986129318838
-817.6190501865161 -887.8896827715137
-825.8658752485636 -914.2043295127868
-835.0097985284965 -942.2524270923369
-845.6600883687643 -972.8206489071526
-966.7503308127863 -1133.7961888599593
-961.6584354209142 -1149.8756687502348
-954.4445942890009 -1163.6410599632966
-995.943602553337 -1238.150774555781
-991.5122492992726 -1257.0220600647774
-975.79856589761 -1261.6822733129636
-955.8571292903423 -1260.579687439404
-939.6058036112469 -1264.0276633919302
-923.3761195347157 -1267.2807667888796
-906.5891647015794 -1269.5259298043868
-891.5639553664914 -1274.0246125924164
-874.8392019931721 -1275.8782742314997
-856.4878710857811 -1275.039029474371
-842.0804451171804 -1279.8142536912344
-827.1184293404906 -1283.5903177592609
-810.026835159898 -1283.8148333466315
-794.0577808603326 -1285.5322791183285
-779.6821931034092 -1289.6296669034325
-765.3009180229844 -1293.570061833984
-748.9118623078867 -1293.8918125154562
-732.5867501008233 -1294.0191859384133
-719.2337879085605 -1299.2027395024627
-704.8967838544642 -1302.4905082616274
-689.6276274858116 -1303.8553353069085
-672.5605478240506 -1301.4942602680246
-658.7558818848735 -1305.1761138183929
-645.3843709284644 -1309.610252617652
-631.5548475778887 -1313.0070352061598
-617.7193964289622 -1316.25937689934
-602.1571439011834 -1314.6569035488953
-587.543144052095 -1315.7788772728413
-573.7607682586657 -1318.5759670217053
-561.1493205249315 -1323.9922356548802
-546.9610576780846 -1325.5902841314398
-532.048384261779 -1325.1824466104395
-516.8298204941003 -1323.679695639408
-502.39824773511566 -1323.8776381043247
-488.3560034049202 -1324.8593940257863
-475.0146932830301 -1327.5771319080593
-462.32183079011304 -1332.0504963307053
-448.3114261983963 -1332.6112955922142
-434.3325509747648 -1333.026344512273
-420.38670770697473 -1333.2962971460208
-406.7669785914235 -1334.3783665541062
-393.44741741730894 -1336.281456029249
-380.12863641430994 -1338.0520243166172
-367.07603368149034 -1340.6547599947817
-354.0084011906716 -1343.1303182812994
-341.4182259516354 -1347.417379651917
-328.30571998409636 -1349.6430469667616
-315.1818530917108 -1351.741247236939
-302.4834043631118 -1355.6639665067823
-289.3218773928493 -1357.5112711362203
-276.35176327058736 -1360.210903844414
-263.35647296926345 -1362.7866187137256
-250.3371903849081 -1365.2381810915597
-236.78221593301785 -1364.6095347086834
-223.90829477942788 -1367.794237277292
-210.69088987303525 -1368.8806919978485
-197.47315769871093 -1369.8395351239137
-184.52278817468405 -1372.6530299548538
-171.16539766103006 -1372.3670815942583
-158.28744647908277 -1375.9251739419306
-145.14754731518994 -1377.3732934496677
-132.08972776345038 -1379.6913799177617
-118.91507490939415 -1380.8892804853303
-105.80587263698229 -1382.9584655062952
-92.6012339329974 -1383.9053477294199
-79.38815907785808 -1384.7261535040886
-66.59364238762645 -1386.4015604411115
-53.41577991597015 -1387.9725337541693
-40.21401823311642 -1389.418163382625
-26.970147418345775 -1389.7383247029754
-13.73370002251586 -1390.9322001750093
-0.4769447728002816 -1391.9999182915508
12.8172911238716 -1394.9411159788235
26.16754418633578 -1397.755078556775
39.54434817470163 -1399.4414044637374
53.03121053013224 -1402.998107878164
66.49485921697003 -1404.4267277781762
79.99054773464405 -1405.7259733935032
93.45070715162497 -1405.8975657326039
107.07305882448796 -1407.934430317679
120.99869528751923 -1412.8281267509924
134.7428237533838 -1414.5972470802299
148.9488627189475 -1420.2106309610317
162.70517382155037 -1420.7135624085874
176.60782398725328 -1422.0754820003358
190.55117985015443 -1423.301179602446
204.5339051184139 -1424.3900033547734
219.1609090191794 -1429.2951045735401
233.57793849821786 -1432.0762363250508
248.2381905594717 -1435.6973221218182
262.4493099803515 -1436.2173789823173
276.50371509345104 -1435.6147448182328
290.96739264584687 -1436.8347074096162
306.72622295686637 -1443.7780383946192
321.9922766419278 -1447.622179224589
336.2272497600215 -1446.4357007896383
350.70450267796343 -1446.0810322389968
367.16499182593424 -1453.3378371106498
382.27040162378404 -1454.6083115541417
397.16988908705287 -1454.7577390076253
412.65196761253446 -1456.6792212513722
429.33345996885527 -1462.2752067074007
444.70461285575675 -1462.9008193670586
460.1265571998503 -1463.3658296404944
477.451805589058 -1469.3756406514124
493.34269358284274 -1470.4468663261605
508.2627941746181 -1469.589715552545
525.0973441870773 -1472.1554874155372
542.3734049445088 -1475.4711415710237
558.6997762809797 -1475.7840492374157
577.260757027799 -1481.509371686758
594.1235698644267 -1482.3718102188634
610.6754886862053 -1482.1216034853094
628.4471782050559 -1484.4521360441713
647.1177006498561 -1488.4111265055913
664.6999736149336 -1489.4075819184977
683.1939849553773 -1492.021105387183
701.3747394460096 -1493.5104535513108
720.9487354078726 -1497.490207284772
740.6642110430391 -1501.2303375831411
760.5183555302195 -1504.7284907589178
780.0486625329102 -1507.0942518902452
800.1630417737344 -1510.1059918361375
819.4541013150838 -1511.1108416783622
839.8088119028346 -1513.632108357361
860.2877969250932 -1515.9003616536838
880.8880602148284 -1517.9134446242172
902.6270697578713 -1521.3892903988508
923.4773197245632 -1522.8757795547006
944.4395846345357 -1524.1006761284982
966.0456581583239 -1525.9068734209995
990.4888878608771 -1531.6356495668686
1014.029305747964 -1535.3646365226414
1037.1737899673144 -1537.951731818927
1061.0287630934142 -1541.057741906013
1086.7642513700443 -1546.2999262575509
1109.201255351234 -1546.3122502027998
1133.5108737534838 -1548.4553913763916
1158.5625088206916 -1551.0734712305232
1182.5568247253677 -1551.7604055702209
1210.3538845589214 -1556.864629353859
1237.1154278882234 -1560.0084673106549
1264.049041542437 -1562.7795815711333
1291.1500125329005 -1565.1749567177117
1320.34485572208 -1569.4873245643748
1350.3927031173819 -1574.1396213066141
1380.7247203390211 -1579.6212351841602
1410.2197274104176 -1582.934085937405
1440.5714612751703 -1586.5695273008114
1471.7955391149803 -1590.5052313781446
1504.5932600170984 -1595.4460573492042
1539.6928786898334 -1602.0704851259866
1573.6507139099879 -1606.7434240134874
1608.538986681357 -1611.6238172495816
1643.6581387292085 -1615.9866716620015
1679.7211637252162 -1620.5223886554622
1718.9195131512613 -1627.2690949280118
1757.6604317603026 -1632.7372129721878
1797.3950313573575 -1638.2902982230846
1838.1346211026244 -1643.903012560021
1880.6417080067445 -1650.2093097863299
1924.187420554457 -1656.5095141833583
1969.5454609642543 -1663.4225792609354
1081.1407169350152 -895.7403363616276
1112.835370107823 -904.4077836003981
1118.9835359654626 -891.9847791516571
2157.8189363037186 -1686.9909419226558
2206.990234073486 -1692.086022253082
2257.246699084773 -1697.0012785707897
1114.854914727771 -821.7807001307187
1082.0423800095164 -781.9266512041531
1082.0366107856767 -766.4677246430185
1093.3361434827543 -759.0632894260254
1164.9476775338292 -792.576752503212
1087.5120833815392 -724.9596323238585
1065.8448733602859 -696.0630042830867
1069.0032432000942 -683.8077697918327
1083.0423515565324 -678.4565312051293
1143.1061987066553 -701.1342371318212
1312.5711912911272 -788.1103144817934
1293.230918548674 -759.9695989378475
1233.6010178440056 -709.3359773578624
1222.815442040685 -687.8454729856442
1223.1256199874838 -672.889082784253
1225.0242522978456 -658.9359462664822
1230.3092678906803 -646.8686925043583
1231.8071459843416 -633.1478145756419
1232.3497028689376 -618.8337497574299
1233.6302495901239 -605.0061217014322
1234.7600747545964 -591.2094026586718
1239.3637460351765 -579.138588779624
1242.9397493666188 -566.6187249327779
1244.5624813989912 -553.2704852908618
1246.0443798803678 -539.9420370452273
1246.4647024998096 -526.2458982472558
1245.8131223281837 -512.2095901434316
1241.2945656611048 -496.7462141377718
1209.5717831957259 -470.8928766680505
1223.302612409207 -463.02777289576204
1244.5000076981546 -457.7070360386581
1246.8692330214483 -445.30115174396866
1250.060212425367 -433.218726870211
1253.1342934055253 -421.1157117598851
1255.1405072971834 -408.68362695582624
1255.1164089218455 -395.64984526109777
1248.2628284717748 -380.6112334858817
1204.787699335558 -354.99661903986254
1043.600239607719 -296.8560928980768
979.8060149352582 -268.76787958513324
963.9225622682779 -254.68076870890337
954.6466529843524 -242.64123298766307
949.1163745748298 -231.74793961097296
944.4399495092306 -221.2084577293596
941.6013190777754 -211.21542536233773
937.680908796166 -201.0858356006113
935.6131529515952 -191.4498054947429
933.447422985749 -181.8705817917348
931.1846056808153 -172.34915184898537
927.8406288743961 -162.71375912923062
927.3578563317011 -153.64701851930573
923.8226448439107 -144.1413225747623
923.1594469665908 -135.15041796582852
923.399791370624 -126.32032812135955
925.5397947055661 -117.75011004826504
926.6070382435793 -109.03392443392094
927.5921997529088 -100.30808022068653
931.467850221513 -91.99806521722603
939.2647314628109 -83.84965253412629
941.0091354073262 -75.08533198938686
941.6741425842977 -66.2254421512445
948.2446465942572 -57.72426011073924
954.7380144224671 -49.10523206996452
961.1526095466855 -40.36906193605182
973.4836209288268 -31.711824029852572
964.7413801515273 -22.33986175709654
964.9089078049229 -13.258945610821874
962.9909792533726 -4.168198247502708
956.9876343940833 4.864937493581176
932.9019814618889 13.523793272652094
829.7628128341019 19.84123074910465
815.5470905657619 27.183507310884696
814.2560364310747 34.815329031280505
811.8950159565426 42.37314084329303
811.4602493601266 50.01263548745754
814.9435324478239 57.93132936039495
810.3751152540636 65.27765756338802
803.7490147632702 72.36381186112573
802.037260136336 79.82626981764358
802.2445370494968 87.47972779014839
802.3787078967728 95.14414913122826
803.4314754747353 102.9459286056998
807.380239429721 111.18520125631166
817.1805794113783 120.3823102988315
821.9388175251008 128.9983730340776
823.6475217207269 137.221572514327
828.2284256384079 146.00916055002978
834.6826264673674 155.26079052206714
848.8863211715245 166.1836746731621
864.9159962140153 177.79009953627192
883.7335767747214 190.3443334616443
910.1940917653149 205.02613325016299
950.0822502525231 223.42720907513052
1031.4645875007518 252.83355143632326
0 0
0 0
0 0
2617.5749459368003 746.7164136430622
2541.2771680410306 751.2724906406189
2490.9554336331416 762.3424608753786
2421.590366768838 766.4855481823294
2362.8340889471965 772.7943245838908
2329.7638886758173 786.6900425339921
2246.595877952072 782.5905450289815
2211.7247637554615 794.2125467347188
2159.019210567427 798.648889312948
2106.434803917366 802.1523651062864
2056.7778112637784 805.8201009487047
2006.3191940296492 808.2402437816484
1872.8502292206008 775.3457415297662
1856.1564284030803 789.285951539694
1844.866892556196 805.3788852149311
1836.1774505327753 822.55478246434
1831.8716262887106 841.7258133135483
1824.6528552177426 859.6109340543195
1912.71512066232 923.5241562567413
1945.037937216242 962.1472978653458
1926.8385978261754 976.1623932150111
1907.6620975248702 989.4575896252517
1919.322377059546 1018.8869480558158
2017.5878688357952 1095.8810115731696
1928.3556799229157 1071.3917918805562
1238.9840069987604 703.9485992608376
1219.2330755943635 708.2165681320294
1196.9352330421627 710.6405898218197
1179.833443862222 715.8163484750883
1170.392544391371 725.4724612506612
1154.9608466067662 731.2690632081888
1144.564401760219 740.0954872334192
1134.1050235180426 748.7902213778835
1126.0719176175974 759.0296676369289
1119.5944253505172 770.3176764971998
1113.8223434081342 782.125812976923
1108.739544165876 794.4763201020188
1102.7149495339586 806.2107293222531
1103.781456694992 823.2833630386816
1097.4590914556504 834.9997260965649
1102.3128739317606 854.9452192768274
1102.359888036779 871.1071560075374
109.83090602329466 88.42042796832763
98.97258722967995 81.16912576259149
94.39517915828756 78.8577843441901
95.96090715706828 81.65478735256447
92.94936316936337 80.55691085443755
92.96467258484664 82.05833078482807
90.7292843425523 81.56100148164128
89.24827465870713 81.70523526949772
90.69791115263067 84.55701575002227
87.751659509402 83.31054106981888
85.55460201306732 82.71281686888469
86.93878722630032 85.58999518413398
87.57142525147718 87.7909191170986
85.37209190639838 87.15277347007076
83.19165141849446 86.48207406314738
83.0906100595736 87.95993701639334
81.6093923619515 87.97674168956844
80.13476010045943 87.97397469503021
80.66695298977676 90.18781899649834
76.54629879898452 87.15884430266719
1288.4488341061206 1494.1983141104727
1263.2141143196345 1492.084146884371
1235.5678869446217 1486.5601221448132
1170.1951424051888 1434.1702579161583
83.76920634011235 104.58833620030335
359.08069143286986 456.751636056284
344.5385456899936 446.53016755178385
341.07840375804204 450.43370487771676
336.3829001702161 452.705803445322
331.08516822361105 454.12180236401684
315.8994783614933 441.6520344920155
319.92220890097343 455.95918704629906
318.04156353671465 462.13695357883023
314.95614188971814 466.6600783074804
317.3335907556361 479.5043192486742
316.2376344990599 487.3958950652324
317.1710446071923 498.6817907872539
834.7523302839121 1339.1312658158568
824.384529442035 1350.227442920871
811.6399821241118 1357.9265589189908
800.8433183364876 1368.9579903984647
791.4011204192217 1382.509770887425
793.5010802840281 1416.9446127453537
808.9525099884693 1476.9738780978341
828.5348096000278 1547.1118476959077
812.54570179476 1552.1834564557314
792.435839966535 1549.078900358704
776.4800920029268 1553.7849486731188
760.0674901865316 1557.4294238781886
743.6552250993707 1560.902913759342
727.6666497412101 1565.1125348850805
709.5996309459101 1564.606136943553
692.8202417010459 1566.6426244326765
676.8572022973435 1570.3389212836232
660.4989007540908 1572.9517481800378
643.0161098659736 1572.619242681721
625.9680608101539 1573.0266961643008
610.4134102061321 1576.9833444397948
594.8397958034178 1580.7867083602862
578.9053632757201 1583.497578264838
562.6381813030611 1585.106392940229
546.7177367289551 1587.4951075030024
529.5354238729986 1585.9307156567854
513.662250845223 1587.9899533865507
498.3949013196983 1591.7997745754735
483.1013658833523 1595.4629642463153
467.7830514302683 1598.979367219786
452.71310200946914 1603.3112134794555
436.8150490200359 1604.6063732110824
421.94708509265934 1609.613822437484
406.0457010097583 1610.6048207712201
389.92778377392113 1610.4674238993964
374.3008324271434 1612.1178266008808
358.67739585868327 1613.616907974143
343.0589365575037 1614.9648807475767
327.44691331621004 1616.161971758922
312.2214608536259 1619.1722451247822
296.60817081533486 1620.0717863741659
281.7451926769766 1623.7375546569751
266.3228789864215 1625.3249287845135
251.04804043685942 1627.7542447780047
235.75106221223172 1630.040010756118
220.2994540582165 1631.1910220883549
204.97155760176727 1633.1878828151725
189.51038103004714 1634.0473724717551
174.157018797998 1635.7549733390372
158.98135351427214 1639.308979184452
143.66710340845162 1641.725849037599
128.39929110852316 1644.99654165072
113.1511581268282 1649.1227411610566
97.71867341501935 1651.110856625323
82.30852542172578 1653.953235929874
66.89392379888322 1657.6508085114879
51.38618701576655 1660.204945114904
35.83637333150304 1662.613831996608
20.245844811176326 1664.8769040886723
4.613201393916257 1665.9936129448092
-11.032008523504274 1665.9634734254942
-26.69225769133577 1666.7862860544958
-42.394333118692366 1668.461483079373
-58.23458395072695 1672.9867701903938
-74.11937899231454 1676.3622274609368
-90.07269056448087 1679.5865296002094
-106.03015138270521 1681.6606693972958
-121.96219930467355 1682.5855764093449
-137.92095639463682 1683.3593822434912
-153.9960022975195 1684.9775165492217
-170.1135783709607 1686.4419262025679
-186.8207173387608 1692.721778548687
-203.06557552516247 1693.8714154376166
-219.3484697633805 1694.8649647722568
-235.80555511575284 1696.6922938990888
-252.75711160876577 1701.3270827595716
-269.81642155590964 1705.792513366958
-286.31978229273744 1706.1421342513759
-303.02821727710096 1707.3165785916397
-319.96789414329146 1709.310254669265
-336.39200496241847 1708.1924420267653
-354.6434629127373 1716.7518790475408
-371.28042819679575 1715.277191487721
-382.6223030308638 1690.2334670758823
-359.25478006527624 1520.1249958474632
-368.347464378427 1495.2993497911993
-379.23853530832116 1479.157575560224
-385.995090086923 1448.4504791082047
-390.60583985161344 1411.967449296837
-391.2534001456672 1363.994786234337
-401.28275211881066 1350.6491597938943
-406.98110664446676 1323.8547423469256
-409.48349029848146 1288.498067974094
-412.9139793463039 1257.9658364440586
-368.6415425153003 1088.2575123250654
-339.3399814706581 971.4367591230493
-342.0734686827718 950.308235270713
-344.438372965419 929.2164479974163
-346.79206357407566 909.1008000447664
-336.37888038219654 857.3740425466705
-409.17408806573235 1014.5997071040264
-452.431083115516 1091.9844847940474
-462.73418718673423 1087.6585273001047
-480.1989181946078 1099.7313303551593
-495.88856980771044 1107.006561107053
-510.0885360118622 1110.4475158373202
