-521.3918942567607 1106.2908716080717
-535.1044592317486 1108.613646727433
-541.5494292073779 1095.4488649522457
-550.052020039522 1086.7229523896333
-555.678347504893 1072.6069056808424
-556.4041840426543 1049.6467901059996
-568.1871533778451 1047.868006352127
-583.8654079323445 1052.9564024307924
-596.7307011911756 1052.6217127989942
-864.3270720485799 1491.6818402474198
-868.1694968066145 1466.2529538979793
-876.7858377404349 1449.4421667447805
-884.111481790906 1430.898629451258
-893.8340305860634 1416.5753512490157
-901.1990192969904 1398.8339170960012
-909.4083522188686 1382.751405320046
-914.608167821549 1362.4877611758975
-813.2581572986644 1187.1529680656915
-753.9519399362835 1078.6159985213992
-753.0609778026353 1055.9868198566394
-767.1062351819446 1054.497047859776
-890.234859464228 1199.7991060984778
-982.3712227673092 1298.2029042790891
-987.2421343804475 1279.378352210142
-990.6092582091914 1259.0064724020428
-994.9321572060899 1240.245944382499
-998.9899407831385 1221.516720398907
-1007.2660218284476 1208.1987259014527
-1019.2654087704843 1199.4056972033848
-1049.520718100218 1211.6580632663668
-1094.656297988418 1239.9369295550046
-1100.9526873593936 1223.6090798110847
-1102.9838333355551 1202.851056199563
-1105.4049423244387 1182.8951405279777
-1106.858873202625 1162.277262451871
-1112.2016451701086 1146.0438475385242
-1113.8212982601572 1126.258458588462
-1117.2970026479356 1108.658381952682
-1118.391036649781 1089.0006837194494
-1122.1064898293105 1072.185163804715
-1121.2278551199283 1051.2930594763598
-902.0928525696825 830.2436301126875
-883.2223233356373 797.5075721029857
-875.7901255467822 775.8167670234716
-874.8200491136172 760.2439619417233
-871.3508269904216 742.8140657682166
-868.3974400596461 726.1610607143937
-865.9803397827726 710.2661832789969
-869.5739132519649 699.4978265810869
-868.3306577513711 685.0093932268894
-871.6370337208281 674.279527678511
-872.4279696973673 661.7359274587782
-878.6768373553897 653.415652930912
-883.2302003027997 643.8582245130337
-884.4268533336274 631.9478942938083
-889.5729853584243 622.9413324868568
-893.8033429523772 613.3282841408466
-898.7613623387784 604.2491320365657
-904.4627628865785 595.6812155436638
-911.7631573284799 588.1436431165448
-915.6200299442846 578.3847860765592
-927.028281555574 573.3398339520108
-931.5792402476927 563.9868075935212
-943.7791787403279 559.1867861244866
-952.5108639422998 552.1992883659789
-962.064522186083 545.5894565979659
-974.201703395586 540.3027309769391
-981.0501905399523 531.9741757280361
-996.6638776887677 528.2472100355942
-1016.7342542673374 526.5704665089386
-1027.0460187986382 519.5935673869214
-1044.4889719145817 516.0114219170154
-1061.0547312194167 511.7097393609889
-1087.584938830138 511.8232124765785
-1081.4937017551688 496.4588332016079
-1671.2299494614756 748.031721267884
-1739.6738266858933 758.9064347757635
-1751.408620575119 744.2962070138196
-1758.4023442246098 727.6195405741912
-1750.3955574801805 704.9002712112176
-1746.7726896741642 684.2230415650188
-1755.8450430690093 669.0659046237445
-1801.4785743541627 667.0201992015632
-1850.0499018892672 665.1852076824264
-1938.3992703306917 676.3263034818632
-1976.9129881739238 668.8677277229393
-1941.3374391865739 636.4416290694033
-1856.719018397657 589.320360008409
-1836.39643777654 563.8165688605068
-1825.346801903593 541.5949157629944
-1821.7332902372696 521.836007996087
-1826.5851762079567 504.590521172711
-1829.3410684450023 486.78563588143936
-1834.8300170793818 469.7177965805376
-1850.8413326259515 455.2168290423723
-1928.0577421260114 454.9223483496354
-1938.12470814602 437.9972781580996
-1952.930675086202 421.9784097644697
-1959.7708590046439 404.1029326745857
-1029.3429458498315 202.12397143632123
-1019.4113053505932 190.1830447842279
-1019.1942313781493 180.1891193316164
-1027.7564587479537 171.69933459936829
-1883.819022950239 296.4369895455139
-1882.5801952074762 278.030229674007
-1880.1714557292792 259.5366969444667
-632.8035688056954 81.2628039559034
-617.6552877830528 73.38900103989806
-606.3924539566034 66.2434282362306
-606.9916030316685 60.507799902535936
-607.5365022738157 54.766763688371334
-608.0271029827124 49.02083269845659
-2046.8308482132416 145.55919346665067
-2041.1287086197103 125.77199548561626
-1119.4796662133147 58.363318402278445
-1115.9850249687615 47.60697475656875
-1115.3857681062473 37.02145737321597
-1115.685915055535 26.475251588866463
-1113.886551330675 15.898137144196703
-1109.9871176183872 5.347777222772823
-1096.9882112302885 -5.085707597981221
-1077.8957401960517 -14.992440335241042
-1064.7126806250603 -24.736768507594746
-1061.4374500121999 -34.56211381843633
-1065.0656858751377 -44.621572936448736
-1065.6021970115423 -54.598147625848924
-1066.0451741135525 -64.58859612350676
-1066.3944052067316 -74.59204075356311
-1067.646555425242 -84.68667361878923
-1073.7834424712003 -95.2529195074814
-1079.8155081895554 -105.94087159039292
-1082.7582124745347 -116.42874782007414
-1085.5988738799138 -126.98064825265033
-1087.34445230533 -137.47014963555577
-1092.9521085551326 -148.54187424726217
-1099.4368270998307 -159.8738978590846
-1100.863526250732 -170.5740207968488
-1103.1727562530025 -181.47691274967679
-1108.3295835943622 -192.95215502695913
-1112.384197092069 -204.35850376197564
-1115.340142417706 -215.66725924824956
-1117.2014895470131 -226.8497999865436
-1123.8414552172849 -239.12629201971023
-1130.3488639242319 -251.54611073359575
-1129.9032406176284 -262.52365006182174
-1132.2667211950666 -274.2208454406292
-1139.3582229174895 -287.2069634780821
-1142.4357856945792 -299.33505568912136
-1143.4558601647263 -311.0204106725889
-1145.3194726738786 -323.02214399949247
-1151.8576849296087 -336.48755351216533
-1154.4146461827368 -348.9453032765833
-1161.6113861854537 -362.9710559869874
-1165.7910471785924 -376.2395969568338
-1166.9773332145414 -388.6694016300702
-1170.870105007039 -402.12833424269587
-1177.4408295660185 -416.69424386579493
-1179.1430639164482 -429.7052883287932
-1185.3861765907054 -444.5397758892552
-1187.722256629927 -458.08824598096163
-1193.6266522079754 -473.19278855322875
-1200.301839943906 -488.7652739580359
-1206.7616912125238 -504.56934173797094
-1214.8681066615516 -521.3247389263021
-1226.4267954916281 -539.8863911047732
-1235.0091389379772 -557.4741489429582
-1241.5537558190438 -574.4286477985112
-1250.5993435981516 -592.838326858067
-1242.3162869602334 -603.1676741614551
-1306.482174498385 -649.4500194148675
-1340.474638719872 -682.014474149067
-1270.1902657625296 -661.2417778408397
-1176.5838349892383 -626.5297113800884
-1147.8543281396132 -625.0435515795336
-1122.7518566422846 -625.0226143159163
-1094.2746771161526 -622.6105773453739
-1075.4517757553972 -625.2515318050512
-1054.0965922543533 -626.0641933522149
-1036.2411083192994 -628.6082766152464
-1020.9812499832198 -632.4541779312569
-1006.5857817423192 -636.6051083632647
-997.2432721196789 -643.7972166855307
-984.5142976181173 -648.6698681035717
-975.1012662874798 -655.593258419085
-967.294292057744 -663.5290140999924
-956.9662971360726 -669.6562596927427
-946.6085156357889 -675.6488127169384
-937.8395240509188 -682.6836947869386
-928.2189104301933 -689.0178911463655
-920.9540981058882 -697.042716899022
-914.4121101936754 -705.6029285165628
-906.2186266805625 -712.8652051104721
-900.3098543043154 -721.9128522491771
-892.7624839271275 -729.6465906809032
-886.6859566402197 -738.5824356813655
-881.2826931743596 -748.1155089365195
-877.2911729802303 -758.9204159929891
-872.4243474691967 -769.0544570724146
-867.4446021501662 -779.1635657553168
-864.565030726564 -791.2719555530674
-862.2660142090022 -804.0760665136855
-860.5736040396238 -817.546373015166
-891.5666504082853 -863.243828752775
-931.7309769512817 -919.4337314833572
-954.6872179304582 -960.1501527991347
-943.4319345502121 -967.0249142968573
-894.7917491645837 -934.7639946141404
-848.2220700423626 -903.1280750220587
-817.2455725389589 -886.8741027707763
-824.8825239138356 -912.3972938043714
-833.4341193052235 -939.6401272710348
-842.197588601516 -967.8802724272209
-962.1667697718002 -1127.1908033456002
-961.0497049084934 -1147.7771842545476
-955.1848467127982 -1163.0334941910523
-976.0906787175963 -1211.7685368586783
-993.0547883282665 -1257.0784332643295
-976.1739611008571 -1260.1271355179454
-955.091124165604 -1257.3949039741185
-941.9136814289914 -1264.80339054609
-926.9128520503284 -1269.652143188805
-908.4134766818786 -1269.4510448941078
-892.8730517875532 -1273.1075026845067
-876.7790133345518 -1275.7596018749339
-859.5983888155704 -1276.5624191341665
-844.1339556537931 -1279.6588861537593
-830.3165959900629 -1285.0970198484918
-813.2640787821053 -1285.3180688696061
-796.8093090551905 -1286.181917538491
-782.4860298589775 -1290.269976817075
-768.1571481527249 -1294.2023009336187
-751.8154681260885 -1294.5201821085489
-735.537378076594 -1294.6450345373476
-721.7535757727015 -1298.9487194879248
-707.9544954053266 -1303.1076058543244
-692.2655832689173 -1303.5890311832734
-676.6316604733348 -1303.8905613758764
-661.5068813098609 -1304.9052249032118
-648.1987602661 -1309.3354677810769
-634.4310930252973 -1312.730432420429
-620.2309478167208 -1315.077781490651
-604.6656645983275 -1313.5050186641324
-590.099796465328 -1314.63425720296
-577.1705711215862 -1319.2703027928667
-563.4224088729092 -1321.9395557966516
-549.2924660083056 -1323.5432697069311
-534.8085979464807 -1324.0709057911208
-519.9988582875563 -1323.5124432281089
-505.961931996929 -1324.6609088253247
-491.95031822222217 -1325.6624322960406
-478.30452169626074 -1327.4583927660074
-464.9991697749647 -1330.0589355771397
-451.36664388891387 -1331.5795705794146
-437.4353281120394 -1332.0113864826803
-423.5367320324009 -1332.2990042101337
-409.9662176332003 -1333.3989277030064
-396.69794559478447 -1335.3200889527866
-383.7059122699505 -1338.0709147459581
-370.4309635964435 -1339.7316526860932
-357.93113561346536 -1344.1600731157191
-344.8843225480829 -1346.534367946303
-332.0636389046347 -1349.7532143756548
-319.21292483887265 -1352.8499948685414
-305.89257511538295 -1353.8736028482422
-293.21495882416326 -1357.6987839435315
-280.2904417202717 -1360.4257672803228
-267.3405763416846 -1363.029719500384
-254.366533819114 -1365.5104051133587
-240.84817108212735 -1364.9132421096933
-227.69301553437577 -1366.1555148213774
-214.69104052851816 -1368.2590241313164
-201.52403992319316 -1369.2494518286414
-188.6300208838778 -1372.0946451398124
-175.31979759375093 -1371.8425451091996
-162.50076719668257 -1375.4339317686217
-149.3056256354343 -1375.922901238878
-136.41115207188503 -1379.2708209740467
-123.28858248965838 -1380.5056774340665
-110.1548632127208 -1381.6156868357375
-97.08117563655408 -1383.5982962323365
-83.85872750633226 -1383.4607742256442
-71.13026620459229 -1386.176210021534
-57.87998214839159 -1387.7935392797092
-44.57313206723466 -1388.2846379247005
-31.28469248408689 -1389.647893538567
-17.974209396168266 -1390.8838656755577
-4.642902841772632 -1391.9922569659652
8.71425472384081 -1393.9727622032678
22.124794332126644 -1396.8247898271854
35.590812821643695 -1399.5475318983256
49.041052587452 -1400.1414125584297
62.595113489238706 -1402.6039539967328
76.20088388497777 -1404.9350252930376
89.85708611756954 -1407.1338614625333
103.48914002437334 -1408.2023994785038
117.14992598219594 -1409.138706743366
131.02295946252954 -1411.9337746840963
145.06225701122435 -1415.5867834897333
159.29506213158282 -1420.0936881700782
173.50655444293247 -1423.4646028494499
187.53625138181678 -1424.7102001521769
201.32573244308594 -1423.8370515814845
215.41467448820185 -1424.8078881081274
230.49446226185302 -1431.5628881982864
245.21817358539775 -1435.2017444747764
259.49916096872295 -1435.737157510569
273.43832849111493 -1434.1657786016178
287.9612842699494 -1435.4003966704208
303.56339514410047 -1441.3806801565597
319.0910049686599 -1446.216418987176
333.61503175425116 -1446.0141806315767
348.1644449347617 -1445.6661161150832
363.9550216897575 -1450.0212902529424
379.3554495032227 -1452.2707884317608
394.5703181792836 -1453.3926737161912
409.8414410447913 -1454.3558688307098
426.56943596922605 -1459.9587378747717
442.8629796538522 -1463.459388316639
458.0674142795692 -1462.9638560043886
474.8426365427598 -1467.0679842874085
491.4213456485664 -1470.035734613602
506.6594183992552 -1470.1432698030924
524.0579003125308 -1474.6485402020446
540.9010264213417 -1477.076531401247
557.4855687255422 -1478.3808171992623
574.5062015696467 -1480.4346065794384
591.2462881518156 -1481.368565464618
607.6771026250565 -1481.1919318390903
626.100505634222 -1485.443420950314
643.4689889350384 -1486.7238009391388
662.5429476823433 -1491.4626520554887
681.3514519266209 -1495.061603733266
698.1721976319594 -1493.9064838381819
716.7612088330898 -1496.1732418112977
735.4571997810351 -1498.220179843483
755.1561181044007 -1501.832293330215
774.0755678175911 -1503.425427252005
794.0268024523681 -1506.5624570482526
814.108517081669 -1509.4543127948873
834.8009391733646 -1512.9743527090168
853.6689330369135 -1512.7519138205107
874.6078649872986 -1515.7707882468112
895.6822258318764 -1518.5263745911218
917.4051500580047 -1521.8727905600554
938.7491161786598 -1524.0899241428585
960.7515402783183 -1526.8832561308802
983.9740740070646 -1531.076425813532
1005.7181142795923 -1532.4555701911559
1029.8046776924573 -1536.8807129386244
1053.5026766828385 -1540.158469191432
1076.2120625410196 -1541.4822725030622
1101.3637015887368 -1545.7690632247613
1124.9309390191293 -1547.2877503675716
1149.2231300518652 -1549.2989373758032
1175.466303409533 -1553.3779223192041
1200.6697742734698 -1555.511842817693
1226.6394409816567 -1558.0900750047183
1253.393544150995 -1561.092125238164
1281.583450000791 -1565.2708585685962
1309.9669961504542 -1569.0514551781137
1339.8355351654898 -1573.953537658531
1369.4419408260562 -1578.8377911319974
1398.83403502708 -1582.3423594310614
1428.4125716760316 -1585.4316526037526
1460.2013165920819 -1590.312269657362
1493.5739666322545 -1596.1932233280509
1526.4954794472492 -1600.8608781612202
1558.939201528163 -1604.3308779484155
1594.3968841449437 -1610.1722193072685
1630.1013788520963 -1615.485838583704
1666.045870416789 -1620.267619150356
1704.3937687829016 -1626.5847290977551
1741.5469158036342 -1630.953812974129
1781.1408498721376 -1636.7951224624173
1821.7401316595322 -1642.7026184617562
1864.1046584429969 -1649.313439698809
1904.4878202347284 -1653.3027982125877
1948.1547746439724 -1659.2691083823302
1989.7987884947347 -1662.6333875226032
1109.0311414752764 -909.0687142554434
1115.212563634228 -896.695008301247
1111.051920223483 -876.23548807824
2182.3626561065034 -1688.0089565022356
2235.6227533617207 -1695.7673498010745
2300.453142132423 -1711.024354254802
1104.5086543732764 -805.4499564929743
1076.2576585190175 -769.4143568189781
1100.6599724264543 -771.2869926935091
1142.5023237799323 -784.6556188274285
1074.3525025198242 -723.0433599234498
1095.3123162098232 -722.242985399701
1067.6316161291322 -689.6402919214461
1069.0141473671597 -676.3384897585414
1099.1436893126865 -680.9788177646174
1318.4083334441477 -799.7271199009228
1300.092316393684 -771.9481646160608
1244.1932410395302 -722.9828344791803
1224.8730063647201 -696.3958057592337
1220.89536092244 -678.9871262977414
1221.9701928732409 -664.5824611960013
1228.1801016667673 -653.0349438351741
1229.7458888020194 -639.3129507326843
1231.2594134008098 -625.4288583938975
1233.5166570167164 -612.0176932591937
1233.830892577101 -597.7477131051146
1237.6022679951682 -585.2363849362201
1240.339560121597 -572.2881927817165
1244.766792457073 -560.1612557077917
1248.1599503306786 -547.5999802689165
1245.9101203155496 -532.6659103934593
1245.3366199041564 -518.5920392039303
1242.755517251448 -503.82509300459253
1230.7049576334261 -485.4835808310173
1170.8041006378378 -449.1478130077264
1240.5749582009937 -462.54704959020387
1247.7004281788254 -451.85466858534926
1247.187027182385 -438.4159203632608
1251.2640248603952 -426.64076234012623
1254.2803585639167 -414.51391064808973
1254.322112234401 -401.4536570512602
1252.318958746324 -387.8378856745729
1235.801296645679 -369.9934529270191
1093.21561250951 -316.1069827850323
1004.6405091373057 -280.26139120530877
970.540501584349 -260.9140371547687
959.4030735401976 -248.2473413384766
952.9664641890203 -237.02092340356114
946.4042358013008 -225.93809430318686
942.6429604003815 -215.66930520499406
939.7495781473729 -205.70544565430166
936.7525468907779 -195.8153872749559
934.6337296455268 -186.19557301099383
933.3996663700674 -176.81929425333365
931.0879105153704 -167.3060157081076
927.6942344067149 -157.68451873452582
925.1897363739909 -148.30020805186143
922.5911035125001 -138.97717697372914
922.8698802358359 -130.1352533078324
924.0555064835943 -121.43072484897752
926.151693197068 -112.83634692865633
927.174118364335 -104.10165337456547
929.0942342396603 -95.60284463664918
931.9417742156646 -87.06623611802277
938.6967143430741 -78.81927734708788
940.3922438664699 -70.08157871927318
946.9957998244456 -61.64377596204201
951.526372577999 -52.976997730665815
956.9762606146326 -44.27681808841834
966.3435008996836 -35.62637041494858
967.634887594103 -26.584286914407205
965.8420724452335 -17.466857035435122
966.963415251503 -8.411513844095733
960.9997743625933 0.6585400858565641
955.9515364989738 9.625999441669283
854.8382284123155 16.631393353951516
811.6624028093452 23.4124724401401
810.407698522558 30.989710798436302
813.0778171161179 38.73581435427387
812.6785289382158 46.36387174101867
812.2076781450245 53.987846431102284
811.6653061985897 61.6070670747241
806.0695722787317 68.79567316614192
802.4019092395699 76.07349110362297
801.6527216689091 83.5997239279571
801.8265316489156 91.23164551771747
800.9351282613032 98.75181171527855
803.9383670932672 106.78998977156591
812.8010083554781 115.73902028407683
820.5769719601084 124.71340380560365
822.3321370799656 132.8866295964225
825.9772136452241 141.44130421794046
829.533718148668 150.07601558692286
841.8412770625345 160.475120295082
857.9475514477547 171.90403998976385
873.911908819507 183.6490556018348
894.6130973508116 196.782636552078
929.7616708253687 213.680217764815
986.0624943534444 236.3826500178541
1034.252239442004 258.2214267042904
0 0
0 0
0 0
0 0
2501.597102141353 751.3693755790059
2458.0291140015456 763.9167982972853
2415.4047192756475 776.0084033700483
2363.285375787611 784.2080288982065
2297.98851537437 786.9496700599719
2224.3732165942283 785.5219877878953
2191.4078055151163 797.4683880427003
2145.3094653692583 803.9454569789344
2077.831001891244 801.3409558855891
2048.714095168872 812.6417145682277
1928.826086941883 786.4597423469705
1865.8969005794277 781.6378678186497
1851.008141438321 796.2373140773121
1845.1593387235032 814.6631295949542
1835.483635725711 831.3993162031861
1826.563635927975 848.4463942439595
1831.0286234189587 871.84756707837
1938.566501330368 945.837681592215
1928.5627654967334 963.8369465524715
1921.9529394158822 983.553709093027
1902.7407304931785 996.7355278720057
2013.0117883408172 1079.0919979320133
1971.939984184321 1081.4128253239553
1917.927099583357 1075.7121551250468
1234.4186024339547 707.9122219350378
1208.6314264331895 708.5273989325141
1188.9513402340679 712.3136321562389
1175.2803681281332 719.4442690664787
1163.2778954144953 727.4397143681549
1151.2302837332259 735.2719454837891
1139.9771544216505 743.48711313426
1130.3371338727432 752.663247268227
1123.9341263502222 763.971910233199
1116.5965219330415 774.656831898509
1114.0542843170656 788.7382655829441
1110.5339605395495 802.2557712402836
1102.0268414960797 812.2178529324352
1102.2229965881556 828.7010714318081
1100.8414419236435 843.7518116978908
1107.3365408780705 864.772100172172
1118.2350810456644 889.714169561661
1416.9843298392384 1148.5344613854843
1397.2645319150229 1153.6879248099513
1376.0378283478428 1157.2916205329373
1347.2669249633525 1154.1004431589968
974.3075388904393 850.0434222210386
959.0889381025303 852.1956399849513
944.6534444455774 854.8133538364422
929.514443863681 856.5622561430031
934.1104391255861 876.5835313970966
970.9526625599134 927.8469308392494
1044.9229720347942 1016.8087246448924
1039.9275775738683 1030.4594283140634
1038.2898637165765 1047.654121789922
1032.9379762073322 1061.3199976014307
1117.9360771670613 1169.676419941995
1381.0333595009804 1471.4179759488586
1364.931535572064 1480.931430958533
1344.0737137826343 1485.0841228423922
1321.9247601314028 1487.4861103726425
1299.8433626267076 1489.6094228472418
1277.8327458336826 1491.4554883318347
1255.8961139251014 1493.0257703830262
1205.3825485163125 1459.6238939303234
1173.843123174115 1447.9600554493345
353.68155538006715 444.4472492703004
359.4883758442913 460.2435307886832
347.39367484344496 453.16512959269807
342.07039764933927 454.6964295571529
333.18452409707334 451.3414150088675
323.2147471930889 446.2434617973777
88.62269385160607 124.71975839651272
81.19877791620982 116.49359838598015
71.10992770849802 104.01623998824503
59.58405032549978 88.8748611633701
51.635170958954674 78.54813250510495
50.379519502068185 78.17227139299926
841.7033181629097 1332.4081672646514
829.8393575989984 1341.0054588180026
818.2649537173406 1350.4382494279248
811.1780987418667 1367.512373663043
794.8049162389857 1369.0048009858617
783.4149430050312 1379.0058111104622
40.80566530763116 73.42273271134484
39.63783592171071 72.92353504489165
39.890912760177514 75.05807804067399
38.72434939313692 74.54142984997173
37.5710230559468 74.00958199131728
36.87539738841785 74.3586247011486
37.91997659482273 78.3011837397628
35.901883904733204 75.94112675020735
35.18821988630207 76.2744333393127
34.88183643601642 77.5129504460448
34.555284197408206 78.75234811760441
33.81531908617378 79.07290430419418
34.22606841041306 82.15580467115957
33.078314266123655 81.54645991894166
31.945029974191055 80.92289577090055
30.82638051631014 80.28533031795818
30.42188165488772 81.50772427553112
29.315385047505078 80.8492931293559
28.223941272682374 80.17736051427595
27.47089243488903 80.4384862415421
26.40112902175741 79.74321529996466
25.652231218718182 79.98726794622642
25.790402114791057 83.08944071756278
25.010154235279156 83.3276195815502
24.227707299627266 83.55847173688367
23.982052636846387 85.70799934267238
22.916911082715234 84.96361095449583
20.862442165227506 80.33528805514135
20.108236106148848 80.52737944761006
19.352261999594045 80.71239034683006
18.146523994883626 78.9411405219301
17.19062715604558 78.13118671812062
17.07439683910281 81.22478053267264
15.918956067653431 79.42031753724055
14.611563630184932 76.61920260796936
294.762473213196 1627.5229904321598
278.42924172906805 1624.3094401468509
262.82130857431883 1624.8818294753876
247.67840950071476 1628.270372348277
232.21285301817645 1629.537723065397
216.87713842622054 1631.649566183883
201.39980915434344 1632.6246099065745
186.149517856503 1635.4401111021436
170.86407239994426 1638.1130817995768
155.54480563123036 1640.6431097106838
140.10803802987698 1642.0334155185205
124.73452013561612 1644.2756154266042
109.46373625309116 1648.3694035153387
94.07009113038029 1651.3227479674354
78.67804933011882 1655.1310415050548
63.18459732001933 1657.7963405260332
47.61927837438963 1659.3168486841512
32.030945594931886 1660.6911267674957
16.44073405316423 1663.918778746064
0.7916913880799 1664.9998117791922
-14.876230862647992 1665.933581435743
-30.56164609449013 1666.7198282218867
-46.318635912211974 1669.3575362897045
-62.16507138167919 1672.845331732767
-78.12772688046495 1677.1812836698634
-94.06556810423623 1679.367639588553
-109.92080458374187 1679.4065668323626
-126.00917046243542 1682.2873384054724
-142.07734922451166 1684.0172287828102
-158.18918990196727 1685.5934207863293
-174.54881369037855 1689.0046511597536
-190.98654788959826 1692.2568181352422
-207.5008434906585 1695.3487546669166
-223.95931908708747 1697.2879023294922
-240.3324412160824 1698.0769469311804
-256.8896186730086 1699.6966564119716
-274.1334026322798 1705.1040664901507
-290.6614456612715 1705.4078468231874
-307.3966817460953 1706.5354611174916
-324.1787745831804 1707.498791246936
-340.7791478022735 1708.3423463764973
-359.0539026736351 1715.8348682127987
-376.2151479554207 1717.2728852599057
-367.5481243146537 1605.4648474235678
-354.02965065879204 1482.3086744853158
-376.620162417994 1513.8550965202198
-384.05048151484885 1484.1139537273452
-387.0622215172233 1439.88327189191
-389.54700589436965 1396.6936422131848
-396.80967141646124 1372.8011817704557
-399.9316460330276 1336.4429200311224
-410.3899253185492 1325.9427247045915
-405.4552662067029 1267.7409148186593
-396.0165115313826 1199.3081016129736
-349.21590311341987 1025.1523072269206
-336.9565422204386 959.5568188777805
-341.867345031688 945.0670443947268
-344.7912665032626 925.884972630551
-343.4503331438096 896.460745745962
-335.3575518499891 851.3285572663365
-410.5004268741883 1014.0638044699698
-451.482589671948 1085.88188640529
-467.9372324204993 1096.311427704119
-481.01628727358514 1098.2824460845834
-493.76357362705346 1099.1917636877752
-507.4067187016748 1101.7746692570126
-528.8242507587647 1120.4757524415381
