-536.1442165507095 1109.221970148097
-549.5103757758218 1110.477080769664
-551.4118604266808 1088.2761415104103
-554.7845972213818 1069.6911005920865
-556.4491074941955 1048.4910065274348
-569.2137449230476 1048.4487171963538
-584.4543407815233 1052.629623154144
-600.3183321066147 1057.484704445758
-861.7523945588223 1485.083098844013
-872.2036831911962 1470.8367465588124
-875.7264212099133 1445.4076363416923
-882.5305500833509 1425.9974853307342
-891.7176655738749 1410.8155814646643
-902.3235834169027 1398.108776458284
-907.2671455108899 1376.9776057280385
-910.2179829683703 1353.3899007606758
-817.1664975255338 1190.535558192972
-753.8224340832245 1076.2656446588094
-753.5129615083371 1054.4354967654187
-768.7641004682241 1054.5267933207206
-815.7099537507889 1096.9531764628268
-983.7776874930873 1297.1374104507022
-989.284688264423 1279.064034974623
-992.0611940495368 1257.8627060458575
-995.7790960295192 1238.2830823000988
-1000.4839482738436 1220.2933537663725
-1010.0685507188521 1208.4645310677172
-1020.1675738177977 1197.3249856787875
-1049.1623916467165 1207.9976307733975
-1098.334517203383 1240.6894407222185
-1102.6628287029914 1222.0682003050065
-1106.0607501766758 1202.7408768802236
-1107.82458630182 1182.0002901798293
-1109.9864152798875 1162.0581559862248
-1113.963346266533 1144.3315355152404
-1114.1833011799276 1123.0848460253565
-1119.078585744368 1106.860026800311
-1120.1790139310751 1087.1614308594674
-1123.9042512902063 1070.300534397606
-1123.0272460146925 1049.370670787332
-911.047035444817 835.2779772071153
-874.8962025657913 787.3281620366173
-880.7901783138639 777.710525700811
-874.487502245959 757.5754803421397
-870.1702985656583 739.572614077991
-868.664354077007 724.2811884592725
-868.496131167911 710.3509485784973
-869.7029459017782 697.7404860618084
-871.5354355253181 685.7893150404823
-877.1786004259621 676.9207508673009
-878.7450187392797 664.9896179948248
-876.1494255268676 650.1101323229317
-879.0126229554152 639.4574330516779
-885.8239475744207 631.7119073625809
-891.7476765292046 623.3218120720348
-898.4169338118777 615.4413156752349
-903.3562208567902 606.3757401474255
-907.3689723689656 596.7223374251104
-915.4834418323406 589.7550913140228
-918.4725707509266 579.4860971396846
-927.3048002783976 572.892491991858
-933.5271028310613 564.6309841656278
-941.3970072176194 557.3218771963913
-950.0771564016557 550.4156582835773
-960.4504463321882 544.3812452135915
-972.5431849557987 539.16950339947
-986.380745972213 534.7307957985033
-994.9188656103873 527.2688601202807
-1012.2833685679188 524.2922674623258
-1024.3256069780425 518.3252365928798
-1046.2061722063129 517.0509116493412
-1067.2518049282153 514.9743536113879
-1103.7298591672054 519.7888013248657
-1154.0212620030993 530.2215827791002
-1672.7568291148336 749.5155706519294
-1739.3234020688046 759.709222673912
-1750.0979070237324 744.8230097352998
-1756.1270763197501 727.8864553051163
-1746.2273307076287 704.5417727074175
-1746.2842332485286 685.4687277386173
-1751.742811750641 668.5971294284459
-1796.305382737049 666.5905579513584
-1850.4971260727832 666.8953339140778
-1930.3365236813934 675.1488023699911
-1979.2389395515158 671.3517857003068
-1948.4383625109328 640.4599499544948
-1857.2015541342462 591.1035335043608
-1838.8056654534364 566.1887712559698
-1824.8993021824347 543.1008533357897
-1822.255881471062 523.6406233707647
-1827.1177223781633 506.4156677785879
-1829.8844513876572 488.62960877303874
-1834.415457471153 471.33420138040105
-1847.5206146982619 456.1541167905384
-1925.6972778346988 456.21375926207133
-1937.7196064543707 439.78600109862396
-1949.6026925298322 423.1717633307172
-1963.3024917578284 406.77798103818526
-1034.052797744607 204.0853044110497
-1018.2417782222388 190.99654730599983
-1019.9993681480377 181.37609814306828
-1026.5968859879313 172.56834495318805
-1889.4415174298306 299.29876747567755
-1884.2696921247707 280.27259470026974
-1881.8791251997154 261.78418236699076
-626.7665252326991 81.16478822573468
-613.6043518444163 73.57784583414902
-608.3077667016546 67.1242204457186
-607.9193406242789 61.2786691675172
-607.4748489561218 55.44644159670645
-609.9645309197753 49.87254775744327
-2048.6573771730014 148.05050136571393
-2041.9793779002925 128.20382299266495
-1129.3961512025721 60.21074363281718
-1117.9257247955913 49.02115706765568
-1115.3404352979007 38.36291685325
-1115.6528769320664 27.832682105820616
-1114.866022110118 17.284465405739134
-1108.9796200089743 6.723273365774199
-1094.993754840346 -3.6982239846272535
-1074.9116995277889 -13.778179062589013
-1064.740183470169 -23.52321627478576
-1062.4763605070677 -33.36140530096606
-1062.1201560816194 -43.240883954383214
-1063.6695904986998 -53.21655990693285
-1064.1269264625232 -63.165531561316854
-1065.488772662856 -73.19614285876584
-1067.7528834203986 -83.33534632690373
-1070.916503872854 -93.61005145145126
-1078.9577646353996 -104.43247642846309
-1082.9119412678917 -114.99011896422194
-1084.7758679101883 -125.4006236017104
-1086.5395645613573 -135.8557125880832
-1093.1577476296068 -147.0208787804136
-1098.67175554276 -158.1782967811644
-1101.10690676795 -168.99579837355984
-1101.4615913012108 -179.55044663883285
-1107.6276285093809 -191.14663628399262
-1112.6887528147572 -202.69370823866262
-1116.6482065487908 -214.16298188848825
-1117.5491421076392 -225.130884097406
-1122.2561106278872 -236.9603809888209
-1127.815581052884 -249.11245479571198
-1130.3221666688048 -260.71401868165543
-1132.710088917232 -272.3836530798358
-1139.8286340300979 -285.33433905697586
-1141.9645950521167 -297.1815331534836
-1143.0129833316744 -308.8321873367894
-1147.7947666149075 -321.60717300991644
-1151.4767663988887 -334.2188750557923
-1153.1074215711274 -346.3513740662598
-1159.3866603796291 -360.02579315067214
-1165.5104640236837 -373.84670421350216
-1167.6793221657515 -386.5553008128735
-1170.6584843523597 -399.65949633886584
-1176.3243010212443 -413.84796583634596
-1178.0658645123035 -426.8135645347733
-1182.478485986271 -440.8952598742887
-1187.6640504793443 -455.45373332425066
-1191.749967472529 -469.7797516168892
-1197.5251744459172 -484.9716038782845
-1203.1340019130184 -500.2774964364923
-1213.1526241538868 -517.7081325501252
-1223.8660723989697 -535.7684544938417
-1231.610462670573 -552.8432582933222
-1242.7760233432566 -571.7794643069316
-1251.8856125919847 -590.1172874820659
-1248.152946107 -602.5862785729663
-1286.4304619058448 -635.8629307332786
-1336.6862043950864 -676.2203716096234
-1304.5948247399954 -675.2727917379916
-1182.4932977140431 -626.0619784505104
-1149.3675529055854 -622.2565614984114
-1125.1661467760143 -622.7336044804524
-1094.963772275051 -619.3693061535987
-1077.0440784321515 -622.504661118483
-1056.57829827236 -623.8359556965949
-1036.1819294039108 -624.8415872657555
-1019.2653144570459 -627.6202822923901
-1007.4670644941963 -633.3325461078459
-1000.7009240767183 -642.1204408457983
-988.8390354164801 -647.5502776129474
-977.794558180731 -653.371105874869
-969.2064642565128 -660.732797463081
-957.2821923491293 -665.7077468463505
-950.2435550459437 -673.9897522170842
-940.7029655786257 -680.4402475982581
-931.9295727517786 -687.3654569664434
-921.5104342287686 -692.9845017080153
-916.6229352132907 -702.7285355249005
-907.6941519542612 -709.3626198976336
-901.8501140109129 -718.3838610788132
-895.1403805421468 -726.72738982569
-888.3534590799181 -735.008252838527
-882.2544534512679 -743.8703377372999
-879.8598991178762 -755.9408428734887
-875.8120262048085 -766.7133067548964
-869.4008991972353 -775.4786112298899
-866.6027091936925 -787.5536454224261
-863.654849339018 -799.6432337068813
-864.193991395228 -815.176511705523
-883.2771606878242 -848.7911742043831
-914.4085439500299 -895.6880119501357
-956.7501032797674 -955.266057114014
-946.166907931847 -962.9476529566327
-918.1741975227532 -952.5151668101923
-865.0470139630451 -914.7538814531587
-819.531378709577 -883.3987317799249
-824.5049495198332 -905.9892870323011
-826.4562538782861 -925.770522551604
-843.255842371425 -962.9743424964438
-926.5283561160453 -1078.7164619643563
-965.7770217629694 -1146.4186601039994
-959.8621384516075 -1161.7717827383772
-970.1092763501554 -1197.3174148651551
-995.936108235078 -1253.5199513025577
-982.0562111116315 -1260.6227025629305
-959.6340215068527 -1256.4487831848082
-946.3727303534966 -1263.9697999727953
-930.6888125989404 -1268.1274912654383
-913.2604953719123 -1269.665809413268
-897.6167918323965 -1273.4394744237027
-881.9847757591624 -1277.0304833202142
-864.1249366073849 -1277.1264987984875
-848.0018099564628 -1279.4990935168978
-833.5460529177991 -1284.1970166859746
-816.932624804636 -1285.359905446645
-799.8453142819506 -1285.4740266614522
-784.9116211588674 -1288.7958515489406
-770.4997635843908 -1292.8090014833583
-755.0756994088705 -1294.9369437012
-738.6908382735545 -1295.151282843326
-724.3197362708295 -1298.6646678987443
-709.9491895649672 -1302.0219461422478
-694.6402569136292 -1303.4584433248983
-678.9072212523256 -1303.8347230118723
-663.2308442661332 -1304.0298490502555
-649.8370928222351 -1308.5231189368974
-635.9819470033096 -1311.979787605693
-621.692678565689 -1314.3873909231704
-606.9967930387099 -1315.7339751031443
-591.48754785106 -1314.010456859891
-578.1983018612838 -1317.7282435027064
-565.2849086523624 -1322.2318147926596
-551.1850237262398 -1323.8395180760788
-536.3544145521374 -1323.4454813064397
-521.2142403270457 -1321.9594228569576
-507.9404815806789 -1324.9745156687309
-493.6092089484651 -1325.0456402861262
-480.68315559397547 -1328.725970216665
-467.069209493544 -1330.393307839105
-453.14465647305656 -1330.9755521082704
-439.56447293944626 -1332.3633416337552
-425.0859419198136 -1330.7557784891053
-411.85853510736933 -1332.8156463139273
-398.9165032570733 -1335.702670293486
-385.67970857679154 -1337.5033317312227
-372.71262729683286 -1340.1366711845073
-359.9891062099281 -1343.610376340618
-346.983591978986 -1345.9949431173063
-333.9652453829284 -1348.2537650147026
-321.16650227334895 -1351.3597144422733
-308.33888483212394 -1354.34417047532
-295.27081518563733 -1356.229754023856
-282.6016424919643 -1359.9475400399988
-269.6943314883634 -1362.565949803181
-256.5779193270168 -1364.079092763253
-243.45707621468952 -1365.4660933326006
-230.16682873903844 -1365.7409091581808
-217.20694384234417 -1367.8618875992813
-204.2275310519023 -1369.8598890253136
-191.2297572760475 -1371.7347338068478
-178.21479107385554 -1373.4862533867974
-165.06453626664876 -1374.1214279921103
-152.1379632499466 -1376.6186981652393
-139.07844605384793 -1377.9993417426754
-126.09740444014972 -1380.2519496792813
-113.0046084447705 -1381.385521304695
-99.90165282029196 -1382.3949000787634
-86.85233442452852 -1384.2780327683488
-73.72312849365062 -1385.0393136388254
-61.0096490908481 -1388.6604418351562
-47.71377227836359 -1389.180836297049
-34.43828106645745 -1390.5736243713195
-21.125307591337844 -1390.83957427849
-7.810398264025921 -1390.9780723213996
5.513142276944864 -1392.9890901447268
18.86093760049264 -1393.8723991215375
32.29545154906565 -1397.6269186765264
45.80356635936545 -1401.2515952921385
59.299551454839126 -1402.7471487040189
72.9319552705465 -1406.1098569814576
86.4500868889383 -1406.3453994225229
99.97940562809895 -1406.450894432597
113.67956484468752 -1408.4196663412233
127.5165467316111 -1411.250697186593
141.61715373141396 -1415.9355853177126
155.81908425705663 -1420.4792898811627
169.88381988987675 -1422.8944049857053
183.75292699365247 -1423.1865168772733
197.78070948899074 -1424.3338060138963
211.9942717966422 -1426.331808775718
226.8900599250614 -1432.1385759441027
241.58448460456273 -1435.8178633790387
256.01933871923734 -1437.3775071990533
269.95181038725696 -1435.843661429977
284.2667026020127 -1436.1366375772811
299.6296517595201 -1441.1821785556706
315.32801436859927 -1447.0415485929755
329.8322834585624 -1446.8817037990736
344.3623267884555 -1446.5765060614115
360.1211065250547 -1450.978217836219
375.74537410495736 -1454.2418690983718
390.68670434815476 -1454.4414388505222
405.66619234517253 -1454.4878618909715
422.62730218169213 -1461.1047749735899
438.3167659609227 -1462.7396940937774
453.1874979570857 -1461.3422226485472
469.2928812958234 -1463.6028120924968
487.0550363387494 -1470.434762774962
502.40261237300155 -1469.489916631204
517.9996064601949 -1470.4276274972133
535.9089209064865 -1475.7037739644245
551.8654560174987 -1475.1506765258246
569.6580191312142 -1479.0925397822482
586.8408052168694 -1480.9682202304061
603.7351223316374 -1481.723287953322
620.3120733451412 -1481.36725077283
638.913692523967 -1485.4219244057863
656.8428540664543 -1487.4251124214068
676.5207728720692 -1492.8632368280018
694.678028840341 -1494.4318105040786
713.7885897590627 -1497.5936862613198
731.2685320575928 -1496.9309716958674
751.0396777493589 -1500.541036575188
770.947937792758 -1503.9080015789175
790.5257109812584 -1506.1441167025073
810.6910733938514 -1509.0225258489434
830.9849212526917 -1511.6511041409847
850.9141441725866 -1513.1560128575752
870.9491531683034 -1514.4162481284382
891.5939496252582 -1516.291933959827
913.3856621385845 -1519.623516598654
934.2770453417478 -1520.970546245881
956.3419417099883 -1523.749024782746
978.5465984479255 -1526.2422988064493
1002.5310499028782 -1530.9577048307483
1026.1406851537906 -1534.5198904778358
1049.3475436988776 -1536.94200688677
1073.267536668452 -1539.8784999907077
1097.920561449085 -1543.3102218113265
1121.563616132735 -1544.7899711505327
1145.931762582007 -1546.759643740971
1171.0443013206886 -1549.199549555944
1196.9201631426013 -1552.0895989158257
1222.959621602177 -1554.6233511467206
1249.7840294717532 -1557.577888799577
1277.4113436109133 -1560.9321763658284
1305.8591280113715 -1564.6648004570757
1335.144547505685 -1568.7539760159461
1365.9398029291401 -1573.9327986842075
1395.7100433824912 -1578.4303832609294
1424.5069625719211 -1580.8744142354
1456.1765908904533 -1585.862142855632
1488.7467471871403 -1591.1235410048175
1522.2320901549724 -1596.635670308798
1558.7372599295174 -1604.5270812633298
1593.4118882440307 -1609.7402133271667
1628.3196040777023 -1614.4424012569277
1664.1705549179142 -1619.3271331464193
1701.7008667707323 -1625.0609711736165
1738.0237644835972 -1628.8638353436008
1777.509859536277 -1634.8344562221964
1818.7432965305609 -1641.545863302378
1858.7594140819283 -1646.2996205313927
1902.7963174386985 -1653.7252414901718
1943.328909465717 -1657.2232045306348
1994.0625120196125 -1668.4467921267474
1102.1990345617783 -904.7835587647933
1116.8653323929623 -899.426389038457
1111.9101997100836 -878.3761766923567
2176.9576735568958 -1686.8228382203472
2257.1695461635154 -1715.3456327725883
2298.011153084801 -1712.629773272047
1116.6152511129492 -816.002071677496
1074.6317751969634 -769.9678874713044
1089.987463924919 -765.6052040618084
1234.6701217528368 -850.0533456500449
1068.5084512913268 -720.9789799425573
1080.2268725360561 -714.2372881969767
1075.126633027872 -696.4651627713704
1070.63346366749 -679.3879499044366
1095.642259952399 -680.9317426926136
1270.265785529165 -773.04193554682
1307.5265657543557 -779.0110909650907
1266.3983429307889 -738.5060846209407
1222.0241290619706 -697.3564569073211
1221.5242571628082 -681.967366640699
1222.599193590901 -667.6078278681871
1227.041219419061 -655.1723787268384
1228.698169699418 -641.3242610234701
1231.0286315652877 -628.0863859904108
1233.3270168371607 -614.6449947242309
1232.784069379325 -599.9036908409145
1236.5896323036877 -587.3730341776259
1241.175918298551 -575.2445913137718
1245.643493605269 -563.0819539275436
1245.4167480157628 -548.8698604968595
1246.8708286525166 -535.501761580097
1244.4936898528438 -520.611617154721
1244.7255627067404 -506.9460262635347
1236.4438074980894 -490.0068478089137
1161.7044450167623 -447.7362867004373
1243.6077372299303 -465.8581285132339
1246.0736360280155 -453.40544063334835
1248.4154110982074 -440.9477988747577
1250.6331894772516 -428.4864354655316
1253.6761460804805 -416.33774840721975
1256.6012665237658 -404.16983679001544
1258.4536387456021 -391.68665936939124
1248.6914478656743 -375.7468137285077
1139.8343270999683 -331.28040504165415
1016.7785265377238 -285.12703830358714
966.331536332883 -261.1596482776961
960.045433332014 -249.75341026369495
952.6607194268421 -238.24683347556075
948.0622639232377 -227.60260043493608
944.3228608657305 -217.29089821334506
939.4971552504511 -206.85525199111967
937.494956129312 -197.14767873880615
934.413043573933 -187.2999305896807
933.1937935791614 -177.90262399788665
930.8966140019699 -168.3671406173651
927.5172362729645 -158.7223248839358
926.0135927723409 -149.47516850922534
924.41827693739 -140.27062865798675
922.731960143945 -131.10960959789773
923.9293441418931 -122.38695614129506
925.044274125977 -113.65338053372736
926.0766505967568 -104.90966218367222
928.0210449214768 -96.25975370241905
934.8471313801989 -88.21474338347974
939.6155153099421 -79.82282498654102
940.3197103505955 -71.04816905573412
943.9354172337678 -62.46541516481476
950.4677379728047 -53.99147222348866
957.9224629138943 -45.44837780360075
966.2991818274548 -36.80884675714872
968.5998589510556 -27.84444720218617
966.817956825739 -18.76268529031601
966.9509788645479 -9.736758849471244
963.9997401688653 -0.7077812941295841
959.9644929692524 8.256648126577948
874.8592635062613 15.692962030223104
814.6969631207252 22.222922442107482
813.4546882466772 29.790437551355254
812.142210990703 37.33669946757908
812.7567652257713 44.97155300565427
813.299463173099 52.62112885855948
812.7728163138503 60.21087162009978
806.1961382445667 67.29626051681933
802.5456679186578 74.54160519465174
801.8148650628009 82.03000770646314
803.0018191350266 89.73337431434324
801.1364492495709 97.10504458466524
804.1613518169365 105.09767002154292
812.058074544932 113.84938983752878
819.860704274616 122.75758871178084
821.6417079898843 130.87743767153188
823.3423021296261 139.04119362220513
827.9151465042731 147.77520153533186
836.3271946188446 157.34619010631704
852.4797593784178 168.63943741045497
868.492822469206 180.24765551726978
891.2022823375036 193.65560140730372
922.5115090998619 209.49586052782854
970.1418110452007 229.85618647741052
1038.8271182351327 256.3946536480227
0 0
0 0
0 0
2605.9804576887827 747.2528716198848
2524.8710869326433 750.3212607753916
2450.6406373134787 753.960520682474
2427.084195238967 772.3155502909513
2340.7053029922704 769.6718031368071
2303.8481915899893 782.1588777911662
2249.038011439055 787.7290289828487
2190.5755585314855 790.9612647686807
2145.3849088909838 798.02543361902
2088.1239316472274 799.6464506781261
2056.1548535621373 810.1402459900786
1964.862513721145 796.062373293339
1871.2686648383817 779.1550449005513
1850.8244225046224 791.5920395383159
1843.1337369405444 809.3374004403748
1834.3612064736385 826.5972200440656
1825.4272454252648 843.7632201388788
1828.080272781079 866.4014752230378
1947.3997361295537 945.9700141772701
1931.0593795009372 961.0716273210104
1926.1913581128993 981.8507279272062
1901.5983309710693 992.4458613184115
2014.579134317859 1076.1630506438628
1971.6803823569362 1077.7223528482677
1918.4667395881024 1072.7019013193722
1237.9030443323916 707.8644311113512
1209.4629283501538 707.1070816691564
1188.8791932669822 710.4866387321085
1173.4639997566562 716.6639667759991
1158.0406381357393 722.611154374308
1150.2014084664306 733.1662294199314
1141.4282821748966 743.0918359471219
1131.737988279639 752.3630279889858
1123.6299707073622 762.63994711015
1117.8949697790642 774.5391123388572
1114.4843085821647 788.1305259435994
1108.4826386140246 799.9720244429111
1103.161385513114 812.3638085936539
1108.097532107315 832.5358006342301
1103.2224976740192 845.5767975919742
1104.7910765566244 863.1573884065727
1115.7012190034839 888.080396087055
1121.5884970335076 909.4917500022292
1399.3354372509746 1155.8915753882904
1375.7950270490821 1157.5802536096644
1350.06205369065 1156.985933874991
1002.0045129866122 874.5781588597224
963.3945285810532 856.3830815120593
945.9567959646978 856.3537470976601
926.393805221904 854.045969281795
931.7393515552553 874.7261175724619
952.6873020059414 910.7748923837548
1046.1427200611604 1018.4230011459074
1039.0012045368667 1029.9735418790817
1033.8474111637586 1043.60937636167
1027.834148677204 1056.519267601404
1102.4934059978368 1154.0035917324037
1382.0930711706674 1473.166230478432
1366.653545276194 1483.424109007269
1344.4330252292687 1486.1076140955865
1321.6126934249955 1487.7633846072192
1300.1881756470361 1490.6356724255702
1278.8207841287388 1493.2425797841279
1254.2957693290616 1491.758399689178
1214.6252699764668 1471.4446824582278
1169.132282930595 1442.7677238590747
356.70088679335606 448.4344738764331
358.7764233267844 459.53071503963696
349.7315193343622 456.4130414263802
342.57601666715334 455.56741850626923
333.6835795776812 452.21595363302396
327.8125431482252 452.79127261321304
315.0098801627182 443.51412085735205
318.40920167524473 457.0170459496378
317.0755209552698 464.0119761503406
315.6409793663395 471.0199275451709
316.8509095885282 482.2183126893071
316.25873074755293 490.95459589044157
841.9576918674782 1333.4302550584296
830.3655715226502 1341.855811042998
819.9615141063316 1352.9180002440842
807.7591931736796 1361.4015152934883
795.4698383174672 1369.7750677856502
790.5054279849264 1391.0791380530327
795.4147865922165 1430.7635434516978
825.9210916772214 1518.9783903409248
823.8575795811936 1549.6075918007814
806.5350264990465 1551.935002192483
787.4302071279811 1550.50787450512
771.9787971639998 1556.0262647941468
755.621147127804 1559.591511266095
739.2646150042135 1562.9871493402215
721.2346248748328 1562.5817149453846
704.5090901009008 1564.711776003875
689.0131140358807 1569.4129248501106
672.7041749050857 1572.1224803002049
656.0203273942906 1573.7415067429238
639.3653691775801 1575.1863142804461
622.006298730673 1574.597461048178
606.8666316728481 1579.4229615153922
590.2915529768458 1580.3559353779083
575.116877267371 1584.877464500719
559.2447437913848 1587.367102009396
543.0530971564937 1588.7524456845817
525.941028314785 1587.126344918761
510.43555308024264 1590.080358394401
494.92094959572665 1592.883314512166
479.3986857426283 1595.5353020564105
463.8702269325579 1598.036424042186
448.8765510550835 1602.3126542322798
433.061296150248 1603.5519679064557
417.5139609828577 1605.6036535784306
401.4810694684892 1605.5646828634585
385.9526215869006 1607.3112871781243
370.8754623203743 1610.8570363159631
355.7657418769935 1614.261359540862
340.62478682141335 1617.5239579687427
325.6508132884104 1621.624971380435
13.70149907384155 71.70264237201806
12.850576554398618 70.84393186589477
12.87056229252588 74.90226048841392
12.324032386668668 76.00735639220945
11.60705802523523 76.12014322108716
11.313301208315682 79.19601767620594
9.905921437526505 74.3429399504321
9.204742882123632 74.43300819175586
8.276006607065808 72.52935760531595
7.695994774280928 73.59872053530714
6.718067227389006 70.68145140507715
6.3924745662517095 74.72707855202039
5.611993542473339 73.7868926604125
5.049118442808739 75.83209348917177
4.277091358832061 74.87794394551847
3.6187349714868535 75.91379820036762
2.788435928729561 72.9467245671207
2.1870654756000754 75.96852469678109
1.3934912695572235 71.98651389032301
0.7446895473084285 74.99630282539353
0.039269906510923526 77.99999011457913
-0.6780961691568811 75.99697484495928
-1.3943950774213651 75.98720722837538
-2.082799438860205 74.97107406525188
-2.789366053734276 74.94811163076942
-3.5422939733886296 75.91740349489103
-4.0896479019239145 72.88535367299997
-4.972758989738176 75.83713910762971
-5.462859467468871 72.79531005798853
-6.3172270944246645 74.73347738354924
-5.804329286883891 61.72770659541323
-175.20030617959492 1691.953265523187
-191.3652027624768 1692.2140405905145
-207.79402245117186 1694.3053574351825
-224.27922556756803 1696.236961329051
-240.9596769991456 1698.998067703571
-257.71204359572863 1701.5949878233992
-274.69376640838226 1705.013881086127
-291.25768153037666 1705.306120011756
-308.3843889376865 1708.3896126643738
-325.2211900282075 1709.3364728913486
-342.29933350769875 1711.097941755581
-359.99698889879727 1716.6590133115544
-377.18454827785234 1718.0840539800236
-370.7289730442645 1616.021048299045
-357.73555975459004 1494.7890383887186
-376.6037255141808 1510.767564494565
-381.748191022864 1472.3142730581576
-389.324866029677 1445.4878583685766
-388.6267991909253 1390.7211118519112
-402.2344686599705 1388.928879468575
-403.4938027218615 1345.814902267415
-407.2373172487555 1313.3098520303715
-408.57554311457994 1275.1419629079055
-392.58766200844383 1186.7497325210334
-339.1265758550541 993.726906926056
-336.5027270274067 956.5364157747047
-340.7064699866798 940.1697194173058
-344.2832296557165 922.8727202479381
-340.7574779190253 887.8543468622908
-338.80750654812965 858.567687201562
-431.414711689279 1063.8540062142251
-445.6219805734221 1069.9074962022748
-467.8436584945197 1094.17654480731
-483.3278801280482 1101.6365826763956
-498.5827994538909 1107.9892563056383
-514.418262147368 1115.0595731032856
