-525.7141642502733 1118.6244309448264
-536.9307888267994 1115.5040690243272
-547.4757573797109 1110.3667390018093
-548.957497518348 1087.276260165002
-554.6430600879469 1073.1426167552374
-556.837725906772 1052.8118288692308
-566.7878105902406 1047.4887005435055
-582.0132580548313 1051.6960432788555
-593.4290577139644 1048.7454188032082
-867.2058916084145 1499.2591308908727
-869.6678688433296 1471.1759914780764
-871.1595801541558 1442.3265878106922
-882.6857102440472 1430.60369667178
-890.336144904267 1412.869968920356
-898.2714302726813 1395.9614742376923
-909.2611472125157 1384.0448569933633
-908.4096268454223 1354.6043517775072
-811.6303975409216 1185.843622821983
-751.254196760825 1075.621277146026
-754.4475364975532 1058.6826317045034
-767.3845460518072 1055.5311262491798
-921.5033803796853 1242.594270045059
-983.3053801136344 1300.0040497781463
-985.8058464672445 1277.9604192114086
-989.2142675652053 1257.559196557138
-994.8280845917583 1240.3294248333762
-1000.2047731244606 1223.106868519283
-1007.9063689497625 1208.9668115504683
-1018.6681332137874 1198.6009487626552
-1053.5511023034899 1216.1048782218998
-1096.1361900691554 1241.298293248112
-1099.8200374972173 1221.9377582837922
-1103.2361373262838 1202.6196511355454
-1104.33676951752 1181.1559166729887
-1106.5103247644345 1161.2281865291188
-1110.4962229631158 1143.518315893827
-1112.1361733949393 1123.705536084281
-1117.762042257421 1108.1895220983274
-1120.327057045383 1089.8790232186464
-1122.6461503248242 1071.6200918053244
-1118.8816234457815 1047.946999001062
-915.0604516389444 841.2570177100044
-877.6944691789589 791.6921237278198
-875.4209007565003 774.7252716406491
-870.6401612635779 755.9065481889486
-865.5824910464356 737.2489072178047
-867.9244787063021 725.1676352833141
-870.8890880032711 713.742387978205
-869.818422202628 699.1937588372273
-870.1215662278937 685.9682645612091
-874.9995774872863 676.4700580196219
-873.4006706067844 662.1082000576788
-876.4243995975921 651.4171258034287
-880.132436639574 641.3173114573519
-884.5417300858055 631.7870905113605
-891.3072375025723 623.9514471299294
-896.3543716042707 614.9128722883536
-902.9701902263077 606.9504391321136
-907.8451502376433 597.8178511804335
-912.6281895592161 588.6474221653124
-923.2372165100511 583.178396419803
-928.7212179131533 574.4048218790552
-934.1218461524302 565.5796818669987
-947.1812423620308 561.2919865074858
-953.3218851704786 552.7941599320716
-962.8656412267413 546.2039517845108
-974.9930075289205 540.9377369621297
-980.9534586927111 532.1525268931902
-1000.0869186598691 530.330232143528
-1013.0575633341684 524.9717834050105
-1021.5547930861088 517.1564605830595
-1038.0623933884247 513.215809803922
-1049.1824667101487 506.4001891271444
-1081.0732792188767 509.2205464815266
-1122.1958930498765 515.6562591707678
-1677.3144674826676 751.5718044028362
-1743.0102872471925 761.2615441163831
-1751.0649374061109 745.1044121376101
-1756.1983244004202 727.7145356341018
-1746.3209190216141 704.3097669261053
-1747.3301605429972 685.5408886833694
-1754.5456002494423 669.6668848355314
-1804.860191121966 669.4062223367663
-1849.6775075696223 666.2200222081516
-1947.4558145545413 680.7237694966348
-1979.3703456752346 670.9642573651016
-1933.367274551976 635.0716350865192
-1848.7488422158117 587.9861549438863
-1834.1494338258854 564.3198157039891
-1824.0622615127893 542.4074724087504
-1822.376664424971 523.2201190314804
-1826.274335460903 505.71439730033046
-1830.00398265926 488.18175247672593
-1834.5340483918294 470.8724087171441
-1849.58038696017 456.15500893037233
-1929.7109409794396 456.623131547501
-1937.8394674262054 439.25755370320144
-1952.6528887388947 423.26197100572335
-1965.377554076183 406.6203019200099
-1030.188163647616 203.00824485806632
-1018.2991605987846 190.69037606499847
-1020.0551238942417 181.06226613268512
-1026.6511359898022 172.24530464093527
-1886.5744847025858 298.2225908095704
-1886.3400338122192 279.94691789215324
-1880.9763756165303 261.01508456888325
-630.7613506760642 81.46237470947578
-614.622967879586 73.48202062334329
-606.3436537294208 66.68863158032481
-605.9515931776743 60.85775813680852
-606.4994618170471 55.13077920392792
-608.9866143039603 49.56110973938658
-2042.729604689739 146.83242872098228
-2040.0333047409738 127.27967452669402
-1121.431235384773 59.33788253200493
-1115.9473988281075 48.48095552669073
-1115.3561673002107 37.902771209829176
-1114.6647566186098 27.340086912359432
-1112.8735205322675 16.77877522695156
-1108.9824305673453 6.24249092456069
-1096.9920048436152 -4.188234614467024
-1078.9075594523536 -14.123673621480599
-1066.7313905989024 -23.940349014406994
-1062.4629791665297 -33.78487680282662
-1064.0990065437493 -43.798450573116675
-1064.6417649598743 -53.79509553039058
-1065.0905271624333 -63.80571250953761
-1065.4450793905905 -73.82941691750233
-1067.6990519801168 -84.02222563559955
-1070.8514449684515 -94.35137947576263
-1077.8847855210636 -105.13509947781934
-1080.8320919254963 -115.63299297326668
-1083.6769745080067 -126.19514618705838
-1087.4106527305169 -136.9455086090499
-1093.019509847793 -148.04509816974755
-1098.5152667502016 -159.26144767875795
-1100.9314249698702 -170.13523301718183
-1101.2663407461225 -180.74414717950114
-1108.3956302623571 -192.57239369990717
-1114.4156404474616 -204.36922548679885
-1116.3837947038403 -215.53705695924654
-1119.2202488591795 -226.95822202245972
-1126.831060211568 -239.49062975923255
-1130.3998498692476 -251.3168904303538
-1130.9232098666246 -262.5522679105455
-1133.278913609616 -274.28981747015087
-1137.4529646576182 -286.582890612115
-1142.4629912988291 -299.23120410901566
-1143.4754312064172 -310.94844946919744
-1149.1806169567685 -324.06775466075163
-1151.8600377923542 -336.47949913329967
-1154.4073259233833 -348.9695199504159
-1160.6391452741123 -362.7296161845324
-1166.7137468341944 -376.6364732047541
-1167.8852891150505 -389.10789180978475
-1173.6538659675323 -403.25872947707626
-1178.3164515584149 -417.2173773787305
-1179.0619155595512 -429.92790009144784
-1183.4172911829776 -444.09403838505165
-1188.5430319253558 -458.73899034383714
-1192.5680492727647 -473.14949841857896
-1199.2424493156625 -488.7152010725374
-1205.7050787263893 -504.50397732167727
-1213.8143272641428 -521.2444521798737
-1223.545423657967 -538.9857106135987
-1233.0499767421288 -556.953099332642
-1242.3246217746316 -575.1439247114748
-1250.4625112800143 -593.1268902041791
-1242.1812909652492 -603.445639951029
-1307.236731671216 -650.17853499601
-1337.6580058817801 -680.9346953272243
-1271.8299727311762 -662.4232185413006
-1176.461144098383 -626.7600628842932
-1145.9800097357002 -624.3034657009079
-1122.6382057697836 -625.2267260330455
-1094.165820206861 -622.8018608602957
-1073.6179773984964 -624.4264877523709
-1053.995890211124 -626.2337130960453
-1035.2894894190918 -628.2488942277226
-1019.1883038637119 -631.550632386201
-1003.9614863322961 -635.1419793726808
-997.9977954530057 -644.4721873525192
-987.7725351572338 -650.9949452868673
-975.0233273327206 -655.7091665952447
-966.3954808017955 -663.0714702698846
-956.0767929313274 -669.1832081113121
-948.1701282889325 -676.9035439562637
-939.3943201710356 -683.9461318191645
-930.5698141859268 -690.8840864616651
-920.900480559979 -697.113552374647
-911.9878004078028 -703.8339661506384
-905.3878355237892 -712.303914972779
-898.7092100165808 -720.7119784153537
-891.9525041290565 -729.0574259809068
-885.1183048877643 -737.3395326120869
-879.7318713402061 -746.8519495510868
-878.0262128123068 -759.5992164388257
-872.408214425794 -769.0727581980772
-867.4337054550556 -779.1756969005849
-866.0348552369717 -792.6283047650251
-863.7287216122404 -805.4400632338105
-862.7486005115015 -819.612623326072
-879.3593621490003 -851.4124219207183
-917.5078712822855 -905.3730204369076
-956.822663625781 -962.2574449553849
-942.7606406721175 -966.2827611002375
-898.2820208617906 -938.3445054970257
-850.3138582697699 -905.2791516622802
-817.2889818612235 -886.8340995520215
-826.2749175500225 -913.8346462176315
-832.1660330460006 -938.0915165614082
-840.95230339677 -966.3126944274649
-960.9548800105962 -1125.5957172021494
-961.1460115776714 -1147.6965384753648
-954.6558209324284 -1162.1739385994813
-975.5819163372347 -1210.8942664476403
-992.5666680859052 -1256.189639109018
-976.92743180381 -1260.8083886892616
-955.845552739855 -1258.077612592896
-942.6702514829709 -1265.486782613328
-925.9020337632729 -1267.9138077460293
-908.0089436387292 -1268.5108427885348
-893.0599885830485 -1272.9763771539695
-878.1083025493534 -1277.2728013208034
-859.8036841874421 -1276.424155466239
-844.3486962741879 -1279.51720547247
-829.9983970776797 -1284.1120125785299
-814.567430784172 -1286.860093679835
-796.525320496915 -1285.1814711577842
-781.7012100452433 -1288.4068527502493
-767.9089963335408 -1293.1866738216931
-752.0870097480482 -1294.3624414236683
-736.3121672021713 -1295.3549291333406
-722.0442106756473 -1298.787187275029
-708.7327548269124 -1303.822795565201
-692.5754856981533 -1303.424411544439
-676.950751351381 -1303.724925068475
-661.8353443750794 -1304.7386623136144
-648.5374933565081 -1309.1677202371197
-635.2152601902576 -1313.462056254928
-620.5895565805032 -1314.908590839384
-605.4422571007217 -1314.2483301556001
-590.4490939215808 -1314.4774123153218
-576.709777127277 -1317.2888191151576
-562.9705351773946 -1319.958020742356
-549.6163704580471 -1323.4087975091154
-535.1233742923935 -1323.943720210917
-519.5724562729115 -1321.5311054540236
-505.90130286897244 -1323.6135658701432
-492.2376673994663 -1325.5557622345173
-478.5829789542756 -1327.358027155918
-464.9386609649635 -1329.020707716816
-451.627345387095 -1331.4911719191402
-437.37461346743237 -1330.9787554631419
-423.778943825678 -1332.2219810414451
-410.1993063351 -1333.3272400585697
-397.20697402607027 -1336.2120414758476
-384.1969114533448 -1338.9704004307603
-370.90370234382846 -1340.6384462589608
-358.12851172089063 -1344.1074990835293
-345.0726321412779 -1346.4861226715598
-332.2429609397718 -1349.70908528689
-319.3831988966856 -1352.8098063891023
-306.05351140906936 -1353.8372310415232
-293.1556491975924 -1356.6885292297338
-280.23123623490113 -1359.4169537850626
-267.281443069383 -1362.022257597411
-254.30744254808576 -1364.5042047075751
-241.13655494843917 -1365.8777990243484
-228.12704652233748 -1368.110759640825
-214.94179624553882 -1369.2319103156854
-201.61020987700962 -1369.2367666964499
-188.57052523869987 -1371.0934165880897
-175.51376199686916 -1372.8258882136897
-162.44110268671406 -1374.4340246653983
-149.46164582883856 -1376.9118404698736
-136.35128167223235 -1378.2718628726118
-123.31754204115234 -1380.503090842222
-110.25367586523707 -1382.6109817870692
-97.16085106536772 -1384.5951643062506
-83.91923163873221 -1384.4589421724158
-71.18151279407687 -1387.174896051809
-57.97991918922013 -1388.7902393705147
-44.72179691232518 -1389.2803751874324
-31.436967587369036 -1388.6442010352798
-18.207627439740474 -1390.8808296554437
-4.931362930030107 -1390.9912586568084
8.357349902985023 -1392.9749296748305
21.699022888538558 -1395.831348124007
35.14615283112771 -1400.559084059352
48.616243189514925 -1403.1580313343675
62.09497364065649 -1404.6281409143726
75.49879321216345 -1403.9714855450259
89.08541265242494 -1406.1809233710103
102.64832077419226 -1407.261284283142
116.32221942527897 -1409.2072740615474
130.22614089409555 -1413.0117311005706
144.01069527704374 -1414.6889833620046
158.17139616909162 -1419.213095146011
172.31127293291115 -1422.6024832047215
186.270775466099 -1423.8676898529786
200.13091918057415 -1424.0054828503783
214.30787452575098 -1425.98602199189
229.01496609928336 -1430.7875961520438
243.8331391869921 -1435.4377033623637
258.0533561656303 -1435.9977247097763
272.1201727538715 -1435.4342937175506
286.39533431832905 -1435.713659641327
301.5204720862756 -1439.7660938197112
317.177546536274 -1445.6135043548916
331.855425769483 -1446.419018261083
346.57749565513717 -1447.0756854793094
362.0688080996946 -1450.4934257697505
377.6567820723771 -1453.7466612015785
392.2970327679893 -1452.972139471859
407.49656299383037 -1453.976117805315
424.70417887323254 -1461.5438277546154
440.0757014407548 -1462.2114679489514
455.4985288523809 -1462.7183906047387
472.50310057022483 -1467.8231569066909
489.33084230767304 -1471.786780334184
503.9289463314525 -1470.0243593387397
519.6855089843145 -1469.8326339252758
537.5389743393905 -1475.1107928105455
553.7844098281764 -1475.4995179366404
570.8073778657495 -1477.5773879475914
588.6596157907771 -1481.3223338413063
605.123225408716 -1481.156940391852
623.5730688365423 -1485.4217003335373
640.9724647592368 -1486.7129176207723
658.8585423805614 -1488.7207330900453
678.0823113614025 -1493.2529521212332
695.3424392618716 -1493.0197226297282
714.3838005502405 -1496.201786361517
733.1104012863711 -1498.2567001437824
753.2862542134786 -1502.7710468374835
772.2457838056596 -1504.3661287713117
792.7005519798348 -1508.3904782551715
812.3558611312516 -1510.3982769076847
833.0865280485737 -1513.9190324399694
852.4875993647124 -1514.565578946448
873.4739497594024 -1517.578419420792
893.5818472797229 -1518.6031351910735
915.850983590087 -1522.808581489174
936.7117351899672 -1524.1693229944635
958.2142024630725 -1526.1158351180482
981.4593170668369 -1530.3142190225828
1004.8725705912728 -1534.2056957505038
1027.8942817347688 -1536.9561950742004
1052.1884064660799 -1541.056636629028
1076.0833482503435 -1544.010565902426
1098.9718957749674 -1545.0167546977523
1122.5656241715521 -1546.5340020278682
1148.074465531051 -1550.150322257681
1173.1523737756954 -1552.6202072317785
1197.7720980513443 -1553.9581722587263
1224.3789284396173 -1557.323742705111
1251.7852811551586 -1561.1004483643262
1278.7428112097525 -1563.7189078537674
1307.7862220634684 -1568.2663030815145
1337.033514770928 -1572.3986073446197
1367.2709682265076 -1578.0729068851501
1397.3199397370677 -1582.3457226577248
1426.9008591598658 -1585.447235996467
1457.3392582799231 -1588.866981932762
1490.0163548939695 -1594.0436826349799
1523.6089328832709 -1599.4676675814053
1556.738232638209 -1603.6804778516403
1591.4874955244343 -1608.8308026605418
1627.8905647289787 -1614.8750135123048
1664.5473744532883 -1620.3737341121846
1701.4508552023078 -1625.3227332844806
1739.323462394698 -1630.401758206645
1778.9132694935463 -1636.2629921928144
1818.766253388072 -1641.5204279986024
1859.6231676878663 -1646.8326187559394
1901.494726747913 -1652.1739630407806
1945.9132115135144 -1658.816075777288
1990.6236225187647 -1664.765026503822
1107.8765269201806 -908.8996650341987
1119.5169223819403 -900.9166778900635
1117.7609585984717 -882.2621149256189
2181.689688346527 -1688.8786527641455
2233.3655674976094 -1695.4333492992525
2274.927949042159 -1693.398602416701
1110.6665011898808 -810.5830760228271
1058.0802276812683 -757.0120420376121
1084.8234922954239 -760.7778851701463
1101.0167136781574 -756.7418292927584
1080.7350072334423 -727.887933778361
1088.3875635081547 -718.2120241271251
1067.4000849631705 -689.9985932019114
1069.636707239607 -677.2247149400349
1094.6750770073659 -678.6976320710995
1279.689018108613 -776.7914887099456
1313.6098261144957 -780.5211238239772
1262.9941930240363 -734.4158688288013
1222.9300811784458 -695.7664957073456
1223.322054496909 -680.7959686877275
1222.6626108059456 -665.402239353903
1228.0019683447172 -653.3698537134234
1231.345770960005 -640.5713015261539
1231.0713052258868 -625.7990423845592
1234.2111060986995 -612.8678043286533
1236.3170288356819 -599.496625687678
1236.4732470028619 -585.2844688236651
1241.0111881611451 -573.219182214677
1244.5199050677838 -560.7095557328004
1246.0721513151254 -547.3803008118718
1245.645515277676 -533.2843990485875
1244.1415256992611 -518.8601584538117
1244.330071108314 -505.26396481005656
1228.5629365596733 -485.4627801509322
1154.6622080769203 -443.76140575643916
1244.0274507074287 -464.73616373849796
1245.5199611556925 -452.00113535556744
1247.8264108896417 -439.6114742431952
1251.9026822546082 -427.86525234437715
1254.9191270640968 -415.76674293248277
1255.9144823511342 -403.0382277410945
1257.7366863526024 -390.62440758710306
1244.1127128613002 -373.6101680855274
1123.6763601537382 -325.96232547895244
1009.2061422198019 -282.5012610694417
970.3010924372686 -261.80296028701264
959.1683035511977 -249.1528957542285
950.7952412094512 -237.46243764743403
946.1778408289495 -226.88431749300648
942.4207763544 -216.6381321364502
940.5085008352414 -206.91244490519784
937.5183849597828 -197.03623489703745
933.4456281329665 -187.0381226366743
934.1798385133609 -178.07029318544667
928.9238454110239 -168.03716680186054
927.5050249960548 -158.79366677253773
925.9947717318469 -149.59172010938542
923.4050853275205 -140.28203160517225
923.6926241858079 -131.45697404373774
923.8959339214473 -122.63891422960613
926.0001665677634 -114.07318491422294
927.0313098801446 -105.36579379430151
928.9630124196361 -96.86961110810175
933.8151196367268 -88.50605819855286
940.5844921199075 -80.22975248332516
941.2974371184187 -71.38021346491475
944.920535079338 -62.72306103322382
950.4605564072393 -54.11774860469433
957.9196008348798 -45.508662212204314
964.3008881264024 -36.725973896297866
966.6028192825319 -27.71262807929015
965.820886980897 -18.601458852288022
963.9532123659387 -9.49759808517287
961.999903667997 -0.4305145344559138
959.9614874596605 8.598987977442693
872.8528273662547 16.02940294380956
820.6835168413218 22.79397255767202
813.4376846765704 30.251167713337484
813.1172040456809 37.90003278276336
813.7232351078452 45.60149828265013
810.2647862453523 53.056349014735744
811.7243770008766 60.823809339259824
806.1341554214109 68.03472248057258
802.4717840703921 75.33283328590548
801.727805242874 82.8765726876078
800.9129121045399 90.41298150279871
801.019766283497 98.06290849822774
803.0362887794012 105.98452199923466
810.9151682741206 114.79368389835219
819.6873595561976 123.90977598151319
823.4223486899511 132.4070831863785
826.0837932375674 140.81749376491524
829.6436823165545 149.46692072906313
839.0081839421977 159.3149938895125
855.1244060473625 170.72272895588713
871.0987041698758 182.4473830822552
891.8105024611616 195.55824631032704
926.9717599641749 212.42494257718445
979.3979857798811 234.15504575027174
1024.7001329074637 255.19725237436649
2788.935518151156 722.4954502243885
0 0
2635.2930265505 735.4771677042759
2572.465387591662 744.3828515239197
2511.6275422562367 752.7357364838585
2464.2401705963302 764.1468324997284
2434.959705854651 780.5256119207311
2355.278275855391 779.7597343308112
2281.5159112359493 779.490953621141
2254.1933296508955 794.174056839815
2208.000117009099 801.583734420681
2161.8733222371275 808.1879351978754
2081.291437060654 800.7034120184563
2051.2663181684825 811.6295287552803
1948.0445924464457 792.2949361444648
1869.374735534011 781.0980080291756
1852.6723840075877 794.8968722643473
1843.199022027465 811.6731886646229
1834.4856183727904 828.7529885215498
1826.5215048048462 846.16085497111
1821.102181890224 864.7790718528437
1941.382307271825 944.6246540356254
1927.8364445572402 960.8135318764507
1923.065861736757 981.3759174865994
1904.7827727134356 994.9892405318342
1989.5994995221854 1063.49886295241
1982.905585171986 1084.2902933687747
1929.7379920600513 1079.1813017283248
1238.7909514159455 708.3261809999517
1208.6885698879364 706.4502395938832
1190.7551646950965 711.2461864586364
1174.548053731039 716.807414496131
1163.4353286277767 725.2994113473256
1153.9547646770002 734.7192668490799
1143.5620977764484 743.4794741814525
1131.4411451385674 751.002619893917
1124.2482015870778 761.7282856952479
1116.9535858127817 772.3850640321632
1113.64322244897 785.8548040786377
1106.9311842647012 796.9939480964368
1100.107926820247 808.0764501872691
1101.1766582465054 825.0975501921328
1104.6045920269962 843.7705228750726
1105.5814199715833 860.5177068565281
1114.1798294905832 883.5651122335779
1131.783896189891 914.3796871788163
1410.6678039900687 1161.010485217871
1377.082506916768 1154.4924292275934
1360.4637596264563 1161.7484059567491
1313.6458332222646 1142.5478654558776
963.3810727930484 853.3849709153046
946.6859591701083 854.0554400682498
927.1132162211504 851.7875816822375
934.6786517044023 874.5146185445047
968.6941565363296 922.9710889796976
1044.9653626598713 1013.8951577165774
1041.4108296813988 1028.960389821834
1036.9635038905521 1043.3348894765422
1033.0391022782346 1058.428652845424
1109.8835144532384 1158.0045700881012
1385.8107022162205 1472.4172973797156
1368.3173731452357 1480.5281376417408
1346.0870613578752 1483.259459179317
1323.2553222135584 1484.9634178098436
1302.4797573111707 1488.633763487391
1281.0955458126484 1491.291454578545
1253.9686057145047 1486.8045385599348
1211.0860290911883 1462.6932795839796
1168.7468434084644 1437.9290024277102
367.9612686925086 461.19898605937925
361.29403209690196 461.3703743969293
351.607342148648 457.4945649372936
342.62337159032836 454.27989746419087
334.3219952059602 451.7441792890152
327.27033352796497 450.7140210737786
317.94439242986687 446.3354829300521
319.03525845771463 456.5802271899422
317.70468259610004 463.58142181984744
317.9464701517558 473.08566044432024
318.0415382913887 482.63193006808734
315.27593095903586 488.0185317771378
848.5062251409361 1339.9377544860354
832.3559560266526 1341.7990022603822
821.7952441973493 1352.9750835158122
809.0534942660233 1360.632736419324
797.7493784097596 1370.763265209147
791.2747718057304 1389.4909987127623
797.1717335107314 1430.9301965125676
818.1473168387786 1501.577493154951
825.6385782604344 1549.7925467907273
807.8152775707972 1551.2689893513684
788.6767748227857 1549.8741706522917
772.3069113672348 1553.6302760484562
756.3729168262709 1558.115531881933
740.4229065485252 1562.4387730270373
722.7795854725422 1562.9695041248056
705.1918526860143 1563.3072157785452
689.6748335754394 1568.0298542861642
673.3433800340146 1570.7608642197476
657.0215944947851 1573.323750652589
639.2045218114381 1572.0135429746815
623.3100227704244 1575.1573304003423
607.4129465493145 1578.1414741284382
592.2157344996167 1582.8393866122613
576.642273493646 1586.4512877551833
560.387718788586 1588.0244345194833
543.5067856917078 1587.5403534735954
526.9995385391111 1587.8288592853967
510.2288669005792 1586.9957477515024
495.3032149665575 1591.7172252770881
480.04574003733813 1595.340743374908
465.043052859925 1599.7784093388436
449.729246346321 1603.1121623207684
433.8717541368705 1604.368817000067
417.5264355295205 1603.5338086969084
401.47805196539923 1603.5037804102826
386.16841365394697 1606.230978500911
371.0675979714853 1609.786581424902
355.93405820947214 1613.2002188837369
341.18168240452684 1618.4285772290405
14.78090864082085 73.52907411188929
14.841214218289224 77.59341699220913
14.121135627444824 77.72768830083209
13.731264901118365 79.82764160499366
13.62381209703738 83.90108309160627
12.686051604811103 83.03652265527543
12.190968369653989 85.13154697413935
11.260291952282554 84.25085059006445
10.593563347870171 85.34504329833491
9.679553553238032 84.44706177843014
8.887874907039873 84.53405041542024
7.9049355706972815 82.62270870422444
7.130428685406735 82.69314957578003
6.355295780945123 82.75633036533641
5.377932443809228 79.81903183220042
4.629806434750773 79.86591821532349
3.9783057985128947 81.90343755284951
3.171555715439266 80.93788503750184
2.472624419910379 82.96316127341136
1.6951660215510798 82.98268742430182
0.9175587953338272 82.99492807308833
0.1466117832772729 86.99987646534335
-0.6531984268566867 84.99749015009297
-1.449580903320527 84.98763860235633
-2.2722577145130805 85.96997641548377
-3.0061071588714436 83.94619300331243
-3.792535883372272 83.91434127473882
-4.524124120961784 82.87660888898708
-5.236603380919815 81.83262176559505
-6.881637299812755 93.74776300303824
-139.7577774942345 1687.2216107049696
-155.65248917418984 1686.8338100162325
-171.75461710837138 1688.2859211347932
-188.11865199861182 1691.5718645006557
-204.55929503609903 1694.6989392851858
-220.94586908843664 1696.674371508203
-237.2489577585317 1697.5007899976042
-253.73458663995115 1699.1594273471378
-271.0568374218308 1705.5958462915166
-287.69086096444573 1706.9255896252585
-304.0226797340388 1706.1240313081971
-320.918649467822 1708.1145220457993
-337.3236293307204 1708.0087145840769
-355.66481597734196 1715.519320402951
-372.69198493794846 1715.994371891415
-383.7804717703253 1689.9708723784995
-356.8153809239995 1505.2879405403012
-370.2895375489649 1498.9401783866404
-382.9287766936676 1489.5669008070404
-393.3593048436591 1472.360165616047
-392.5434791658275 1415.5813706616755
-395.66551052572413 1376.2531757567058
-398.9370247520473 1339.8706095298844
-406.5625299066136 1319.7984350937586
-410.81102349285135 1290.1745242318018
-409.53900432193643 1245.391024513585
-374.039925672116 1102.2659089363137
-342.81498574299087 979.7560336890164
-342.55186783681586 950.1358944074835
-344.1971094556184 927.1727723797744
-344.0125575085793 900.5283783848272
-336.04320361680914 855.3572150294588
-420.1121840890511 1040.3796195523666
-448.3064396503963 1080.7040927876537
-467.892915269507 1098.5045379244466
-483.0481160047257 1105.034170342386
-494.2761686493067 1102.2500029963085
-507.16568611584916 1102.9863856034851
-526.0814370505664 1116.2411574524615
