-533.5331245869885 1103.8199150986745
-543.7447301865678 1098.8255859754706
-552.2624578746675 1090.0872339506739
-556.0608228298253 1072.4086727147528
-555.357825558639 1046.8059445717627
-572.3471497998753 1054.7126339036424
-583.7114919432449 1051.8982337533375
-595.5668918543073 1049.832880665775
-858.2339187942076 1480.1876707469014
-871.1179418887257 1470.31783343587
-874.0539850004452 1444.0822799635903
-886.0391679207258 1433.2339630745385
-894.6947127187103 1417.2146524197328
-901.5022200703851 1398.638533434628
-909.6887315071369 1382.566964659917
-912.0778619592461 1358.1641924759504
-812.9003749112012 1186.1858962528718
-752.9793141875889 1076.85567854081
-753.2160335388734 1055.8762270360892
-767.2463263534163 1054.3951226637892
-813.4974934939937 1096.1052997221525
-981.9038769547877 1297.3024999672039
-986.1364508216408 1277.7053261064923
-990.7060949785287 1258.9302734355047
-995.0102070697058 1240.1833283136414
-1000.3159525436946 1223.0159422863633
-1007.3082628910649 1208.1635085994715
-1019.2905690972774 1199.3843152840327
-1048.874462470762 1210.8948600009294
-1095.3094460928876 1240.6942481126007
-1100.258168888578 1222.8887773603751
-1104.969244454799 1205.1008127160942
-1104.6643067694392 1182.2185793454585
-1108.8544843107757 1164.5195286571557
-1112.1134909892535 1146.1293919796733
-1114.4220192503394 1127.0707888194052
-1117.180712012779 1108.7755664274985
-1119.694326679697 1090.5290527085008
-1122.6869469529775 1073.025171718447
-1122.53224977151 1052.8258869456586
-908.7150676374861 836.3384039063369
-876.3598321060074 791.6782456725273
-876.3431729304638 776.7004849091876
-873.1034382086228 759.1701957982027
-869.6110068523616 741.771997827649
-868.1689012535834 726.4342770658237
-871.1527839530999 714.9977811229653
-870.8823336581095 701.0620235914975
-871.9963154045383 688.435491473899
-871.3682150238686 674.6268849120356
-876.9291669565328 665.729852223048
-877.5867226862732 653.2055910391201
-880.509541495532 642.4974298277995
-884.9352059483919 632.9563028148762
-890.8969245324707 624.5371645135181
-897.6027924129444 616.6281108192237
-900.0908154744284 605.856025717809
-905.7948962249529 597.2944047727442
-910.5775257202682 588.1365229716262
-918.6484925783496 581.0799833788167
-925.817127186058 573.3965878944123
-934.6327117841055 566.6662986829983
-943.4035949517688 559.8202006288082
-952.9931564465378 553.3606814420997
-962.5446511036397 546.7694163281013
-967.6856832194544 537.6182832569011
-977.1333009703781 530.8055313716432
-995.3703653873808 528.5516395855677
-1012.7637354157429 525.5384060435082
-1023.0528318277405 518.6250122094393
-1037.782323200272 513.7819086470895
-1059.7138768382365 512.1869768321668
-1088.9424465366528 513.6344499065158
-1133.73504916269 521.6788651077139
-1668.7140680629186 748.7552063584633
-1738.9566529667786 760.5483279204407
-1751.6095479601506 746.3779146617595
-1756.7604596228596 728.9696067091404
-1748.7576605591405 706.2879332366668
-1746.999195456512 686.3838656861766
-1753.4287461416945 669.7884981126241
-1795.1860975756517 666.7322364121164
-1847.4931533900276 666.3820587147977
-1921.6577756829915 672.7015632188592
-1978.1088665152022 671.5700352263651
-1956.8128139004782 643.804016261853
-1857.0402865941837 591.6099846741874
-1837.695553131511 566.3956691224517
-1824.7511265436533 543.5984972179996
-1822.1130128849798 524.1375470954365
-1826.979550989184 506.9139180051782
-1830.7172079732104 489.38686581351277
-1834.2868527965506 471.8344430599841
-1847.3961492621847 456.65793291177135
-1918.7617727352276 455.1233453581201
-1938.5747395743047 440.5360133796288
-1946.5556581132814 423.06627124738964
-1960.2540436466165 406.70392715965926
-1032.035059821268 203.97949725330704
-1015.2412284921601 190.72033968544002
-1018.9653599682977 181.47891112930293
-1032.4665005693946 173.84454320452048
-1885.409256673213 299.1871234711862
-1883.2041117763874 280.6390446614792
-1879.826814488955 262.0212730453538
-628.727735916561 81.59310074531582
-615.5699733746894 73.9838352580084
-605.307627816171 66.96025468559537
-605.9127456209354 61.243323669601494
-606.4638701130859 55.52093521779009
-606.9609521815298 49.79359925623657
-2054.6012018287715 149.04328714761553
-2038.9502865169422 128.5718830556631
-1121.391150357153 60.0906640058231
-1117.9123147791952 49.3260221893262
-1115.32993196173 38.66707734291174
-1115.6452452602944 28.136928192282458
-1115.8611426232658 17.604271740114694
-1111.9776850813691 7.044705890191062
-1100.9946937404666 -3.4182386306424233
-1081.9148661996887 -13.572851436217533
-1066.746082894263 -23.27648233187656
-1061.4856719326747 -33.04796940264886
-1063.1304907233564 -43.00650758101107
-1064.6817163476028 -52.9985176691101
-1065.1406109463187 -62.96410813235603
-1066.5038095093548 -73.01112450875966
-1068.7690709199367 -83.16653801220369
-1071.933644122017 -93.45727686645309
-1077.9850075177897 -104.10246667044366
-1081.9416078852275 -114.65756462932733
-1084.8012746767843 -125.18064730470078
-1086.566142944652 -135.64297625156325
-1093.1854853411583 -146.81449056348671
-1099.690315276996 -158.1208730243451
-1100.147979730405 -168.6517794009545
-1101.4917079680815 -179.36559669445734
-1108.6438170129422 -191.138397500276
-1114.6875955422138 -202.88066527966143
-1116.6796427599015 -213.99900804821246
-1117.5806157557215 -224.97459253671883
-1124.2444921825474 -237.22420154192895
-1128.8234175265884 -249.18605908756973
-1131.3275928030944 -260.80429015327917
-1132.740556132983 -272.2569236797113
-1137.918371011334 -284.72931165391367
-1141.9936821871502 -297.06973902542484
-1144.006458541295 -308.98903348792896
-1144.9329355255677 -320.70168872147553
-1150.542084578042 -333.85163113996214
-1154.0893879186387 -346.55834240944483
-1161.3193801932707 -360.54583229808276
-1165.5313751996987 -373.78150492647296
-1167.6982416961043 -386.49814532520895
-1169.7288684685739 -399.2873329711701
-1176.3387694721694 -413.8068383155384
-1178.0778020354521 -426.7806138419576
-1182.4877346130404 -440.87045431704723
-1187.6704198882317 -455.4371237860519
-1191.7532523806633 -469.771418287779
-1198.4520515159218 -485.3469688967661
-1204.0573587832512 -500.6614392580092
-1214.0759987454458 -518.092143609849
-1223.8735650064984 -535.7513386621486
-1230.7097470405552 -552.4079276579697
-1241.8835418446474 -571.3267615781655
-1251.0016872827553 -589.6471643412689
-1247.277665042925 -602.0991830961649
-1290.944028832464 -638.0152932507234
-1339.4010475151035 -677.4996929264566
-1304.6373187919905 -675.1906889281325
-1186.0723101224664 -627.8506790318504
-1153.812563496649 -624.5482914213208
-1132.2181998283465 -626.5125281887495
-1097.6314056297745 -620.7465645295231
-1080.568373580405 -624.4005044983535
-1059.2272060915254 -625.2501306481597
-1039.6774561307818 -626.7908640156031
-1022.7462296033594 -629.5960211374531
-1009.2401268895268 -634.2699474797871
-1000.7862258223777 -641.9874844607182
-991.4395592854004 -649.0551596620822
-980.3851089516954 -654.8939136576032
-971.7871455313117 -662.2731640192779
-958.2103327034131 -666.1245816665335
-950.3566507056314 -673.830272739044
-940.8219007504462 -680.2757904470199
-932.0545239160546 -687.1960160300822
-924.0392774464158 -694.6131396225571
-915.9667729233406 -701.9407887424703
-908.6260335212163 -709.7941470648384
-902.0007932491343 -718.1946595303618
-893.7449019677355 -725.2730866416339
-888.5179024038674 -734.8094563271702
-884.720081965513 -745.6000111098015
-880.039595534736 -755.731639069755
-874.4944895795859 -765.181931108504
-869.596083019877 -775.2597322165567
-866.8064381815327 -787.329409286256
-864.6012531229518 -800.0929152906064
-862.9610179297059 -813.5688548203683
-873.411358585982 -838.852548838584
-911.1360388729261 -891.8834669770226
-953.5910855270595 -951.3532685618545
-949.4159865940852 -965.3627734689067
-917.2848328626546 -950.5943064210578
-866.9591984973299 -915.6979568290338
-821.4668534542906 -884.3309384364583
-823.8037383016776 -903.9227847333981
-827.1745583698093 -925.128774812302
-844.0635777631169 -962.266427084374
-924.2397617135972 -1074.0902489398145
-966.8828266213493 -1145.4861848074424
-960.4180865128868 -1160.014266765252
-965.110974870361 -1188.4956062959516
-998.0046845946255 -1253.152285050457
-984.2047909695389 -1260.2150330132577
-965.4969920696052 -1260.7773627030842
-946.8679862907863 -1261.0987338577543
-931.8774403679968 -1266.01281041433
-915.1239204352415 -1268.3233855161836
-898.9884460763259 -1271.2469366025127
-884.5892126536666 -1276.4446423001534
-868.4872896910222 -1279.0018872719236
-850.7553698151205 -1278.87110403306
-835.2886236279733 -1281.870865273755
-819.8419873427086 -1284.6926152936187
-802.8276853133056 -1284.7928656769852
-787.9732891584374 -1288.0986358089328
-772.6150920713028 -1290.3805328288445
-758.2960226427119 -1294.212943083264
-742.4821422454048 -1295.2873304586417
-726.7166333610026 -1296.178589082712
-713.4051994834109 -1301.2720781412452
-699.1179195258192 -1304.4669925290905
-682.0506321098565 -1302.193125169437
-666.4567351319656 -1302.3841292787781
-653.6034542112716 -1307.7639407183142
-638.5154472656681 -1308.523604526538
-625.6221668335602 -1313.6292872673328
-610.1612572110082 -1313.1668744674769
-596.3076178587897 -1315.1247944144218
-582.5430002639729 -1318.000247664411
-569.1733432545681 -1321.6515067628145
-555.4002801591002 -1324.2456451879284
-541.2515671305756 -1325.7717530098068
-526.0168948905874 -1324.3606858743824
-510.8584265913786 -1322.7802795553694
-496.1293666490501 -1321.968097780129
-483.5169080588475 -1326.633106635445
-470.52712287885697 -1330.2350268412515
-455.5657548203558 -1328.0345790057424
-441.9509989160054 -1329.4661765374647
-428.6567837537479 -1331.7110654124237
-415.0626281187508 -1332.8687162429599
-401.48538326486266 -1333.8884837289309
-388.20552377270525 -1335.731062494378
-375.46688600321613 -1339.3676185107088
-362.6941926642864 -1342.8826913053879
-349.385527350406 -1344.3402669257805
-336.8089676836065 -1348.5769237562622
-323.4842057680184 -1349.7784887227365
-310.39093461022463 -1351.8233862867557
-297.5025681822086 -1354.7181337551328
-284.58721769848233 -1357.4900056805711
-271.6460546062016 -1360.1387506489493
-258.86675612037493 -1363.6465827243194
-245.51384956479782 -1364.0817239710655
-232.34392393777887 -1365.3722206816701
-219.33006268913297 -1367.5230614511702
-205.9984069760681 -1367.5721759100404
-193.2438414016313 -1371.4524482315605
-180.1738474332731 -1373.2306378395042
-167.0875113500645 -1374.8842727847468
-153.87483886593392 -1375.4194029327864
-140.97227363436048 -1378.8121039744171
-127.83455946225105 -1380.092143810366
-114.60250495853418 -1380.250435919956
-101.59879001351977 -1383.2739012458048
-88.48411824548711 -1385.176725482463
-75.2881700477424 -1385.9565979679385
-62.47942446169306 -1387.5940766373053
-49.23881829197852 -1389.1276178858477
-35.94872504468218 -1389.5350622304072
-22.671641195312777 -1390.815227370448
-9.366620434828357 -1390.9684634892444
3.9420893585416508 -1391.9944180676478
17.269569564880825 -1392.892947059121
30.70244605853676 -1397.6628204992871
44.22814613074419 -1402.3027030886867
57.80432428529001 -1405.8120998532916
71.24911725518083 -1405.1948488698488
84.80777081658198 -1406.4453924732102
98.32712171260323 -1406.5673738345117
112.01510936840238 -1408.553021818201
125.75006030368546 -1410.4052333757202
139.7273321580847 -1414.1135996262763
153.7870110132103 -1417.6831646188166
167.92771604075895 -1421.1126915854823
182.14805029655895 -1424.4009575162333
196.1739476990983 -1425.5654254520034
210.0929557712082 -1425.6023112829598
224.3411000133154 -1427.4789213311753
238.80900920211735 -1430.1993767037877
253.52353977391292 -1433.7579345135305
267.77730147572674 -1434.216272678001
282.4488385423514 -1436.4952675195545
297.39069622459954 -1439.6036863661636
313.05275092772405 -1445.489181950728
327.74941837002063 -1446.3296023929377
342.4907283834964 -1447.020767290968
357.5147880774294 -1448.5327667353442
373.3456947634199 -1452.7948899282444
387.9999208339821 -1452.0554608667064
403.20885180594445 -1453.095530866891
419.5794012066888 -1457.8210199071204
436.0770218629734 -1462.3654915933703
451.2251490962983 -1461.949337296961
467.9253343873789 -1466.1401302189568
484.7467325668851 -1470.1444164658549
500.398439906623 -1470.1735956474724
515.994140890112 -1471.132572736759
533.4426902870908 -1475.5337665330708
549.6264668872324 -1475.9863640620324
566.2254396113925 -1477.1976007078015
583.9981468848367 -1481.0165982983028
600.3925318272996 -1480.9229580656804
618.7611693522991 -1485.2661765830983
636.0873234962671 -1486.6344261072911
653.8981357028327 -1488.7220117014324
673.0394314814598 -1493.339185741509
690.6500697173984 -1494.0945355630456
710.0494630033206 -1498.2635816466661
727.8438171665059 -1498.5991384664846
746.6001736478798 -1500.5213029840513
765.9135047824682 -1503.1119396744327
785.8067682952176 -1506.3561075992045
806.302643198691 -1510.2384075273694
826.464746556246 -1512.9877800893569
845.7771797479884 -1513.7427001368294
865.6753220135764 -1515.1340656379853
887.1900899976398 -1518.8728532072655
908.3423425451823 -1521.4789478463154
929.1042251074349 -1522.964654510246
951.5638964461979 -1526.7374204427326
971.4948640016253 -1526.0008942390773
994.768793043799 -1530.0523025002065
1019.8675474126408 -1536.2962558486317
1042.370730630982 -1538.059576194574
1066.7069815235482 -1541.9990971362208
1091.789846183289 -1546.4294137693676
1114.7159686781827 -1547.2741544968237
1138.3496786116455 -1548.6264911865494
1163.3103546348514 -1551.2672299766202
1187.817200977809 -1552.776641072773
1213.6887786174727 -1555.5348111366802
1240.9661235624183 -1559.5037929323753
1267.7991974471638 -1562.315331471956
1296.0735513082357 -1566.2957414228188
1325.1836956097663 -1570.6410070063887
1355.1464060565866 -1575.3292411911605
1385.5138734917882 -1580.7451743914262
1416.3630136192764 -1585.4941859405608
1444.7309703696435 -1586.8422805227963
1477.3304149801313 -1592.1930928673924
1512.2192255122113 -1599.2479526300006
1545.9833218288359 -1604.3439683020217
1580.6773685845437 -1609.6568132507757
1614.1930167624892 -1613.0421273591135
1649.3397941548012 -1617.3367748917967
1687.592021826116 -1623.883360302963
1725.3856742578678 -1629.1633665982433
1762.6938456128544 -1633.1930096098765
1804.6694150523388 -1640.6978095842785
1844.7026556560543 -1645.556474939557
1888.7486938837283 -1653.0966007322472
1928.5468821860622 -1656.0407371832428
1975.449899298619 -1664.1774831312541
1106.921552180925 -914.779031962021
1114.730694742499 -903.659492396835
1106.774100484123 -880.0267555577843
2166.978763444494 -1689.8837352849375
2231.2887513960163 -1706.408950953319
2274.4985739162094 -1705.6685601995277
1094.0895869880085 -804.4451352605777
1078.920478293474 -777.708558213796
1067.4296264399172 -754.2168074223346
1144.3812826736935 -792.4995141109627
1071.5485733025996 -727.1923095393429
1082.5289102847257 -719.8132802315916
1076.7069653743329 -701.3751568984998
1063.890348784004 -678.8087549260473
1086.3638510320964 -678.8037884180619
1227.5009024895035 -750.9743899677636
1312.6051972415635 -786.1091502930343
1278.5566395188607 -749.4110484522083
1223.1168870736205 -701.4877622277784
1219.2188559551055 -684.0390202930852
1221.238202384695 -670.0942120599153
1225.7469091700068 -657.5906893046579
1231.0141600530758 -645.5262486908028
1230.7172909399233 -630.8913930158631
1231.2659045210487 -616.5332694704833
1234.3485642363446 -603.5392464187187
1237.29580675384 -590.5421971285069
1241.0143634256642 -577.9656994763562
1244.6058638487457 -565.3717747405836
1245.3273001486023 -551.5468389036356
1247.7352140930166 -538.5516089589319
1246.3216098660926 -524.0099662991072
1246.5960378292687 -510.3012036712912
1242.078026439399 -494.78396925972396
1187.9582618858744 -460.2512009947308
1239.051373678546 -466.61300173195787
1244.349547503352 -455.2133605554691
1246.7158236841094 -442.75123373701956
1248.9578454508885 -430.28513835208634
1252.9727565150567 -418.44984338754455
1254.9726022653806 -405.9615345858017
1255.8941448146345 -393.17413066009027
1255.7292059692895 -380.11598397822894
1200.7208394660458 -351.09894000403096
1032.6778016219869 -291.3855830976893
975.561578545411 -265.33112607831384
961.5825645970779 -251.7835806062553
954.2241835715035 -240.23365186271784
948.678210572652 -229.3156182746193
943.9859443363446 -218.74994147523714
942.1081177441536 -208.94328053461768
938.1730129082624 -198.77725687470695
935.1106029277013 -188.902515314622
932.9277898116825 -179.29232832748082
932.6147304981502 -170.0992782402753
925.3134350980989 -159.7374308888065
922.8352963197832 -150.33301655450776
923.2277878383632 -141.44416482514333
923.5347783849753 -132.56135603340218
923.7564175557719 -123.68541152668892
925.8775950780665 -115.0638037458167
926.9247449433368 -106.29918725808768
927.888928378599 -97.52505622872064
930.7441848651569 -89.10814968169194
938.5083726457705 -81.03107103937147
940.2199358830259 -72.35656271630684
941.8512426486637 -63.657181222293175
950.3901407058354 -55.3405859125329
958.855137601365 -46.870300782771906
963.2472333194771 -38.088941995976164
967.5585877988029 -29.229765253696367
964.7896576509523 -20.147369301183392
965.9354712019375 -11.16536940234934
962.9975891974617 -2.1548085475932237
960.9758911752516 6.80709776123796
900.8787709659348 14.779716604410396
822.7276853306761 21.169690371570553
811.5013804769179 28.451880149762026
811.2009322241983 36.01454648599436
812.8271246036436 43.6814091871215
812.3846662356738 51.25577104241944
812.869012705762 58.89794718629685
809.2947159731796 66.2273561143026
802.6670739823185 73.22273106531388
800.9547312031146 80.60098363758516
801.1626642084752 88.17247574145749
801.2989524177959 95.75483723626091
803.3469841647128 103.6031999190206
807.2991697854046 111.77231528333152
816.1145827551616 120.75590177862317
821.8683375761566 129.4466519065084
824.5713971051945 137.7607022194199
827.1905298288351 146.13633142203557
834.6402546180288 155.4884091215545
848.8560940978796 166.33800381419712
864.8998310644012 177.8687218843443
883.7335767747214 190.3443334616443
910.2127254061438 204.94339342540388
955.9637739527199 224.6269415944423
1025.7056259257615 251.12540481648114
0 0
0 0
0 0
0 0
2520.575351298582 743.696106232936
2489.4368263247775 760.4691234613141
2419.115353418782 764.3624185250877
2395.532749609389 782.1910543779434
2316.8713497917706 781.109562426462
2278.1251878353287 792.3948690837464
2217.7278322709276 795.247924845386
2158.4272113835605 797.3662729003452
2113.3139293669583 803.7569507902168
2058.0356926357663 805.3502889036686
2012.2017878181234 809.694365240087
1875.9151509856065 775.7849871598762
1859.2044929555182 789.7839282829292
1846.0649767640991 805.1335923714564
1839.191680226652 823.1639954377653
1828.5070740994943 839.4676169859721
1824.917245537671 859.0495020307036
1897.6751682282184 915.5752049340366
1932.7566063489965 955.3993409115952
1925.3135610601312 974.7469885041744
1914.1258075980159 992.1987667233033
1908.0807390032703 1012.3378356283708
2021.348421394839 1097.3379421694085
1932.9516046163187 1073.414688837077
1252.1651969133757 711.1134365478459
1222.8209952972663 710.0033897526143
1199.634334760369 711.9708300654225
1182.5086422568959 717.1905681112607
1169.643958395719 724.7820435057655
1155.8978332612094 731.6585262689431
1145.4869963899373 740.5103247771498
1133.3437526539906 748.1282900146005
1126.9648642641148 759.4940386297744
1118.8244105245456 769.6726176852098
1114.6845112238607 782.6381286633198
1111.211525487329 796.1770818254711
1104.3520486115633 807.3602372717172
1101.388192500261 821.4743145229847
1106.2132974063481 841.6603475520125
1103.8932508119494 856.1709471897691
1113.3873191103667 879.7327308019355
1124.102745606474 904.7883826177182
1408.98256689628 1155.1848883111177
1386.2241802246508 1157.591690606189
1364.2997692061692 1160.3306165675338
1322.0309566401625 1145.0917647442484
964.425152711202 850.6939078293524
952.9927581889456 856.0174080235902
934.1642349904816 854.454903470422
937.3953954105235 873.0697982768321
933.8355328625692 885.618539532276
1043.7831943332392 1007.927399780113
1041.7796070342265 1024.3125745433435
1040.2714785936375 1041.4505513103381
1030.1347599765527 1050.0777953504446
1060.8629514627794 1101.0952720876069
1116.8688584610602 1180.3511990081124
1373.700915639826 1478.2658063996148
1356.9403198160733 1486.903483235362
1330.7923659471144 1484.9335603779994
1310.0766215978304 1488.6195771730315
1288.0955410785873 1490.5401292999331
1266.1871000843958 1492.1860566229227
1241.1539570584607 1489.7173741613287
1171.949243310856 1432.7372303053733
361.28054666775625 449.8948394896825
359.6840130771875 456.2766822189028
353.10579518462686 456.33901587200756
346.5559179277599 456.3200584559567
337.04730226063367 452.21136212929133
330.0028244033341 451.1974466747593
319.5060607661076 445.2189092274994
320.6582878119079 455.4418321339572
318.24192939763606 460.7841950124483
318.55936418671655 470.2594299840832
318.178037614474 478.94439800440546
319.30308699270176 490.17398812761485
318.6362836816322 498.9337819005227
837.8377604752708 1338.3829373993763
825.9150855732447 1346.9462763683412
815.2885788213467 1358.0723593547837
804.5257615728895 1369.117343022709
794.6242418334228 1381.8134151507786
791.4198120508105 1406.6451866385707
803.7288636797117 1460.4481893200182
831.6811846792807 1545.4227276219501
816.2005579386904 1551.394743197414
797.0230279795225 1550.0978333222563
780.6356341672129 1553.9398336706456
762.9250647461583 1554.9177938341531
747.4254321837474 1560.2099933422228
730.6231125944971 1562.6307520789194
713.4264046766538 1563.9641188691458
697.0822304144433 1566.9401277778372
681.5409496111586 1571.5823026501412
664.0278721559266 1571.465235059329
646.196774639366 1570.233654092817
630.3069491535103 1573.4478541879914
614.4138416999621 1576.5023409838293
598.8734112956278 1580.332445165617
583.3152924783651 1584.009870411444
567.0675039096351 1585.6514263890713
550.184682648481 1585.238409507854
533.3598011099532 1584.648643251857
517.5249278783729 1586.7353115830267
502.30026068616564 1590.5717362365679
486.7570348023271 1593.3058680210922
471.77316079348805 1597.806648113257
456.74768158244825 1602.1665192385772
440.8865766528682 1603.4924466698665
425.0409189556843 1604.6620258525804
408.7183243611353 1603.7376129939169
393.4020801392846 1606.5337853098777
378.0693847837091 1609.183811840421
363.38032707236255 1614.6144239095545
15.569143435283653 72.34363671181843
17.102336063010377 83.26169648276364
15.935695654222371 81.45583836666343
15.170057799771625 81.60189548259028
14.586446924022155 82.72385125302547
13.643423556477915 81.87097772506777
12.872841580491468 81.99567031034974
12.392714254373875 84.0917393886548
11.328330008522727 82.22328708594667
10.808863220885108 84.30995478513908
9.779810478013607 82.42181329608161
8.678765191523578 79.52785068609863
7.831308885649432 78.6108809334786
6.912109148324877 76.68913056699525
6.190559006577554 76.75074578911973
5.681518232112731 79.79799715893984
4.992419110007882 80.84600021912047
4.075123887153855 77.89347447189878
3.385223554589053 78.9274366838646
2.609325720827251 77.95634303430754
1.9722556091275203 81.97627832374597
1.1572531501769219 78.99152337527367
0.4247927325008425 80.99888611045472
-0.34532386394833214 82.99928163200563
-1.058073406914068 77.9928232638464
-38.47200136218863 1674.5581223448733
-54.219151643231385 1674.12224272754
-69.96150613978637 1673.5382838939336
-85.85116077990932 1675.8023684768864
-101.85012949634101 1678.9135031685162
-117.70537605683809 1678.8789248922383
-133.80692434194683 1681.685079614536
-149.97163836201668 1684.336518539871
-166.09997694239638 1685.8371207384585
-182.59200162183936 1690.1657199646816
-199.18008020212554 1694.332699221341
-215.48436252462236 1695.360578020899
-231.82556318553873 1696.2313840551672
-248.49161597657312 1698.9234581903186
-265.38277055856247 1702.4397155525542
-282.3619622006716 1705.7880062605043
-299.2549399461865 1707.9819908060517
-316.0322479554794 1709.025341606205
-333.0466629401488 1710.8854199812538
-349.6962329043655 1711.6429372659754
-367.42339511281835 1716.1075283104406
-382.20565358676583 1706.7278161342285
-357.4558578112116 1528.765943405481
-366.3444713151561 1502.9972482798557
-382.89661046869196 1509.1849408510498
-385.5715671031694 1462.0118216490612
-388.7159874646448 1419.7478230620345
-392.1942900498338 1381.404951074198
-397.8091836670176 1352.718689672831
-404.95860587014914 1330.747732491664
-412.63136246845056 1311.6250831344414
-405.4564719834482 1247.777644184546
-380.5874912489435 1134.8842062099707
-338.93025624060743 980.0486117559047
-339.3872724273429 952.332546600361
-342.4552690158351 933.145427424521
-347.666697886519 920.5345551258159
-335.29171997925084 863.1659530550053
-364.1456899700245 911.9878927245991
-444.4204350813871 1083.3888853417643
-458.0646633080471 1087.4634542036276
-480.554383307799 1111.5702787874732
-482.8593831658809 1088.7276133582104
-505.47792546486147 1111.455382310842
-516.734245877631 1108.4740498258298
-534.0131093369189 1118.0120746469227
