-544.0835738337928 1110.9194681363035
-552.5679556955113 1102.2511757029265
-555.1942115660047 1081.857378513269
-563.0646644844825 1072.137670082055
-563.701715124744 1049.152694494668
-574.5508315633925 1045.5335202420886
-588.8108042614082 1047.905452216484
-616.6144445785405 1073.5132168432292
-856.5621855479671 1459.165933774939
-872.8801497397985 1455.2969608262867
-883.4543341278485 1441.8701188077655
-887.4872980863928 1418.2014298876286
-897.0758422797203 1403.8557380294212
-908.1120762840781 1391.968554568321
-915.6782647712124 1375.0044783292822
-916.8221303857015 1348.9248241599764
-845.7472990965848 1219.4127709971024
-769.4265942946599 1087.2932980535293
-761.5183069635544 1054.8416317909346
-771.4491350221485 1047.6007025931106
-793.9225952652824 1057.0576676450717
-994.1998567550114 1297.9952406801478
-997.799669075949 1277.5119648723164
-999.8560489608951 1255.512995295671
-1004.1080287168251 1236.695624099322
-1010.0072806048498 1220.2218212789003
-1015.0405271281054 1202.9832618484338
-1025.707426375978 1192.5826074017546
-1044.8381145686114 1191.8633790601627
-1103.3564499866477 1234.8848303679424
-1108.9132098903638 1217.7522296964396
-1114.2452829239755 1200.625440960531
-1115.2304322034108 1179.1480327284585
-1119.3800268301263 1161.3601317135808
-1121.1914579174318 1141.4594669514042
-1125.557417219735 1124.45609097983
-1125.418163320739 1103.2723859808032
-1128.5834750760623 1085.6589426635046
-1130.0626942582494 1066.7119138013722
-1134.9536757553706 1051.2322074067997
-922.8233212309326 838.6931010759006
-899.9641596768612 802.8078919001239
-879.7033155938619 769.8591277195887
-873.3165627251506 749.7460778623174
-876.5720520406322 738.1987791789386
-878.1453757211921 725.3838288102971
-875.6698935860276 709.45841137239
-878.4525308442649 698.000824536265
-878.7304655008488 684.7107192096978
-878.8357820442901 671.4787176065977
-881.9709596852233 660.7050978098522
-884.9810649009675 649.9327001826803
-887.8664056413944 639.1629258126843
-891.4443944317354 628.9736811951964
-893.2641019368746 617.6368222433867
-900.7444905261632 610.2486073615922
-904.8322477005873 600.5619064851707
-913.0093738444508 593.5780346948192
-916.0740460913775 583.2703850511982
-924.1170703752032 576.1324849729893
-932.1069090440665 568.8942872909839
-939.1838950078989 561.043323957956
-946.1956737328687 553.1091637364207
-956.6135840692052 547.078102992863
-966.1290598365358 540.4106214161334
-979.1131414975955 535.5310039079994
-992.0909564192162 530.4531404292039
-999.7421294650546 522.3980039899442
-1015.3454265199092 518.3374044433833
-1026.4861340460357 511.7960693589041
-1046.5848805563458 509.4664736671682
-1060.4078603761523 503.79675430918655
-1075.1239982169345 498.33060156690453
-1099.85457308384 497.1608573354947
-1670.9728513289417 736.291878348272
-1741.2923645619826 747.6134703963937
-1757.5388819343761 734.9027680508918
-1761.659401603533 717.0496166527681
-1760.0210797067693 696.975465126154
-1752.561886423115 674.8413400622787
-1757.954372372342 657.8186867647994
-1783.7135572838313 648.667823744835
-1842.5409259478943 650.5066765276716
-1899.6638891300518 650.6466847185858
-1981.6233295508125 657.9612296936289
-1985.8197215531345 638.6830461900729
-1872.3870264880372 582.8274384749624
-1847.1434925435092 555.9693498333947
-1835.006366273271 533.5472197814984
-1828.3893030937397 513.023933488866
-1831.2026882778462 495.28346877721356
-1834.8120061482175 477.7875072606581
-1837.2842364948556 460.02460187202576
-1847.363189841285 444.12750964045455
-1913.8233251503398 441.1080141082189
-1942.3002331825899 428.4749749738682
-1951.1365652560698 411.2202618071566
-1964.7217113284214 394.8222347268695
-1041.1421748271323 199.05519786287704
-1024.273486796779 185.86237985447298
-1022.0339106627583 175.54397014819097
-1029.562360935698 166.8842261704542
-1888.1830334575232 287.8625230264372
-1885.857054635311 269.384798164689
-1882.3597316695857 250.84425564243045
-629.2043084024368 77.83275844919733
-626.9278417739393 71.57151115262667
-608.6764129272841 63.69477487183963
-607.2575207668293 57.778053550841584
-607.7740541571153 52.06437451294223
-609.2339383608874 46.42206748177518
-617.6258238343636 41.223072822434276
-2041.6507020237686 116.99320888774953
-1137.697086253782 54.464115981577436
-1118.1737610588277 42.99348880418313
-1115.5299167816263 32.38834304464869
-1115.7851866972342 21.89559652117383
-1115.941763344359 11.400913291590683
-1113.999633531439 0.903599369103224
-1106.959122503379 -9.513206953976313
-1085.8240980055946 -19.545541443951503
-1070.6017760764375 -29.20337415398391
-1063.2863921120347 -38.962139948574254
-1064.8732180876673 -49.00029999515771
-1063.3697040734044 -58.90562332104245
-1064.7678685570304 -68.98105601191102
-1065.0731512033403 -79.01381262656972
-1067.2768672225209 -89.22493312791799
-1071.3738853594527 -99.66944250767263
-1079.3476177697546 -110.60614817791884
-1083.234531037948 -121.25572467721572
-1086.023508263271 -131.86712819932364
-1088.7084002052795 -142.54128988633747
-1092.2785568363477 -153.41627773970328
-1098.7068946922639 -164.81553190061504
-1101.0668364237883 -175.71801765246093
-1102.332616171021 -186.51220690762437
-1106.4456868455904 -197.87355068525338
-1112.4075262298727 -209.69858270177974
-1114.3205984237438 -220.87463396358885
-1116.1215775773285 -232.10476958971643
-1122.695151346847 -244.4516253623207
-1129.1346231579962 -256.9416330333604
-1129.600164461662 -268.18737563163967
-1131.895362299054 -279.9444387836506
-1137.9428669698286 -292.7644642242068
-1139.9844493673504 -304.68911237623695
-1140.9384565990097 -316.41023727665606
-1143.6947675908286 -328.7282746971431
-1151.1122606719334 -342.551548428482
-1153.5915307160517 -355.0712326564865
-1156.8897525191937 -367.9702440634005
-1164.7974035861387 -382.5219060380592
-1163.061849770085 -394.04458327629413
-1166.8769316028413 -407.54659426026086
-1172.4224120360282 -421.83134989664023
-1174.0509565621492 -434.86590047450574
-1179.2755355329175 -449.3920463176342
-1183.399179716181 -463.6888843255464
-1188.2854221495782 -478.47544922054124
-1194.8459346578195 -494.1580642180004
-1199.4178240485298 -509.12266042152345
-1208.3836359331517 -526.2442288604944
-1217.133538306797 -543.5760755669594
-1225.6644003582899 -561.1156544727246
-1236.6891283959376 -580.1344669189172
-1247.4647086438654 -599.4062067480419
-1249.9118710732416 -614.9547256100957
-1273.6122990743822 -641.3951291103374
-1342.261144587786 -691.6899737092378
-1315.4242801368362 -693.4175965653645
-1205.0502189910987 -649.6267926352059
-1165.6766202398348 -642.4632417704813
-1144.8398931811532 -644.9322592187225
-1090.259563488232 -627.6130051412654
-1078.3417916214219 -634.1766161273232
-1056.967203005794 -634.9089161211305
-1039.0832190614149 -637.3908250555287
-1020.3980146637596 -639.0648571704269
-1005.985312207466 -643.1403825160157
-996.6107166941083 -650.2823074407421
-988.0229500098613 -657.8599016916983
-976.8991156055478 -663.6483390539742
-969.0411722711302 -671.5654893183491
-955.4045103482973 -675.353404971153
-945.0265683604486 -681.2853918093903
-937.0384003213386 -688.8599540713823
-928.1910569577853 -695.7451845205895
-920.0914539610742 -703.1327871375339
-912.7237307086943 -711.0445776470016
-904.5053751437995 -718.2583284139312
-897.7865309118688 -726.6390747222669
-891.7614570992583 -735.5933004264025
-883.3510128823941 -742.5678339651189
-878.6853619969553 -752.7024874492441
-874.6607810351944 -763.4720152820951
-869.7644056129434 -773.5669839960618
-864.755721339625 -783.6367413606797
-860.3695058430189 -794.3584288061903
-858.7719681976007 -807.8067260415818
-857.7201910118413 -821.9854463009735
-862.9416573896743 -842.4771189424446
-899.5306694638298 -895.1008740326165
-945.7223638134026 -959.1757975382774
-942.1000665370154 -973.8955101195154
-915.5655522772066 -964.6966981820419
-859.9911264348503 -923.612073574895
-818.1016538006743 -895.5884568531474
-814.2006092287905 -908.5578506245304
-820.6902327993167 -933.5505030729743
-834.6127828113213 -967.8354729849193
-906.7233978239946 -1071.946211261792
-953.2931364266803 -1149.0348976605464
-947.3479584870732 -1164.2735269473299
-955.5440823636352 -1197.4804827886917
-985.9926145344135 -1260.0867287943286
-974.5471115934174 -1270.2200310516787
-953.981127592365 -1268.2622000980712
-938.8830568406655 -1273.2724003831734
-923.1906289763749 -1277.2999109724408
-905.7729445819078 -1278.6963567882017
-888.4129728623983 -1279.8774900941871
-873.9250862090362 -1284.9789662459573
-858.3119322139743 -1288.2564290618207
-839.9834487753919 -1287.1661919827595
-824.4467682926812 -1290.0575670301516
-809.462014952805 -1293.6178903944335
-790.8281221722932 -1291.0410067776486
-775.4026013103863 -1293.3734208963342
-762.0287175488036 -1298.979689460511
-747.6229935570942 -1302.714035966731
-731.257636226089 -1302.8040027037962
-715.9210896827152 -1304.4542894818176
-701.5652784541405 -1307.6934503420764
-686.7485941930232 -1309.8921208916047
-671.9539381416273 -1311.927553265026
-655.3936015250191 -1310.2229684599733
-641.5601008427216 -1313.714062118038
-627.2894681224171 -1316.1580160386118
-613.0306830514621 -1318.4496128549843
-598.7853503429676 -1320.5893018704376
-584.4927352129446 -1321.5117261996922
-570.288301543853 -1323.348878082506
-556.8760621548125 -1326.879817993683
-543.0702084695038 -1329.3497465576506
-528.1599339350106 -1328.8894175911573
-512.947495949722 -1327.3333667164816
-497.81292298228396 -1325.6086502855337
-484.47116545983636 -1328.4139753247057
-471.454871265654 -1332.0282671024236
-458.089065758176 -1334.569371682417
-444.40208072687824 -1336.0279902178777
-430.7289891637913 -1337.3472016996702
-417.07120261799906 -1338.5274042569229
-402.56501523989795 -1336.6964533898115
-389.8071589599377 -1340.4724461262088
-376.2036927043814 -1341.2381524530188
-362.88199139597776 -1342.8319553542392
-349.81579612186346 -1345.2616506775278
-336.9787037715587 -1348.5345205831552
-323.8778285232792 -1350.7124609594173
-311.2138593648109 -1354.7124911726694
-298.2884476621947 -1357.617030679594
-285.3359408799689 -1360.3982508229503
-272.3575155611929 -1363.055898970154
-259.35435060323795 -1365.589733713304
-246.15041303045103 -1367.015352571045
-232.77504964967187 -1367.3276038538067
-219.57454715574477 -1368.4966270478528
-206.52192585163553 -1370.5271592137572
-193.3109703869763 -1371.4429877789473
-180.36159222634382 -1374.2145742385278
-167.1355806738013 -1374.8784301431276
-154.02451835255667 -1376.4088955489437
-141.00119765500202 -1378.8091464230483
-127.66936674767554 -1378.0988835327628
-114.69490882329721 -1381.2462046608546
-101.52553926369028 -1382.2765876904725
-88.34694761522958 -1383.181411401654
-75.21455919044034 -1384.9591221714047
-62.011596252499345 -1385.6130635679706
-49.197069577402864 -1387.127841384851
-35.93900871291221 -1389.5353135680766
-22.606750919616903 -1389.8161514433693
-9.279083230715445 -1390.9690502000385
4.065702342503411 -1390.994058241969
17.422629970936555 -1391.8909626708896
30.81924817908313 -1393.6592746943838
44.25139472308251 -1395.29846773551
57.759109417692805 -1397.8071702775296
71.47162883893569 -1403.180959916115
85.05075071369384 -1404.4270610476847
98.590327193884 -1404.5440354021666
112.21955793192308 -1405.5272216565438
125.96586049012579 -1407.3740092779112
139.95529971276963 -1411.0763672042378
153.9190836378651 -1413.6452580800035
167.82722519299517 -1415.0826910410642
182.1589655915014 -1419.3586971779312
196.3145175352104 -1421.5082167208593
210.38172630108303 -1422.5271629176632
224.33072863778315 -1422.4189692874745
238.79275313309526 -1425.1326327928628
254.02625037891033 -1431.637755900015
268.4856630567476 -1433.0664495175995
282.60866557074104 -1432.3869386951017
296.7433056551955 -1431.568164827937
311.52527538532576 -1433.5414199792403
327.0374813590674 -1438.287692287714
342.4381989356525 -1441.8946147030672
357.21690958142017 -1442.425762217626
372.0372404943959 -1442.8057012935994
388.1924853829125 -1447.8631131057375
403.4059067947567 -1448.889117345803
418.11971618410433 -1447.8345564801677
433.99696734008097 -1450.4629027795274
451.14628196317534 -1456.740207542444
466.3207959241486 -1456.1544956798605
482.15369566907685 -1457.3101295718257
499.02111543447023 -1461.1344655268854
515.6737583234268 -1463.825322562973
530.5880556945446 -1462.741369878586
547.3555534763714 -1465.0931363154273
563.8574212454143 -1466.323909818861
580.0648618049981 -1466.4425512440466
598.2094958735835 -1471.0164509775796
616.1087826165847 -1474.4537863163803
633.7338564375913 -1476.7634879034417
651.0560378765601 -1477.9550181059217
668.8705741688469 -1479.8608566385683
687.6219334685593 -1483.3748941562144
705.2136313172913 -1483.9550984461355
723.7547206055477 -1486.1319269840028
742.4015836340345 -1488.089005610107
760.6967428670024 -1488.9340030342291
780.4660039453355 -1492.222777163517
800.839194894907 -1496.1502544597843
820.8780501465737 -1498.9463722186858
840.5544556669781 -1500.62260647319
859.840532680985 -1501.1909466683044
879.7192364084124 -1502.3897846740704
901.2396251376364 -1505.9190343712949
921.863948901648 -1507.4667026888055
943.1296226296741 -1509.6047545362358
963.9819863560014 -1510.6299116531281
986.031621768179 -1513.068947825318
1009.3233555636842 -1516.888382153962
1032.7775733690405 -1520.3994488113826
1055.8207054658812 -1522.777606188615
1080.7359288512464 -1527.301820888731
1104.0771448187006 -1529.0551521410162
1126.9568558177457 -1529.6954746371516
1152.35232066693 -1533.2345316531132
1177.3091935684 -1535.6327890284592
1201.800453026642 -1536.9048998246308
1227.6698731065255 -1539.4114728254456
1254.3271373951266 -1542.3383002422484
1281.1516337207213 -1544.8946538242426
1308.1387008362797 -1547.0776125890939
1338.5483891853642 -1552.671314158044
1367.8630251141788 -1556.320900240528
1397.5776584191817 -1560.7055099177285
1426.4042311962712 -1562.9545640310132
1456.758635777975 -1566.2615608787353
1489.364971983307 -1571.3105931766524
1522.1948502530872 -1575.8819238328047
1554.5406340922084 -1579.2591354670692
1588.5006661960201 -1583.576532250589
1624.823540535471 -1589.4896860696444
1660.6762877319263 -1594.1638144698018
1696.7602049651746 -1598.300912483797
1735.2713843961192 -1603.9333597428465
1772.556555624193 -1607.635610800438
1812.3053776044708 -1612.769425028239
1854.5667098007111 -1619.2672166442956
1893.3125388577425 -1621.8559215306548
1939.9259931171223 -1630.289281455456
1982.2349948952542 -1634.1681140606715
1112.700146893163 -899.8107484932224
1121.1445510748363 -889.2670552737259
1126.3318471794873 -876.1880905543308
2177.6732406464703 -1661.282714342234
2222.8860977651498 -1662.8149014133908
2291.7040306358986 -1680.7904794968279
1115.5739757512824 -802.1039238318668
1090.4002646057452 -768.4941528389928
1077.8590319397845 -744.5266330131051
1115.4796415384058 -755.0590502161733
1180.060448855885 -782.6323128047086
1085.0918492983708 -704.9905521255173
1071.4505469195192 -681.8311561566126
1074.444349096533 -669.5710124359684
1089.253523792977 -664.6072230307028
1151.282878521287 -687.6254311932763
1321.7548723891616 -772.6092526727281
1296.871250128354 -741.7283603790008
1239.2353226820962 -693.3223024084837
1230.8112836199796 -673.4334296081076
1229.177614975547 -657.5396496356904
1232.671323803712 -644.5171894309755
1236.028945102578 -631.4874874996401
1237.3574667758187 -617.7665411902206
1237.7238083554455 -603.463979231646
1237.0280719188254 -588.7797120186746
1241.6077976326042 -576.68975789233
1246.0696080722653 -564.5657905316534
1249.4985555861274 -552.0048546780918
1250.964652426842 -538.6385043594549
1251.3679997758798 -524.9067813782881
1248.846818198795 -510.08099815102514
1248.016619776609 -496.0882146971111
1242.3705953150723 -480.35331152858004
1229.987402323074 -462.3061649237835
1189.19604302672 -434.24505898120674
1246.0115103056032 -441.7457596694613
1248.2226865477924 -429.34848874476296
1251.2596883757092 -417.2651342323282
1254.179894508709 -405.16267376218616
1256.0287854247315 -392.74379713048796
1256.7979819778002 -380.03661994145875
1250.7203597356747 -365.38689322780084
1232.9294688868893 -347.6290044721431
1081.748955553008 -294.0411487529869
990.6295587136451 -259.28570612898943
965.8729649475816 -243.11605373435899
956.4542614789852 -231.19525448998505
950.7944584856928 -220.3767177196774
946.9689419185104 -210.11859280353286
943.035074583579 -199.9521145303131
938.9942437789006 -189.87840885706464
935.8298313868233 -180.08755283614073
934.5321707860488 -170.73260311351018
932.1562113274515 -161.24762845899915
926.7240644698289 -151.33905091720484
922.1769883951749 -141.69898402742842
920.5004260252375 -132.58569186513375
920.7164385339928 -123.78303524021496
920.8483827120598 -114.98806919234654
922.8832541138411 -106.43072524533258
923.8440798366521 -97.74004374241754
924.723068283109 -89.04070409128855
926.5051399799487 -80.54952259781369
933.2032850477141 -72.30234281235178
936.8346386461433 -63.73272183698246
938.3905022544407 -54.984227544438156
944.8585532690878 -46.457661523653826
950.2494814660511 -37.774633995592914
953.5611362123205 -28.93370880941945
963.7887482375858 -20.180405611079067
962.9359048843667 -11.110494342104158
961.9977978173496 -2.0583961158959667
961.9746601844128 6.982346531331205
959.8668380076507 15.989161741452753
954.67588428926 24.87882546502952
852.464012032621 30.23422215383631
820.1744110997436 36.80944684708987
810.8055041366196 44.02765564690265
810.3559362210729 51.64548994121724
807.8401303751624 59.11280534233441
808.2455299790121 66.78445379686674
808.5779972495616 74.46893556301214
801.8731678287913 81.45810405490032
797.0966863625442 88.54870179653554
797.2221291037437 96.15548277292278
798.2665456642641 103.90150178531326
798.2452284299253 111.53723722979848
801.1179122539194 119.62479118444271
806.8715463640862 128.24705715153212
815.4915166463124 137.4866767286824
819.0858244631031 146.0219578131953
822.5912965194826 154.6368613571701
826.9877601102188 163.5244465756822
836.1850048769112 173.52417012912088
854.0610668629557 185.62245033645527
869.8315657687592 197.62855864542627
889.3423728410402 210.86996910292427
924.2122115336571 228.33262590367306
979.1679178417274 251.69662029811983
1053.0837010530377 281.27338760792264
0 0
0 0
2656.9879231716664 790.1893292875542
2572.8430906213684 792.0495129989567
2483.1958700559026 790.5531423865881
2442.2669426168777 803.3512189576912
2382.385708813256 809.0082412697411
2312.243243482134 809.9575192386455
2288.3943039532437 826.2811323238299
2212.896304508325 823.0497831197079
2168.494451162725 830.2504533431298
2148.3519162478615 846.2062656079434
2084.5406273450867 844.2105027466503
2039.4342855583188 848.7572060897212
1918.1152776536658 819.8962017423917
1851.5731807472152 812.5027731261232
1831.856858478556 824.8523807597793
1824.784802749722 842.7694961575543
1816.6337046585227 860.198804404337
1805.6171570519614 876.2395118685259
1806.1009346850262 897.9356400822245
1916.8349198118178 975.9840624672221
1912.7249096443888 997.0618937788486
1904.8573776980106 1016.2673716249373
1886.2643810227958 1029.6638698549589
1986.333732009377 1109.1002231907185
1947.8367346933273 1112.1965001649828
1903.4196821995338 1111.1298364347103
1227.1609318475953 732.2001415917244
1196.1889485704453 729.3373700270217
1180.6646076878972 735.467255663489
1163.4459252875718 740.2935761789009
1147.082472550658 745.4031131992065
1137.3947058291078 754.6908527018976
1128.4623929106233 764.4224144976587
1115.3355519750003 771.2085363250474
1107.0849467501596 781.2732688881631
1098.7439308171345 791.250765871675
1093.5368129248334 803.5087048552728
1092.1961968417816 818.73833891198
1087.486166628283 831.5857366454301
1086.5725354917863 847.4928466452983
1087.2784923786924 864.3763532227835
1090.3234359415753 882.9517569134553
1096.2067107230769 904.1967968123379
1101.0287959438522 924.9754539999595
1379.106000148045 1179.954084003128
1354.0897955234436 1179.854578182955
1329.1885865914708 1179.4009925699434
963.8363608261767 870.8733946730443
944.909180453016 869.3691049810833
929.7372057737242 871.0136211334859
912.442184800412 870.3851213093265
916.037520708288 889.7214511602004
929.3118590778153 919.0367068715673
1023.8709948465231 1030.9690518691582
1020.1229464616146 1045.882485799659
1015.4970317816136 1060.0895143537325
1012.0679334499586 1075.7543855742956
1080.3728223950334 1169.2983214860908
1357.3966034664093 1495.9526934023868
1340.5317385794685 1504.3934518140886
1319.0156214715114 1507.3840885169654
1296.2517197276484 1508.5928805025942
1273.5739254737832 1509.514642642892
1253.537285539212 1513.2314012612162
1229.1208699837973 1511.2795528856575
1187.3718217189207 1487.1305110809512
1143.0758365891206 1458.4192236137324
364.02642236124854 473.17413689134565
350.7079498317107 464.465212825286
343.5305108928307 463.59010783849857
334.04514960391646 459.3885479918901
327.5678359576518 459.1245069107299
319.9757420432668 457.1427834975204
314.14434008455663 457.53506269229075
310.566289275824 461.17738449044225
307.49912972620024 465.6267660021591
307.09455541103887 474.25513601530594
306.5591144069466 482.9135630462543
307.4771702075686 494.14753849548407
305.6140073213803 501.1677149707145
810.5764889072511 1357.397051577317
797.7650744434155 1364.965891880926
785.8758855733722 1374.1499526886678
773.3961457852379 1382.3582754425638
764.6716274208424 1397.4713958495038
763.278626630162 1426.6498302420164
781.7936643412663 1494.9139327720027
798.6334490929955 1562.7570553319622
780.316475246461 1563.0467678412374
761.626889901743 1562.2318907827348
746.0303026171 1567.5250516585177
729.1379523067856 1569.9423067443809
712.6790419886761 1573.0917274940145
696.2255841679313 1576.0707268235215
681.3611275541467 1582.5536369608906
30.943067377150054 73.77348155870882
30.625449579063332 74.98721116350607
30.28769263675338 76.20141517545166
29.20856121548575 75.55038022221477
28.848009498928246 76.7580116206103
28.124302805593754 77.02612278765737
27.732227993924027 78.22994011561696
26.669479706504124 77.5418522617584
25.938492173967482 77.78942488372715
24.89782634864824 77.07851998522389
24.171278063791387 77.30943873009865
23.15317393011646 76.57630532326417
21.59025103735381 73.9111700634217
20.622313399561392 73.14861714380027
20.45749293812902 75.2694558415723
19.74816782394246 75.45866330380763
19.5252239480366 77.58070397836705
18.324332503723898 75.8170088983532
17.38417985634384 75.01193432196165
16.244234998534072 73.21970246670223
15.761780153945063 74.34760444277074
14.86316376004354 73.5124912041629
14.73744748347331 76.59508888742062
13.476826118144373 73.77923256432871
281.37081279403947 1626.8470935240416
265.62958412446926 1625.4383790343643
250.21308077128958 1626.8710502713298
234.935825090324 1629.1473715072952
219.63788149713986 1631.28023374632
204.1964655037408 1632.2771834084367
188.87050578799108 1634.1214557196745
173.63340266079967 1636.81625159345
158.26619487557244 1638.3735262630457
142.8850505306681 1639.7865295015838
127.72368977273423 1644.0461243745076
112.29065963054931 1645.172272973179
96.9652038203847 1648.150099125705
81.54437804814893 1649.9862164299254
66.09762693385632 1651.6779661040807
50.77934484325521 1658.222680503825
35.25912774979195 1660.625723608521
19.6982790599069 1662.8833325889336
4.093240483230622 1662.9949625246454
-11.519081059530166 1663.9601289608906
-27.132849617599742 1663.778773897428
-42.79560419404004 1665.4502503112085
-58.49211311741086 1666.974106788423
-74.1765397864278 1667.3508451868527
-89.9269999799861 1668.5784772298243
-105.89657457045034 1672.651163720112
-121.87792830565535 1675.5732662560363
-137.923422373284 1678.3423755482195
-153.94033850057713 1679.961717475231
-169.89917533988856 1680.4330603207097
-185.99031943251885 1681.746592408437
-202.35953818630378 1684.8915743468558
-218.9326631628124 1688.868700935759
-235.4603233561555 1691.692181256689
-251.91304606389755 1693.3646439036127
-268.2614185119931 1693.889255924936
-284.9731423572756 1696.2282594435867
-301.9272421209431 1699.3869307680463
-318.59730366869326 1700.4104675327774
-335.31309670970757 1701.270445042453
-352.0730163096722 1701.9660957805856
-368.8966140344836 1703.515273824656
-385.6473198046959 1702.877607089674
-403.799390546285 1707.9142402926586
-421.6024234598087 1710.8171721527744
-394.5280372097244 1538.2105278067247
-398.74864498946454 1495.7618520737406
-414.7383378734669 1498.671782311909
-419.7860368515543 1462.964006141117
-421.9173789001175 1419.6290802114668
-421.79824988678837 1371.608995447479
-427.7781585334403 1345.6410543238262
-430.18585122134647 1310.1836258360754
-438.3807459450427 1293.7458489149512
-428.82096405286967 1227.237784941764
-398.73479867138036 1107.4021673847735
-362.6007283633763 977.941568699454
-360.77820982192196 945.5067865000701
-363.8555800500924 927.1597040782191
-368.1152239795463 912.5498243243973
-355.6689432410412 858.2194374481395
-390.3930262743445 917.3888406975304
-464.2889217891165 1063.0314186814514
-484.1312529545744 1080.496612633577
-501.83940316791524 1092.2276380993435
-515.977276365732 1095.5767660343117
