-485.51753468609377 1011.5120975610414
-457.3847772261396 930.6815596979424
-455.38667780321975 904.8712470176885
-455.23171409774386 883.6289303093408
-452.3842413210221 858.0492399649353
-439.12489451864485 814.1218133756084
-507.1932288433542 919.3775223570854
-573.8494088275257 1017.3105995654912
-601.43850213893 1043.018565580153
-617.8868134492568 1048.4774130926824
-635.00765836502 1054.5739774040387
-644.9635984178426 1048.5146430622262
-656.4576504419008 1044.9015997577471
-678.7403279401957 1057.9983777055784
-672.8372501014632 1027.2653186377418
-677.5306668913853 1013.3672559451063
-680.8943706855925 997.821054081678
-683.4535404844619 981.4821740608711
-700.2448112811494 985.564916316438
-713.0657821224647 983.7490484702273
-1009.5031686989338 1365.32316774704
-1026.599183979308 1361.2931776267076
-1025.419710016305 1333.281072508748
-1036.7626287113437 1321.9392012144676
-1042.9864707234303 1304.2542780791955
-1054.0242080278206 1292.771042718441
-1059.824363128771 1275.043653887464
-1067.32331034623 1259.6118256000793
-1006.6442847488534 1165.4472463318405
-891.4203248618899 1012.5071873439333
-879.5944223306774 980.2054132704848
-884.1110425569263 966.6683321744355
-909.5879536307632 975.8103066732799
-1130.9193459275107 1190.455976929383
-1135.8793461406983 1173.2293514104476
-1138.5080416349463 1153.880600033019
-1138.0367070390432 1131.767402530984
-1142.9753342389743 1115.3548248523
-1152.0393992433549 1103.1002776679056
-1160.9740045237847 1090.7742024910594
-1171.984351526751 1080.4113474859569
-1237.5639927057243 1119.8197908405914
-1248.1338987001384 1108.0265208538976
-1246.5258403341893 1085.6253172154484
-1246.1267247220876 1064.6544913413943
-1245.44282998198 1043.7898051075595
-1247.5660891264413 1025.574889153277
-1247.899553568684 1006.1588861621602
-1250.3309166820943 988.6903452491656
-1250.1730204808534 969.4283980066705
-1251.355068023523 951.469649401306
-1248.3009110411938 930.5878977795305
-1187.6409690798375 867.9573310728497
-1001.5324807121614 717.4654626381288
-966.5557054809282 678.6243940518681
-971.3037729862103 668.2888451730676
-967.6510901236772 652.334552037878
-966.2873210655151 638.1636256854742
-958.0253332129239 619.7325721004715
-963.0179000545489 610.079113045617
-962.8148488624671 597.2240507631493
-961.6003295310302 583.9090736114779
-963.6590008760336 572.7148767323971
-964.727673847645 561.0316526832618
-963.0542366646675 547.8964658055704
-967.3358638654535 538.2474584052179
-972.3995773718144 529.0444801026816
-974.7270239979442 518.3852126441409
-976.9399763447406 507.7295368791713
-985.2803080341621 500.2476532679656
-987.2949097639233 489.54342111221
-991.8955873805503 480.1532502597405
-997.3111380319873 471.14699824719526
-1000.8286139005138 461.244062940626
-1014.2813940571691 455.82590280659326
-1021.3088379611686 447.38490978396624
-1030.1066457864436 439.63655251423603
-1037.925530589728 431.37755267286633
-1043.8260538962795 422.25959930748917
-1055.2300551804703 415.26561456954465
-1070.3305250779938 409.52236457398254
-1084.39126241841 403.41614988818566
-1104.1339030565543 398.9540376047086
-1119.1690995399028 392.50035240117035
-1137.9666376508296 387.0864652679878
-1166.257414862442 384.48360469384636
-1754.7444822000293 560.210498106338
-1811.541474205863 559.5833157198746
-1844.5231167470786 550.780783783933
-1848.6718544650012 533.0932137149503
-1836.2730291530936 510.82028386206633
-1831.3473187107147 490.9001917407205
-1831.0515798159674 472.3675603314116
-1849.981803397393 458.69742434259405
-1907.7291071982734 453.97208454758345
-1955.7972056335227 445.9745401209619
-2048.8233276952087 446.9138304997201
-2060.7767437896 429.21348098112253
-1948.007356811788 386.60488590698225
-1917.1717263433063 361.73688187662947
-1900.8089020989248 340.1272081170221
-1890.1266760851372 319.85957598819954
-1883.1825238582126 300.4539595928337
-1886.9198241779357 282.8384293626102
-1888.511662059305 264.9013066521199
-1892.9078039828134 247.34802530233097
-1952.7345173925305 236.46755503400684
-1989.6609381061598 221.93096082907476
-1998.6282794802946 203.87741528093974
-2011.414439504483 186.04287826430348
-1075.3029189725569 89.24478947870789
-1053.1582443372472 77.41906990197599
-1047.8534587338336 67.10535760684068
-1051.434969513053 57.3890659018371
-1925.040419534319 86.88143161304933
-1922.7757348400683 68.62560389705406
-1916.3395783695344 50.31521017023348
-650.9078707430892 10.951885896859487
-644.9823491897289 4.771711820579207
-628.9987067512423 -1.2755019658077504
-628.9587418956505 -7.2042343826729605
-628.8649087950903 -13.035585377834519
-626.7171221093666 -18.832122953961935
-2086.3833418407717 -82.14956414573021
-2058.559682547844 -100.26481630421902
-1140.0808956325272 -66.17817928694163
-1136.421859247967 -76.59215249223777
-1129.6767951329323 -86.71411960105974
-1128.8201501649876 -97.2320347493292
-1126.8701114370774 -107.64642097993139
-1121.840469530707 -117.71984082185507
-1112.7471866449093 -127.25446402322986
-1092.6576522374426 -135.2784351142487
-1073.5080515905436 -143.07153165558404
-1060.2493916585593 -151.36785486904023
-1064.7251975512597 -162.13961175305445
-1066.1303388966899 -172.52854976504332
-1069.4053199021641 -183.29555849760766
-1071.5877843762585 -193.96035774245604
-1071.699398731437 -204.30711871757308
-1072.6915886493064 -214.86915935291313
-1074.5583970420553 -225.67288571383335
-1081.2001423495146 -237.6031400958106
-1083.8134996676574 -248.78162701080814
-1084.3669456098876 -259.56372487056603
-1083.8429971782048 -270.13581300480314
-1089.9921653977303 -282.4766881913744
-1095.0390756803222 -294.69547457194807
-1094.1731805600934 -305.41946719718027
-1094.162984022698 -316.4306628545106
-1099.79037668185 -329.1885893496227
-1104.3189954276336 -341.7829082000774
-1104.8977620378796 -353.27175862738426
-1106.3076067804366 -365.11433713255235
-1109.4856092079842 -377.6581562211896
-1112.525345966531 -390.2926524827885
-1111.6634310970294 -401.6570875281308
-1109.7488014946364 -412.69068026939766
-1113.328919853888 -425.86701705693895
-1115.8285826614112 -438.7796418657392
-1116.329360898412 -451.0263384727581
-1117.6415151416156 -463.6566009795977
-1123.4086517142346 -478.3241591782771
-1124.4169105006763 -491.1370596687996
-1125.28360777491 -504.0097241850422
-1130.5517407461107 -519.0267444900496
-1132.0175908068254 -532.4820880592237
-1132.4295932444345 -545.5751243818255
-1138.0765585387082 -561.3757626623102
-1140.8487498618529 -575.975806730324
-1147.889532258217 -592.9701693441347
-1151.1753641090836 -608.2756620713333
-1154.2751651586632 -623.6929076860993
-1158.9378084048915 -640.1868135549709
-1166.8759689816673 -658.787122683113
-1170.2364208557392 -675.0908970670167
-1177.7014933725447 -694.052009944556
-1186.6276860880612 -714.2406699490679
-1191.0194357707228 -732.0359988527811
-1198.5702460690443 -752.0999702419825
-1226.0596664586035 -785.3112085558298
-1273.1213692710126 -832.227720702394
-1248.7002398660989 -832.91578863553
-1139.225024228212 -775.2743670290084
-1103.225551679645 -765.8605500488603
-1075.6629529604145 -761.6253748585858
-1029.6290739958429 -743.4809815876011
-1016.2386979877891 -748.2666026972493
-994.0518655514796 -746.2639537011171
-974.3734977995111 -745.7380818933322
-957.1570065817089 -746.7572997644834
-947.0506692520679 -753.1235156793407
-937.6857783755436 -759.996303301701
-922.8781641413137 -762.3023639942083
-910.4043807547631 -766.331431889973
-901.7309758717222 -773.4502228026258
-891.4980882185235 -779.157980580779
-880.4904018911126 -784.0775804584817
-866.5061313906037 -786.1724519865154
-855.4967827949648 -790.7909044921196
-849.5726766349455 -800.0720387035997
-840.674728143596 -806.5302235258707
-832.9270154142938 -814.5290584092361
-825.8114419914468 -823.1594391586644
-817.9054561178184 -831.015442006166
-809.9247389676505 -838.7955157296584
-801.870019731799 -846.4989494708923
-794.4227736716841 -854.8575651368994
-791.6048820501111 -868.3240816160921
-787.2684179402447 -880.3234849269126
-783.4339776072857 -893.070659427588
-780.7318379188351 -907.3405078909889
-781.0527693671083 -925.4607346959517
-796.4009428506677 -962.1572315513548
-822.4610215815641 -1013.204257777774
-850.7287060034848 -1068.7453713498069
-836.7824347328198 -1072.0984828468952
-801.5800000269165 -1047.4877104562365
-751.9243072600827 -1002.306757510616
-723.3516780188002 -983.6683129527889
-725.6100893672136 -1006.7626325050529
-726.9151083487176 -1029.1717180599028
-738.1005169028381 -1066.497363779097
-799.7057876655996 -1179.4471811718163
-834.3159522410797 -1256.17709413763
-824.4516204208528 -1267.447642147568
-820.89467530829 -1288.765274225876
-848.7536292673987 -1361.04124728291
-836.7472199349534 -1370.799069860761
-817.4520933945635 -1368.4327075179276
-803.3252330018806 -1374.4571910476056
-784.6910513288267 -1372.5235713693446
-768.607757643342 -1374.724377790135
-752.5543547006625 -1376.7436011186212
-734.1766886434432 -1374.1719651675871
-719.1568642653529 -1377.5809974662197
-703.684835562254 -1379.937916067141
-685.5591822227123 -1376.754374487376
-668.8706434509844 -1376.0494403652312
-654.4013073968204 -1379.6694998721007
-637.8245092678812 -1378.6010646220996
-621.3116194699262 -1376.252837058532
-606.546153794514 -1378.4548463105643
-591.4013456522722 -1379.5816207679347
-575.5199580807292 -1378.69966919948
-558.9566346128587 -1375.7879490031403
-544.3392575905842 -1377.336477642893
-529.3846614667295 -1377.7982001017988
-513.7714541028432 -1376.226686614182
-498.5773949209945 -1375.4234189055364
-484.10919912711296 -1376.3427201538523
-469.3461464675169 -1376.1650318170753
-454.6306687679697 -1375.8313686697177
-439.9643942039435 -1375.3426234334327
-425.6445247123417 -1375.6550216469261
-411.64528817672004 -1376.7778167598087
-397.94074306952984 -1378.7197557898671
-383.96851772841916 -1379.5623137044013
-370.0164936190977 -1380.264030702035
-355.83637403990366 -1379.85704872285
-341.6977684569379 -1379.305490104186
-327.3709472272056 -1377.63720293536
-313.32904232686275 -1376.7966121524744
-299.75822207392486 -1377.7681257378108
-286.4006769005771 -1379.5853189530872
-273.0357553318499 -1381.273136027182
-259.4801572535022 -1381.8487789883877
-245.58811019051922 -1380.3226000225634
-231.41730024462177 -1376.6851612287724
-217.96374064312934 -1376.8543161006012
-204.52803449920683 -1376.8922554448084
-191.248949476875 -1377.7898385907743
-178.09939788423313 -1379.5512330005267
-164.93364485696532 -1381.1871317074294
-151.53469555764002 -1380.7093235153636
-138.35910536447608 -1382.091805186161
-124.99069713237603 -1381.3566974646203
-111.81013985839101 -1382.4859827950688
-98.5483087081455 -1382.4920364511197
-85.35812570061721 -1383.369072365317
-72.16017779264703 -1384.120265273554
-59.323611423048746 -1384.729832540531
-46.13324173337091 -1385.2320108946265
-32.9386876698486 -1385.608546038378
-19.712659501767103 -1383.8596066998152
-6.537093854715436 -1384.9845726230797
6.653307970418431 -1384.9840192193737
19.828779175127966 -1383.8579477375645
33.00725570386003 -1383.6063461371157
46.2161074415954 -1384.228691876074
59.35403225475359 -1382.7266898614134
72.57234137599583 -1383.09734121182
85.8649961661918 -1384.3396268377858
99.04506523104527 -1383.4590977160756
112.45886769843843 -1385.4432514816278
125.55784681993985 -1383.3134955974153
138.926093217516 -1384.0449922684297
152.10094991465473 -1382.659141305282
165.26201076279975 -1381.1478804960157
178.66459975956167 -1381.494828362653
192.08876349083957 -1381.7115860195138
205.68036083515753 -1382.786892173454
219.77943682221007 -1386.6913856911754
233.6395788650345 -1388.4799412262928
247.3783409782534 -1389.1454050655918
260.5968537969783 -1386.7264617764804
274.3738527220331 -1387.1247200387095
287.7752717260173 -1385.4278736127035
301.3819283244998 -1384.57861217029
315.22045821570583 -1384.570714236828
329.7798997955043 -1387.3432227429762
344.4206154115927 -1389.9634670305188
358.891270013207 -1391.461841484813
372.12678653799975 -1387.9807832750791
386.1329941846936 -1387.2639657981329
399.88191742596615 -1385.4452180132323
414.77696385895166 -1387.3226265912158
429.7438840196976 -1389.0414659568896
444.17171459819946 -1388.6956066578794
458.00442224448847 -1386.3015361762
472.4772203288264 -1385.6627570481735
488.6195998529538 -1390.656998198887
503.6702908210768 -1390.5960010528622
518.4152482794168 -1389.436803295274
533.1843462625931 -1388.122275918275
549.078524965315 -1389.441892783543
565.0471293155848 -1390.583597505816
580.3175277255366 -1389.7005314147798
595.623001351176 -1388.6519507282655
612.5738113708462 -1391.0978849896203
627.9792209458668 -1389.7003626898218
643.4141944281555 -1388.1347825079406
659.7353918349263 -1388.2068335663876
677.4308743989201 -1390.7898512755673
692.5574691213267 -1387.791465589936
708.143970696694 -1385.5208828328498
726.5324948041743 -1388.3945887223927
742.6805544162496 -1386.6342683245543
758.8616646432093 -1384.6912919257265
778.0078345571667 -1387.7985478331027
794.7965144754113 -1386.3269818400483
812.1341835251008 -1385.5230304653971
830.04345042985 -1385.371022650073
848.0244417742788 -1385.0020022200051
867.6657073582268 -1386.9579014067256
885.2684497157529 -1385.2926665285813
903.465542455043 -1384.2539556007832
922.8332172046428 -1384.6569442369937
941.7290328102825 -1383.9878716095059
962.4082259824602 -1385.5466093067002
981.4686962015583 -1384.3873007133564
1001.1814777439749 -1383.798991408214
1020.9730791509953 -1382.9587743851714
1040.238828963568 -1381.0663194490353
1060.1713066938553 -1379.7234507186733
1081.407283079263 -1379.6982598028915
1103.3644658023322 -1380.1724006821519
1124.7980157611048 -1379.5758129729159
1145.6819998319343 -1377.9248002924905
1165.9908105382165 -1375.2361359928095
1189.6231639962245 -1376.0660331843133
1214.2285351041357 -1378.4839732615192
1238.5629176862503 -1379.5933817369967
1262.350729065831 -1379.6269919173676
1286.2489070778713 -1379.3330812537565
1310.2533752411562 -1378.7095751713478
1335.0557316733934 -1378.4727756927302
1360.6721212683417 -1378.6008771225672
1382.8633199773153 -1374.8414593186071
1409.3989895361904 -1374.974722783792
1436.7819205368542 -1375.4194679509335
1464.2979342488777 -1375.468123859826
1491.2066683453315 -1374.440494267546
1520.4506451912123 -1375.0381214852284
1552.8297045538557 -1377.8591759157339
1583.1335580531754 -1378.2195533970244
1613.5814590032646 -1378.1287585566508
1643.4010609103498 -1376.941884394086
1674.1134775363091 -1375.9480601866067
1705.7309113414178 -1375.1229247214142
1739.0495291266996 -1375.0620841417322
1774.0981116659038 -1375.7183178919565
1811.7005577687987 -1377.6491167856288
1844.6857325464575 -1375.4037764015113
1880.2104943281274 -1374.4269704201745
1916.6924822670285 -1373.4824092142778
1953.322547849024 -1371.9693961836747
1992.5643317010197 -1371.5860833476215
2034.4582030500717 -1372.259385117214
2078.2088707522335 -1373.3640775579966
2117.1227250995835 -1370.5018667870957
2169.6788625763015 -1375.5924662812045
1198.7658159744997 -744.2321670359272
1203.1844099782788 -731.3079211831501
1205.7471953365382 -717.3441997661037
2348.9000344902083 -1367.5498630660227
2414.7276061689163 -1375.475040851609
2458.19765997102 -1369.6204819266543
1170.5368714018266 -637.7557782480875
1158.8616124300336 -617.2590730285483
1156.6621264644014 -602.1201916584838
1163.9777306014855 -592.2768294166298
1147.0975326487874 -570.2001846641791
1147.8996347124628 -557.227447840641
1141.3303472140822 -540.8641590345794
1135.4637206785392 -525.093457417676
1152.19116900135 -519.7610124617873
1338.2594832089371 -588.6472250859156
1395.19391562868 -598.1286966804983
1352.7618424425752 -564.9702626080147
1290.3815593273096 -524.7517807001906
1291.5296054454625 -511.1480003461699
1290.6698183064705 -496.8505007673262
1285.9096463281983 -481.21240786173394
1286.6093644344314 -467.7577827782544
1289.9990820657229 -455.3310534870123
1288.5386405680908 -441.26202166392767
1286.9282512183067 -427.2606654212283
1283.2651029475737 -412.71621673609235
1284.2170257471457 -399.76446913295695
1285.9966840911059 -387.1195274158623
1285.7318450692162 -373.91793561543557
1284.3700277739001 -360.48527259247476
1282.869754042417 -347.11121296084406
1281.23200489953 -333.7971683839316
1277.5177335177657 -320.0584955092289
1254.2138642086902 -301.7409200401982
1179.037244584743 -271.97642523207236
1272.3498932456437 -280.9532864335263
1271.994910837319 -268.3820910641416
1273.476999487424 -256.23686654442804
1274.8432466188856 -244.08747724989743
1275.1098237005733 -231.75620272668647
1276.2429210862942 -219.61103427906994
1276.273389033267 -207.3046947021198
1266.3002057889385 -193.50656014433326
1205.696659360094 -172.6834259791887
1033.8065298814363 -138.1776348563799
975.5145392613116 -121.08007139819054
965.6793105655353 -110.66828428087463
957.7245852396471 -100.66091012675024
949.6577030602776 -90.91890352549103
945.487561883864 -81.57371097912903
939.2319740572239 -72.16161658783959
933.8813522880571 -62.94140011653638
927.4425993103373 -53.770112371885645
924.909865022583 -44.91927853280102
923.2921880638407 -36.15985979349642
920.5921819978131 -27.405007653811392
917.8094353562294 -18.704020184956097
916.9446005282497 -10.079660812182674
915.998815359354 -1.4731803216958153
913.9723694735583 7.10688672271603
913.8654386816559 15.683111399992386
914.6776827269651 24.284495490524623
913.4101748897716 32.830662616474704
916.0588028172858 41.53636696873024
919.6227189908444 50.3493268662683
920.1077084603573 59.04070487240131
920.5104735537443 67.74561297871192
922.8239433737023 76.62877746780131
926.0472419500837 85.6534043494073
929.1820809017823 94.74524014974878
935.2090208265466 104.23572978903108
934.1897169821158 113.006958568375
933.0881505246801 121.76823621302813
929.9237501911482 130.24138678020537
925.6936801392773 138.51790696585527
920.4028710981954 146.5692835289805
829.2575549880195 140.0460906105269
787.5451877842389 140.61499634778625
781.2773156929698 147.07398132772357
783.7866415343666 155.17570864113466
781.3169000069273 162.32036767936802
778.7821749976624 169.43235790695428
776.1828619703302 176.51108968998872
766.7084994203375 181.93976178014083
762.0551424083448 188.40636913065723
758.316669646475 195.05083577436633
757.4190587527986 202.41632700457876
755.4862753155604 209.51488684535337
757.3556382965961 217.61534215297294
759.0825498534572 225.959470941082
765.4972590959837 235.82821357194788
771.7920655922692 245.83939368786804
775.1151523839304 255.05391693686332
777.3853373360681 264.0322656322284
780.4981544854279 273.4074447502136
788.2052920992813 284.56355618154356
804.2055123668965 299.0275804649085
816.2642603163167 312.3918330082531
831.8620207415271 327.4775999176482
863.9301328029647 349.64085235431463
919.6554205996225 382.42634240037836
972.0702829681825 415.12451742839477
0 0
2559.9927869989856 1151.3843539466593
2483.5313260035896 1145.5553905241131
2382.1063127119132 1126.4077924704056
2350.572771597573 1139.01345269672
2270.6482277350424 1127.1120733466178
0 0
0 0
2121.012678213251 1129.4751962122282
2084.693832807543 1135.7498067154559
2010.0144241204891 1120.019202883405
1947.9936098144237 1109.9031021319702
1891.5371025575905 1101.7297262251006
1878.381000550193 1118.1595667757156
1742.909234512313 1060.126124690691
1702.1562665192762 1057.6767201508972
1684.4073015295426 1069.0168579372194
1672.4716260886883 1083.9223495842584
1664.5747489802711 1101.4567195569998
1654.0093729825787 1117.2595911809287
1663.0530209437215 1146.5839042695316
1749.3821438320604 1230.8465033632522
1735.1436594779407 1245.7016018989057
1727.2350566622397 1265.1245231347743
1703.8930316051897 1273.1368884952142
1823.717499468939 1389.9293083213838
1731.7831031713345 1345.4279183851743
1712.472132472051 1355.4686257920637
1104.6160823864063 890.721230539223
1074.0959655627125 882.2799197317731
1056.8593146545156 884.2694097547351
1040.4365709745246 886.6683380942239
1024.8129333293527 889.4984270255276
1009.9732128481985 892.7811094154533
999.6178891479399 899.8828122013538
989.2169495874514 906.8703472100616
978.7716111725721 913.7434722955056
971.1821427114945 923.2579518630263
964.9375496253219 934.1009181684168
959.2882112234406 945.6083374250313
953.5093587020384 957.0898091964136
952.4963565641067 973.5474773898303
946.4130082852903 985.0169631779886
948.4351459474308 1005.1839502955047
950.1687560090309 1025.4673739833222
949.5929256722831 1043.6447075097703
1204.6118583596822 1348.248593805769
1178.504607330869 1343.3152610239765
1161.7237649623546 1348.6281525764216
1126.2164899606037 1331.6052034070824
813.8642221064144 980.1535736684946
801.7962314904194 983.6075452983074
786.608739810846 983.0196795859138
773.3512304387025 984.5973158499595
772.3409280234097 1001.855523965376
791.5947235010303 1046.2895362782367
859.5814086951863 1157.7926419811101
854.3614357028537 1172.8032815369158
848.939664163154 1187.813725552349
839.8712270524344 1197.9087285638411
888.4863817056057 1291.9814044806067
1117.1863422634835 1656.4717554670042
1100.486038886052 1664.017871964387
1080.4765357108065 1666.3632424469686
1057.296636978497 1663.4196167635996
1036.9031169122143 1664.437720714637
1015.1755577780242 1663.7366338727045
994.3786757164729 1664.6116812278935
943.370568977743 1613.4475416283633
913.2789005958846 1596.1963067637928
789.8144402203754 1410.986233107671
771.2468171369046 1408.6924245754267
270.91086789350874 506.0467386093758
265.68307014179226 507.68248565420447
260.4484827043165 509.2647522232609
252.5259566843627 505.42619758046516
243.82171291417933 499.6868742638689
235.24788084658334 493.829357731182
228.49219526991266 491.48277355441064
222.2145526477879 489.9639707075853
216.3901994235496 489.2854806689408
50.27440458212065 116.62540136656871
46.85366037846403 111.56045226306475
38.99014174000874 95.33503473064889
30.326585919933837 76.18594480900576
567.6415701028228 1465.9355537987344
23.253254275344258 61.76800276523585
28.511981686691918 77.94913020873129
27.444036694554278 77.27111264831093
26.39136991036471 76.57999473918953
26.304912382458788 78.72135405689593
25.87250226684316 79.9162913707349
24.821825685188376 79.2014960064147
24.07696607097206 79.4311003626241
23.048898999114304 78.69401663994937
21.764764094167077 76.98243334635022
21.303889020319378 78.14822014998113
20.061197216139217 76.4103943600291
18.118532984544146 71.74760457665458
21.687094013650178 89.40732606024575
14.955120605916312 64.28331329095053
16.525151744400898 74.18166457976339
16.036058684175117 75.31165130228982
15.726248075514714 77.418893827459
14.808674775204578 76.5813498927919
13.90823550886406 75.73348655007224
13.719939911661932 78.81474004791481
12.655798109006286 76.96642627941142
12.545518537733855 81.03462201194854
11.497678629147535 79.169459933366
11.830297629221576 87.20117004951271
208.35409963564794 1651.9120948661337
192.1602969158273 1647.8335535754882
176.59391359048138 1648.5686487625553
161.1278319661573 1650.1520601950251
145.5597375847194 1650.5942453535538
129.99752576474074 1650.889652064924
114.30428027411352 1649.0432169931196
98.83648716853406 1650.042529392556
83.20871514036851 1647.9005764076571
67.75300342313805 1648.6083617788502
52.19625926575882 1646.1726976592286
36.71347650564206 1644.5902591961528
21.290849092499045 1644.8622129968578
5.866349648820668 1644.9895397666812
-9.55866560264095 1644.972228310222
-24.98284039378013 1644.8102801496161
-40.42938073010595 1645.5034078280667
-55.857179114153894 1645.0519674288132
-71.28006617012569 1644.4558833142294
-86.69668581703978 1643.715207895924
-102.10568252498835 1642.830006298919
-117.50570143432034 1641.8003563559207
-133.05686525299288 1642.619819254914
-148.54363360205681 1642.2958895754134
-164.13543417283893 1642.8209151483595
-179.75012431967363 1643.197764362848
-195.50435267584385 1644.4190609710165
-211.04252997171153 1643.5054154286013
-226.85407008080418 1644.4261098899437
-242.55545482705398 1644.2052339454588
-258.1174062664524 1642.8464336578386
-273.6751886895201 1641.3402727940834
-289.40111619980695 1640.6715070184848
-304.7726611485684 1637.885717935296
-320.88599771009723 1638.8813796225752
-337.0739868071968 1640.7334114407197
-353.3932752258872 1641.3878862185868
-369.75490174740764 1641.880115183129
-385.24164714189806 1638.3155597464724
-401.64637715138326 1638.4899107779604
-417.84141960825707 1637.5312357508656
-434.31048412634294 1637.3791263412215
-451.3448334175125 1638.9898844554589
-468.7227712416794 1641.385988644816
-485.05140629473465 1639.763743120179
-501.39112123576274 1637.979225614887
-517.7403050488028 1636.0320829763616
-535.0294480960026 1636.7734998068875
-552.6982517577369 1638.2813075000097
-568.8000527021007 1634.8784358618493
-585.5618106504552 1633.2000385463382
-602.3424664940984 1631.3505304065725
-620.2059260903194 1632.1337596050298
-638.1376600448119 1632.7245103913065
-653.898794686699 1627.55410549305
-672.2899965121574 1628.7019864265174
-689.9803845662454 1627.8055992389927
-629.5219983342772 1446.992071026382
-631.7447954533957 1415.4146083100695
-641.7520387808516 1402.1120927802529
