-645.3340874660206 1375.101783707082
-642.4603916226762 1336.6127506484584
-638.6878045583711 1297.3025430902414
-636.4833414473084 1262.6499736902817
-639.1859683388143 1238.820930513677
-641.963628646373 1215.9390196449745
-635.3387598266752 1176.398597526324
-624.6428471123049 1130.9665395366185
-567.9125294388108 1005.7337415570843
-514.8814856609823 892.074579686889
-518.1868282129486 878.5683872451842
-517.1547753168833 858.227789323408
-515.2619631288294 837.1344631256229
-495.45651101674093 788.2156086320025
-541.213488863689 843.2626871100093
-644.4971005024144 983.6663496551972
-661.522892149489 989.1852521960562
-693.9295185784441 1016.770782057337
-694.9104403248775 997.8754831778786
-727.4525816916902 1023.8890278687895
-726.5080728859203 1002.4121009004162
-734.7353997301327 993.9114107320642
-744.673127173767 987.7403169179856
-747.2457577687795 971.956674701379
-746.5028777213745 952.2780337452433
-751.0753102404354 939.7312798599575
-767.4796698791525 941.912923959634
-780.7964658180006 940.0217438794275
-1106.8926540298444 1307.3475637544775
-1123.086244542235 1301.3985889496037
-1125.3963621740008 1279.4917068920474
-1125.3916884652235 1255.4240508821683
-1134.4770928455785 1241.807443128219
-1140.6803906614984 1225.2037570789323
-1148.7367983889192 1210.7703200967458
-1156.6227656132276 1196.2941854181224
-1091.3477460433196 1107.693593556524
-965.7053230810844 961.863934750055
-946.1233274182371 924.7592385670139
-952.6327789082901 913.7235843237651
-983.0485189701757 925.2651562393042
-1203.123442763805 1111.5475614980087
-1214.3650171781096 1100.7445684871716
-1216.54270163879 1081.8538972936196
-1219.225405590206 1063.67918582785
-1220.1538279692513 1044.2512322673997
-1223.1217080158967 1026.8311873819744
-1231.2731069304689 1013.8991745483327
-1249.4028097080516 1009.0731485346473
-1313.016767122232 1040.0057544340236
-1319.674126211504 1025.0371703542771
-1323.779269788159 1008.21845097138
-1319.6719201683723 985.431389351446
-1318.4800199227084 965.1768941829341
-1319.460827557467 946.7835679506508
-1317.758015296783 926.7334099519038
-1316.6177585886962 907.369096767615
-1316.8869644504286 889.2298481610568
-1315.2630908071317 870.0643665617336
-1318.4302644765369 854.27316340403
-1095.129278674041 694.9106870604845
-1038.8225683566475 645.427510626018
-1026.9625639581118 624.6213991119589
-1016.521259849687 605.1227381892083
-1017.0369260797537 592.4228987726973
-1013.0593668957309 577.292576727625
-1007.1400397594731 561.3180384713171
-1004.5220206386304 547.4226064496087
-1004.3793835633119 535.0383667298837
-1003.2056005504347 522.2446965017853
-1004.5540299442597 510.8817876209204
-1006.673059362033 499.98535134010154
-1006.8763732097215 488.2222537656774
-1006.9474671961871 476.50057534821906
-1009.6109185736296 466.07917041733566
-1014.9030010628803 456.88171164269556
-1018.2799269481934 446.8221014837804
-1020.6379098886314 436.3464872073177
-1029.351225450696 428.5569444813031
-1035.2278425073496 419.51437889252156
-1038.2344256199306 409.29851875819554
-1045.7194960561974 401.0869426545478
-1052.2509110811186 392.2971069597068
-1057.768972962563 383.0793649333315
-1072.6404954319366 377.109224972725
-1081.813364076284 368.956427381274
-1087.1293726114714 359.40885799516485
-1099.0278458882074 351.9286773798445
-1110.8809464191152 344.25647834568167
-1121.7281915610336 336.1054362208582
-1138.2830975245424 329.4489184834771
-1159.6264460417935 323.8556864414758
-1178.0666298079186 317.110415680426
-1200.3531373116598 311.05039100772
-1800.9504699887889 448.679623614846
-1866.3562434846979 446.4027020591235
-1882.1625288235352 431.5381965627086
-1881.248201155632 412.77258345086165
-1877.2116403856255 393.4468924781445
-1865.1337712685126 372.6660908557367
-1865.6039188639058 354.57441802763657
-1909.2004742822346 344.31605974814767
-1955.7225705813505 333.77421547907926
-2030.842445252205 326.99841369958597
-2090.1814497074906 316.4451094561156
-2082.1699100831474 295.25830309127116
-1983.7310830254398 262.32039615461736
-1942.4344908444166 238.32173375080976
-1922.7264156307153 217.5962560244592
-1914.7383433757527 198.49956273674178
-1909.5488265873962 179.85349281762328
-1912.1500239319193 161.99779621081382
-1912.5898176665717 143.9589849858308
-1921.840093520189 126.5174096253615
-1993.8307736028255 112.4626437282998
-2010.7813357133425 94.48502498738104
-2019.5743174585664 75.89846020681303
-2031.1936472145844 57.239562499327036
-1076.8100450869906 20.226883095355873
-1063.9530834532138 9.991807163794016
-1060 0.00000000000012981256070961943
-1066.9541347321967 -9.893148026248317
-1936.6639367053904 -36.08041386652506
-1929.2443534333677 -54.0020809364519
-1922.6588643773089 -71.82542190169949
-662.2772917397349 -30.94816385316037
-644.9854585309312 -36.19058280332666
-635.6378814653514 -41.63512514980547
-635.2205302692863 -47.58022619121002
-635.7440399661327 -53.605183028697766
-641.1885001366884 -60.11079181365017
-2070.0070551832773 -213.61599072039456
-2059.968193206822 -232.07766582810504
-1140.5234255010344 -139.31014278718774
-1134.2129214116392 -149.3219638997387
-1128.805527721129 -159.36775265474373
-1126.2762760609667 -169.7726420311617
-1124.6386177071165 -180.302466876708
-1116.9873137078428 -189.81133005102024
-1097.445966735561 -197.071941422036
-1075.9029667060581 -203.61190101048268
-1068.0662559319535 -212.4981716144844
-1065.0525036779522 -222.27722422534822
-1063.903254993031 -232.44540007329448
-1063.6317996558025 -242.83408895984638
-1063.2589111684495 -253.23800627252527
-1064.725439696719 -264.1377255573852
-1069.953883513108 -276.0863762579001
-1071.187652851945 -287.1202054498096
-1071.344839896131 -297.93327109930794
-1071.3932082969836 -308.7743402795907
-1072.2905063152575 -319.92822642925506
-1075.9391668455885 -332.0104053303469
-1079.4550255469017 -344.1886805540499
-1080.9368920499037 -355.83624802076434
-1080.401106609448 -366.89841759958557
-1084.471897966482 -379.6336425041599
-1086.5168878902898 -391.79848433754756
-1086.5537021186726 -403.3386324321123
-1084.600968363261 -414.20012002107904
-1087.1940284330788 -426.88774231576826
-1088.7535505658966 -439.1943830812884
-1089.1908600841266 -451.3360946226219
-1087.655291602389 -462.74179263312936
-1088.7506374632353 -475.35886383173545
-1093.354947272679 -489.6722978425033
-1094.1504131059805 -502.44489598364135
-1094.8018234781562 -515.2756226612164
-1096.208903617542 -528.5972376295836
-1100.1515034677202 -543.3191230002078
-1099.4512383279737 -555.9055446198438
-1104.827989791153 -571.7439225510316
-1106.468014328243 -585.8605066639285
-1106.180923641359 -599.1058038209529
-1109.2412405969997 -614.3353075958024
-1110.3717041483862 -628.6896520753372
-1110.4640902496826 -642.6184748868839
-1114.695955745622 -659.149395997868
-1116.1462832089571 -674.2651366330832
-1119.963247737652 -691.0414775662391
-1121.870277428424 -706.8826498243333
-1129.4645890929885 -726.6076946915762
-1132.6063588553602 -743.7928716251607
-1138.0158113960574 -762.7712717535796
-1145.6434241074373 -783.6103271393164
-1148.0580165220078 -801.2258050634374
-1154.3147301162808 -821.8555249169881
-1158.6653437180782 -841.4978438871175
-1232.6568814135815 -913.0788644491472
-1216.8273181353884 -919.2150335147039
-1133.6541331035378 -873.2635950829887
-1074.2668480474902 -843.7456602472755
-1055.349944576909 -845.0683371665959
-999.3202641064134 -815.7567098996415
-979.2993922235069 -814.8918335525705
-957.0965329152955 -811.7827459865852
-938.8227561284006 -811.5989357900081
-920.6381603871355 -811.1438698769725
-904.0343476399664 -811.7554424130338
-894.1410282530885 -818.2027997963032
-881.2812104511005 -821.8080238753105
-867.098593455257 -823.745123947884
-856.4449435244851 -829.0754240184311
-845.7679438346721 -834.2784817923034
-836.4796323225705 -840.772159808766
-823.6510843707897 -843.5875124815577
-813.6113157710665 -849.124623862289
-804.2254326368972 -855.27624397033
-796.1522127232292 -862.7964152544364
-787.3374594155439 -869.4991230594064
-778.4671005942038 -876.112420464665
-770.8563707519926 -884.1433456578558
-761.2132295165763 -889.8288707436639
-754.102958800417 -898.4752236586475
-748.8042637831285 -909.382303841573
-743.9952602278865 -921.0467158393429
-738.4117830239854 -931.9168625426512
-730.8485026158537 -940.3943142236476
-728.6467497196753 -955.9696198744774
-725.6175155320166 -970.7848480240839
-728.2850508054812 -993.6925504265681
-746.3404939392625 -1038.661093478762
-775.7060401461406 -1101.2216576515348
-777.2542715683162 -1125.7441082807434
-753.7510202957005 -1113.9499088393475
-704.0143597565192 -1061.8096728023427
-672.2148241185087 -1034.8348806622835
-660.849461155298 -1038.5754617218493
-663.7532548239654 -1065.108734688901
-670.3826886800475 -1098.6155154184337
-685.6706622707076 -1147.7912453496278
-762.1758132702034 -1303.5290674418825
-751.8783336064004 -1314.1061492334866
-744.3798210155081 -1329.8400964269802
-755.3799839533067 -1379.7572539554565
-761.7299775270999 -1422.9418264063236
-745.0783147098347 -1423.8354205978837
-726.2009272635081 -1420.0905651547794
-711.0355031922865 -1423.2742227694885
-694.1205995844853 -1422.7036210091246
-677.7095482552519 -1422.8442529678582
-661.1148710779904 -1421.812620298305
-642.9814952780281 -1418.035188819386
-627.4062685386223 -1419.5299835503447
-611.4656884524226 -1419.9386296053096
-593.6409196391318 -1415.5618879194249
-577.4673440533664 -1414.678573581982
-562.1030135474416 -1415.4749034019942
-544.9752164481172 -1411.4428835264032
-529.0296364221783 -1410.022568538184
-514.8726261591545 -1413.1249692903934
-499.3711896775637 -1412.3145594802932
-482.95917703339234 -1408.4997100884432
-466.9809408612244 -1405.4500349967498
-452.02378912710316 -1405.0802447060366
-437.11631109025075 -1404.5534274561617
-422.2601373158082 -1403.8704984556214
-407.17799637890204 -1402.0720663592379
-392.9778770291378 -1403.0029893644817
-378.5365933434923 -1402.8253802593904
-364.13454100221935 -1402.5002802313813
-349.77321637684025 -1402.0284223600463
-334.9885202589648 -1399.465502002357
-320.9551771016399 -1399.6727382826512
-307.16261512702124 -1400.716647958583
-293.3793760803457 -1401.6249647072884
-279.411260823373 -1401.4172638172734
-264.729181979271 -1397.1408161701477
-250.68457596527927 -1395.6651616247746
-236.69226479627375 -1394.0490564487359
-223.22759049859087 -1395.2556908467327
-209.61288897732425 -1395.3434834386048
-196.15596420063665 -1396.2889520828123
-182.4407522033049 -1395.1216333838036
-168.76568651890742 -1393.819982298217
-155.02134980293866 -1391.3908081862821
-141.33874287812353 -1388.826612562429
-127.81093985278096 -1387.1241341905738
-114.4107451808572 -1386.286832292351
-101.18364731518156 -1387.3149856885411
-87.82089295544283 -1386.2209386531817
-74.96417611199787 -1386.975620658074
-61.64907527987177 -1386.6302288343265
-48.38230327300599 -1387.1564990043478
-35.08580796463638 -1386.5561604491427
-21.8052272860416 -1385.8284641552877
-8.541780201980126 -1384.973659674068
4.699919290003585 -1382.9920139894762
17.92885402548796 -1382.8837826055133
31.15614822035414 -1382.6490134622277
44.348501452064504 -1381.2882430611492
57.6009739104664 -1381.7999594024332
70.76488094017382 -1380.1870639973129
84.02471747775381 -1380.445162566331
97.22566082759265 -1379.5782583371767
110.41770775574764 -1378.5851188134764
123.68902183330206 -1378.4618333047604
136.86917874905666 -1377.2156069071243
150.0368117496297 -1375.8433614041992
163.42654069357778 -1376.3312703695033
176.9667169782788 -1377.6805802078832
190.27385087159348 -1376.9153429584894
203.43616832812108 -1375.0322634091071
216.5798708025167 -1373.0233645365126
229.86901010943632 -1371.8750811175585
242.98130289809131 -1369.6134806732687
256.07136221347025 -1367.226556739642
269.7184460445275 -1367.6578372763142
282.78857519357683 -1365.0152459734604
296.6817030787869 -1366.1566407474184
310.4009088141725 -1366.1816408542957
323.68593039274504 -1364.1229484418855
337.92063224256333 -1365.8179403949805
351.4689326429192 -1364.4598159663212
365.0221255297791 -1362.9672952326193
378.5788777547848 -1361.3401607672963
391.86072323760095 -1358.6173757109484
405.98401670592744 -1358.639384891856
419.84802325204953 -1357.5598098689231
435.2513667113448 -1361.1014832759188
449.505933991611 -1360.6738827898216
463.07009986425555 -1359.287343651705
477.37736232965176 -1358.569414470672
491.0320976962237 -1355.8213300549767
505.7263777065352 -1355.7469641831499
520.8224522116117 -1356.4486622324796
535.6106697822271 -1356.05501747364
549.3101256674936 -1352.7225827342288
562.9947691009253 -1349.2519742305349
578.6326867436854 -1350.2389469393127
594.3407496691142 -1351.0496191046261
609.7056030398156 -1350.7712899013861
623.4388614226973 -1346.692238808842
639.2936373949184 -1346.9909595785616
655.2109000309027 -1347.1090069035595
669.8507205135543 -1344.3600753620558
684.4977410427122 -1341.4540031277345
700.5393321014454 -1341.049456276263
718.0499328054909 -1343.105838717869
733.2641200129585 -1340.562467884888
748.0068783730959 -1336.9778270063182
764.734298121349 -1336.7054474628462
781.0197273034481 -1335.3715533748828
797.3492894562643 -1333.8478588668165
814.2421201252919 -1332.9867853110434
831.7204765914631 -1332.7723169463227
847.1187518810935 -1328.9717153541749
865.2479437323258 -1329.1884726655517
882.3512063675716 -1327.5135963980524
898.3782212452795 -1323.977557057584
917.2648972947773 -1324.3663043851582
934.5090004523266 -1322.0642677546327
951.7925726692122 -1319.552916184767
970.8913710085824 -1319.2474922095078
988.2696009045231 -1316.2975332074486
1008.7199388025272 -1317.1048117223722
1026.1974503313168 -1313.700039176944
1044.3247800308334 -1310.8629805641594
1064.3828959646282 -1310.1271124505254
1083.8838461396617 -1308.3565294205912
1102.8023838063086 -1305.568038162364
1121.3835781310795 -1302.8660217758145
1142.2054687740704 -1301.9948798296427
1162.4435373061608 -1300.1003894219634
1184.0940009768415 -1299.4173297484745
1205.1538213104482 -1297.707697049233
1226.2860918046517 -1295.7154089716128
1246.7931392155665 -1292.7191760026587
1270.156028625338 -1292.3032395481757
1293.6211685652218 -1291.5604020873163
1317.184459642493 -1290.488705598121
1340.8417746995176 -1289.0862404124282
1364.5889593621796 -1287.3511455647383
1389.8895089482396 -1286.6402577704546
1414.5568416273366 -1284.8929690076502
1437.0743227430162 -1280.797560472654
1461.1451646451133 -1277.7072465295814
1489.0794482505014 -1277.5313682246642
1514.0789039192618 -1274.3649684084407
1541.4634653963196 -1272.7495373593222
1568.9510747142492 -1270.729524782124
1596.536523190257 -1268.3028542582272
1625.7922454583972 -1266.6967176902854
1655.1583667319003 -1264.65006268034
1686.2297637257636 -1263.3598790231372
1715.0048135411446 -1259.8184351448044
1743.8617557071498 -1255.845204227805
1774.4289045170333 -1252.5917382828616
1805.9107156482087 -1249.440869792154
1841.6278915134615 -1248.6119129656267
1879.9870792964784 -1248.878529592969
1915.1604557308317 -1246.3488391316746
1950.4515086384554 -1243.265021003154
1988.397775645203 -1241.213231402731
2025.6235153092475 -1238.0328647601427
2064.6803941087273 -1235.2857443454247
2105.5893593364344 -1232.9206989296522
2145.7673664652475 -1229.3947327904064
2188.680880061545 -1226.6853733753499
2232.608563081732 -1223.7544704940306
1233.9691359447606 -661.301876253002
1254.2196103743868 -657.2588294974222
1247.880004586353 -639.0614165739971
2408.392277177913 -1204.946322136296
2451.056593148039 -1197.6249735144668
2522.6753839512576 -1203.3843555599244
1216.6217335912816 -566.3881684439964
1193.6653080461685 -542.1108118890872
1172.1912123968418 -519.125959261933
1199.0527440529531 -517.5987992442439
1181.7410011854688 -497.0032254595193
1178.0309692695798 -482.4645431964655
1169.508190128091 -466.1883666752281
1155.190540540388 -447.9462189214308
1171.513508534255 -441.65608715578713
1253.548328207462 -459.17490006344775
1422.6894245243036 -506.018578064784
1390.5158948099624 -479.90264250246616
1321.944616532157 -442.37815364419646
1306.0673486864007 -423.4584757627079
1304.264602196326 -409.3688403599615
1306.1404085258102 -396.51258897546893
1305.0112351063124 -382.8128475460262
1300.853839705125 -368.3521246367838
1299.4346494009528 -354.79373153456726
1299.810180527475 -341.8032981074532
1301.9955077480672 -329.3276450646871
1301.1460441766746 -316.1328387298462
1296.2682904274359 -302.0753535665111
1295.1459056004367 -289.0087943409766
1293.8927589611437 -275.99008733633866
1293.4895678373234 -263.2199420560956
1294.924385343082 -250.86218575911627
1291.323804423357 -237.59594299900806
1281.6778766867683 -223.38939189607314
1226.4909763465207 -201.91306282793596
1261.933198396205 -195.58528264039825
1278.5594973013085 -185.87525887171068
1280.24985222514 -173.85141896892048
1279.8428824684222 -161.56174112369726
1279.3181685273648 -149.29508925543794
1276.6702642139696 -137.00013310881468
1275.9100111713624 -124.81042982336889
1277.0258198697563 -112.82311547717833
1273.0444964256653 -100.43261482369346
1144.243880602544 -79.4666074752837
1015.1731953146225 -60.929332137316784
972.7555466353599 -49.22038693612864
958.1875793986209 -39.46596870991154
951.5194787115123 -30.243704015412817
942.7637887995852 -21.105414666648006
934.9210899172488 -12.147247751808885
929.9939697889137 -3.3490530388668716
925.9844794886923 5.361319432354615
921.8937625091077 13.996093983715049
916.7231869399268 22.52994733025154
908.4758037349542 30.866065964565347
905.1487068659284 39.26599621730865
903.7414464858477 47.71161183262992
902.2554762192028 56.13426433524837
901.6885462795578 64.60468642643308
900.0453693469894 72.98858210049973
900.3161863825014 81.52769184558645
898.5158432956605 89.8792486989526
897.6321859821015 98.31306469129039
897.6623567183943 106.85641455138801
898.6029789694657 115.53651451901281
898.4689698927883 124.10684968925679
898.2531558106487 132.68484493796026
901.9067799705783 141.89136775400627
910.3980049340848 152.00155463691178
912.8694726181814 161.2399639103265
916.2304478531793 170.72131216331022
911.6428890304833 178.74071410888433
908.9447066953725 187.0922771534497
907.1476817874685 195.61974191686716
904.2951492618429 203.909987547205
900.3936007083702 211.93481026819572
810.9553054187807 198.93841412138653
761.5740914059955 194.42454397306022
754.8819181389485 200.28552036246126
752.9924362628517 207.27612243318148
752.8983771937806 215.0186820231482
750.807148117879 222.21077006998854
748.6472180741871 229.3825252057804
741.652381224081 235.02286149362254
734.618577428785 240.5505055004214
730.389302961406 246.92603370149453
730.8265517662309 254.88929211224368
729.2959732227204 262.2067570470393
729.567684693467 270.2128669234943
729.7527048743366 278.24807228189286
734.5051617395715 288.1374105837802
740.061912520809 298.5169436330919
742.7152105028559 307.880035221023
743.4164521360946 316.53748386783803
744.0196901476096 325.2363766134641
745.4366043189749 334.38491135425954
754.0137609974099 346.93406899083993
766.940018113297 361.81073590535664
779.6491714821095 376.9657403627817
798.4096644845928 395.50348627742846
829.3699372077481 420.7677592877288
908.7252324477029 472.011071811741
0 0
0 0
0 0
2338.867812970418 1330.8562482293019
2247.372334922017 1307.408730362147
2199.522865037308 1307.8914963321965
2139.908679109884 1300.31028799675
2099.3360669036892 1303.3146504959382
0 0
0 0
0 0
1891.3014090717306 1276.9115004742055
1812.3049947803136 1248.9802263824386
1779.8264589599353 1251.8761024902333
1668.6579727384258 1197.704709023258
1604.6842036981561 1175.2061973975522
1593.3692335842861 1190.5021988501428
1582.2624905801563 1205.2246308896451
1570.5367328759198 1218.8348414315337
1561.8320317499438 1234.8124167661429
1560.7548830413984 1257.0044530797934
1647.5404807857853 1351.581060895773
1635.2819101911266 1366.3872343525682
1625.9365346483908 1383.6745951615871
1600.5426926236717 1387.1507088593394
1707.924787115994 1507.407350902465
1628.0645931923066 1463.2589245904396
1605.2095107205757 1469.1080377876265
1043.2163457073527 972.2014482857949
1006.8396694197614 955.415030278834
985.955109160348 952.6455388656403
969.4805488388548 953.7858593117812
953.7727760870739 955.414826970545
940.2153311405658 958.9807772256105
930.1396403920381 965.9820129647187
917.9529870171785 970.6999091512472
907.7987082626656 977.4750663196661
898.2708752084523 984.884985545135
891.3520013024778 995.1821992851699
886.3015871705236 1007.6872017541012
878.4832472627897 1017.1544544849737
871.8596828117484 1028.087882180992
867.6696402292077 1042.058249535273
864.5639224254877 1057.5846179101961
863.7518145708465 1076.2587062716707
865.7666853696584 1098.9308652067402
883.3470040752969 1142.2933381540827
1080.376814670687 1423.430693192338
1061.5195582445415 1425.098322034067
1042.7206089026322 1426.5422292276257
1004.1672070436124 1400.134715053602
727.3662299155221 1033.7477291769399
716.8759228515668 1038.6206772617782
705.235779403728 1041.7324490716494
687.5138168792023 1035.5548037647216
686.3284929882223 1054.2851605294063
692.3923918653688 1084.8786916918193
762.3564387976762 1219.28530714666
754.6227037001983 1232.3025501313396
745.6837746366264 1243.5657233309678
736.6002785079717 1254.76891486121
788.1530075079938 1371.6919613222585
978.2457118629931 1739.8423282647384
958.142888359573 1741.868595929663
936.192391294636 1740.1493632680015
913.8919732368241 1737.2882493280454
891.7265913217101 1734.1636849875977
870.1482020352109 1731.6714776466376
848.253410810693 1728.0310040760337
795.8111652106448 1660.1101136147795
746.4062847374545 1594.9917423311101
668.7930348749422 1464.5189915131741
647.3923956774737 1453.3286228582238
623.4702120450844 1435.4476286832821
617.4802231758528 1458.6891971858497
215.7758444038844 523.2559459497719
213.87375990545576 532.6668891754991
56.047223218575894 143.43886770846711
47.60377798228957 125.25925243994106
43.31629035747204 117.25484633765538
37.155636058470215 103.53481882483065
32.24174461248853 92.54442124916588
28.496708661672074 84.31451592372326
26.464775938806717 80.77509290931677
24.80384075183384 78.158617464472
24.07480474022791 78.3862473698027
24.197717314259226 81.48294592599852
22.88626883285311 79.78232071649946
22.675739835334895 81.91953871281385
22.685123848461597 85.02579112234098
21.145894019976065 82.32770594457214
20.138442906175207 81.55024903281854
18.916638572000622 79.78822460198182
19.28077019085596 84.83661886737
368.09530326788814 1692.4331146937893
17.290345411288357 83.22285717012088
16.514467567477432 83.38028760422175
15.555477345031242 82.5471206316018
14.246747054764436 79.73725727887535
13.492296224778636 79.8683788653734
12.579397058511079 79.00480219356494
11.831945167824223 79.12019384168369
10.944892850375853 78.23815770130193
10.333935846558893 79.32975337109782
9.463718396705092 78.43110374148681
186.0288913150516 1674.6994511243183
169.2794101698675 1667.4293032367343
153.32524153570466 1666.9635179895263
137.3950254214714 1666.3452844442033
121.41746801709917 1664.577663691399
105.54894769908806 1663.65513843453
89.76261209765336 1663.5800772639127
73.94269724000966 1662.3563028198473
58.223931996680456 1662.9810503258436
42.47442215027534 1662.457495234991
26.74001743921793 1661.7848752071823
11.008856168404856 1658.9634731017627
-4.666567911305 1655.9934248492443
-20.284852786294866 1652.8755321401059
-35.888054627321495 1651.6101378760868
-51.53149504236758 1652.1965697273126
-67.06736129740533 1649.6372234672094
-82.60951609454621 1647.9307230131444
-98.18490993792703 1647.0761134387449
-113.68258819140193 1645.076675763809
-129.15124360431108 1642.9315129595207
-144.58950683235014 1640.6409950120037
-160.09321585618775 1639.2007693497537
-175.58261655983023 1637.614040231093
-190.9403219534216 1634.887700563046
-206.63834429740155 1634.9937598247977
-222.22065395952467 1633.9580719693517
-237.65771532109036 1631.7842413592427
-253.2270069539444 1630.4527233100464
-269.1179614674962 1630.9458981877906
-284.69657694633395 1629.313922813845
-300.2683729448622 1627.5330731536749
-315.91746047388733 1627.624083800596
-331.9183456591615 1627.4984521697356
-347.5269336277169 1625.2596809135814
-363.12287009768966 1622.871153607709
-378.93230464821 1621.3066670109008
-394.7446374301363 1619.5881177694996
-410.5583666698176 1617.7153110351064
-426.37198716650323 1615.6880666018697
-442.44829646647975 1614.470657817574
-458.8131505778355 1614.0552942377285
-475.209728750391 1613.4744230079941
-491.05316209725027 1610.814325735369
-507.1894292974695 1608.9524178200259
-523.3343968589068 1606.9290927307043
-539.8051093289876 1605.6918894801454
-556.299217954239 1604.2865018766136
-573.4881193401364 1604.5957051468488
-590.0416845614063 1602.8458473851867
-606.259094214412 1599.9909095624014
-622.4752592396576 1596.9723077231242
-638.6885318616617 1593.7898102536592
-657.1817851396708 1595.9912597757657
-674.215746051651 1594.3005136347463
-690.0818562712997 1589.6779647605226
-706.7345554300459 1586.7246982892448
-724.6395839667252 1586.3270385858432
-742.1761164818415 1584.8263665537409
