-758.1378370937878 1582.7987932667731
-773.6615079887758 1577.4970272734377
-793.8594250480322 1580.869448519519
-809.6173530315541 1575.106581051003
-800.1998763244166 1521.3944780793665
-737.2520379699506 1370.2537839791412
-747.2234233311743 1357.9974799775
-762.4230122013689 1355.2623917403564
-756.7007082306201 1315.9513813827919
-744.2281361222953 1266.5249628033134
-737.5857006389971 1228.59933835766
-739.7066338364875 1206.2583039541294
-737.7578735472077 1178.054888372822
-740.7320684609095 1158.4217723927768
-731.3771344573081 1120.4157653268794
-713.6115268750276 1071.040423472005
-655.623869616714 964.2164391819952
-586.5739636824626 845.4418874942529
-591.0385882879687 834.9864592641997
-588.9191981376528 815.604179774052
-591.2322931825478 802.7785345274908
-564.5295638136924 751.6025356398967
-580.6994051945973 758.1643626593385
-720.7589063633301 922.9017276492316
-745.6084624537525 936.4171189792245
-765.7329755721119 943.3334564836973
-784.7776976400313 948.4118120768064
-802.0507340996928 950.9209325333751
-824.6549863345307 959.2544779742209
-826.3976440097808 943.1770427523581
-826.5792422294057 925.6607133909603
-828.5242424354217 910.4441661611164
-827.5367072629098 892.3407410470853
-833.8380073458333 882.332237598474
-849.7356652233324 882.3685733566563
-861.5047332686415 877.9006746527348
-1223.27762354401 1223.3118391221917
-1232.5958131821565 1209.6431545401388
-1238.8841356140388 1193.1328922311445
-1237.7035270866495 1169.743125236164
-1246.4584310727582 1156.002326817571
-1255.6442545040193 1143.0492142209125
-1255.9763364425273 1121.775130004408
-1251.5063032849898 1096.643959012194
-1143.5429562680772 983.0429833784818
-1043.4878882713174 879.9761513990403
-1025.5804151982636 848.3783424638781
-1037.4552050608138 841.7735428796897
-1168.2324837607416 929.6676093562734
-1298.392395353165 1013.3045878160574
-1306.3466118978488 999.7417314401812
-1305.3621255708945 979.5170856728515
-1305.7236110569243 960.5867225443342
-1312.3330254427237 946.4174714851512
-1312.2586641097246 927.5916119009278
-1320.1663952441959 914.5472589581937
-1358.5578797250896 922.2171585027407
-1408.8678432400259 936.9927429197081
-1401.7627316529997 913.2306631671541
-1403.6083369258042 895.6051789222626
-1400.1579944965101 874.8477527247303
-1399.8535781910332 856.3240973053144
-1396.750745412456 836.3440411635327
-1393.3959713806055 816.5002553216375
-1390.6591007338097 797.2930863529618
-1390.3009147384903 779.6790150294651
-1386.227283120379 760.2203098659576
-1387.1986777791865 743.744464428258
-1126.6842386616386 590.3953136259163
-1097.5129642999939 561.920184006092
-1072.3783339653005 536.2888296821093
-1065.7296850036198 520.4000754247497
-1066.098941214357 508.127983427037
-1062.7047477995256 494.20908429969865
-1053.679042414086 477.92203922536845
-1049.9287672587752 464.2774856510581
-1047.8519913996997 451.53870722196547
-1049.3169390751657 440.429292134305
-1051.5913826842393 429.71102367084995
-1050.0401307540528 417.5113457213011
-1054.8814925045635 407.90444563812287
-1054.874201316768 396.6981464493005
-1056.6933630301824 386.036444559271
-1061.2328462836604 376.37859392994295
-1063.7928856633348 366.01871046720436
-1066.2519872686169 355.64406313858973
-1074.3195046843396 347.1002763680768
-1078.5026019894306 337.2419569122856
-1081.6380258457393 327.04614513021204
-1084.6770641737912 316.82119003520774
-1094.3569117584323 308.4670966027766
-1105.9051207244217 300.4827182310194
-1112.5621071806631 291.0421922431912
-1115.2598996645254 280.52692598086367
-1124.6626654850027 271.63005883769375
-1137.8931325982362 263.4828624138065
-1152.0453590132163 255.32624380605603
-1164.18732978855 246.51138140014177
-1172.343786087614 236.69821972663615
-1196.130913795911 229.7712711845389
-1231.695192675802 224.56836896437383
-1833.8879374129992 316.5059762644233
-1875.2866892906052 305.4502135692182
-1923.5559690936345 294.7005832438217
-1926.2521617252623 276.5295815075743
-1915.8917626518485 256.60817173814496
-1904.3356971728185 236.78376733491564
-1896.5512373054607 217.65662010406712
-1908.4664673023246 200.79029653492992
-1971.9950113622724 188.67081163314893
-2006.5663495176602 172.87997276541404
-2115.7929798516434 162.18528419836363
-2126.2094649192068 142.80865270697421
-2017.6453938641766 116.39615379672911
-1970.7099596678731 95.0329146446128
-1947.5372524290185 75.49602904278741
-1936.1682947593538 56.75680019747161
-1931.6187842070285 38.378021034971454
-1929.8951075475743 20.121477677763277
-1923.9990648552603 1.8969544234290237
-1934.9308540795787 -16.3581762697609
-2000.685640042227 -35.467868963669716
-2024.2605085328753 -54.721052568684804
-2029.6601109224666 -73.76201007429866
-2043.870748818598 -93.31860545305739
-1093.3486737365513 -60.11387226359892
-1069.789760224075 -68.80311707848787
-1068.1063370728903 -78.67561696442604
-1068.3250435193636 -88.68822576503707
-1940.7350262425432 -179.30018939018242
-1933.0144612126562 -196.73355774433742
-1917.187000664439 -213.15488378944673
-666.1724779256014 -80.34444383069778
-645.5634943498414 -83.95698162048376
-641.7835654245013 -89.54247679741063
-640.9230756391693 -95.50712598140356
-639.0194870803044 -101.30693525926331
-641.9943744636712 -107.9084016979199
-2073.530314226919 -368.3857163110618
-2058.219739473921 -385.44455378161035
-1143.0497848625255 -225.08262777418946
-1137.9691500830638 -235.0961791676529
-1131.8239862412172 -244.82333256665126
-1126.5720474444952 -254.6770934275754
-1122.2082694642431 -264.6839623892398
-1112.900384986678 -273.43871908803226
-1091.9010360746656 -279.07190367192436
-1072.8277809584224 -284.8518077945571
-1059.5273792684745 -291.8950711822279
-1057.7285371473854 -302.0104993275105
-1054.8741289737436 -311.8342059843432
-1055.7536792629485 -322.80050917361837
-1060.334315960472 -335.0151315935415
-1059.0742454269039 -345.4818991979667
-1057.7110389867207 -355.9541515499318
-1055.2997236373258 -366.1031183846758
-1057.499407058441 -377.9206319732301
-1060.5085744750497 -390.1558194681942
-1061.5105616071933 -401.7714867886734
-1058.6601420501368 -411.9887178484192
-1058.4969317394657 -423.3016011050947
-1059.151726382276 -434.99726493559086
-1060.6110807159314 -447.1075211429394
-1062.8543795997189 -459.67876584164384
-1061.2988069223945 -470.70781003197925
-1060.5402373417342 -482.16118153490766
-1064.1926114679336 -495.7520405374646
-1064.9760275525173 -508.15948356638995
-1063.823495403603 -519.74567879614
-1065.2306323046946 -532.6956917412986
-1069.1593503948643 -547.0825197931587
-1067.5964544407643 -558.8048053350195
-1065.9078713269769 -570.5448359622521
-1069.3565855091465 -585.1815897892033
-1070.879438825673 -598.9542783054576
-1067.8973451353625 -610.3238978221682
-1069.1142256982714 -624.2105193038526
-1072.7416199978309 -639.7080714860722
-1070.1942296818734 -651.6849781571015
-1071.7630465399482 -666.3092165589554
-1073.996559231519 -681.5536594860732
-1074.360333645289 -695.8087908970272
-1077.0545388493927 -711.7826356015735
-1077.8860717001075 -726.7472851238665
-1077.7083317907188 -741.2211219257488
-1080.6291154969965 -758.050601701614
-1083.3299134070896 -774.9969669085083
-1085.0009249102102 -791.468251380931
-1088.0639533052422 -809.2297779479991
-1090.8903233961526 -827.1150478141707
-1096.642928673661 -847.5672757899846
-1098.9671875068875 -865.7205789301772
-1104.1676722551858 -886.4929506468533
-1113.720472604283 -911.234167984329
-1126.7488029977271 -939.4286215265048
-1178.2163787542465 -1000.9606210212419
-1161.3452812130186 -1005.2726683861722
-1060.496185820675 -935.2774133163914
-1022.7885957233211 -918.9823112869566
-985.4757381066391 -902.0718206457702
-944.9089824919683 -881.1418812007479
-925.0984993719966 -878.8451322387125
-904.4248295301229 -875.8405835135799
-884.6064123679201 -873.2241952657731
-867.0368917011668 -872.437406596702
-851.6587097759142 -873.5430396167238
-839.7955025035235 -878.0481273682294
-827.924455837735 -882.4064230420075
-815.3700726403805 -885.8824101665077
-802.8254443959408 -889.19924979189
-790.2924642175553 -892.3574513618094
-779.7404016893149 -897.622362674519
-769.8087069876292 -903.5283917210542
-761.1179567558538 -910.8613812780703
-751.7235273348707 -917.337308982481
-742.2749308984096 -923.7169084518055
-732.7731502008651 -929.9997367444254
-724.4418581872991 -937.7680918575409
-714.217718825458 -943.0705435521561
-705.7467919090325 -950.6721126182828
-697.1957146922977 -958.1978581768466
-689.1457409267432 -966.4611465354054
-682.1468275400266 -976.2974473371715
-674.4576194534708 -985.262868254537
-669.4437947831958 -998.3230968109845
-663.6922737349208 -1010.5412241885884
-658.3086735055546 -1023.5813061927993
-666.0568840833598 -1057.765676870433
-679.5055264467122 -1102.4052065952774
-706.6208702204727 -1171.3713953178392
-696.8921225253755 -1180.6703051919606
-664.0482511294474 -1150.053877073558
-622.5142614020998 -1102.375614004137
-595.0080271156233 -1077.6485733614525
-594.631143581201 -1101.7793804039504
-591.5131575782245 -1121.5775427547746
-599.5196958660174 -1163.6396066947523
-648.1233709771031 -1288.1382286048638
-671.0244701548606 -1366.0930277449588
-658.7716049207219 -1374.2619737699854
-648.1181569630622 -1385.9447516458956
-671.3614018262235 -1471.041422985066
-658.6028918870575 -1480.0818324667068
-640.9588265169746 -1478.0029711438278
-621.8571281759524 -1472.0386245397085
-604.8285907004454 -1470.4701206999457
-586.3995413897503 -1464.9981494383842
-569.9429866302567 -1463.969259237018
-553.9128293318901 -1463.695862364016
-536.5590716979867 -1459.496270148915
-520.6796188678586 -1458.8672778891237
-503.2245437321591 -1453.3440950392858
-486.8760007371894 -1450.4660492083779
-471.55515578704706 -1450.262298706911
-455.98190042443053 -1448.944963235431
-440.4761830924062 -1447.4632057943113
-424.7576731884384 -1444.858788625222
-409.40126435228416 -1443.0490652596504
-393.8537086763382 -1440.1139733236025
-378.65342786886595 -1437.9814260146609
-363.7745959308733 -1436.6600305414395
-348.7187158461543 -1434.2145087882109
-333.9690789847361 -1432.587049460551
-319.28175772710745 -1430.8092672270084
-304.4497452672211 -1427.9041818717124
-290.6978634147543 -1429.746744079558
-276.5585415630476 -1429.4933973574416
-261.9083310110766 -1426.1500713974642
-247.34648255894098 -1422.6579763125499
-232.87449521788858 -1419.0184880673733
-219.10416785838024 -1419.1861624279907
-205.4948267076814 -1420.2101521241073
-191.4843438957039 -1418.130722480418
-177.40740803798545 -1414.9214153348742
-163.40860276109672 -1411.5731042151754
-149.59486577471645 -1409.0813944317924
-135.84310919460592 -1406.4549938353314
-122.32803387341951 -1405.6873237418995
-108.83974468227002 -1404.7899878549456
-95.37948375807906 -1403.7634252530027
-81.89016099280646 -1401.6097893253216
-68.74381173271391 -1399.3124341434464
-55.20711771379575 -1395.9087270139603
-41.80171938764411 -1394.3735569266353
-28.430718941966326 -1392.7098384877027
-15.095347278349795 -1390.9180890658322
-1.7981221633581654 -1389.99883696235
11.48015004282546 -1388.952557200927
24.72043380198608 -1386.779686955589
38.002368199091265 -1387.4796647199053
51.18914139797235 -1385.0543930845959
64.37951254468827 -1383.5029014658799
77.48887528539265 -1380.8274599699287
90.61855415414833 -1379.0258437183154
103.72087721209252 -1377.0994806586612
116.96392778878537 -1377.0415533295354
130.1211858463522 -1375.860631384567
143.2665548496886 -1374.553998306906
156.28566524248555 -1372.1281976694866
169.51682256813527 -1371.564087772206
182.61932282019285 -1369.8810835005695
195.84674739594738 -1369.0628369561523
208.92413629933415 -1367.128269502016
221.98243599468498 -1365.0687887831389
235.3603238608221 -1364.8554934322274
248.39569125365637 -1362.5434233691851
261.597105458762 -1361.08888556758
274.5952707051192 -1358.5262004489948
288.1907887400011 -1358.774105318988
301.59925677840704 -1357.9097496927814
314.3390632176211 -1353.9907508308424
327.5024145423401 -1351.8961381958813
340.4096990587987 -1348.7039099767962
353.2858806511162 -1345.3884519099179
366.392996193641 -1342.9148045725933
378.940232072727 -1338.3890691860374
392.56088044205256 -1337.5843730944828
406.20069149428457 -1336.6413124804892
419.55836332182673 -1334.6054771979284
433.5321824151601 -1334.3383554445059
447.2210362201656 -1332.9776235039212
460.54165722960573 -1331.6089448318558
473.9299913208413 -1329.0264720187583
487.3109989929729 -1326.3095378758576
500.68333126335415 -1323.4580468586944
514.0456366568534 -1320.4719169425946
528.5115646421415 -1320.1361770815597
543.0179361000462 -1319.6440887882027
557.9524392075517 -1319.9159350437221
572.1453117299973 -1318.1876733854644
585.5422107981682 -1314.4813879905619
598.5048542410489 -1309.729719999474
612.2787524931177 -1306.6612909417158
628.6463084300511 -1308.8574478900555
643.3453290117939 -1307.2703575155012
656.270838842893 -1301.949532848507
670.0706583642384 -1298.278210862108
685.2615186112405 -1297.114355448515
700.966723888266 -1296.6578777770765
716.725594955167 -1296.0190668104237
730.5668922534921 -1291.715145046722
745.8930958052007 -1289.8618102843939
761.7592741557129 -1288.693838053772
777.1539646725823 -1286.4838573389434
791.525329904049 -1282.3948893068336
808.5561296493773 -1282.3778636604811
825.6585912437881 -1282.1516644708313
839.533666501749 -1276.7016968775947
854.494677213161 -1272.7638612933572
872.8488166187022 -1273.605489673836
887.8575901899482 -1269.295040383479
902.8635055708874 -1264.8136188024891
919.6309181920168 -1262.5858284906053
937.03435133686 -1260.9550445653128
951.469704501005 -1255.1216679735755
967.7140872189331 -1251.5004775860166
986.4528313780661 -1250.8236532246249
1002.7596532175238 -1246.7850969108795
1020.981524447721 -1244.8681563669334
1036.69182848505 -1239.647551827665
1053.692978013399 -1235.7617521534057
1071.6641116220571 -1233.4877509976768
1089.906880736828 -1230.7879554669512
1108.8637993215043 -1228.5951630029635
1127.87600943943 -1226.1532152757202
1146.9404876026047 -1223.4608771423382
1166.7449823688742 -1221.2400034870523
1188.7020382071642 -1220.9027251841705
1207.234372311843 -1216.7091560059991
1228.637094719904 -1215.0863712009257
1246.5279777960675 -1209.6846698919708
1268.046882570021 -1207.5007675378313
1288.1736547593594 -1203.6517915011445
1311.2885728611084 -1202.2326225335416
1330.7734900979137 -1197.1390554370105
1350.2785663834659 -1191.7838701565868
1374.3363540090374 -1190.0939400102607
1399.2438372089514 -1188.702100626044
1422.7102053284723 -1185.6642322572677
1446.243093891834 -1182.2879993344159
1469.0580250940118 -1177.9463141021674
1493.4911740283576 -1174.5144158755134
1517.9895371715636 -1170.724888706848
1543.346122452139 -1167.1793976557103
1567.9667969334253 -1162.6625149691265
1592.6387846716436 -1157.7835296633086
1618.171810570335 -1153.121412287329
1643.7577195593249 -1148.079073665716
1670.216801798332 -1143.2199416518902
1700.882063765201 -1140.7472135235878
1728.305116880075 -1135.5991471316586
1757.463138423028 -1131.1159609360482
1787.5351783573494 -1126.7151308715786
1815.9773970088024 -1120.7952951155419
1847.8894528211613 -1116.5059651216866
1880.7415500683012 -1112.2213007520957
1912.8102650470212 -1106.9132260167212
1946.6852178508611 -1102.0824209653947
1982.38736971343 -1097.6776924036806
2018.1779567663261 -1092.6951701286584
2054.0492335119266 -1087.1328098760825
2089.7968600843383 -1081.368615959258
2128.4696723808247 -1076.030600752165
2167.2253841520514 -1070.0575378394346
2209.6586340151284 -1065.1843601566802
2247.6658269469854 -1057.4754514288848
2292.9925702149203 -1052.4799632008076
1270.5244380600334 -568.7105171282102
1276.7528587792094 -557.0916779122772
1274.5925068884667 -541.8846199919075
2475.2237852606395 -1024.8454580472082
2507.975419629423 -1010.77954794041
2575.1267419480455 -1009.6921624455867
1223.1262112459092 -466.30812920560106
1212.4700463386598 -449.18302141947447
1212.8923716763643 -436.36348922576457
1216.957489398307 -424.8946563530419
1206.7064731498049 -408.5773949429397
1194.356776438149 -391.86846080830895
1181.8005935391539 -375.4295634476642
1181.4683738085944 -363.0819214586091
1176.2156340379604 -349.3505148767912
1202.531147838584 -344.8475583181901
1441.8675694201745 -398.7905618922772
1428.1746108162874 -380.52763502766226
1370.6764754039762 -351.3844045687479
1325.3835349665994 -326.4712625016803
1321.5939464538121 -312.3354617981093
1318.6315134117494 -298.5212418529702
1316.5039246786155 -285.0024847361899
1316.1976759438116 -271.9552864720763
1314.7814990225165 -258.74622669346223
1312.250619653079 -245.40438304991707
1306.6315000923032 -231.60985075453362
1305.800856531082 -218.76956617110372
1305.832263791533 -206.12156326080955
1305.7414201724264 -193.49248989584856
1303.5476107107656 -180.60904354504024
1298.2519098015575 -167.40065321440264
1295.8024762782866 -154.6639662981016
1293.2286227641275 -141.98848285546921
1288.5195652842942 -129.3921554019927
1265.7724531727215 -115.15683561608925
1195.0326804647925 -97.45713222300975
1277.6796251336118 -92.17253125759821
1275.4919436755226 -80.02688060169255
1276.1848378029097 -68.09008563631954
1275.7669884711013 -56.10339675435927
1276.23604638796 -44.165075569152116
1275.5937092195832 -32.19765518520647
1268.8399991309525 -20.15084626918774
1268.9729940818727 -8.278906382313801
1216.9951198192007 3.4464962279789493
1085.9193406345805 13.235771067758531
965.7758290652761 20.809805219623954
952.5450727774289 29.44289944014658
941.2368317584817 37.91077078160956
931.8520236517381 46.268844984074285
924.3905224728309 54.57253853731636
917.8534921586656 62.80897174880574
912.2407680434605 71.00550062831249
905.5592377373973 79.01561205523848
899.8035576868058 87.00320439022398
894.9725328336432 94.99560765284642
892.0578337357744 103.13496628514314
885.1002881016171 110.73156732582767
884.0255638111579 119.00757340759614
880.8939207082972 126.98779649700302
879.6672899156293 135.22373701570368
876.389807787852 143.12548621951265
875.9977668758338 151.48898451224872
875.5258582137131 159.8576604330896
877.9199909842087 168.79718430793548
879.242940448947 177.5974427481695
881.4561211256163 186.64433163153652
879.6713290148834 194.882921030009
878.7837975502783 203.3298727760173
879.7593445440237 212.2463090078829
882.5844640009906 221.68595784145705
885.3095358522636 231.19694143532627
886.9683285341922 240.5164946053833
882.7747961893054 248.18875722508122
880.3585389307162 256.62782961279675
875.9469703876839 264.46531921716695
873.3752170625377 272.8382858415682
869.771820261103 280.878943104832
793.0504807254733 264.5126367890495
743.2044367036925 255.81861789937645
726.5856295819956 257.9037085521165
725.0226799210175 265.19071175315673
721.5150805804794 271.7664226775344
720.7453128639569 279.3835964845411
718.9667616438296 286.64053385971874
713.413996631973 292.37214198619404
704.1310867965502 296.47160505975796
697.589300001815 301.61095557518775
694.6701386607339 308.27487483263496
690.7772051879439 314.49618883657917
689.5472243371408 321.9404066111378
688.2378569863464 329.38981801330993
688.644575118188 337.7242205710013
692.5288105113361 347.89200423659355
699.8378219853969 359.9944762336443
700.7838161837462 369.0068332361143
702.5013199693099 378.54444315215784
704.0999578881245 388.14848872814287
711.6762109166297 401.25549319024776
724.2630718782083 417.53922296419205
738.324930373278 435.11526885331693
753.8282493620808 454.02970218224766
781.809972920672 481.1415241296247
846.5886488415857 532.2477427407074
0 0
2306.3608968378007 1512.3701311311113
0 0
2125.075856459876 1452.4216344751012
2111.8952011215792 1473.2697171528525
2042.2999739822276 1453.9806794700512
1986.2174402764795 1442.901687552395
1933.7515670836879 1433.26685470689
1892.0251450052974 1430.602967516733
1844.6223632679262 1421.8330903913616
1782.9502657539808 1400.134761316856
1738.2225401684684 1390.560462853118
1693.81557808113 1380.2948190331251
1662.8191439467091 1380.2005269251035
1531.1594379653698 1294.4403329352701
1504.2556475947097 1295.1602011640957
1487.9913401149804 1304.730919286741
1474.6608249471565 1316.7780569884098
1456.7949944352279 1324.6544244399988
1455.7841461751145 1347.942328048642
1463.9294577043388 1380.2371328382235
1535.811215967143 1474.4235853069924
1518.8632407420744 1484.7324526400316
1507.5246431870492 1500.4994002610465
1486.191956707699 1506.2169391616007
1571.3529529256175 1621.5467607602138
1500.1206168273513 1576.2658833361606
1473.5393483492314 1576.5930955279875
946.008651866105 1030.6641696471625
929.3013129280665 1030.9913044202515
906.700624411457 1024.3622297272943
888.2324682970055 1021.9388838198736
872.4793663258677 1022.3090312305826
858.7193141479177 1024.7780928129416
845.6214789620254 1027.8547145964144
836.3083717749478 1035.4464289856503
824.4419818109183 1039.8194163544388
813.179178822421 1044.8519623036045
805.5350600817832 1054.5341469004397
796.5825819302551 1062.5630287965644
787.5507429126585 1070.5161499658564
785.4637023166972 1088.122590677607
779.6546465669227 1100.8812979093645
774.249478992668 1114.4445900445578
767.5363523823145 1126.3467262666732
767.894479625312 1149.0265741752762
772.2897190221378 1178.4946287076184
959.4570928160198 1493.3409145419648
944.8714647656155 1500.248951031688
925.6701083040537 1500.4345539184178
897.5685840360176 1485.9564720918236
857.0980327014184 1449.5650942056236
632.0772541855267 1092.3013983060193
619.3206371001435 1093.8422868320058
600.7771287895076 1084.742753616467
594.8427120520769 1098.2545915763476
591.0468678217397 1116.168714862637
653.1551114726882 1261.9942156591292
648.9380427101427 1283.2472157474292
641.2784180381018 1298.2549790232079
629.4837998391431 1305.1249540714764
670.4335287372738 1424.0768531034014
831.0853315872487 1809.2479574730803
809.9570739002787 1807.8524658939675
787.3277349839747 1802.554863998598
765.6532751988256 1798.8329722843396
744.5016967974146 1795.7876331754183
722.7268003168908 1790.649874236644
699.6524767453307 1781.5393377032472
650.7687500649888 1703.9589296514316
613.4994170972287 1652.8119872572804
541.2997832352058 1501.4028588854887
521.5508361294713 1490.3777123040486
501.0931579455873 1476.274583896952
486.2597945289924 1478.0688117353068
24.588796404002164 77.17765927651946
25.629997265077552 83.13905965424505
25.418750014401997 85.29294899172697
24.33947745958387 84.56707300713681
23.276117584258568 83.8285294527094
23.004236049288117 85.97560772561386
21.945854893956838 85.21959547529775
20.423191510885864 82.50995848083842
19.878018234870588 83.67116821853362
18.86883024530637 82.87923289445801
18.089115500458604 83.05289820596911
16.49331826549347 79.30302927753226
15.941728147451903 80.43544805415544
14.814740328601184 78.61630536343029
13.733049259408622 76.78153005794204
13.510167248133998 79.86535782758034
13.072903992391105 81.96401150020492
12.745509100049668 85.0502909917453
12.083359757287084 86.15678973230128
11.401498922655502 87.25827079604939
10.219065994103364 84.3834740349564
9.64616623689229 86.4635846870244
7.816795173255421 76.60220436266421
158.1279828730869 1708.6987859281953
141.37690744600445 1702.1388222001765
124.54320930239358 1692.4237025687924
108.48098454771667 1691.525014887914
92.39211481607444 1689.4755686661508
76.39665217739793 1688.2723570372423
60.43203066685392 1686.9178906127827
44.47328519588393 1684.4129917879065
28.567051092749583 1681.757391418829
12.722321724372701 1679.9518274432578
-3.078532508074603 1673.9971692442004
-18.79992506063131 1670.8942404645827
-34.463185188688584 1667.6439334782021
-50.09700409815244 1665.2466154237907
-65.76770800723236 1664.7013571759576
-81.43258598722588 1664.0086339738243
-97.0319729283105 1662.1702067567085
-112.33329026382809 1656.194804936455
-127.91604403740601 1655.0641938238591
-143.4010283363201 1652.79071423822
-158.5671237347026 1647.3862532115847
-173.95975046338805 1644.8264361988822
-189.3182480961441 1642.1228945903551
-204.88902531514682 1641.2606396625154
-220.06070534728076 1637.277400430989
-235.4606413758835 1635.1337212481608
-250.68787946959756 1631.8567912310923
-266.03544142595194 1629.42509613216
-281.18901946314554 1625.8636890383384
-296.2991406193288 1622.1614652272588
-311.5534321692122 1619.3009167241228
-326.7521143502837 1617.322805060146
-341.9200116485651 1614.1842229541971
-357.4905751182216 1612.856003709458
-373.0662947980756 1611.377528602666
-388.4110307663515 1608.7765137454676
-404.227397329306 1607.96897085994
-420.3156637333386 1607.9734894644262
-435.39167363385803 1603.9570101877134
-450.9713482342933 1601.7243342946824
-466.2673851706592 1598.3803444506304
-481.54035646006537 1594.8902423365419
-496.4908523310534 1590.299604964921
-511.70455710949244 1586.5205470567905
-527.2069188872478 1583.544715086194
-543.3479973628581 1582.3090575996116
-559.1785828467257 1579.9668706923976
-575.0129881465756 1577.4666600162254
-591.9034732147707 1577.6169618751858
-607.407060047583 1573.8569386714764
-622.8921510038673 1569.9447022802349
-637.9797502183054 1564.9542607729431
-653.4146928579858 1560.7412467021252
-669.6163325911415 1558.2137103514362
-687.0382453928838 1558.2642424722026
-703.2838671193487 1555.3908840705137
-719.1154062461659 1551.442242721079
-735.3637094294373 1548.2364854421232
