-732.7754519054962 1496.1938835206804
-747.0647057132338 1490.229286209877
-762.01193525851 1484.89016783181
-777.3898011549462 1480.2868293206805
-792.7485375261689 1475.5252475813893
-808.568102115716 1471.481778426423
-826.3411138546217 1470.7580914458717
-841.6819822605466 1465.4935826328128
-855.9845617321995 1458.3454426424948
-869.7128271392276 1450.200192493951
-884.9307655509407 1444.4838317480144
-901.1789776808208 1440.3046379798097
-917.9653053420083 1436.7897195443575
-934.2189631147488 1432.248207873483
-949.3600186112575 1425.8627406109022
-962.7774953290959 1416.8374975585002
-976.6790026534272 1408.5077656072426
-992.8192170028964 1403.3071660722594
-1011.8742053027659 1401.9813096624705
-1026.842056929248 1394.7829186369152
-1041.1635766311956 1386.626989026442
-1056.6384367602172 1379.912755923694
-1074.5408178429618 1376.1824118878205
-1091.8436480990222 1371.4541363479198
-1107.2619745529335 1364.1920391605936
-1122.002765122391 1355.9903373762322
-1139.9109403078396 1351.4536796229818
-1157.8329885682056 1346.699213107076
-1173.1301409654782 1338.7179211313776
-1187.0472870220078 1329.075896393314
-1206.2719590455786 1325.2063842361847
-1222.1282872143297 1317.4260698766245
-1132.1494013506021 1197.5565677751815
-1092.7552442472775 1134.2446720924338
-1101.3117926732864 1121.738086773714
-1094.8768067746944 1094.3257184160705
-1093.73535260367 1072.7380754242508
-1078.5953313283367 1038.0949432670961
-1070.898179284613 1011.3881992612435
-1060.5940842877594 982.8815739313711
-1055.027951233759 959.3706385519085
-1049.702726711811 936.8955040631739
-1032.965746209031 904.4947579498842
-1017.2278183515357 873.8012162796382
-988.0025648349817 832.5352436260567
-889.4890452898511 735.2042153778426
-842.0492502596829 682.6485626858858
-826.5720964865303 657.2020764649652
-819.3645208742105 638.8761867001896
-824.5953225160072 630.4653472513157
-780.9320972534697 585.423828930201
-771.9476093750193 567.32784911389
-969.591632759898 698.5106052752493
-1005.5837420292469 710.0438984784372
-1026.2552954228763 710.143695752138
-1055.2948463116252 715.5262310692206
-1076.1972327019314 714.8870654339082
-1079.5793923173885 702.4616257729799
-1077.7630290577042 686.8120945326765
-1071.5057333080133 668.6138373441404
-1066.7079997885692 651.639504010515
-1065.1187104140913 636.869792599573
-1083.1972941162373 633.8048769292186
-1096.1053746946147 627.4727145984741
-1550.4921859525612 868.1606886400976
-1545.5031392520991 846.2056762761092
-1553.462943587689 831.5027858641678
-1544.447251507395 807.918119187367
-1544.9202531361468 789.5862280015679
-1542.5008964198732 769.9785610936756
-1538.950504435797 750.0502282492863
-1481.8826346496503 704.9147871365811
-1320.696376017793 612.9413368124785
-1249.926798060696 565.7446415917129
-1248.8344227890482 551.0331972369225
-1267.7870778204199 545.0834113340459
-1555.1543410071247 651.2226774665453
-1559.4115455152526 635.6820209143336
-1551.429783296532 615.3264397866195
-1546.935437803567 596.6194358780865
-1539.417536882704 577.0005607778802
-1544.7012727415736 562.7023884706392
-1549.0052549024003 547.7515132655953
-1581.5416441208702 542.5034819348674
-1634.9909319519102 543.6300694728216
-1631.4867715855687 525.4016693362306
-1623.9660389917788 506.09811716835355
-1614.3123401183727 486.4068960670105
-1606.35314127807 467.5024978607882
-1602.0329932972425 449.8736360213582
-1593.6628187023655 431.32333612457336
-1588.9570388496259 413.9801066358483
-1580.1864467721184 395.7926141778123
-1573.1597314309342 378.27563945376
-1567.8929379668518 361.37616838091867
-1290.9726853590125 284.73413152788686
-1234.89362219004 260.157148420647
-1220.6289324735048 245.13263595162502
-1207.174311474594 230.58877187720915
-1198.4750897657966 217.21293518311833
-1187.660628673572 203.68414542790367
-1177.685823835781 190.53897327380983
-1175.4787326788714 178.80366053208812
-1167.215346420078 166.28089211168225
-1168.7340749728262 155.24709980354655
-1166.1785329854529 143.71022651118895
-1161.5224678547793 132.00968399531584
-1159.7338216953979 120.72059814210316
-1163.809166902632 110.04191489338046
-1162.8039639488563 98.87336054178931
-1163.6861083390809 87.88424920681153
-1154.4861296456393 76.22844912388214
-1165.1387759476231 65.88347883403414
-1164.7102756359488 54.82676196924276
-1169.1734125338673 43.97193905107266
-1166.5378217172922 32.84068365723903
-1172.7949575688822 21.931427245028335
-1172.9498061878899 10.851366908895017
-1179.9999773830705 -0.23103236425232557
-1185.9448627078318 -11.436022774625284
-1194.7822713457003 -22.810613275604112
-1199.5174041260473 -34.02935789445397
-1202.1456667191765 -45.32985758091897
-1208.6628000564099 -56.87034165361423
-1228.0479977623813 -69.26842853570709
-1243.3139524995854 -81.77050519508227
-1280.3902876720224 -96.21180403232994
-1896.2374328119229 -160.28910880920213
-1928.5107699237274 -181.14969027904002
-1969.509300682163 -203.55125773734994
-1969.5123161753831 -222.1378770797042
-1950.4801759272889 -238.43674908589995
-1936.2739843996037 -255.05304808467488
-1928.8597729774167 -272.404067865199
-1940.0784855958386 -292.47131436801993
-2003.4213092999391 -321.1604854942729
-2060.47672320697 -350.05095789365953
-2129.9577459229104 -382.32970141357606
-2134.159384564408 -403.6678353246247
-2011.6241779786842 -399.96145635746313
-1964.7325156519876 -409.72569109077375
-1941.2853102750655 -423.7692109040523
-1926.5234174305706 -439.41270133171514
-1917.4765973775752 -456.2066401416325
-1912.167098818648 -473.8322342300861
-1907.664065262247 -491.6480591918546
-1916.518866624724 -513.0413568821549
-1989.6960970144098 -552.57075703083
-1989.26020443737 -572.4891606325768
-1994.375668972933 -594.1604926354207
-1997.3476716532773 -615.3879089982447
-1070.0849491821261 -340.6570145085616
-1058.3107049983248 -347.81381756041355
-1056.914413694089 -358.3126039168589
-1875.7674195286152 -655.4888159495632
-1862.985189952369 -670.586446342405
-664.830373909908 -246.33630249480484
-656.8971390459677 -250.38999323699528
-637.7739329476891 -249.93881341727712
-640.9804674108872 -258.1182682371023
-638.5448885139624 -264.0860188512284
-639.7508731494461 -271.55813430004514
-2063.7935110553585 -898.7532162533801
-2000.5673203070319 -893.4267719961955
-1933.0768095956037 -884.9237527627348
-1092.7550238812873 -512.5772700600437
-1074.4240695419546 -516.214024207891
-1065.9913513679999 -524.4105632122843
-1061.9651823957056 -534.7438184581995
-1056.0610627517608 -544.1314471151446
-1046.535672297402 -551.590506271659
-1022.8788423013154 -551.3282814914545
-1002.8221700600461 -552.6053702562616
-992.415732278337 -558.9561828322968
-988.0452592225132 -568.6532913189872
-983.5801876725802 -578.3173993733648
-978.1634678137342 -587.4327452863092
-975.2196680357587 -598.0657146804392
-976.4003479295789 -611.3479864716965
-974.8899957348788 -623.087871986005
-972.4078457137533 -634.3059053755826
-969.8011015761232 -645.5314271061774
-966.242149438823 -656.2012714463781
-966.6784546895394 -669.7079701176059
-965.3132479665861 -682.1248663552739
-962.9890425653377 -693.9892678558468
-958.1099071561003 -704.0926116707437
-956.3271123579755 -716.5636427904057
-955.1895278225077 -729.6690797465758
-952.3124934994497 -741.5860804551692
-946.9463786195269 -751.6472284385568
-943.8076844688323 -763.5594637862732
-944.3868236280019 -778.6588003469897
-940.9381063480527 -790.6177837755364
-935.8291451194592 -801.2788597891388
-934.3707256180551 -815.2001883635634
-934.2286303142955 -830.4919423456652
-929.435313223711 -841.8230209092302
-923.7769167021775 -852.4583322181902
-920.9152185558656 -865.8008779345297
-920.773576693279 -881.9302809539234
-916.1354563632883 -893.9215992434847
-911.8347978728784 -906.8369761914911
-909.4777440050447 -921.8867789265092
-904.1342125432898 -934.0992054962499
-902.7719226329182 -950.6439163565211
-901.17582039198 -967.2466803979438
-897.3206518777507 -981.6901994589172
-896.6097074952802 -999.8700077636232
-891.6701101672119 -1013.6194624386374
-890.4694225219008 -1031.9075576588789
-887.0622741348611 -1047.9740081732411
-886.6231721089929 -1067.915422999119
-883.3581447647609 -1084.840720141791
-885.4665919062877 -1108.832681074049
-884.7308985377928 -1129.8124787647328
-882.4569934702014 -1149.2913706608665
-884.1015490218683 -1174.4209002811272
-888.3153182822612 -1203.7075622031646
-923.11354877721 -1276.1216149191837
-903.9780215022765 -1275.0657773781045
-873.5356544019276 -1257.3370512669212
-854.2062664682401 -1254.8528417015239
-750.1166318157507 -1124.8240034215992
-722.4171709805414 -1105.9631237398792
-701.6130129741842 -1096.7876640559407
-682.1117284457362 -1089.0126674730511
-663.3457237926885 -1081.8195093110285
-645.8085337469793 -1076.0837968018925
-629.9606113018665 -1072.7001576434016
-615.7307113728947 -1071.714370096916
-604.0265062579539 -1074.914405772762
-591.8357715731312 -1077.1125379859045
-578.2385585649158 -1076.533403749632
-566.1006942619705 -1078.4498152237381
-553.9789434788482 -1080.2329980990485
-543.2182309559633 -1084.5657903313536
-531.5466884662346 -1086.994994459763
-521.1704247590618 -1092.0079616726516
-510.3247850232871 -1096.0153346513614
-499.0366730256447 -1099.0047310978673
-489.23032017941694 -1104.498842831963
-478.285260081051 -1108.1932187074606
-467.70174685027774 -1112.7012519060086
-457.0757498553357 -1117.1082127055474
-447.14793312449126 -1123.271884230392
-437.1440802836344 -1129.3476227774047
-428.12118729920786 -1138.1424554885548
-419.31333863376614 -1147.8067450768028
-411.02831640763185 -1159.2910433153133
-408.4153201145053 -1187.7427862528848
-410.6710124722873 -1232.375884020369
-420.0960868457561 -1301.899872423714
-414.8211569479116 -1328.7540809903073
-396.64948132529736 -1314.457374342878
-361.72343289072415 -1241.3722882752577
-337.15809054556706 -1199.516745185188
-332.7685499924014 -1228.7367871663787
-324.069114781264 -1243.4645989512078
-322.40769574309314 -1287.2382365846772
-340.9737407137888 -1418.5971620384857
-346.2899330708267 -1503.6396783318144
-330.86791347180383 -1501.98882280622
-316.74378285005537 -1506.0525807639774
-314.16428041889145 -1567.8334748655163
-306.50530058506376 -1609.0675873664413
-288.66742359523244 -1598.1386418439706
-272.2444813386174 -1593.9171692345456
-255.2924871672654 -1585.5793092734123
-238.8234015299056 -1579.0416026443652
-222.5022447398574 -1572.334808838666
-206.33073613369368 -1565.4611548443252
-190.55299986755327 -1560.4081370723097
-174.89039974974767 -1555.1972055258373
-159.13995655419612 -1547.840584242424
-143.73128924363198 -1542.3171906233697
-128.4424193897194 -1536.6413195346906
-113.27484772286617 -1530.8147532844598
-98.230051877409 -1524.8392888787203
-83.30948624832885 -1518.7167377430985
-68.51458185116681 -1512.4489254430246
-54.20040085275047 -1505.0243574598392
-39.65882359865375 -1500.4759837167576
-25.158751237441976 -1492.788008136511
-10.831350556282107 -1487.960578054784
3.4013192778906216 -1482.9960994645837
17.526085744192745 -1476.8960140505787
31.53438314825583 -1470.6619539103672
45.39393933847969 -1463.2960706129618
59.1965306326939 -1457.7986043212734
72.94818645911846 -1453.1701765768266
86.61667312234206 -1448.412424669582
100.13153109099392 -1442.528917034724
113.54171719846359 -1436.5198496559747
126.93440332835588 -1431.3827780337704
140.33704026917897 -1427.1165036984496
153.66965733884018 -1422.725074079094
166.8141906845976 -1417.2162946375697
179.7409819132732 -1410.5946190953844
192.42045398498902 -1402.8650572625331
205.6953263387609 -1399.9694399244545
218.93240764378535 -1396.9483171840307
231.80194834202672 -1391.8293202633865
244.0724411632924 -1383.6378295871325
257.30626020338883 -1381.238027444997
269.5538083897357 -1373.8052061273424
281.88464382310946 -1367.2443262185143
294.32593426392344 -1361.5510436335717
307.34602295717394 -1358.6711972263224
319.8780222282051 -1353.7204478382425
332.82198105994087 -1350.5963604731564
345.2383377657698 -1345.4112717443422
357.84378174531776 -1341.0786061473837
370.1308864391663 -1335.6643017254585
382.3471738106126 -1330.1378269484096
394.4916239747312 -1324.5000410018035
406.8578380358191 -1319.7074295573316
419.16847354158506 -1314.7995249424216
431.4224572181232 -1309.776951777621
442.6529344338438 -1301.8000536323184
454.7632774746722 -1296.559432290126
466.7653360960084 -1292.2871666232627
478.76578848859157 -1286.822567323443
490.70442486981045 -1281.2467238643728
502.5802159513102 -1275.560318657779
514.3921398420264 -1269.7640436194204
526.5235058626396 -1264.781798483088
538.9997665591779 -1260.6031301123887
550.2384568263238 -1253.5544027402186
562.6236863550716 -1249.141540239628
575.3941987058971 -1245.5141573244355
586.8625810199078 -1239.045322415065
599.5699408376076 -1235.1699826517756
611.8115269590699 -1230.269342656319
624.0141911852879 -1225.2474399889072
636.6390706559989 -1220.9912750360938
648.7687582706561 -1215.7232819568567
661.3351138414686 -1211.2125607011726
673.8744739722442 -1206.5724981652081
686.3855124028689 -1201.8031986824844
698.8669024051308 -1196.9047801402821
711.3173169208123 -1191.8773739980873
723.7354287001028 -1186.7211253046262
735.591088665548 -1180.5874598164398
746.8586685655105 -1173.4918530558928
758.0578088471253 -1166.288711445796
769.7404577255699 -1159.8118932570187
781.9294469079626 -1154.0460736288685
795.7849544078566 -1150.6204006265862
809.0695983886393 -1146.2178610383132
821.7582013180747 -1140.8547052830534
833.8258994803247 -1134.5476496629956
846.4479347405703 -1128.9140329420231
857.2157866732613 -1120.7596062841226
870.3654833582899 -1115.656275641602
884.118421345093 -1111.186130690201
897.2351687913197 -1105.7780301145488
910.3291638311579 -1100.220347693345
924.6884050002715 -1096.0416751465493
936.4422354753309 -1088.656024471442
948.1392821138984 -1081.1456431547701
959.4554084830352 -1073.7994780836189
974.2471725966059 -1069.8838472878817
989.7301739389604 -1066.5173148124484
1002.4873631688291 -1060.047209650027
1013.1285004681035 -1051.2709648512375
1027.8972773197268 -1046.6690915846768
1044.791000609861 -1044.0022821070104
1057.4411186412704 -1036.9085208477645
1070.0500811942313 -1029.6687932224706
1084.7974863607933 -1024.3429179651237
1101.0061392925247 -1020.1894339975147
1113.5328424309844 -1012.4572133317894
1126.7575365487294 -1005.2449720494197
1142.9546268558852 -1000.5077315786842
1158.403306400111 -994.902397082895
1171.5531614858453 -987.1611772210863
1186.9719466618035 -981.1715435324696
1203.9348234566246 -976.2381578633701
1216.9962957340244 -967.9592017072118
1232.3737159269222 -961.3657078825257
1249.322863489745 -955.7831253803257
1262.2759508780991 -946.9653762597609
1280.0067071897483 -941.5433232460724
1293.6911534305914 -932.945978894505
1308.959956737651 -925.3284993219257
1326.6654399266445 -919.21423536858
1340.2346270242556 -910.0390895588797
1357.0785318481896 -902.9052322346803
1374.7440363428632 -896.0802612153291
1393.2434907630768 -889.5400920960878
1411.7408961754554 -882.7302204330163
1425.9685465217085 -873.0393486726508
1445.2848224076024 -866.2429117275508
1462.8735905354658 -858.1473405621406
1480.4373109456099 -849.796662949515
1497.9727325785698 -841.1906397785777
1516.3531024006415 -832.8104639351919
1533.826645669762 -823.6849039732645
1553.9182911089304 -815.697826745359
1571.325246970457 -806.0353393203258
1592.1405871264496 -798.1537137824043
1612.1394710995341 -789.3233340798397
1632.1118068928808 -780.1871889494566
1652.95983835842 -771.1677980660925
1677.42184021746 -763.4821346707926
1697.3136986287057 -753.3758746119653
1720.833658862265 -744.5512195455123
1744.3361055325586 -735.3506312878953
1764.1157511316248 -724.2545247420297
1786.625481862751 -713.964556234196
1810.0281773766428 -703.6774808835285
1833.3937464172866 -693.013254272951
1852.9624275787164 -680.5925667986614
1877.1677569653496 -669.5447798390173
1901.3274240131548 -658.101836113151
1929.228231279449 -647.5364326695214
1956.145386636482 -636.1951165647282
1981.1101606330183 -623.8040809714352
2006.0130393998093 -610.9997428460506
2034.6856767446636 -598.911677002636
2062.3442445466853 -586.0650279492559
2090.9034564805856 -573.0154759494192
2121.3311686126417 -559.9911366017526
2151.6964406228535 -546.4452647895699
2185.8781609117837 -533.3260406626682
2218.0532979547165 -519.1565923998322
2248.201112822519 -503.9918216633948
2281.190858390182 -488.9348296011092
2314.0935755860482 -473.30214813729646
2348.8644692593975 -457.4764530014286
2381.572908563297 -440.6750290149851
2423.0351824433938 -424.85350962597664
1328.8856166327867 -220.16361621870738
1340.7749662735641 -209.21637080812528
1338.7227629013585 -196.0366396614491
1314.7447898779599 -179.93092421470777
2607.9531640911587 -331.9959245335914
1295.0500035750285 -152.51717359143
1274.5529531255463 -137.98104826007457
1251.9087132250677 -123.64697226845122
1228.1006828622203 -109.80761700969686
1229.0763369051538 -98.28712051845329
1247.8993082578957 -88.02452186445396
1212.7368909866016 -74.12309518734243
1212.3799479008146 -62.69658625489943
1184.9395770884648 -50.14178546292463
1190.354945322437 -39.193164536914814
1199.6676275659604 -28.241518554432258
1329.8666693435985 -18.831934817327294
1461.9832777648726 -6.992534295911504
1437.9848251488831 6.606257755793382
1342.8689323557196 18.76247621742699
1324.6388691709074 30.933255270336694
1318.2937908813262 43.156470241922726
1313.8347088921748 55.34760798999404
1304.2698870002957 67.20165075528686
1300.58796322648 79.24613498711533
1296.7951049485825 91.22749465700979
1291.8953392565845 103.06518523300895
1286.8879472601373 114.81903673429036
1276.7982391309483 125.99704977542014
1272.5780514771966 137.6412107564492
1268.252020302991 149.21733477509133
1265.8050706909253 160.97677786917498
1262.2584054578276 172.56800935011844
1254.6479547318834 183.52795342154786
1246.9434733486228 194.36042362907213
1238.1601002522361 204.9013571047596
1211.559159064567 212.18954754360325
1106.2648477233017 204.45803161465736
1217.1829509283439 236.78189113479246
1212.949649420391 247.78447887418287
1208.6172044941702 258.72853147787396
1204.186341338453 269.613158680934
1199.6577931052495 280.4374786683157
1196.0038717914063 291.43736661582284
1192.2492298959228 302.3934090098184
1188.3943682062275 313.30468495654753
1168.0428280575632 319.68257979328484
970.6678931069525 275.4720335919961
920.1001577225453 270.36401343179404
878.2491828238668 267.21222440077497
864.2084142292672 271.9923101400761
853.9613913091723 277.76598451448797
843.6836488416586 283.36884210728755
832.4326414494874 288.4733912329335
825.870410083612 295.0712892646905
820.1968884223215 301.9156574646996
813.5331421796315 308.32422314073153
804.9588337567322 313.9064764495971
796.3526507173623 319.35318331814193
792.3391477986802 326.56955593818185
787.3396692957486 333.34853404996556
781.366062858769 339.6631799482926
775.3439278533641 345.8941941416727
771.0929316308234 352.87347702679807
765.8741478989483 359.37833766110595
763.3051891125681 367.11604197287096
758.8641966389149 373.9533808639444
757.0405271401971 382.0911413096258
756.0188486741129 390.68721562071727
754.0178038638757 398.8309810637809
752.8094384165648 407.44809415548417
750.6301303077979 415.59404167299874
747.4935276204413 423.2427508718235
746.8755305956897 432.37245726041215
750.4540426631929 444.0751398698992
748.7421338624052 452.7805395323127
749.4842957066461 463.07050271973986
745.8694029978953 470.7471016071827
741.3356409087396 477.85506957489565
737.5694431399211 485.46917157144657
732.0653316782387 491.9393765036809
726.5049947861318 498.3487659770039
725.8042445876091 508.1379719511326
628.9689816260343 449.36290473548144
597.9783606807612 435.91499189354516
589.7722453459536 438.62706097502945
583.9592968773075 443.03559630187806
578.9069585152142 447.98519326275067
576.2986833776056 454.5721367805535
572.964089429113 460.36632394721
567.250194786916 464.2372416278187
557.6724387575621 464.84131814006514
551.1795890924196 467.8996265951828
546.9465321562716 472.84087277035246
543.4197589876856 478.4046044320285
538.3478766673519 482.60808497967963
535.4601058274069 488.78162308673404
533.2371694114222 495.6229627025913
534.5658486420375 505.90053712722846
537.1924567022944 517.6294663774016
538.936848534342 528.7457548688895
539.8166576439974 539.2281299506391
537.7465740415773 546.9164672109868
537.6655787352639 556.769005462116
544.3319773270467 573.9195923291237
555.503484167944 596.3563356561871
563.6139763111711 616.0878879727393
580.1013808272021 645.6828849848612
610.6551410041055 692.119425218839
0 0
1721.075479545452 2022.9273822130622
1637.4072798378463 1960.0544380026859
1607.0183401517133 1959.2468079382013
1578.6591699926003 1960.3887943462323
1497.076338509469 1893.7155110192982
1463.4205854402999 1885.780790577094
1390.0378598596512 1824.8919825997377
1366.373806249155 1827.7162311464535
1328.5753693512925 1810.9123358001282
1284.7650147367185 1784.6511863410617
1242.1140652984568 1758.5680677152482
1216.5556792007549 1755.701648744567
1122.5705890653542 1651.618682555227
1087.139303623347 1630.8672951890796
1065.8528982205798 1630.5402783601482
1050.5965290289912 1639.2241863736135
1036.334225810579 1649.4591151082186
1020.9240370442168 1657.8670364614102
1009.123606697542 1673.2559715733107
1003.0012793759249 1699.0342649782722
1048.5076677961054 1814.8960495226088
1034.3450571421383 1829.900079994978
1006.9282858177834 1821.168972726051
990.7072900541002 1832.3176759049345
1018.2938046618881 1926.4264136964111
981.7716998360679 1900.3803117799864
957.0964643637423 1896.1388023829963
931.2618633580214 1888.9116818567632
595.5246532799243 1237.1254533537922
575.7837389965692 1225.4750449956664
557.1487849463866 1215.3823396087196
543.244852886012 1215.0909553662455
527.3981787131044 1210.0624616481996
513.2581477021732 1208.525992197658
499.1939083879788 1206.8311571335628
486.7012779591771 1208.6897310860647
473.8531592806229 1209.4892241933255
462.45722189495785 1213.8922184103487
452.4092026495068 1221.9389973963664
441.57386781709357 1228.0217910367276
430.99358067478704 1234.9528466371198
423.5280106682186 1251.2653692080753
413.2998493682792 1259.9441394411729
404.45946379691577 1273.3061462763428
395.69779638372574 1287.5683492292997
389.26618773768917 1310.4048363327138
389.332817675546 1357.2634074050698
467.2217153398217 1688.5520035565723
450.0325755178456 1688.0401893831718
430.6579644848514 1678.6371608021086
408.1489644424124 1655.427262921747
387.26642592238903 1636.8105312934965
274.801623238674 1212.2429904377216
262.3291030323135 1209.8873673620458
21.48587258543406 103.79960153701214
18.1869691336175 92.22382638848187
17.134577179490748 91.40791139108296
16.449138874371677 92.54958579211274
15.424464180732045 91.7119725266953
14.56060875680685 91.85308199854373
13.253674358933438 89.0187627188075
12.691157694295724 91.12043961910257
11.70437124232632 90.24415600924974
11.212335849083377 93.32889972997303
214.3640981952941 1938.1816306540825
195.10717143033455 1930.1640323186148
176.02024248898684 1921.9565224619723
6.464223224393014 78.7350863218249
6.664643235300416 91.75828317130919
5.674636891563301 89.82092460083513
4.936322782462255 91.86747366389991
3.9829581732994024 89.9118237174052
3.1365521048805403 89.94532806596109
2.3407541496973985 91.9702172989206
1.3467826685471211 83.98920273727869
10.197654937693214 1539.9662359395325
-4.302189069647628 1541.9939984219163
-18.790492445099225 1539.8853585230527
-33.30432345626134 1540.6400689450866
-47.86504417268012 1542.2574161100174
-62.7825669066837 1551.7304370581278
-27.455737655895227 550.3155299187646
-32.98932712196731 556.0222156497344
-37.94654302331291 551.6965287842401
-42.90328675855592 548.3240902835778
-47.275617718898424 538.9304370410865
-51.95878457355267 534.480387578103
-55.81956195845961 523.0298046027259
-60.3933029998745 519.5013464398003
-67.27715214145249 534.7848023268199
-72.84404979288868 538.0917620720197
-79.33993942761036 547.2788813864674
-85.70952908650028 554.4139938924435
-91.24790025553156 555.5563164063177
-295.9293597035243 1701.456674166422
-309.40130231428174 1684.826351327111
-324.8650641462394 1679.8760936739532
-340.4621867382589 1675.7641538717205
-355.1524040732961 1668.6230161066812
-370.59927072962154 1664.2359149275298
-385.08897580350487 1655.8099168426934
-399.45314950580774 1647.2589903685123
-414.18030231404646 1640.5239032623222
-429.07010282107467 1634.6249866147014
-443.8856586937262 1628.5912691667104
-458.62575294024293 1622.4236249327716
-473.0081278537292 1615.1632459241728
-487.0045690416281 1606.8190780957818
-500.88606230642495 1598.3548268726704
-514.9595801138141 1590.7233043018525
-529.250900907647 1583.9171328981968
-543.7856518660128 1577.9284409708368
-557.9199310676399 1570.8642049895593
-572.3130489960442 1564.612978965997
-586.9903144436602 1559.1659214943525
-601.6157463283488 1553.5811835143293
-615.8181923905054 1546.9301709905624
-629.1916481709192 1538.2983682861925
-643.6191261726071 1532.3179893301553
-657.5938676749241 1525.284008044513
-672.3023108594427 1519.9518422677256
-686.5554847061073 1513.5671661409554
-700.7480329921043 1507.048836055984
