-715.5094428953869 1500.0967425894682
-729.387476724737 1493.3981079394473
-743.4938464545337 1486.4255448169083
-757.9893661037202 1480.209823259419
-772.4337940452672 1473.8527856664768
-787.298321038688 1468.2361368968081
-801.1638689640603 1460.716418428484
-814.9576009223958 1453.0657620007473
-829.1756863804385 1446.1523713341996
-842.8302746761494 1438.2371598903035
-856.4093120470503 1430.1930255175691
-870.4334238546194 1422.8737310937763
-884.3956631090075 1415.4170096031696
-899.3704859807942 1409.509392996964
-913.7667195673115 1402.6069949245207
-928.1127746454116 1395.5581956837182
-944.0920438489584 1390.8455028295184
-959.4955865386243 1385.1329248172904
-974.2981920972865 1378.4364449897423
-987.8900576814531 1369.9613987022174
-1001.4087279184897 1361.3524744344031
-1016.0531845509306 1354.2100746058245
-1029.436609761255 1345.3238518971011
-1045.8187321283 1340.2474322040518
-1062.1966777144435 1334.980980333577
-1076.678298100243 1327.194349897544
-1091.1075207729796 1319.252962139044
-1104.8381151606798 1310.39258975629
-1121.1058483954016 1304.423886891691
-1138.0182050450233 1299.0163836480676
-1152.930104525512 1291.1673687321843
-1167.7951522268763 1283.1521665162736
-1182.6115354971573 1274.9709628493724
-1198.0644045601096 1267.3506549199517
-1216.2539321685572 1262.4323239225628
-1230.9541634285656 1253.714819062884
-1245.5980983135323 1244.831867152232
-1259.4699341015544 1235.0835943749823
-1276.8715558005954 1228.6508983382414
-1291.355295395806 1219.252845415261
-1307.242439613381 1211.049629071268
-1322.1142698841006 1202.2407651418378
-1345.368090803304 1200.3306628793055
-1357.416318903239 1188.2074470290024
-1370.8728025406556 1177.2666474738546
-1197.6383554310262 1008.9689636457939
-1217.1512053577167 1005.8747155069848
-1228.1666886933742 995.5739976435467
-1214.8307671029936 965.8624163409363
-1209.7192705324085 943.2578048988186
-1202.701295701532 919.6225276263388
-1191.3453201381276 893.2062069785354
-1175.570265682193 864.1270453144596
-1165.0329191001485 839.5202781428136
-1159.8544617536706 819.2298990821216
-1141.2420024602038 790.0067669460966
-1118.8724962192791 758.965306983158
-1101.8503530240612 732.2942028589002
-1018.2205747796261 662.9116540651912
-944.3458610646994 602.1718149249194
-909.2862656107554 567.7873608769809
-896.7003056140848 548.2057660327981
-900.9885109960877 539.1842941453812
-868.0814806798031 508.3999831832813
-844.2201227085106 483.75756781060005
-948.2025394189687 531.4893641827831
-1092.6151934459135 598.922398187903
-1123.7933202354075 602.257065873269
-1138.2991700985333 596.238206887977
-1158.1320454753406 592.7319505839915
-1163.6878848255712 581.7486628348947
-1156.5585096927618 564.5718852876553
-1152.8204369969098 549.3032314143561
-1145.2706440091872 532.4698601524611
-1142.0603310538502 517.8940048245105
-1160.62787456886 513.131500469198
-1171.8592195768263 504.89797929165036
-1645.92593869147 690.7624804103095
-1645.9074361878127 672.5122389233233
-1641.9745382282315 652.8465484401262
-1635.019678479664 632.2338578281427
-1634.259410380725 614.58293141125
-1626.8381375718009 594.3245528681398
-1615.4112775578988 572.9244316127196
-1522.4058185937502 523.813443424177
-1372.6571401936733 457.8442698946079
-1316.0176040553072 425.1901525394598
-1309.4739556898219 409.465455649253
-1331.4676937623217 402.58512201426987
-1621.256249017286 473.54954864554503
-1628.5416839888017 459.0381068178522
-1621.2221665070056 440.4982256789813
-1614.6662233778493 422.39079900337924
-1615.6721676879124 406.3981379861903
-1610.6880178985734 389.01556395337815
-1618.1853538062244 374.69609115525054
-1672.4183898217284 370.65580986421526
-1698.3438693385904 359.61660345432443
-1692.8409018171483 341.78747948821126
-1681.26118589376 322.96257493261953
-1673.4133568223156 305.10446933578265
-1663.408295729792 287.0833358056671
-1653.213265558823 269.2784777518108
-1642.831459729507 251.69186503146543
-1633.2559439088811 234.4675279997418
-1626.4761420132868 217.8448059091029
-1618.536488842557 201.24769386307838
-1611.4227904187833 184.9340166625442
-1292.8642040088703 136.02260838739392
-1282.1451663980852 122.66936162720637
-1256.3456637248112 108.2431209817215
-1243.352425011781 95.3086943427707
-1225.2394288694443 82.29424003949524
-1208.989892117525 69.74554292322561
-1204.6002084944018 58.08904970167412
-1202.0971342596763 46.59913952717971
-1190.4886107684 34.89796026597248
-1188.7653904876588 23.618771744607173
-1185.935542772758 12.36480441752707
-1183.999424526314 1.1673565682640146
-1181.9577620269054 -9.992436357032238
-1180.8144632133285 -20.933309968062932
-1182.5673200434296 -31.992711127704222
-1181.2184101814205 -42.977522595856435
-1174.7727709994097 -53.71160506229892
-1174.22109941289 -64.65918104634513
-1177.5591366995354 -75.85828613569403
-1179.7927843836444 -87.05162787844674
-1178.930136567224 -98.04454647549959
-1183.9395261595996 -109.58192550317175
-1185.8512210224033 -120.91683753586811
-1187.6542153658486 -132.29688100530063
-1194.3117233323212 -144.3208491902016
-1196.8811115876513 -155.96347240526578
-1202.307985929344 -168.08184604687114
-1203.6561940514018 -179.72414006386023
-1222.6686576136583 -194.23015648764522
-1249.402362387361 -210.4346379778791
-1260.1854112762178 -224.34956921418402
-1284.5763057666907 -241.06578907593226
-1893.4873525890353 -373.63838880040964
-1949.6557631506137 -403.6377153012315
-1947.763417695794 -422.2163766198561
-1941.7928101693158 -439.9109936961696
-1919.1176189265377 -453.620507391075
-1904.1251450486345 -468.85864820169036
-1907.4220671403657 -488.57144593802724
-1974.2967790983307 -525.3581902302059
-1991.4846663111152 -549.8589126746116
-2095.8737260049656 -599.7610562899716
-2096.904010192065 -621.2588607339418
-2004.0158318274491 -614.1144402999638
-1929.564074105591 -611.0306734698622
-1903.824694268121 -622.4632788324915
-1884.6744075372997 -635.7069903453383
-1873.9445493222659 -651.6040408602222
-1866.848199098107 -668.7053174038285
-1853.9664894625364 -683.6550708873289
-1857.7984318938759 -704.8077656018379
-1925.6786836879387 -751.1661648329799
-1931.5883341184528 -774.2916165744658
-1930.799113095581 -794.8325514656012
-1933.4447806554751 -817.0632045050746
-1038.5659857108203 -450.3384208842417
-1026.103094633464 -456.3347884871678
-1024.5380138814032 -467.1165359007854
-1816.5066844836188 -848.7216653452002
-1802.2089544115238 -862.5815234741132
-651.9090477410207 -319.51618655929724
-636.391518653321 -319.2958424190955
-624.4941038723648 -320.6417225325675
-621.4805971804435 -326.44427905576663
-618.413176872952 -332.2185164464842
-617.0450780211102 -338.9267939982351
-1984.5866158388353 -1114.2674563287571
-1932.4888661191608 -1108.8150352179935
-1847.0234718011839 -1082.7674240646054
-1042.4022351552767 -624.1975489725056
-1033.983952268722 -632.3141517084314
-1027.2015777539893 -641.3874949355617
-1019.4967029588819 -649.8518851676658
-1009.2087720319354 -656.5924568968128
-992.219303311078 -658.7729913535308
-968.6544266500115 -656.2077428157469
-950.9834688014679 -657.2415401253388
-943.1861116251704 -664.9180091089364
-938.5760669348492 -674.8414381001729
-933.0564071374773 -684.1452631566648
-930.6483986045893 -695.7999412005676
-924.9227234314583 -705.0439388294423
-918.3159087171413 -713.6279785693741
-914.7648707002825 -724.6338601891963
-914.2003813902454 -738.148130571317
-912.6908095399899 -751.0788814640164
-908.7205862739149 -762.1173768403344
-902.3430870035933 -771.1977394526166
-901.1539326650384 -784.8226485278923
-899.0407778426147 -797.8281016460539
-894.5378631025159 -808.849807736878
-889.1719126374755 -819.1790462265337
-885.87831542597 -831.5314848266696
-881.0212990662719 -842.4740177546004
-878.6390191612778 -856.4592658190508
-873.9410164698357 -868.3611574291368
-866.9875418143976 -878.1165084079836
-864.1016398861599 -892.1279930290548
-861.7151637563036 -906.8891754522418
-855.7153811572924 -918.0284235527948
-849.5810095932427 -929.1356780032324
-847.3183473370761 -944.6759329346578
-844.174756824469 -959.5066336093506
-837.5576302776483 -970.5777742992522
-831.4516590099965 -982.3732176365173
-829.0284443172791 -998.7571469145399
-822.5792067739242 -1010.5307756734486
-817.8517011910423 -1024.616803912037
-815.3946394593595 -1041.8543957487252
-808.4204434122514 -1053.584541777801
-804.30166900982 -1069.2721006497916
-799.3625323853323 -1084.171823014465
-793.6255489976573 -1098.2638517124046
-790.003142478097 -1115.6092662194644
-783.840344421196 -1129.6987715571177
-781.4148664165159 -1149.5611364965582
-775.3546777309904 -1164.4853471472588
-772.9033568516686 -1185.2617436530304
-770.6625022845791 -1206.9396453727381
-766.4861869656626 -1226.1382161856138
-763.0559382222666 -1247.072425781172
-762.8902977736939 -1274.0578454539514
-765.8149999328857 -1307.1925588366062
-792.5362714153249 -1383.012023986449
-779.2512239443474 -1390.540732945726
-742.8313367491579 -1355.8457158332799
-701.0129920933708 -1309.1240525314245
-622.6093378539695 -1189.9607608728288
-601.6246178721448 -1177.1711087051856
-583.1756297836938 -1168.564155203467
-563.6335796884307 -1157.016070695479
-546.0843095430524 -1148.8150098561944
-528.3238408637064 -1139.4779151765167
-515.6749217867484 -1139.7720715301946
-501.58453615770327 -1137.3046878859955
-487.5880058966636 -1134.6730526921467
-475.6174399590208 -1136.49111338665
-463.27923263501714 -1137.2582611742637
-450.9695839658786 -1137.8938589946088
-437.9707132037738 -1136.5322935912457
-424.6880253724921 -1134.0904201628782
-412.85869230601014 -1135.2584288114188
-402.04409808955535 -1139.133242071074
-391.1931447158787 -1142.9050369682082
-380.3068134990232 -1146.5734723977437
-369.38608895245426 -1150.1382166019914
-358.7286738976221 -1154.553913216552
-347.73303376197265 -1157.9130957160364
-337.2629452143776 -1163.0884342066702
-327.5338829013058 -1171.0583057865197
-318.72435039701577 -1182.8101235887357
-308.46576905732337 -1189.6595602607806
-299.07273983101317 -1200.3018354938774
-293.6906378965371 -1228.3789355129488
-291.15014832225046 -1271.0812685001426
-291.6751306559643 -1331.4257839462275
-285.9601916391802 -1367.419382924523
-271.575914465143 -1363.2118407211776
-245.01880014266231 -1294.007259476024
-221.3939184553423 -1233.2857466422731
-213.8388511823674 -1259.9829148544059
-203.58450702374347 -1272.8214126498262
-197.2643530016123 -1313.2672138734201
-197.42767528345465 -1405.198673865077
-199.49104436882854 -1525.0073190698574
-185.70135478298417 -1532.7918993887474
-171.11662260931467 -1534.488547193097
-157.93560567139343 -1549.9743044519191
-151.00069549441827 -1636.0463899169247
-135.10588933984104 -1633.4219903826722
-118.61812528848695 -1621.6675801017436
-102.3662263769941 -1609.7484759108593
-86.56770229204074 -1601.662271803852
-71.3111002326867 -1593.4050731008747
-55.70526781060606 -1585.0214267126325
-40.292419908616225 -1577.4855057647621
-25.029310613726167 -1569.8004757325696
-9.9300735656692 -1563.9684759095946
5.041978850720223 -1553.9918205863469
19.873048371707494 -1547.8724307734199
34.564745378904284 -1540.6123063174887
49.08696470764417 -1532.2139112721143
63.492855106131564 -1524.6785423001375
77.75870803620904 -1517.0084321863671
91.8225009158161 -1508.2074221822293
105.8653139472011 -1501.2719724629712
119.78354560653783 -1494.2064456432806
133.48652966813245 -1486.0166036747903
147.0434564532383 -1477.7020071429438
160.77888272139182 -1472.2469734629651
174.54130905514842 -1467.657770542341
187.9752843857659 -1460.956636064223
200.611191567658 -1449.180509742594
214.064914409322 -1444.2216631871056
227.59809859588535 -1440.1260727851354
240.41014421066495 -1431.9591343891793
253.0865289063317 -1423.6794614259716
265.4418113632505 -1414.3060647470181
278.8039565949192 -1410.7134201484787
291.71504652371436 -1405.0364164788282
303.90491894796713 -1396.3104240244106
315.7322970901137 -1386.5053611775904
328.5565474388 -1381.4668273741124
340.8318240363296 -1374.36882521544
352.7512379311675 -1366.194555741615
365.0638523522997 -1359.8501328108543
377.2872738015004 -1353.3954754717602
389.69828370325394 -1347.7923607435748
401.4626340230924 -1340.1599730939738
413.4126544965719 -1333.3814072132916
424.96435506365276 -1325.5449056615676
437.34709394346834 -1320.4576931576428
449.9948704512847 -1316.2012067186124
461.8469871582238 -1311.029122656271
474.0710146843364 -1305.5947583519794
486.2332975496924 -1300.046606992977
497.61420200452613 -1292.5188996542367
509.2637140823886 -1285.8224875615651
521.2077221301563 -1279.9478545596667
531.5418480484608 -1270.2725155545274
542.9229749370407 -1263.2733842227158
555.0260878615848 -1258.0027988017612
565.4283608370298 -1248.9722850252322
576.9719905416683 -1242.5793021495188
589.3046951156878 -1237.8856879028071
600.2849657808968 -1230.373504208144
612.0695777600042 -1224.55372768233
623.7977735033305 -1218.621080472633
635.4684719889152 -1212.5761094084253
647.0805974944841 -1206.4193716722978
658.633079696606 -1200.1514347487005
670.1248537693483 -1193.7728763716361
681.0570117895913 -1186.4170205674868
692.4158943292707 -1179.8238128128269
703.7109548791443 -1173.121857260823
714.4185345391651 -1165.459204565699
726.6362304324592 -1160.2416940546939
737.7417145450569 -1153.2121065181893
749.3261522507796 -1146.9133871191152
760.302631429542 -1139.6665778381473
771.2090313002036 -1132.3147221691509
782.6151818776016 -1125.6795623509777
794.5436535602959 -1119.7452311070838
807.6031980499981 -1115.3053727564552
820.0562677647198 -1109.9133829717516
831.8781421614447 -1103.5863158783834
843.0444291759437 -1096.3416850760566
854.7653907093575 -1089.7711350762963
866.4377823886997 -1083.0764373992042
877.4281465635489 -1075.4830763977902
887.7129508557966 -1067.0097079609416
898.5628455554106 -1059.200553524857
909.3445591743939 -1051.281348022463
919.7140656901882 -1043.554999686947
930.889445465286 -1036.2884928056146
944.710656486584 -1031.8540475865216
957.8487522867479 -1026.5192485982523
968.9028488118809 -1018.8539000093299
979.8975363211098 -1011.0711242597224
992.9397332413862 -1005.3057674909284
1004.5414394805892 -997.9741962427014
1019.6734493035759 -994.0030466680411
1033.3745178329873 -988.4518733319499
1045.6031840579094 -981.3612899885351
1057.789956885727 -974.1275107046779
1067.7072827404702 -964.7394251210851
1080.5347656441504 -957.9042855287479
1095.5918151720705 -952.8811964394972
1109.1286295007612 -946.3602290997668
1121.1061048992603 -938.3843037677095
1131.485953793349 -928.9970593970442
1146.4614848552585 -923.2605611329211
1162.2140097755507 -917.9431330324531
1173.2244869155982 -908.7355519080519
1184.960927078687 -900.0064451418215
1201.4491726843762 -894.7200039431484
1214.7122001692378 -886.8428670063314
1226.3069319599488 -877.6305080311288
1239.4731674969369 -869.4264011721237
1255.0657641968698 -862.7507910984071
1266.4953911888158 -853.0641383257699
1277.8538034746819 -843.2381970388257
1295.8580279836517 -837.6162434613606
1309.6447807068955 -829.054008112371
1321.6851173047073 -819.2517627049954
1337.0764922513097 -811.3707252969715
1352.4364219932957 -803.271264558849
1365.1684128107668 -793.4457792840867
1382.1816037490657 -785.9223970963421
1394.8041649695365 -775.7173076473377
1408.2354165741037 -765.8211354528945
1426.9016605765564 -758.5562939188271
1440.231216560183 -748.2399634111878
1456.0231828089786 -739.3818303980777
1472.8127638006704 -730.4509311280468
1489.5628683567963 -721.267953823455
1506.2702241758848 -711.8328538084836
1523.8396831872815 -702.5643173003351
1541.3676830919549 -693.0264536940412
1558.8506947661194 -683.2192264765295
1575.3655317995563 -672.7499098609389
1594.5909458424014 -663.1807562327449
1611.9213716373793 -652.5568876800473
1631.0534423670317 -642.3968151716316
1644.5332722957685 -629.7867228770164
1662.6058989458372 -618.7225749805033
1679.6748769227809 -607.0323779127779
1696.67051970461 -595.0740689740138
1715.4827459341273 -583.4920294248295
1739.9250063870238 -573.4849362878815
1759.566541200582 -561.5466027743564
1779.1367037950674 -549.2873466676824
1800.5476698686177 -537.2793393856597
1819.9674559001521 -524.3610010902105
1839.302736004833 -511.12273019807714
1862.4131170674632 -498.5994197500192
1882.5444318704297 -484.9355235839519
1902.5825720287442 -470.9347689568992
1925.4417703849385 -457.2909236546401
1949.1865872077212 -443.47790051987516
1972.8406962402953 -429.25585291071764
1998.3566905370942 -415.03197152223436
2023.7782633372774 -400.3630113329079
2048.116488993889 -385.06473158593076
2075.2980560702567 -369.86751475496504
2101.3872279000466 -354.0236127980141
2130.3232819723253 -338.18887368844753
2159.1455641951056 -321.83758732721066
2186.8564598659186 -304.8324522466445
2215.428368278777 -287.4598146274321
2248.8293392381797 -270.16958189546887
2280.1108524861115 -252.05257462493424
2310.2533716581975 -233.26671160268717
2341.1959626354983 -214.48185130505115
2373.99871480458 -195.07460651300303
2408.6353451006307 -175.21636433839694
2440.1113740799274 -154.5363455170635
1341.051269334127 -72.3221474883491
1344.6670748542358 -59.88704202874954
1338.1734985812734 -47.03921443598888
2595.1382302993916 -66.88471902116878
2633.64589887114 -43.18888004133587
1273.968541693339 -8.952919956474727
1270.996512850686 2.977301025368008
1249.9142626120113 14.64022264421954
1228.7268847142584 25.908353486730846
1243.423235243816 37.87688022794609
1209.0407075834858 48.172268018270564
1195.5519940337026 58.85940504318561
1191.9531528472407 69.88334148795872
1177.2783255663453 80.09834050529676
1170.4940566648806 90.66235884969598
1185.5331258807164 103.01071516836241
1351.7416648240196 130.22469650103963
1431.0125375362052 151.40712471409867
1396.7482091917964 161.029314472583
1317.7784420845383 164.45053231062326
1293.3844414443897 173.72877317699587
1286.750815945747 185.12789542085227
1282.9828544279512 196.8730434668659
1275.160073490443 207.92014567099548
1268.2288486033167 219.00819064661883
1260.2184464909435 229.80528088787003
1254.0816797458313 240.84879182979958
1250.789675988662 252.39093969510452
1243.4781799637858 263.0646611651789
1238.029633487852 274.0558822684438
1232.4845443768834 284.96815238216686
1222.9553429937 294.8630682929984
1216.2592295103861 305.33503996561154
1212.3773245843447 316.46520003581185
1204.5330286612034 326.5029599624915
1196.6074936350128 336.4216196627873
1181.9152662901847 344.1472116844791
1078.0322857090762 325.14979773769585
1167.4581263602365 364.3768971757761
1164.860408872103 375.8673008420879
1160.252200059495 386.70897617860066
1152.7064207902156 396.5210050791889
1146.964417537126 406.8926454283993
1140.190477874346 416.8473031754802
1133.3313612452619 426.709533076028
1128.253097843236 437.2012662460405
1119.362199114845 446.15386044813977
1057.659615830135 433.36490056539117
893.0851884615379 375.9785182036592
841.7067417402222 363.89388688058335
815.3259032599534 361.8116519314172
802.7162261860982 365.47320040948125
791.0182656002061 369.3495681422165
780.2225515109287 373.4672276301846
772.114723203865 378.7332230103653
765.7651625685745 384.7761892273543
759.3709658526951 390.7323076224244
752.9332138115283 396.6012803048465
745.5727376191818 401.9083140705586
738.1800576911222 407.11079871102834
731.6274859888806 412.69991730746733
726.7683199309432 419.20020174703416
722.7132481656953 426.1532129713329
717.7351729277445 432.55083116598064
714.4039312224533 439.94093132363156
710.1504508231691 446.7743694479907
704.9903318555865 453.0260831234224
701.447803557226 460.31725894728646
697.8301878945717 467.5821092204306
693.312292640979 474.2552739537111
691.190337919128 482.6022345236724
689.7862015561855 491.53229409947164
685.0389087132587 498.1271861171077
680.2285657813168 504.6762311572568
680.9370668658111 515.4034448547914
677.5442189458565 523.1346206981996
675.0220970692724 531.2496291464134
674.0734820710278 540.4821373261468
667.5912866386069 545.3126387717502
661.8457573015887 550.709718038357
656.8201741926957 556.6940441332894
651.7404834601836 562.6325108088639
645.1051126104862 567.20401416405
644.4003433498001 577.0382981143105
554.16460989099 505.3727190345428
534.1674088058746 496.09089829346567
520.9244128653262 492.67307221007644
511.3895148421847 492.5248867920026
512.6097522342385 502.7476921024627
508.7331829931016 508.08616249776713
504.10076409999226 512.6825720012373
498.73220522485997 516.5173641529858
491.27145440490574 518.1200228584962
484.5043637436918 520.3619139726892
479.76152628945715 524.7379135267533
476.3152546443258 530.558929990921
472.80272999546094 536.360493053729
470.53287630629893 543.6541293091786
466.87428505644397 549.4264299731442
463.790162392918 555.944858117737
464.427607467021 567.0943461386814
464.2738497729638 577.5212484549737
463.34921483231267 587.2065267980928
460.4497580544803 594.5502672672602
458.66516194401976 603.4817886389499
458.5496149241951 614.834327809429
465.3519113440038 635.9179181376182
472.974643716721 658.7988967818942
479.6434612067385 681.0515032812276
492.76656049423946 713.3513277892437
522.7281444653318 771.6082470942306
1424.2709338747864 2144.044847226719
1406.389844291785 2159.3972783795316
0 0
0 0
0 0
1212.3641256570377 2018.9596892508396
0 0
0 0
1095.2166651819643 1945.9674859328193
1053.2766594427621 1913.2339842980773
1007.3092277011913 1871.0834080254226
983.6523189399556 1868.9494684030512
900.2026665404752 1750.0454734530238
872.9636192810217 1736.971651873392
854.863177648179 1741.4961807311718
838.0514720725168 1748.539599253356
820.7591667539335 1754.5151439042609
805.5046291378188 1764.868916502737
790.1279404669007 1775.0906561901377
802.89269751643 1850.3114106211394
812.7549759911051 1922.2378492272226
797.3467260376335 1936.2526174229092
756.8172131580918 1887.9575487461627
785.9406909199342 2015.1591079506095
758.1312700082767 1999.0700281469976
733.1144523376507 1989.2066759825805
706.6651105836243 1974.3437951592507
683.1850591455892 1966.7186313655134
433.23605275527007 1285.9842621871517
417.4253128809838 1278.5855889091715
401.18906756332814 1269.0974478217452
386.04539697250647 1262.2871905696975
371.6320941599636 1257.2233638420344
357.07358533082356 1251.0393497644234
345.318355722038 1254.3349764721654
332.5072524698036 1253.6538306306818
319.73943094167123 1252.8430453576761
307.968919587132 1255.7882562631069
296.400346647769 1259.5962982269684
285.66705695436974 1267.1997997833762
274.395572661079 1272.7572705366874
263.85115530369825 1282.1324299170128
252.38535947137177 1287.4958758475718
242.1241370372929 1299.6383736501266
232.17884237242637 1314.6550822001184
15.324412780941675 91.7287434391168
15.08034672797707 95.82057786594689
14.0296817978199 94.96930045363038
12.859626932620056 93.11621768066952
12.617984832720131 98.19259879828644
11.455011487381256 96.32124745778557
10.763369481763698 98.41315906625007
9.437227033500184 94.53009439283436
8.814974650871386 97.60274699978733
7.249518575916452 89.70754974035042
86.58288645645644 1213.9161436330223
75.74579281389511 1224.6597792329894
66.28311445858262 1265.2650112674698
3.8603562773811806 89.91717104875845
3.2128196194602383 95.94622342798496
2.283602087032863 94.972549515679
1.3584345865816483 92.99007826361895
0.4760476171226564 91.99876835407218
-0.3917748869419638 91.9991658246854
-1.1500353547297555 83.99212712321835
-44.88009951125273 1940.4810683611063
-62.66135278177773 1923.9798738208146
-80.21929781304853 1909.315548634741
-97.14641930266765 1887.5016750235402
-109.89851567284408 1803.6549881429391
-124.87035868595255 1773.6097072134112
-126.70267562466765 1585.9468566094988
-139.87615036164505 1564.7605767528803
-152.07080143450665 1537.4977955597421
-165.8121953851423 1529.0357470842725
-178.93881381227348 1516.4794429570934
-194.62742716542897 1525.6356591909373
-209.00970712970337 1523.7319128788881
-223.08291712522026 1519.7137928198526
-237.87175928126493 1520.5058454792063
-252.36760215167567 1519.1808955434549
-266.6864271241533 1516.732787800064
-282.25871141376217 1521.0322218253768
-107.36422430640837 549.611611357587
-112.1418541953663 546.6152253071856
-116.78512083470461 543.5965742640616
-121.8880950058174 542.4751536207468
-124.69648752395699 531.5701139070815
-128.02345845673761 523.5752038482876
-131.70460811495627 517.503522887802
-134.00439363519226 506.57558417916715
-141.671598454285 515.9013066385933
-149.52564520321135 525.1267289203278
-155.86802464724295 528.4942373314647
-161.99488859250232 530.8320412992256
-169.98449456478514 538.823042944114
-532.2463230871255 1633.4741661747319
-544.7039000990542 1619.8699519457973
-559.9016295890178 1614.6798955779323
-574.3769510032287 1607.4638777142816
-587.7302045820925 1597.303104179633
-600.5892495209126 1586.098532046451
-614.378484295368 1577.589324898887
-628.4325627110017 1569.8896503017286
-642.3962524407042 1562.0653170882897
-655.8794381523542 1553.1961120891826
-669.2527667248096 1544.2116869882793
-682.1090065517855 1534.1995643269283
-695.665976728592 1525.9023064476487
-709.1273158425893 1517.485897768373
