-723.1263192972448 1508.6475156044964
-736.2021562783768 1500.0824594305036
-749.5046780837798 1491.2423470149074
-763.1633361993019 1483.1742049675593
-776.7364066691113 1474.981204814067
-791.1713973188573 1468.4249453290172
-804.5865490538614 1459.9758508556224
-818.4035814436545 1452.2756549223702
-832.1469270615564 1444.444700146741
-845.8153484951264 1436.483691606023
-859.4076150778872 1428.3933460871826
-872.9225030001322 1420.1743920223264
-886.3587954191124 1411.827569423115
-899.1755613433037 1402.511786005007
-912.4430769476703 1393.9166515004647
-925.628438726714 1385.1960126351598
-938.7304595072977 1376.350654591052
-952.3192369067642 1368.2021309065844
-964.6797670057134 1358.2889777693856
-978.1114668506034 1349.8840536932648
-991.4704675509503 1341.346454863284
-1003.5514390289916 1331.0798282683274
-1016.7460202586504 1322.2902594696052
-1030.4811552239955 1314.1569878550354
-1044.1533759086294 1305.8819730659477
-1058.3931042130632 1298.240746916471
-1073.2208665097926 1291.2156952608536
-1088.0103763250788 1284.025864618373
-1102.1061580238074 1275.914580387732
-1116.1457936970503 1267.6512009272826
-1128.7918158870948 1257.74760440492
-1142.025284176164 1248.4559464804324
-1155.183932918332 1239.0262632919992
-1168.9551692870493 1230.1840562278014
-1185.445162380892 1224.0652625525079
-1201.9238478352383 1217.7438417027347
-1214.133719215818 1206.9893586370865
-1227.6793487961227 1197.509255304329
-1238.9868707882877 1185.8062801378
-1253.0987162033225 1176.7347226327543
-1270.826860714304 1170.889871032723
-1285.3370576177422 1162.4102753823904
-1298.5288142947165 1152.1800720574704
-1311.6418736495657 1141.8040967210868
-1324.6746562502433 1131.2829244217821
-1341.458324587531 1123.828084448335
-1356.6738393221324 1114.8865833343518
-1370.2827356875223 1104.5022518205744
-1382.2473800759549 1092.7196256465602
-1398.8534825778997 1084.4855620429817
-1414.630928724056 1075.4293726216122
-1428.758240584682 1064.9760044063732
-1440.3918773946714 1052.5812270487509
-1457.6093533472897 1044.1379090113028
-1474.7954117499005 1035.4624539216481
-1487.8280706040232 1023.7204854464474
-1500.7702949501866 1011.8243532328773
-1521.1300249007322 1004.7350134963434
-1525.536842290893 987.0290486166712
-1339.688502974643 848.8997084447377
-1348.5153210881738 836.7051026439718
-1344.4110477610475 816.632068105363
-1333.1721836983802 792.6240777398149
-1330.2444896781446 773.9319076513981
-1309.7017108131433 745.4732917369513
-1304.4688099937073 726.2300763212723
-1291.085423711572 702.8502178128073
-1276.4952959153404 679.3200714729452
-1258.915691002211 654.7459682567168
-1231.1806839884684 625.5838260166953
-1205.69665317451 598.3406893432752
-1173.510415835265 568.585353246233
-1077.5908717678897 509.5703220189726
-996.104564882826 459.548360697322
-981.2598090650326 441.48067581000146
-973.4903027198438 426.9492130340879
-977.488902584375 417.71335305971985
-919.5430679797017 382.69641510011246
-913.8567886459688 370.2185433574029
-1129.4397924866578 445.1536309496933
-1192.4316289485387 456.985569009717
-1200.3657242226889 447.30652589844897
-1232.7470628424712 446.1565633869572
-1239.737228526645 435.4854810496822
-1244.7423972979223 424.07707361872514
-1226.8527406123856 405.0880803626278
-1221.099796578971 390.4347407631593
-1207.5376942854944 373.56219947911245
-1227.3001100144309 367.0087736806378
-1234.5553542235612 356.5081729188513
-1308.1905726390507 364.41929923964295
-1731.7036562833391 464.81334620997575
-1733.1126950519586 447.68335489465875
-1720.7653465092756 427.1950634696197
-1711.105358300261 407.67567108687695
-1704.1561153890946 389.04490021326757
-1697.9855101462167 370.79537124065104
-1608.4124382827038 335.3482195829999
-1445.7478375512778 287.20931429151796
-1373.7166415590923 259.4351339036563
-1367.2471065332438 244.8598572172921
-1384.2886324207632 234.437586898204
-1691.5771695519752 270.06606497397627
-1690.0971742601173 253.480850475863
-1679.5424743790375 235.69700201050557
-1671.7784485340896 218.52418405511176
-1663.840740533268 201.51920539170936
-1660.7010127749215 185.23807969299898
-1663.371644317994 169.64307495106738
-1718.6706889649959 158.89324369710064
-1747.9992282776623 144.96447130486
-1731.3389992458858 127.1269825420808
-1721.4850931590813 110.06395427690815
-1711.4642964598947 93.1985082661604
-1696.2845148079589 76.30756727040787
-1685.9366152634627 59.889308845394275
-1676.4305404964614 43.69946098914694
-1666.7699331427425 27.694583790646817
-1657.9574140857442 11.883310907013788
-1644.995725980573 -3.74986741730837
-1635.8875187781234 -19.184001301990417
-1388.693780721041 -29.164762757497865
-1293.4030800495202 -39.2997775873412
-1265.9990418076068 -50.35301522472929
-1249.49053925965 -61.43608305083452
-1238.8766430332048 -72.56489059302262
-1229.1624792877733 -83.56793351001554
-1217.3576544284156 -94.24086801672759
-1215.4242071751503 -105.56512971932307
-1204.4269669263622 -115.99862645981537
-1196.3251585684468 -126.55083949220153
-1191.1122352781592 -137.3049269715665
-1180.8416524461277 -147.35328923474532
-1179.4080347270678 -158.41934105795062
-1175.8911011007567 -169.1866376285371
-1173.2645453958376 -180.05362122739544
-1173.498561181954 -191.369085549061
-1171.6525384503634 -202.36434750918843
-1174.6223504375437 -214.23896436591593
-1173.54387683589 -225.43240481570032
-1171.37844677761 -236.42659415741312
-1174.9800299502438 -248.64217103726517
-1176.5023049861932 -260.51358191498286
-1174.9820755979604 -271.7593089914473
-1174.3264327102424 -283.23387763125504
-1179.378040772902 -296.18142572192266
-1185.2569643208915 -309.50109616740485
-1193.8844639791032 -323.74200634043433
-1202.3480921605671 -338.1716506122959
-1209.685003174411 -352.50842982108367
-1208.2412200971783 -364.4134383609944
-1242.0025011006007 -387.33807876305184
-1260.2077284399254 -406.0202965127275
-1860.79519525814 -618.8394309546062
-1906.9351687091485 -654.1056966119553
-1896.9466418984418 -670.6246623784608
-1877.419830763081 -683.5925533953133
-1855.944973128098 -695.5517642279001
-1845.6090486248365 -711.4852350078146
-1866.7460791231433 -739.81286558046
-1914.370295651276 -779.5353559191823
-1973.489012297943 -825.0224956565061
-2018.1379947852704 -865.7569139221977
-2009.1086966671867 -884.0289842399279
-1883.237292288849 -849.5724224176329
-1847.14090149679 -853.987991729173
-1821.068266549229 -862.516880163737
-1801.2960646725473 -873.6912998280312
-1791.326505472751 -889.465767070764
-1781.2194391438102 -905.1305483830553
-1774.5250920664055 -922.5295104367747
-1784.4370851678912 -948.8020283902854
-1840.5763540189196 -1000.6516302022501
-1834.7156270745672 -1019.617363410597
-1837.356625031104 -1043.4987457847333
-1005.9165124799059 -583.6959567448306
-984.9769320347749 -583.8197010716259
-980.3769351067447 -593.4450817983967
-975.683051913926 -603.0353075964354
-1705.8330163769142 -1076.3004786017884
-629.71713022851 -405.5333967711783
-615.9017341376892 -404.7641954103489
-599.6639228949207 -402.10344387766014
-594.259151821102 -406.5169867014962
-590.464410884115 -412.0094410074544
-586.6189074197924 -417.46647465108975
-1859.8574857228077 -1349.7163156755703
-1844.8514951165134 -1365.1182955943286
-1768.2503418993545 -1333.9849056015648
-976.5926172547386 -751.059824463764
-967.2258579804321 -758.2315870853818
-956.2477713466244 -764.0459408927018
-949.1224872302 -772.8793594306675
-939.606989885453 -779.7305332987789
-929.2826556044546 -785.8261550704027
-904.5325913545555 -779.3951444404902
-882.9890920180305 -775.2130438641844
-872.0367635254697 -780.0332576627897
-864.0277489985335 -787.411613427518
-856.6897841313145 -795.3889701052195
-852.9106677904263 -806.7337806050327
-848.2744155433014 -817.3827230463527
-841.855266129434 -826.8492673336174
-837.4526709822999 -838.3901382200364
-831.5062503823083 -848.4935801614259
-825.4430351820954 -858.5597216672641
-822.0077976180457 -871.4970915930413
-819.0794562880152 -885.1806845423873
-813.9478286025982 -896.6660093441234
-807.3411652176842 -906.6400845677142
-799.9601816396219 -915.8164159869068
-795.7306300204616 -928.7312660006871
-790.683576986899 -940.8828200595452
-784.8406231810786 -952.250595276651
-777.5951289886823 -962.0368056228797
-772.7187459709074 -974.9060157908291
-768.2807097187648 -988.5589264550855
-762.4397643039623 -1000.6246078365845
-754.6427444729504 -1010.2649792080953
-749.0940327821926 -1023.0748408841414
-745.1181879293981 -1038.30770295554
-736.8924236096437 -1047.8313585814776
-728.5525504276337 -1057.2923821088423
-725.1346739814167 -1074.148827951632
-717.5996142711521 -1085.1966612544907
-709.3758285942926 -1095.358815094926
-705.307513176197 -1112.218643908296
-698.8714538076575 -1125.7014218045435
-691.7224826940806 -1138.3075186150434
-685.929499014086 -1153.4577245752378
-678.4010652485869 -1166.0072875713868
-670.695154177364 -1178.5177173733969
-665.2432765222483 -1195.3557558492548
-657.618714361929 -1208.6825995773097
-652.1474543806119 -1226.3868466943404
-643.6311045195027 -1238.7715694570186
-638.1052694341977 -1257.347074248121
-631.8387073114934 -1275.032881122264
-626.5983005834975 -1295.413281430244
-620.17192937075 -1313.9999155329353
-614.2834448789371 -1334.397560454779
-610.4888052180664 -1359.1921934382265
-609.9189766210704 -1393.355604990164
-634.2468689089116 -1487.4205556194395
-613.1192030661302 -1476.7822597903705
-577.6433670473367 -1429.717503741986
-564.3366781398727 -1436.0964848178041
-486.37278792088813 -1273.267651034166
-464.45636475212086 -1251.6010887024847
-446.3881687492983 -1239.042615409433
-428.93252134375444 -1227.1987989456677
-411.74414132319924 -1215.1361084611144
-395.1374711720298 -1203.8086969596843
-380.6017126921164 -1197.9947146360153
-367.0942385701386 -1194.8815087734056
-353.9655922984949 -1192.5788692865456
-341.1898754127451 -1191.096330661729
-327.67627028189514 -1186.587233158248
-316.0788401603997 -1188.6943117567512
-303.7278462532848 -1187.7817120204961
-292.3770808202929 -1190.6265756361245
-280.99967927087977 -1193.3629708725098
-268.49718105238105 -1191.113035680042
-256.9056457788534 -1192.6439071101443
-245.3093671152077 -1194.0621065947685
-233.70943902210095 -1195.367683230551
-222.28945774905938 -1197.5439018982265
-211.54166956758223 -1203.5506312725527
-200.69940535002308 -1209.4609330987698
-189.76353011008734 -1215.2735505392018
-178.30039850428287 -1218.0188700891354
-167.07291812634102 -1222.6375750927782
-157.0327610171016 -1237.073042292712
-146.84856726553298 -1252.4202562606772
-139.2737290751136 -1294.5295780280617
-130.22571384515024 -1329.6380197081915
-122.63118837846987 -1388.595546455801
-109.21506125316102 -1387.7089285565141
-92.58685017650352 -1339.8047153127927
-75.51680092041927 -1268.7545912345483
-63.70288377295831 -1275.410107612061
-52.76832363738948 -1297.9277730368897
-41.07746184584725 -1322.3621448484917
-29.309733933877897 -1364.6852895436095
-18.15019910695752 -1525.8920572151812
-3.624533768919633 -1565.9958054717
11.29730638108648 -1554.9589611525225
26.175805934952557 -1553.7795297865318
43.51637739305917 -1646.4250134453696
59.10646641834308 -1640.9358383640529
74.3219873096549 -1629.3057546704804
89.37529157456852 -1618.5342311041682
104.22909354979483 -1607.6247373245376
119.03064992260599 -1598.5745851786214
133.58462790341625 -1588.392630047088
147.95452079454247 -1578.0793578830112
162.1391561783743 -1567.6373604994762
176.36220281020468 -1559.0565651764955
190.19196447692252 -1548.3626889874377
203.9645463540054 -1538.5390680221951
218.13011000274005 -1532.5544868324232
231.89900678373303 -1524.4628072382475
244.89356563654115 -1512.299950905845
258.35372750031917 -1503.9711937024229
271.67688452425574 -1495.523878249757
283.9212460755304 -1482.0491645107181
297.11787583602023 -1474.3598501921745
310.40026447978323 -1467.532512692949
322.49770838595236 -1455.7047187138637
335.29976238225663 -1447.6774742139226
347.97772036170295 -1439.538990834174
360.53063020878835 -1431.2909084743233
371.6898590816707 -1418.0982507061517
383.6808266929014 -1408.683436130436
396.34174687433415 -1402.056425285588
409.19221628413385 -1396.2760221863293
420.2258912173709 -1384.6368478234886
431.6734646473486 -1374.8232686128622
443.8978206908394 -1367.771444644873
456.6623469166002 -1362.5081654465864
468.7130847886832 -1355.2357891333436
478.9093468133497 -1344.2376417638404
490.07887645791965 -1334.8807792644793
500.4056916380172 -1323.5630486592913
512.3735716923217 -1316.8304078472875
524.2583413300474 -1309.9901494079515
535.678585497695 -1302.1184481602234
546.9960722632502 -1294.148483338978
557.4136648726486 -1284.2468634235563
567.6916722360363 -1274.2649509712855
578.6609265791022 -1266.0235116500066
590.3731850739367 -1259.5001001769135
602.013549273773 -1252.868583088743
613.1392808470823 -1245.2325976629115
625.0746217801974 -1239.2843568795433
636.4933644836817 -1232.3332329237262
646.4340388180317 -1222.6250584121885
657.1988674851613 -1214.5989661514707
666.4162898171588 -1203.8543635616115
676.9662333934737 -1195.6557693772288
686.9192109288194 -1186.500315068196
697.2682197178508 -1178.1247938022095
708.0373647685391 -1170.5157367979393
718.7247116362815 -1162.8085779195749
729.8632861930101 -1155.8497235659747
740.9344890947343 -1148.7841759311996
751.9372983894301 -1141.6125872163486
762.3126364789431 -1133.5058201282086
773.1676714652499 -1126.1295448575192
783.9513374888912 -1118.6493196928957
794.6626391395747 -1111.0658351131701
805.3005876867652 -1103.379791128762
815.2669360163532 -1094.789853368448
826.3525044942587 -1087.7028722569717
836.7645295105277 -1079.7134444624764
846.4791838443954 -1070.8398532545034
857.3559073311214 -1063.436339497776
867.5333594024878 -1055.1501648219717
877.6307318763455 -1046.7665921618773
888.2969075478139 -1039.046487911388
898.2386047620822 -1030.464171582432
907.0903356106866 -1021.343782984795
917.9907428189916 -1014.2568688939879
926.8039917146319 -1004.8499196107966
937.5761549093211 -997.5529829264473
946.2178634991637 -987.9755841087765
956.1593001307334 -979.7552718783942
966.7348710816657 -972.1443766409984
977.9634784741168 -965.1235334250252
989.8636524320774 -958.673014950263
1001.7287055037436 -952.0838201386441
1012.8257977522225 -944.6739667248031
1022.3965770912417 -935.7890997185812
1034.1216654995876 -928.8123496941452
1043.5549996869468 -919.7140656901887
1052.1521942821018 -909.8663418697045
1062.181489663218 -901.2322026075342
1072.1412932041455 -892.4898024103929
1085.1286092888872 -886.1697925921226
1098.8718673910728 -880.3093882587283
1110.241462312225 -872.4149788734785
1119.1832669711239 -862.5530794866146
1128.0376985319524 -852.6001118289488
1140.0174142983258 -844.9386339235292
1152.7613574409095 -837.7148994681852
1165.4697844120756 -830.3259490239179
1177.3208512061603 -822.1992540225282
1186.6461269693684 -812.2283972803449
1195.057352725286 -801.5977318438664
1205.0448527619556 -791.9791050475491
1218.3200941224015 -784.4087889981747
1231.5589572229876 -776.6585703408077
1242.2067504182846 -767.1521291212362
1251.9286087323062 -756.9965380618277
1265.0112798528871 -748.7632882593538
1278.0492410712593 -740.3506854168355
1290.170300643692 -731.2657487787636
1299.6093138088975 -720.5634125190974
1313.356323146623 -712.1314263889657
1327.0590092954228 -703.5043609302296
1337.163353937118 -692.8420923180388
1347.9904486745043 -682.6732382936282
1364.2344231576603 -674.7951086601662
1375.045973261693 -664.061421418835
1386.6805971285553 -653.6099154290678
1401.8741015653704 -644.6689098756705
1416.1091214768724 -635.0897228502447
1425.7061634986712 -623.2960254661504
1440.7264351534425 -613.7290436748558
1454.7686503623952 -603.5504733846003
1465.9646262426909 -592.037764509265
1481.72605004755 -582.1957682863089
1494.6289535851638 -571.0379068896546
1503.7026921586832 -558.295811908641
1521.1351492537565 -548.4859685577675
1533.795935715059 -536.7448440217818
1548.263833079574 -525.4560906276997
1562.654438419403 -513.9417341373828
1577.9176278525435 -502.5056812735577
1592.1475549582174 -490.53253025724047
1605.3327852771245 -478.04983894400567
1622.2676938305462 -466.4670723145649
1638.1622398992215 -454.3396040060402
1653.9713566226224 -441.9533363059071
1670.6600703158626 -429.5578301604998
1683.377803408559 -415.92688178497764
1698.9053677446375 -402.78598715503756
1713.358643844725 -389.16726167878613
1731.6140756182783 -376.16046193168035
1745.8586414318947 -362.0312198382598
1761.951884515477 -348.0539565245002
1780.8841660290723 -334.3584710859525
1799.7134913449504 -320.33630620173057
1820.4076502157216 -306.32007285856326
1838.0330054643082 -291.471560917772
1857.517112616972 -276.611959855512
1876.8829682412972 -261.410259029245
1896.1258478735926 -245.86738097122569
1914.2481667569116 -229.86508231526452
1934.223817061051 -213.76207688404062
1953.0694955060471 -197.2017893523148
1973.7347502950054 -180.817962265679
1993.2818764102267 -163.7906016062158
2017.6684485045862 -146.77544722839627
2038.9151481575834 -129.12791570198803
2062.003627084864 -111.20270630189196
2086.9312922514846 -92.94504516943371
2110.6963622133303 -74.19478781837829
2133.291596093568 -54.98150631401162
2155.710158681161 -35.35126247878517
2182.9460961668437 -15.340835372829142
2209.9939365853784 5.176896354101729
2237.846495780545 26.211854622210662
2265.4964367473635 47.76918551743864
2290.9373433913393 69.78602048428652
2321.1583171210227 92.48279223672935
2349.154795294293 115.65356780415418
2376.918305635913 139.35698164391096
2406.436712937309 163.72643838879304
1310.0759714290061 101.47388375511117
1325.0076112784477 115.12962283522857
1312.921396099324 126.48481199180506
1311.6786219668206 138.78109624593202
2573.9506472375137 296.74747780829483
1261.2171685914518 157.39203807741126
1241.8472836243834 166.8062473492535
1212.5151919488771 174.4474399158031
1170.3017716815827 179.58219065082375
1213.9681814189203 197.9425535412728
1194.3227385448483 206.24547557397204
1171.6785087983715 213.6597108020712
1162.7507508371687 223.30851176701856
1138.0617663188375 229.6441073558122
1130.9683525083685 239.26258718091802
1133.5586786115111 250.92971554705304
1145.7721930333714 264.9190096453978
1386.2752934093928 334.24064816042585
1359.8049758959821 341.37139236984643
1315.9083491099034 343.4897622096601
1250.8612220712498 339.060766114895
1236.0772500622336 347.5183907055663
1228.0013205403302 357.566436835458
1220.7157599445445 368.07340765533837
1214.2964009254083 378.7720299858483
1206.8324560358194 389.0750866587991
1195.4875155719203 398.0070352539983
1185.9740283190522 407.4083997080573
1179.2182228697677 417.66659293252917
1172.374823673094 427.83323014637625
1163.572759484172 437.20410952596217
1154.6989153507195 446.4464300315011
1143.8964555485031 454.8207327987273
1136.742480693001 464.5433592119493
1131.3513818312827 474.94531351351077
1125.865330337827 485.2867790732567
1114.7978786339493 493.13962504877514
1100.0409487919405 499.17322742804134
1015.4582337850312 472.4876458048242
1073.1989569577918 511.825164274587
1079.9632794113736 527.715183714692
1074.896051957611 537.9614089188377
1070.6215752260778 548.6150222701089
1064.470437026465 558.3069842807683
1058.2318667796926 567.9316121963691
1051.0299996253793 577.0068802774151
1044.6233602712975 586.4861764572996
1029.4587823372551 590.917604635956
1003.9552020455137 589.0415539550258
857.6531085666816 514.2286897537982
793.8862167237146 486.31849121343026
747.687404539902 467.85419212868555
737.3060116864409 471.1739011564986
726.0921547652113 473.79234142017583
715.7280234806298 476.79492069915256
707.026840649026 480.76818384940657
698.3151903439526 484.6193299228676
687.9624292354162 487.19266821300283
680.0560607298689 491.37028223588453
671.3277970274086 494.84845047582644
664.1937872671562 499.4072616169209
656.2404815393272 503.2667586767796
648.3946480074297 506.86623524882907
642.9996516329096 512.0892969004107
636.7867165999974 516.6262455216485
630.5444496406665 521.092791187279
624.2736151927713 525.4887756880709
620.2525272049079 531.7666805055813
614.662354513098 536.6993478144115
609.0337610074206 541.5744435930817
605.5910428786268 548.4054055032437
600.604182906959 553.8624517645732
597.7550595036206 561.3277909010233
595.5425796554446 569.4778624471179
589.6490007404516 574.1455006579665
587.270377906306 582.2735639145784
586.2001528076237 591.8263096959433
585.0047926641233 601.4070107340003
580.9207073418154 608.1218066978728
579.4996065907583 617.7290716496645
575.2416658571701 624.4181498498164
568.2265322572316 628.1143272039902
562.5199813105608 633.2300297888331
556.1100357095306 637.5402953407295
550.3186929211694 642.5459798501082
548.3438714397632 652.0912502514142
511.22560223900814 619.2393589036177
462.786102005354 571.0114042562461
442.65848613486867 556.3941630290403
432.0666955947979 553.283264303008
427.042803211714 557.1700317004509
423.1861817923312 562.6095053765339
413.92123922140655 560.7835658446271
411.76301054528585 568.5553826556237
406.0225596674009 571.4426314523023
397.97639837945826 570.9910562635064
392.7936782490877 574.5686437037373
387.0219335370011 577.2685882336584
382.33218946583617 581.5824076588459
378.6795112615211 587.5396393016691
374.4160807172225 592.632768669059
370.09139857936185 597.6967096258536
366.08930906568395 603.6676385129571
364.5224918477848 613.9375806522041
362.7954833690056 624.2302758173859
360.41333376531617 633.6743870823333
357.3999198414865 642.2540753450297
353.7793980092623 649.9539503258703
350.51591822479895 658.524556164025
350.3542090877256 673.3000283488143
354.0263567521183 696.151089006418
358.1914596061018 720.9187736945477
364.10697210469624 750.3213397370156
369.07549523673134 778.9911930283689
1066.0563919916638 2305.4552194943444
1028.4514174571639 2279.7562768704793
984.1721266245421 2237.083195854666
947.0871831275434 2208.4915366728337
907.924494184093 2172.9468729954165
869.8864577820923 2137.7936173932517
839.5819000965303 2119.7882519323243
803.2184302654109 2084.6093526802497
769.3404263179059 2053.622240927718
733.3757134850372 2014.6702119380018
704.8721840621864 1994.0863080958666
650.2122103225979 1895.584364133499
607.8710378619145 1827.5581526530636
590.4778137763885 1832.2011219944868
573.0509042802676 1836.6787038302502
555.5918806647569 1840.990674104407
538.102315466466 1845.1368236772112
521.3967710541731 1852.0046995443295
503.8238524958586 1855.826103290993
510.005044651041 1950.4232500743242
504.9484667655545 2007.4678193961456
485.24754565119326 2008.2058707810545
450.67485479653857 1944.4557529689687
464.79011918194647 2094.0379999204483
439.6181222350822 2071.873525725569
416.2898763489926 2056.2846930445553
393.66985305764837 2042.4064352605162
372.9663155789669 2037.139447225803
232.16624493648925 1338.007038364182
217.1747964720939 1325.3241519633243
201.9847092031395 1309.51409967519
188.25598791694858 1301.4548332590778
174.5625651619811 1292.2630966038105
161.1829181387226 1283.9221420710392
148.66676547550514 1281.4047732247025
10.697839246867076 100.4318487106963
9.948102487177875 102.51846300498562
8.811172652979057 100.61492551544922
7.866633965625114 100.69317787244017
6.7158163457829 97.76961598988571
5.9755616723717155 100.82307604263859
5.029194589979658 100.87471041730984
3.961125698251059 97.9199136192565
3.2593821603898827 104.94939936908897
28.679278228469244 1323.6893513964271
16.404116432588083 1335.89928698389
0.2576454799560137 88.99962707116619
-0.629432914170033 96.99795778369027
-1.5554873459939267 97.98765462606222
-2.3991530772830636 94.96970077088673
-3.3248584463520463 95.9424062462044
-4.357048567843825 98.9040753850793
-5.178186460006594 96.8616868786901
-6.526149627141791 103.7950353872677
-88.55597496711519 1224.8027756735464
-99.06774294593973 1211.9577477402408
-109.80042063376679 1204.0036825644047
-123.19708570866977 1223.8147237522887
-141.02626040944241 1280.2560657442434
-168.12322850163363 1404.9767186819101
-182.0686150190971 1409.2877702673177
-195.14765105199993 1406.5267129666918
-213.91286228289783 1442.2223432432108
-304.0292631955079 1925.140827867093
-320.7589853504071 1914.3131074401015
-336.4398755798681 1898.4183443382026
-352.4021066516882 1885.3479135765506
-368.1488249215213 1872.1459458890758
-382.6628505799855 1854.9407383488024
-383.9623368127149 1776.990974627986
-403.44762279060416 1785.9986046088081
-369.21052113115275 1566.0665985474766
-374.7915358786983 1525.638326941771
-383.363428038765 1499.77881103927
-393.7948390291494 1482.5928722188053
-406.86159256226404 1475.9487269203148
-417.64041438127526 1461.4980274620411
-434.99466220721496 1469.989334604585
-448.1534130497459 1463.9397249790936
-462.44370307426266 1461.5864057547071
-476.7291598919501 1459.0936598137612
-491.0084238339914 1456.4613718612861
-505.2801326536703 1453.6894398548438
-519.5429216554719 1450.777775042648
-532.4116378912369 1443.9732850153325
-545.5532577310873 1437.9901400840681
-563.3544522472305 1443.9985322476
-207.29371948018388 516.9896651424193
-212.88678842884366 516.8754350058173
-216.93792137622316 513.0174833950239
-219.3432143101887 505.4597455149862
-220.81290358905142 496.07525800887544
-222.12637599074162 486.7082011731667
