-708.4587898139777 1497.9102587055454
-712.2907296924085 1470.5774091812564
-715.919786998404 1443.18393096104
-559.6994468956959 1102.0129441819875
-554.8567182117905 1067.4001228476798
-557.394654626993 1047.98864449633
-564.8730816451003 1038.2882074033048
-571.7320854448135 1027.6664937969538
-593.7673715392928 1043.9546486774796
-665.915188185032 1145.5051122297507
-708.8739026225048 1193.3322212111511
-722.1823027756164 1190.0070258438425
-739.7057558990281 1193.3362454437756
-1020.5049215927315 1612.1518864564262
-1031.878093503919 1596.567756202886
-1042.4976097038723 1580.078394815179
-1049.5467592871655 1558.5546509730766
-1056.849517909493 1537.863809475492
-1036.2977690813602 1477.87412650638
-1049.6205167439557 1467.2125854252176
-1032.1813612272222 1414.4266108692661
-928.4595009742518 1247.3924623191544
-922.0544201385231 1214.677177814341
-921.2372212309688 1190.1037695170296
-926.8544511797188 1174.2899243067457
-936.0173364739268 1163.1511276787105
-945.0526873000388 1151.9441905869292
-956.5261689210024 1143.7389073426286
-967.9288961800688 1135.4195928993095
-984.5069435563931 1133.0256299348437
-997.1475387442979 1125.9275225236254
-1008.401609617294 1117.2068714975087
-1020.2568477635385 1109.1099875988891
-1034.1007468443042 1103.0773523992107
-1045.8490079453163 1094.7126803777317
-1054.7410544470515 1083.3583470227763
-1066.3293081547997 1074.7733745167427
-1078.5603276330685 1066.76924386488
-1095.040597700332 1062.8085854885157
-1111.5416283532866 1058.631290127835
-1133.1750581719555 1059.0161885150694
-1211.4779847848174 1111.3312253247084
-1273.1513451344001 1146.0604924620984
-1291.360393410362 1140.6653033782675
-408.0629557980103 353.67304690263165
-415.1776493799764 353.06163690681177
-413.870223922439 345.3005035478376
-412.4539990331605 337.59546602635766
-408.59065727766256 328.0696188088859
-408.5133324466583 321.74035683035794
-409.14479248309084 316.05306324091924
-404.923090110784 306.7593374212656
-413.4071948954461 307.11478507014067
-421.12494596040824 306.7487243491703
-432.1270953372623 308.58900413880696
-441.56186053607814 309.1021244183176
-450.21927948598665 308.8990132375289
-458.91136996515417 308.5601311198603
-1399.5687647456477 922.053833975187
-1407.3320281273366 908.3179854032385
-1414.960802959746 894.5177058546751
-1422.4545643266779 880.6543092645385
-1429.812800123429 866.7291137392349
-1436.175026043258 852.2331221970005
-1443.2559678952355 838.1964036756463
-1450.2000014202865 824.1019086742859
-1457.880695675121 810.4368434232402
-1467.1897428217637 797.655476103942
-1473.738142153159 783.3625523108414
-1481.922315740662 769.9391210412894
-1489.092598714624 755.978328031517
-1498.8190256026703 743.2836124195544
-1505.7380595849365 729.165204818078
-1511.6200272504657 714.555031621289
-1520.992676802929 701.5741422771082
-1530.2546093040194 688.4800873691287
-1539.4045245052987 675.2738036771567
-1547.521628149742 661.5631567800399
-1554.5936752547073 647.3750882278848
-1563.3891003598483 633.8639608591297
-1571.1374152513301 619.8775866228503
-1577.750920780271 605.6418347315573
-1584.33464766739 591.0708284128451
-1590.7837924952078 576.4294627572084
-1597.0976133060544 561.7189809612141
-1604.2218231814318 547.2635032856138
-1613.1141693039565 533.3513633532833
-1620.934106115119 519.0150514510923
-1633.4029037933547 506.0582514685805
-1640.981058320826 491.47753380216864
-1647.4686109314925 476.52090824585866
-1654.7830511322716 461.75432178309904
-1661.9652554089273 446.89203373246477
-1672.886490524856 432.9373971135215
-1680.7804817417798 418.0920618666066
-1687.5702639203287 402.90396415507234
-1691.2983829313982 386.95578545053127
-1699.7601574177338 372.04221165781803
-1708.0906488827002 357.00327057252065
-1720.211188168232 342.6214647403747
-1726.3164107604061 326.92606188450026
-1732.2783388290575 311.1458770796123
-1742.03941143862 295.95217349191256
-1749.6925620550635 280.28545857605235
-1759.182448180168 264.7982515328053
-1763.5841368500398 248.45923659807985
-1770.8084211046832 232.45114700671743
-1781.8579073654796 216.81189533582747
-1790.7815855726467 200.7618309687321
-1796.576063963664 184.25646906643303
-1805.2052547924607 167.9374528498243
-1813.6858240982301 151.47188341446133
-1826.00486109412 135.1563807618525
-1835.182738294125 118.4285314747954
-1842.209832094403 101.42945595196413
-1846.0821061728966 84.17159418855037
-1862.7839734334434 67.31915269454866
-1872.3332480131626 49.972076047335385
-1820.7292796475717 31.39888905733723
-1635.9501867288404 12.766618262962867
-1625.9978233543327 -2.660535091332157
-1622.903439615243 -17.703832495057412
-1606.6718802590024 -32.47259128867662
-1597.3043260504894 -47.14753419206376
-1577.8110894912888 -61.26308740434316
-1572.1789015754032 -75.69347026764643
-1550.441566885268 -89.10638402692972
-1548.5480620052115 -103.4548194136153
-1495.6691132502394 -113.90304503937712
-1436.7560674141712 -122.86579161249877
-1401.7033455355224 -133.01026695155423
-1452.1252774647733 -151.4337430953061
-1355.2686828794724 -154.08697935302675
-1260.4815931783255 -155.19714320383008
-1125.154783118084 -149.17008422099042
-1116.7884346259414 -158.64297111986764
-1105.3776766653993 -167.52370557567065
-1101.7973740521327 -177.47829876304516
-1104.0422047108834 -188.39004808410638
-1028.4315737665677 -185.34696674081513
-1014.8739553735587 -192.6651361934174
-1233.6903996299218 -246.11379047295108
-1318.4626760659085 -275.79915123350713
-1337.3318441046874 -292.75337528977497
-1321.878557767807 -302.2798016965456
-1310.2557293230552 -312.47227681205334
-1298.5584093352425 -322.4748944409855
-1283.8844062933122 -331.5370737592845
-1300.0630541186135 -348.6431632999323
-1305.435274997078 -363.1304762661807
-1803.5847053743453 -519.818439976629
-1782.3818641858693 -531.7094039240847
-1757.2929750092242 -542.072319882901
-1738.836742247624 -554.1405812694732
-1715.5595729753452 -564.3503801475205
-1655.3124286115035 -561.6446952338159
-1561.2866825754415 -545.985251460671
-1428.1879593571496 -514.3959105079088
-1365.2084900823527 -506.1045135217261
-1364.1802115400121 -520.204143046408
-1547.3486060279754 -606.5940087268266
-1639.9825415321202 -660.5159070528487
-1620.775548221944 -670.5241399724969
-1606.1283636089054 -682.1852238292614
-1594.155904782092 -694.8294404013045
-1585.7397352827545 -708.941811395956
-1599.0164142455992 -732.9580526695551
-1646.3739803604506 -773.4427689183516
-1628.2308346714613 -783.6538451542725
-1611.835898231652 -794.4772099763236
-1591.8109167521366 -803.2602351098443
-1576.206655680695 -814.0322957892269
-1557.8886263903266 -823.1810419122037
-1542.177837539175 -833.4845633861459
-1522.035377634344 -841.147614411097
-1507.109931483635 -851.4579581067952
-1490.3936162978864 -860.5625302664
-1475.3624534197959 -870.4450764058124
-1227.3184138646336 -739.7151553056079
-1170.9310343994773 -720.7950559487559
-1149.7229771528966 -722.7040028993057
-1121.850683143838 -719.9583631917225
-1109.18988925989 -726.6180492966253
-1094.8407838510761 -731.9922527024182
-1070.5764045737076 -730.3986322345033
-1066.9582993165589 -742.6977767029578
-1050.973252053804 -746.308397023276
-1036.6349278368234 -750.858193262046
-1028.7390490945343 -759.9585310186822
-1020.7637333122277 -768.9768531981201
-1007.9515945390873 -774.257439787382
-1000.6417355133585 -783.681770330798
-985.4290985144925 -786.7976180701835
-985.758326232543 -802.3225799285568
-978.1860865764877 -811.5374175157767
-971.2913038799566 -821.326489897394
-964.2988733026028 -831.0575689730109
-959.4633016219874 -842.7094237283902
-954.4937018094498 -854.3434749596283
-947.1735097062943 -863.9365384741292
-944.8845446988112 -878.2329970966248
-939.6055140495762 -889.7063998688733
-938.4243850504305 -905.4146417761982
-943.4487693695598 -927.4876924116369
-943.9016333257657 -945.4870208548354
-947.5984763152652 -967.1469007782571
-950.9711852472998 -988.9579388575361
-940.2903955750896 -996.3703989928854
-1382.7799867894537 -1493.0319849670195
-1409.758111158066 -1551.0635280426275
-1397.1599341831168 -1566.4434615757534
-1374.5179955496626 -1570.4360158599704
-1349.3184763414877 -1571.1080960276054
-1331.31627905238 -1579.8585269352839
-1341.9428410676578 -1623.0913132991818
-1359.4332886509142 -1675.978858371358
-1395.349608161051 -1753.5907364618465
-1403.4689951814087 -1798.1200681724474
-1363.4601345378805 -1781.0180969114112
-1284.8705625368655 -1711.3467321166095
-1252.7711882351173 -1701.5679092907142
-1228.5783853841144 -1701.8801811428918
-1207.3789039878982 -1705.9707448268218
-1190.7712449124253 -1716.3871481369558
-1174.0744386121082 -1726.6421785064974
-1161.1717132454437 -1742.5602578845417
-1175.9552594912032 -1801.0913990342017
-1176.8091938133323 -1839.8304599490725
-1165.8896366591437 -1860.9452853673076
-651.0747542017971 -1061.191153582176
-634.4087555842393 -1056.1010987770333
-624.4854296940551 -1061.9990339448673
-614.0084884526174 -1066.937006626039
-1035.7525083132798 -1839.4395183106046
-395.61672014189895 -718.2530269648478
-383.1786796976286 -711.3635494071806
-375.5645888310747 -713.1530267874812
-367.95068696583655 -714.8624286961575
-361.68570177076674 -719.1720608690161
-1044.9530555282536 -2127.198418517221
-1031.4629070974472 -2150.4207195993263
-1009.359518415304 -2155.3638585130875
-545.9351052184835 -1195.2200052250143
-534.5526726497732 -1200.3538812212773
-519.9370554276808 -1198.040674765758
-507.7502347830362 -1201.085217242212
-495.1719649262272 -1203.081761623498
-481.8580962644079 -1203.091341114398
-463.87037261497886 -1190.843515080819
-445.097241627554 -1175.5583547810559
-431.8350489171028 -1174.1036966668503
-420.3221717274974 -1177.2125007636812
-409.7711166025951 -1183.0433770569286
-399.1471408343249 -1188.7798618599593
-387.83253451322537 -1192.5191508621772
-377.38358263638304 -1199.0123567155294
-368.59305269376136 -1211.154474666999
-358.47742538014955 -1219.3994158981786
-347.9653437769156 -1226.599005188824
-337.0849447108601 -1232.743988040208
-326.11910893075986 -1238.7926891898449
-316.7863504366804 -1251.5300268779047
-306.0599554940773 -1259.3424092132225
-294.75975796759104 -1265.115680514192
-283.5950618240869 -1271.7636733721372
-273.5807358475112 -1284.1816775570092
-262.3605248238124 -1291.6233797102675
-250.83375883671923 -1297.9855258930443
-239.5705003827568 -1306.2120713522577
-228.17344686140368 -1314.341233526281
-217.12845966046683 -1325.3317441325673
-205.1336210897761 -1331.2885477981833
-193.04512372405216 -1337.1367096173694
-181.53134722512618 -1347.8302452366288
-169.45949465100276 -1355.4480733958887
-157.02994741756285 -1360.9708283479251
-145.03657550726433 -1371.3516659723448
-132.7642865208943 -1380.6312484601374
-119.98363552148813 -1385.8156180412482
-107.50034142270658 -1395.8666399746078
-94.83679666111914 -1405.804745332387
-82.26263121534187 -1414.6101439992324
-69.44768431874756 -1428.312647547015
-56.184332366956006 -1436.9019871920561
-42.79355415060524 -1446.3670736445708
-29.28816069094069 -1458.7060031559963
-15.552104273503078 -1470.9177856198035
-1.587661946025132 -1483.9991507172588
12.623993064035508 -1496.9467708636535
27.13537320197404 -1512.7566464971123
41.920904364684425 -1527.42483866711
57.20922079758959 -1547.9431853449055
72.93763849821278 -1569.3059296677318
92.48812529173365 -1651.4121068588604
112.03556037123387 -1709.332335507728
126.10213258178648 -1679.2719410977859
140.11384059436853 -1655.0797901230912
132.94308798737936 -1410.749848611149
144.58727488733516 -1392.5137413830623
156.5733849153303 -1380.1470121462262
167.6046646197115 -1361.7241557663997
177.64220408794702 -1338.2612776759163
187.53122194651132 -1316.712588530712
198.53101869850542 -1304.9848407604334
209.80436621814943 -1296.1292867286816
221.26576667334834 -1289.1491226768358
232.25648599858587 -1280.100747875568
243.84678551062598 -1274.88930703655
254.7674987095414 -1266.6323545533187
266.5858908613876 -1263.1757450147784
277.0669086498625 -1253.7503452167855
288.06816309730675 -1247.1634750142996
299.90654096999293 -1244.3697467728045
311.71783644217703 -1241.463648458467
323.5009829208028 -1238.4454425001024
334.9929984513417 -1234.3503112927785
347.24965234287384 -1233.036365622585
360.6323826607996 -1235.440522476252
374.3813315632332 -1238.6583946257906
387.03020379137456 -1237.9081635376701
401.54330697602694 -1242.7384972804036
417.16013948772314 -1251.2946967132016
438.5895787247765 -1274.6541418887018
459.50184758192603 -1294.8876600187357
480.15532985691056 -1312.9565336331593
509.3039161764338 -1352.2701360923963
504.9144686790473 -1302.5630039727657
491.47115453375784 -1232.6334022170806
524.5212257612485 -1279.6743662846097
537.5589037454507 -1276.4229020994528
558.9185684844851 -1292.3134425530263
602.1369472569828 -1356.3506540522776
657.4108137070617 -1443.3319167887264
686.4734692954668 -1469.570745474149
707.0291178717731 -1476.4412709218957
709.7170445561018 -1446.2443488797294
757.703949471463 -1507.2669720243148
780.8359365101043 -1516.8161524240136
788.8352324401129 -1496.8643813188799
796.0493189440375 -1476.0198107778683
804.86899036845 -1458.6781373364283
812.4465497591372 -1439.5622959026377
822.2310220055637 -1424.7670498898008
831.2985343492111 -1409.0559771665755
838.075089175206 -1389.877384845142
846.658922720128 -1374.10504277453
855.5503137977124 -1359.1429875331867
863.1512053246456 -1342.4552121939157
871.6087739145272 -1327.4193554544904
878.1869853493482 -1309.853663110129
887.8977417623652 -1297.2361389405137
894.5838482284516 -1280.4545046540209
902.1912177263551 -1265.2932492736365
910.1787093915478 -1250.9131532485924
916.1853639481884 -1234.088075822437
923.1609369252608 -1218.8580247655075
931.76314791345 -1205.9823531836685
936.4897308478653 -1188.3416949751838
942.843526522456 -1173.0605630122848
951.526401490038 -1160.861105932755
958.7795233383856 -1147.0687972510707
963.5381547495753 -1131.278137480692
970.1938987755061 -1117.642070959564
976.6787925022201 -1103.9812209799609
982.9929616935889 -1090.2975911469614
989.8131186426907 -1077.3295643222787
996.4766511284777 -1064.3299693966032
1002.9835712119723 -1051.3006020538933
1008.636857039494 -1037.5262361123653
1014.1201989854618 -1023.7388446325983
1021.565075685177 -1012.0517754247252
1028.880042886451 -1000.3153789430484
1036.788341694609 -989.2213779160571
1043.1191923382055 -976.7002357815268
1047.097461937854 -962.1179268693128
1050.8942325569885 -947.5475249181217
1058.2547923695793 -936.3043278906803
1065.4969774773404 -925.0065896990421
1072.6204139292015 -913.6555410122289
1078.8574165292116 -901.611154988621
1083.4163426024631 -888.2623647222155
1088.5992377403113 -875.534522215551
1094.4239648689445 -863.4073112503387
1100.907989764011 -851.8600812772976
1108.0683758514542 -840.8718537553274
1115.119534829105 -829.8243326406624
1121.2531658625678 -818.1291695344745
1128.078932982083 -806.9739283037621
1132.3378678880506 -794.0402716152018
1137.2777431705517 -781.6644643892265
1140.4264327993594 -768.1487820549663
1144.2565129712625 -755.1940363395665
1150.4633818513887 -743.8642396426015
1157.4032558963313 -733.0195790294907
1164.2409076493825 -722.1101778508196
1169.2662795814433 -710.0988434251743
1176.7475704917094 -699.5899908817016
1182.405872022573 -687.9973501449978
1188.819310274894 -676.8549678605642
1194.2541201602207 -665.1662171820946
1200.4524730350843 -653.9134957958508
1205.5813474390434 -642.2846835376511
1210.7036713681664 -630.413848305732
1216.6006718501121 -618.9570302160366
1222.3892601871135 -607.4450564283171
1228.0689205539768 -595.8789527826857
1233.639146832157 -584.2597499428042
1239.0994426548561 -572.5884833040433
1246.2726904204167 -561.6879748688378
1252.4348741964561 -550.3007231473596
1258.4930472021688 -538.8471491469545
1263.5235524349323 -526.943291486104
1268.4414641917297 -514.9924775364601
1274.1764000003946 -503.36319063081544
1279.8047297195749 -491.6714897036497
1284.3889593691604 -479.5685571955331
1287.9186496060831 -467.0819542616083
1292.2703988771534 -454.9035240420573
1297.4533484898298 -443.00768446216415
1301.577418053581 -430.7403217867747
1305.5855031345297 -418.434575537152
1310.432372205102 -406.38774326609433
1316.1259389835009 -394.57383686047666
1326.515804594008 -384.0791847553204
1331.0454393016078 -371.8091425911823
1335.461542889847 -359.48778485821987
1344.6037361991903 -348.3701947629532
1348.8027131791353 -335.9036184988241
1352.8860597614162 -323.3887896993799
1355.8784880474448 -310.60348621703395
1359.7269083517037 -298.00458839473856
1367.3733749445016 -286.1801067385417
1374.9173315555918 -274.2377278713686
1381.3747472909274 -261.9919990131882
1386.7389388407755 -249.47167274614512
1391.9895852725765 -236.87337227447216
1396.1383240652142 -224.03968415522925
1403.135093635823 -211.59609875323792
1410.0209050454014 -199.04031585321445
1419.7686385822005 -186.76459219682027
1426.4316173923235 -173.95930818303438
1429.9706907614213 -160.949754778638
1436.3886014769132 -148.06682797709223
1442.6901925462769 -135.07778622255518
1450.8669882782174 -122.15147287075514
1453.9415095005718 -108.71102497538446
1459.884976554957 -95.41936506356042
1468.7018833340928 -82.19353922839021
1476.399490558339 -68.76441142827045
1482.9744596042492 -55.161147209652576
1487.4243744486591 -41.38514583778683
1498.7447864862559 -27.659808030190888
1504.9378192735628 -13.680647650372388
1508.999943888222 0.4115159075960835
1517.929530299783 14.626723620823633
1526.7244243577775 29.009172160074215
1530.384288097482 43.415789113674364
1534.9071559669223 57.93118815917322
1545.285285306391 72.81749113740193
1549.5278098750782 87.56464140133178
1552.6313782957982 102.33182853486963
1563.5713147521944 117.76563031756791
1568.3787327070227 132.90654909489302
1576.0259558063708 148.4290626010134
1583.5192152437758 164.1063525697188
1588.8689555707363 179.71210872825878
1600.020086236045 196.162492952143
1607.0357871200542 212.31339787076044
1614.8786501096588 228.7530227559992
1621.5649232010906 245.2084824059752
1629.0711602408091 261.96785083605994
1638.3764273326185 279.2251463618646
1646.5161450437363 296.50224975590595
1655.4574833677993 314.1425166410179
1663.23112483039 331.7803872977362
1671.7974688602264 349.79597355106864
1680.1712358201642 368.00084011119145
1688.3496343387078 386.3929505417397
1695.3572281620425 404.73802504671613
1707.0206161032982 424.4544924939736
1718.4620616711413 444.42450719663356
1723.9253659410947 462.9323197454063
1733.8671610868728 483.4301063282555
1742.6125844395885 503.8823082355415
1754.9559372100712 525.6935023862479
1763.2192650000761 546.6020705527845
1772.1942271818361 568.0216731282134
1781.868756500449 589.9768932827311
1793.1765616155028 612.8154851770663
1803.2657938287387 635.5914385886655
1813.081908296294 658.6159683826903
1822.621077659828 681.885919542358
1831.8795100630043 705.3980866229557
1841.7831737300805 729.5174713224844
1853.24381306154 754.6445317824305
1861.623048116757 778.8989836432415
1879.8129295008728 807.7247984811082
1893.0445467682025 834.9511027306754
1904.1032663120532 861.6790302773821
1917.5433229664434 889.957080171179
1930.6146253625354 918.570176054218
1943.3120024054579 947.5138317232576
1953.8411034864516 975.8898207927189
1972.016061737447 1008.6514027400796
1986.196891872661 1039.9932243603232
2004.3635033304051 1074.059098242301
1072.4095360961878 587.9343389273664
1088.5422609562786 610.3931078511563
1083.5211926682346 621.2751604875302
1062.8626258689535 623.0144769834429
1051.7074718938804 630.0693561526247
1026.8689761391656 628.6144333714443
1005.5476576660332 628.8639822428648
980.9459745078074 626.6107205410135
953.1309093598474 621.7599775016645
939.6492336650044 625.8596629219444
930.3117444937774 632.5702001018897
912.716884414427 633.4578825027135
904.9836494860253 641.0035835804312
889.0850268634315 642.6015989765752
872.4347016995459 643.3612447687725
863.2348341662132 649.0189681989506
858.1116853273219 657.4232544599432
897.0501051605746 700.2464629195938
1056.5915256060991 840.3061037606332
1042.7172490215848 844.810474954506
1003.3973386379859 828.1272733186652
939.9736033628851 790.211126839526
917.5822256312082 785.6887801195068
906.6561949206852 790.6854900729775
897.2106186754672 796.8770957531566
885.5025857593776 800.9501673721383
874.530297046032 805.5543181862902
864.2769322840522 810.7098027788167
854.7253056303585 816.4365571892835
845.1410418649564 822.0569441075332
834.8148021723358 826.8671272181303
823.7669469998278 830.8477700701753
813.4134033214518 835.4128532031413
802.3539125429398 839.1359836325912
793.3475586767589 844.9145821570525
784.302476936934 850.5989799374262
775.2196339165783 856.1889506354577
762.1133535977675 857.2002311408719
749.0528455422809 858.0447742309326
726.2782465502636 847.3345906947707
650.9623721892183 773.5431403572691
715.8975781570149 866.5256243117805
706.755771606887 871.424282023604
698.2069192920733 877.0108881038319
687.7677238249322 880.1503042461961
679.1548557974058 885.5533195956102
671.1019401293768 891.6715684345814
662.399830002101 896.9121836686062
652.4843669102964 900.4488608120229
639.6623263289999 899.8044833603419
612.6060687081816 878.4957624154522
538.0043975897494 786.6131629804391
469.5800933616907 700.1025181488965
442.88540105148144 673.4155637757925
429.7200233957781 666.4755820678893
419.24943195297215 663.6677736692585
409.37592820209574 661.5854815582583
399.05947503974323 658.5222360566154
390.3666125811945 657.9049382561918
381.71996704749654 657.1832824694022
373.61492379683756 657.2274254139759
365.5422454165448 657.1779567330531
357.5029692543428 657.0354838015436
349.0283686023914 655.9178286269959
341.5287302954895 656.4740104396752
334.50230948622595 657.8390418243517
327.4801165849527 659.1303158264728
320.89951228753694 661.2476865847025
313.8796744531236 662.3960672929762
307.2860953804471 664.3788494419722
301.50548233189403 668.119333744962
294.8761660443171 669.9791390028531
288.63267673534443 672.6924839186106
282.36422359606024 675.3476476845049
276.4484954361068 678.8705542083209
270.49163098883776 682.3417600916702
264.4940809708134 685.7608046042036
259.1586280181629 690.9998592791054
253.74851468904924 696.1987441048004
247.26296430180577 698.5284722076001
240.7560281492599 700.7977846067956
235.80875666127932 707.7501185318598
230.44559867204376 713.7190105725666
225.2901067969675 720.603474720606
220.026367488506 727.4533645601023
215.49636444109638 737.1467404205692
208.90331189652852 740.0813511220654
202.27429097152518 742.9570049551769
196.11724728632487 747.7078475693796
189.64456510329572 751.4385796103244
183.1194119136186 755.113422593196
178.3552832974911 766.5235762322459
157.07764070620874 704.7060484983588
135.50713291293727 635.7183471709114
127.39611009258914 626.1718862527101
116.63769991064602 601.8011689582816
111.2798160979744 604.8485781823422
105.7029467372275 606.8631534794865
100.42230272319304 610.7997717057295
94.15924878638015 608.7610663207565
88.94826364686323 613.5863479529252
83.11783435305858 614.4033085949794
76.40739521132139 608.2194587129064
70.39805803843835 606.9308967455987
64.63166310919352 607.5720106487294
59.052106271684245 610.1490381414018
53.60317285034728 614.6671455839947
47.918901002357714 617.1424300165451
42.12449683912092 618.5673178935749
36.365812775461116 620.936009312699
30.614915729954003 624.2497312252908
24.84384983417945 628.5091750526931
19.114666920170983 636.7131453869403
13.272927130583957 646.8638414731389
7.240116906207405 656.9601058718745
1.0091299630715964 661.9992308581012
-5.332847396582419 668.9787446090082
-11.73741362009906 671.8974870629528
-18.79100317748908 696.7466528083099
-26.645567331168102 730.5142118683251
-4.731672693643564 102.89125946124008
-5.985592513348333 107.83400522221247
-7.074180501792172 108.77019798744536
-7.957961514603689 106.7036590212917
-9.054665934883168 107.61976131179472
-10.169478391140968 108.52456730737109
-12.432510627142825 120.35959737181734
-12.116391668808012 107.31818603073778
-13.378143429693912 109.1834478223441
-266.5337191259986 2016.4612013547057
-268.3943794961696 1892.0585236865338
-276.75875151901914 1826.1471992853244
-294.4052297180412 1825.41134014081
-309.8709715153656 1811.6909176269896
-19.2179029111749 106.27639534579941
-20.202463995137844 106.09364000035609
-21.001233469048863 104.91876949706617
-21.98521209582946 104.71700171940273
-23.18190053940178 105.4826975734944
-435.07938319986994 1894.6878186958454
-465.1923320123133 1942.0620727044093
-463.0691469709284 1856.107746097628
-497.55158836315957 1917.499261255998
-531.9247472712458 1973.5734248414526
-548.2735194190192 1960.7886545734302
-569.7173734168339 1966.120829050703
-588.1488369878086 1960.686090517778
-599.120941960071 1931.2012057020047
-609.8972162884546 1902.637481383039
-409.690284179397 1237.970060643231
-413.86264001564376 1212.3030624391251
-419.5815509030614 1192.3285294505795
-427.34793093460206 1178.9358531853693
-436.298536812922 1169.2508656293153
-443.6716441308957 1155.7679145028158
-452.6660069088322 1146.9012538964344
-461.1573199330738 1137.041303679046
-469.888129336216 1128.0466062662977
-479.67039240285766 1121.7469922634464
-490.17943298499694 1117.1947562884936
-501.0556422973793 1113.4559907432176
-513.9993547677691 1114.1515441349607
