-528.5154435686951 1115.0907702556708
-540.5783857919662 1113.740997186757
-556.0110524127543 1118.4152670608808
-569.3123425834448 1118.440189094683
-584.5121082143393 1121.8603279155693
-604.5320290342222 1133.9162340630662
-628.6626645073851 1152.715166142302
-813.4592868677106 1458.4868832487577
-818.8305228521771 1435.9406585390743
-829.8909923654538 1423.7924500399215
-825.4426220018173 1385.789838966488
-825.5484826148954 1356.5447662544143
-831.5104547873432 1337.6155514868035
-637.2707373033144 1003.7962977501412
-640.7763007052748 988.4784936732125
-645.1529871188499 974.8531290464349
-648.7695790202029 960.4056608214826
-669.7662576292216 971.5004684205495
-705.9904499477918 1003.5469518575175
-795.943002831912 1108.9182730223715
-817.6465646312079 1116.651286367765
-855.1259449150276 1144.9020125465677
-1148.3290452288497 1507.4366997933275
-1156.4355432576501 1488.5838351568862
-1164.9092724132524 1470.4973264326686
-1170.0027010407782 1448.494970497752
-1176.0558236671002 1428.0730722265926
-1145.1767522464545 1364.012905406053
-1186.0182888895038 1385.7621074411054
-1115.614078090149 1278.7549525875029
-1018.7075816370782 1145.56704872091
-1014.0774919990828 1118.814926706312
-1013.7830541261254 1097.3968831588259
-1017.9731303829244 1081.182549719699
-1026.101684134701 1069.317227868293
-1035.495311474239 1058.8250374423853
-1045.4882193731019 1048.9591904130787
-1056.8123689496178 1040.4021418831744
-1073.8220161979427 1037.2826411005753
-1087.2379077776113 1030.4939261787827
-1098.4244286856178 1021.5007461899742
-1109.3256261417453 1012.6206867258959
-1119.6500902712353 1002.6927123279665
-1130.6372403088708 993.3199035692082
-1138.517260285567 981.2173296634371
-1147.7968255670578 970.3460450881353
-1159.2819155133334 961.3019506709308
-1174.5776401790993 955.2818260551693
-1192.2084735055555 950.9279445370994
-1210.6496155705302 946.9406044303557
-1262.4486238526124 968.2481459484676
-1369.1071777418854 1029.5215082044906
-1373.2012012035068 1012.3015662406367
-1381.9552242827301 998.6114149546203
-1388.9410015855165 983.6904462861385
-1401.5188551922458 972.7183037964364
-447.35743641670433 304.22413461570454
-453.55915151567376 302.1739500294194
-450.55003987425175 294.0215324926224
-447.4274228477233 285.954019527344
-445.0403422887783 278.5033100979001
-442.5524776550823 271.1241496461498
-443.3955027324898 265.87483550836964
-441.5914173606283 259.1158430382661
-437.9647554170133 251.41971484455178
-450.79929504138715 253.11854058955927
-460.19853205892446 252.67036053089234
-469.62937917803674 252.06595607668203
-479.08971186029953 251.30469153920538
-488.57739639326815 250.38595754070414
-1494.2708705971024 747.9275133894847
-1501.3158418104242 733.683680566126
-1507.3224521135933 718.9429917276224
-1514.091200114934 704.5763533745076
-1520.7230201517648 690.14599613451
-1526.3028110857922 675.2486422582489
-1533.5734897549955 661.0993507186984
-1539.790977179613 646.4856893978799
-1546.794882648358 632.1918941372569
-1551.807645910191 617.0842973975851
-1558.5384385279626 602.6598838738314
-1564.0592638867076 588.1833209554403
-1572.3516907345083 574.444218914538
-1578.6388841688622 559.9323828732263
-1584.7921223112812 545.3530315860592
-1594.605110970538 531.9732512698722
-1601.4516154679661 517.5342725994498
-1609.1218319794443 503.31196076302075
-1615.7087924994014 488.7014403908858
-1622.163117942235 474.011412086172
-1627.5214332861103 458.97165946747157
-1632.7402651245548 443.87298480646297
-1638.786384900426 428.96991114178746
-1645.6662013981552 414.23634989673076
-1653.3856185268025 399.646088994679
-1660.9758539971797 384.9470254961579
-1670.3880702180345 370.57346757865724
-1674.7850636684207 355.01970440126786
-1679.0371669682002 339.4159571077939
-1685.1078234626436 324.1413631503883
-1694.974383816833 309.5009502485365
-1702.7432872701613 294.3625276022822
-1708.4030724861034 278.7829656202859
-1712.9317597769814 262.97107511536996
-1717.3139796197731 247.09855402753297
-1723.5312006960366 231.43292813961995
-1731.5899570730649 215.91947703646687
-1742.4891749328078 200.61773411635954
-1747.2861556644216 184.49956700070084
-1751.9338341826344 168.30876580301327
-1759.420089518822 152.30544506872025
-1765.7627380045478 136.09905611238628
-1772.9534703975635 119.8540437583819
-1778.995996083862 103.42749111134303
-1784.8859342613546 86.89765057796984
-1792.6203363465763 70.34436520921625
-1801.2002001769551 53.682761502151145
-1808.6247332399116 36.84527531256059
-1815.8912633944676 19.87258230940685
-1823.9979001909853 2.7676883633088325
-1834.9426155012623 -14.511988746775208
-1842.7280052364908 -31.662260139524573
-1849.3479768918273 -49.11273120185595
-1855.8021017917702 -66.69002163178587
-1868.0824321462017 -84.6641996757333
-1873.1981782513449 -102.49187770669096
-1877.145372491165 -120.35884070148492
-1633.5895299574354 -120.12180323923418
-1625.4162640003221 -134.844238746915
-1610.1408324656954 -148.7800377291169
-1618.6246314604828 -164.87359530687866
-1613.033305311534 -179.589966188949
-1586.4603046407992 -191.69690085920126
-1583.6028861889722 -206.42407527698137
-1573.6763618654277 -220.14474353477408
-1552.753282754112 -232.07163311427954
-1536.6844414527593 -244.41138966304518
-1453.4690498499704 -245.1606027244674
-1447.1702569933614 -258.06636215084023
-1410.2913443887865 -265.1477398396399
-1433.251231394289 -283.39355621953376
-1281.702707508866 -265.93076084658225
-1207.8191248570363 -262.4289649211441
-1129.244117043121 -256.45998542365663
-1107.3305678333054 -262.41763191898775
-1096.085535467335 -270.62427633027664
-1100.2816235255855 -282.624041673566
-1084.0586093646623 -289.31113262775546
-1022.512961207855 -283.1752887558227
-1018.8535912086759 -292.46770707410474
-1290.2152791335523 -383.4847239334699
-1329.5784200404921 -408.7813901862814
-1314.2532700082759 -417.5875264810403
-1293.179818011431 -424.27226905363744
-1285.3588707640533 -435.08800644025774
-1268.9516642609958 -442.8291699620168
-1276.9801440474507 -459.0977147716508
-1275.4358862674237 -472.083996785775
-1757.8450596798184 -669.4338997684948
-1733.8035464759146 -678.9471718974468
-1711.5950296083822 -688.8159802297571
-1692.1961112594458 -699.3091741414586
-1666.2769340612822 -706.8388635434055
-1620.1937792391618 -705.1674394884681
-1579.7686962200394 -705.1459894541248
-1408.5446730035208 -644.5175747436257
-1334.5748410395718 -625.7683226755744
-1329.590038318066 -638.6042045002237
-1479.722584666448 -727.7513809179934
-1591.6752795582165 -801.3075592076198
-1575.2532652428868 -811.5178065462418
-1557.8952412080978 -821.0258323714077
-1545.7793078306331 -833.1280402691108
-1539.7042576118438 -848.454358873806
-1570.9433044833015 -884.8424346170822
-1592.9678369254966 -916.8955614032086
-1574.0148658102169 -925.609638135021
-1548.1807153136565 -929.9314344245469
-1532.6330118443043 -940.1276780337108
-1511.9452541683354 -946.930593231546
-1495.477371344932 -956.1236488003276
-1476.4576552530264 -963.4530565859116
-1459.9290415776895 -972.1744666252293
-1441.7124120202159 -979.5480187447937
-1426.773364462759 -988.9457853995933
-1421.583216488643 -1005.0781853158508
-1146.9240499333225 -827.0194820465512
-1112.5854998768268 -818.1164375954264
-1091.3159561493865 -818.2453689778822
-1075.702948993895 -822.301140413801
-1055.3771202222536 -822.449472071922
-1040.6240304155433 -826.6454060367785
-1028.2165020344894 -832.5261707261575
-1012.7049435333463 -835.7019189538348
-1001.8160709888898 -842.5233289994906
-988.6103448145657 -847.2624068879874
-976.1569166244968 -852.4867589154421
-968.1746145895991 -861.5415925329904
-957.8858501659623 -868.506590678408
-949.0205977518092 -876.7119852282153
-940.8138418588643 -885.513023600875
-932.5629870318127 -894.1981185499683
-928.2703340681941 -907.2586108100179
-919.5622020674208 -916.0837060710752
-912.1735172581045 -926.2502223551575
-907.4537253605542 -939.2357192575524
-902.5687106972109 -952.2151660577426
-899.5610713315775 -967.3835221590165
-892.975734683222 -978.8867847033998
-889.5867576458232 -994.0781662531328
-884.6690826113854 -1007.7904614906464
-882.8326996771052 -1025.287971440626
-885.258682478151 -1048.1894223359861
-891.154033893136 -1075.8501233331674
-1288.153579018353 -1585.7204535674653
-1300.987138470751 -1633.1492477828492
-1306.873833590512 -1673.0839139375043
-1289.0094908388398 -1683.1085920187663
-1265.0689200123702 -1684.9479599141143
-1238.2477934630292 -1682.4575483452588
-1223.8761985383103 -1696.6411083819155
-1234.168372065808 -1745.8156917018568
-1240.2138233260991 -1790.4060077063134
-1279.210979309188 -1884.9146586556192
-1276.6500305036611 -1920.3647308818713
-1197.6830029956711 -1839.451120398493
-1156.9413137540912 -1814.549750359289
-1127.3773766874388 -1806.0069907210627
-1103.2973699527242 -1805.5998763445352
-1083.9477109932955 -1812.622784760358
-1066.07977412782 -1822.030437505251
-1049.1245503793796 -1832.9980026697422
-1035.9644864433506 -1850.7886380751759
-1055.685059367111 -1929.023083176834
-1042.4000289254016 -1948.7180862547364
-1029.7610634878874 -1970.1068885023208
-576.615660344389 -1129.3088064146157
-558.6631663113569 -1120.446101607288
-549.2485545248126 -1128.4285645765992
-916.0003694359295 -1928.5145379781923
-895.0157966254062 -1931.7317939587238
-349.755477395818 -773.6097892552959
-333.0916469032393 -755.8610684267895
-325.4781599351051 -758.0824278436073
-318.23836675785526 -761.1500127591754
-317.3775261382422 -779.8945479373281
-884.1477223412663 -2233.357742297179
-863.8998675224213 -2244.482572642243
-838.966285034467 -2243.2477733356754
-458.1002978488091 -1261.3913417773376
-441.07188423594215 -1251.552872609286
-428.15361529739477 -1252.860918740692
-415.564911905655 -1254.985977608055
-402.05879920328675 -1254.1282717422534
-384.4602018268852 -1239.7557635321689
-367.17259512380195 -1225.16337089796
-353.2558450489624 -1220.9223185521441
-341.87239748633766 -1225.1968265698958
-330.6991114083118 -1230.330889522714
-319.45897039593086 -1235.3630908496382
-308.1529028091491 -1240.2926221220116
-297.4774288013359 -1248.0369302844151
-287.57254164630734 -1259.5896289232787
-276.19461852870893 -1265.2041466481926
-264.93969575105336 -1271.6949153060805
-253.97529886578394 -1280.0474786374277
-243.0609110439339 -1289.2887161231547
-231.8174397306113 -1297.4531493031818
-220.44032648729515 -1305.5198437626962
-208.14496545442034 -1308.5490718180874
-196.402557303504 -1315.4185780521134
-184.96276209647743 -1325.153869042249
-172.96876111552288 -1331.8148548796719
-160.6258644276001 -1336.3814319560438
-148.76094083792412 -1345.803173752022
-136.53015778273672 -1353.129526695734
-124.0822803032315 -1359.3485894776036
-111.52821997933324 -1365.4528392252298
-99.15665792427448 -1375.4304625059342
-86.54258597802068 -1384.2974322060402
-73.5569373427846 -1389.0537703662696
-60.89266476200924 -1394.6713173282735
-47.88501387009129 -1404.1837577207127
-34.60313221730647 -1409.575334361648
-21.282674098336283 -1418.8403884099241
-7.7939472986788765 -1428.9787452532335
5.8822885897255555 -1437.9879688929761
19.716155430216812 -1445.8655792344775
33.74728204193653 -1455.6088488858475
47.90073725108027 -1463.2161560653994
62.41374636909999 -1475.6806986147694
77.01363420333992 -1485.0043434774168
92.04242518961514 -1498.1752874631238
107.40042208934861 -1512.190844217432
123.03425387104451 -1526.0483519123486
138.94228963421742 -1539.7438228975627
155.4209695606007 -1556.258436835233
172.88059726491997 -1578.5614650970435
192.4367914881341 -1614.5724143815144
223.68843661234945 -1735.6449761762694
235.164875334324 -1696.7812120037727
247.9745018295617 -1671.7083018404796
242.99290962770542 -1536.9093811512316
235.2970191344134 -1401.3837136153893
246.21211059830821 -1385.2900766968362
256.4728853838439 -1367.1512934064342
265.63509236784427 -1345.020073345646
274.39854918488805 -1322.8402912692177
285.10006635213085 -1311.3664446545865
295.82949006723106 -1300.7847296176883
306.3830515801704 -1290.1183766245726
317.9617891118002 -1284.2232285178552
329.20638260988534 -1277.2564964207127
339.82940621961023 -1268.2606099175466
351.382944543202 -1263.0324723791346
361.7588502110664 -1253.856265404439
373.13722330948974 -1248.4300591466404
384.74052294683344 -1243.8563944453545
396.2905352024431 -1239.1750528916248
408.41362599935627 -1236.285691132134
420.194904964571 -1232.3312224567774
431.9344223937577 -1229.3256910808343
446.14353966600095 -1231.6882487116177
460.4380677009497 -1233.8905080321413
474.4576082260597 -1234.9975619394586
489.2762335925547 -1237.8084533729295
508.71133746310954 -1251.5645309517581
531.1544352202399 -1271.5183702746367
549.6907412505806 -1281.0449207515665
574.1036407292022 -1303.1427434097445
605.1717270841651 -1338.5545116796584
581.8591736164051 -1254.6429380817613
591.3446376830127 -1243.5596163769337
623.8914559519819 -1280.0529095276165
631.2820331717654 -1264.1408128031158
663.9248940463802 -1298.063070526815
738.5674416647439 -1410.312778823476
769.6024846133018 -1435.7412774163151
800.7136019182075 -1459.822841204771
804.9558891489285 -1434.5978588177447
825.2119198153247 -1438.0505162874865
871.4171442530535 -1485.2326958096005
881.5729911323479 -1469.906480462606
888.9018946195856 -1450.2601220959334
896.4654400148829 -1431.457549094252
902.671944773051 -1410.9600845238813
911.3023763204776 -1394.6626756720245
919.147964782639 -1377.4988271631787
925.6218529029754 -1358.66117388717
931.8186857563011 -1339.8275772932127
938.3180027612332 -1321.8170545480832
945.7307076322121 -1305.4261482908466
952.3206940371929 -1288.2116657244333
960.473831940941 -1273.3872223941487
965.9907268131994 -1255.3556929057622
971.8673844092136 -1238.1234942935191
980.0022263224358 -1224.0178251982563
984.7933482726752 -1205.9979524020318
992.5284836527735 -1191.8423591809137
998.7880106948624 -1176.1256351649681
1004.1826754542018 -1159.6435462320485
1010.9220535799269 -1145.7838371986854
1017.6731180959713 -1131.7355807364295
1022.2225839032905 -1115.4505766541522
1026.5559173056506 -1099.1810354280838
1034.8103039282346 -1087.2757860285287
1039.4505375987205 -1071.723649027925
1045.2958565351837 -1057.603693408063
1051.6772935559864 -1044.1737739565938
1057.898693268068 -1030.7178832162147
1061.0689404420696 -1014.4736091338917
1067.673867744128 -1001.682840092758
1074.1321629498575 -988.8579759078957
1081.185835851782 -976.6709724126562
1087.3570147917133 -963.7757635379998
1090.36308197895 -948.2264230959637
1096.2160232530748 -935.3028548888399
1103.456087786299 -923.6371919359656
1110.5737501518734 -911.9182778481877
1116.0110640537064 -898.8928217032964
1118.9477134186195 -883.9864335131184
1124.864889639278 -871.5549208494061
1127.462390733301 -856.6706236833088
1132.285382618607 -843.6076175024945
1140.1925471848099 -832.889521691932
1145.559169069546 -820.3506507346057
1149.9724231129246 -807.2102737699691
1152.5922617847289 -792.9262753080911
1154.216210327472 -778.1059952328402
1160.6701246380303 -766.6328076548376
1167.849942295197 -755.6503902474376
1174.081183413947 -744.0654371446815
1179.3481831043957 -731.9029054515091
1184.4903500387607 -719.7073090257273
1188.6480592051478 -706.9687343495718
1190.9425638887474 -693.2097875232987
1194.8215703703936 -680.460443359955
1199.4398452062999 -668.1863944525414
1203.0548909116615 -655.407453004259
1208.3010461906538 -643.5600840438842
1213.4308197878074 -631.672102905526
1219.2354789148792 -620.3941061576949
1225.0162275489045 -608.9000264754885
1230.6886212263632 -597.3520884570114
1236.2521582135187 -585.7513135387894
1242.6140264829899 -574.5183906436166
1247.0507033683757 -562.3953620260745
1253.200169218352 -551.0447675743724
1259.246358344197 -539.6282136776005
1263.3429302445688 -527.3761850909336
1268.2469150462603 -515.4713983099784
1272.1088169509655 -503.15321507033485
1276.7846023546906 -491.16705833145454
1280.4107962976539 -478.7872102765573
1284.8570576094858 -466.72405285253353
1289.1896709323846 -454.61961282070723
1293.40825303867 -442.474960841239
1297.512430786932 -430.2911711311155
1301.5018411550407 -418.0693213691236
1305.376131272252 -405.8104926005347
1309.1349584504212 -393.5157691414842
1313.7383252473912 -381.46508723103284
1316.3049043310223 -368.82299119509696
1321.646208719703 -356.94859430572757
1324.9447809055 -344.5030153007029
1328.1261592689139 -332.0269643652507
1333.1348251027464 -319.98834056613606
1342.9070198895527 -309.0060451372441
1347.7069611343763 -296.7927676173139
1350.4386284074812 -284.1047534007849
1357.953205020995 -272.3749125253782
1363.4016080213587 -260.15390684126413
1367.7559949745325 -247.6762770457163
1370.02484574291 -234.8018782870271
1372.1725152735892 -221.90671086686814
1377.1647103212206 -209.44297707459347
1384.0235819937711 -197.18702920103772
1390.773299598901 -184.82053220025387
1396.419909478111 -172.22205553628734
1400.9586251920548 -159.42060876808745
1404.3851965059168 -146.4452793197427
1410.660288663468 -133.89006680072097
1416.8330340480318 -121.11215310714682
1421.892607732925 -108.15457491230929
1430.824537173287 -95.37894853084423
1433.650992712493 -82.10256448177279
1436.3540953251756 -68.78163157846892
1441.9310363739976 -55.53275016968906
1450.3840871515133 -42.272919672898226
1455.7151287081672 -28.80041753454263
1458.9207056538398 -15.211003073501667
1462.9991627354107 -1.565195031693378
1472.9494323769252 12.205312797867789
1480.7695302807638 26.12658018352833
1483.4591925048703 40.060256773989614
1486.0174869002533 54.0465413015075
1495.4363529552468 68.4040514875415
1498.7248624900046 82.61226636714724
1502.8759894906532 96.95236053077753
1507.886820993753 111.45104339284335
1519.7332108208266 126.6332023136933
1522.4648410545544 141.21546569951147
1529.0355645915138 156.2665742067395
1537.444873782079 171.67486735456518
1540.7351315366438 186.65276437481558
1544.8708444337522 201.83675091158648
1553.808373033807 217.8084936131591
1557.636440569988 233.2246106405969
1565.2617251036131 249.3606463050276
1571.7345267981852 265.49308328181456
1575.088409027836 281.2410065160487
1583.1983970274237 297.99972424449646
1589.169790267209 314.5463045436635
1595.9484890474155 331.43388527317353
1602.5494416352194 348.47566215540326
1609.9454913796308 365.89139752992156
1617.1550015679825 383.4758152786939
1623.2046491337194 400.98711579136625
1631.9729263527277 419.39166378424227
1636.673170917935 436.96330692339814
1645.0415251404147 455.72730943372113
1652.2795793472123 474.27122163610073
1659.1693364290045 493.47554453461714
1664.886094949119 512.5605240799113
1671.3414658299541 532.103095835178
1678.5241880995811 552.1282006605369
1685.4756085189076 572.3390368372735
1691.2490572946656 592.4024191374513
1697.7324308993777 612.9678564757612
1707.7251202824923 635.1054349918186
1717.4481804924542 657.489731724503
1725.9673704948784 679.7511574002615
1735.1433546210815 702.6105172243723
1743.1152405742168 725.3228647146663
1752.6491169947633 749.0374307719718
1760.9715488454585 772.5983459449204
1769.914036711585 796.7969017580966
1774.9216558393246 819.5597083999371
1786.8852782877598 845.9137085060597
1796.7059028763958 871.6977105448398
1807.090592965215 898.1912874308166
1818.0222994049032 925.4160787810578
1828.5967227242863 952.9312806503939
1838.8093161203356 980.7325318092921
1849.5333878673198 1009.2944303641206
1861.623808796334 1039.1250139047902
1870.7053356678268 1067.7909660153166
1884.5892324764477 1099.7488007876316
1895.4541871743957 1130.5319209659897
1905.9007043526794 1161.6223590943662
1915.0750293469487 1192.4863235994717
1045.4504957135841 664.946810663997
1028.978687768927 668.3800267193332
1021.7047894787705 677.639523018058
1042.5013081922223 705.8838590147146
978.9393778066899 676.5927095228348
959.3479848361883 676.7033648436696
936.5988039724785 674.1651729341429
890.613873339251 654.0886244352952
900.3221019716939 674.570317091755
871.5818487192862 666.1486928479792
857.4794053133883 668.0554389146143
847.488041424812 672.6722973647245
830.4851380650073 671.5046056827501
823.6081048895769 678.3499757206449
811.3124590398387 680.6269858055366
805.8858934563709 688.5840012141051
863.7483993150054 751.6406739132509
1005.8488639004901 891.4056669048573
984.3856865974117 888.4035231932289
949.0707050554088 872.2303576496461
886.3856818708806 829.5278313440086
862.1991760244854 821.6407857833608
850.4293574732327 825.2241561828305
840.7995843973872 830.7707619296559
830.4342554029193 835.5016142733651
817.2582973412563 837.2507840706216
806.8871023557758 841.7180074418627
797.1876201653198 846.7944840722298
788.1413170458733 852.4988354040117
777.7127816802392 856.6281744206086
766.6087652476166 859.8924357415435
753.533519684617 860.7689787113108
743.7647883674261 865.2715987392385
733.97639623842 869.6681262210672
724.8074962401954 874.7285827009536
713.7140534625769 877.3672263596458
702.0083973887059 879.0956773842884
688.4793841934428 878.3234811506622
674.4123973507437 876.586515011281
609.8164234920619 807.6310603483191
620.3499187226829 837.2156104258693
646.2743768638122 888.892811203517
636.4691569392604 892.2572567735313
627.2294076231688 896.3365831051909
618.5339209109478 901.1463747263978
609.2443532509818 905.0427161365329
599.9349836715023 908.8448797055933
591.1500910089834 913.3923417130618
580.7248831895436 915.3221345758503
569.2571430010968 915.4399516856521
536.8168944569849 881.3918662125028
435.8159459086697 730.9346491251674
405.23823142707977 694.4047636572293
384.8095850603226 673.867630359036
373.58266806491775 668.7241509931412
362.96632295329863 664.3074953677414
353.4087909670221 661.5150991982176
343.93609232307915 658.6022808930518
335.0041923055228 656.4611116720657
326.5893145063378 655.1056553337639
318.6674279961499 654.5495170988354
310.78499355815813 653.9026592536962
303.7845220351289 654.9801250205142
297.20353206094785 656.8950148467387
289.8061579052584 656.9142948971293
282.0397637693423 655.9341214275513
274.7038906146552 655.7886644957898
268.5287965330291 658.341313782238
261.5920675018061 658.9769269254657
254.6671734927032 659.5404693763965
248.1062802417632 660.9684362392774
241.19845942072192 661.391943686246
234.9721865130581 663.629468578116
228.72516077329905 665.8083814651393
222.4579339411135 667.9284899049084
216.1710595403376 669.9896066486463
210.46130048017446 673.9006165601822
205.56443185698853 680.6351918284225
199.43899953487437 683.4969535151772
193.00683252781144 685.3410556778146
186.81963821246546 688.089690940188
181.86249551776655 695.6198909778603
176.29251483927175 701.1775447143507
170.3993410388304 705.719536766223
164.66187011595161 711.1866622272366
160.35140203547357 723.4420694604772
154.7888493270331 730.7868445203519
148.3102557344355 734.1696452755224
141.59292591524766 736.5130299802979
135.2037398512538 740.7624104463148
129.1817541477177 746.9110217390814
123.30595157404024 754.9971141046967
116.37828182673832 757.107717249703
97.29558936791669 675.0241242278306
82.56340357305086 613.4690574025992
75.32260530882301 602.308480041159
67.26524765487527 582.1266068974414
62.44071868606076 588.6978483483426
56.92198503422776 589.2570641237686
51.571896640929076 591.7569936019829
46.17994271716689 594.2082235131379
40.61029165507592 594.61483685802
35.15464927212529 596.9657868207807
29.1641975777309 589.2787537147823
23.441130170994548 584.5301646761325
17.963158956526176 584.7241442939591
12.50495016389343 585.8665600812172
7.038879004270481 587.9578676932244
1.534713270188442 589.9980039416898
-4.007066356390388 591.9864385433297
-9.60211060168773 594.9225155194523
-15.201511637897486 595.8061044030372
-21.062412399251183 603.6326488717488
-26.717416840622686 603.4087997679222
-32.53085413571376 606.1276627322011
-39.71945717144537 629.7486520207929
-12.579385109077178 173.5446889716811
-11.265967333403124 137.5393688368632
-10.643771358694972 116.51484940239946
-10.732033461245727 106.46043141837583
-11.838694933558491 107.34917466972038
-12.60616546562305 105.24772962992282
-13.591764325122591 105.1249919977658
-14.301147816214177 103.01202440074067
-15.70608154153717 105.84100813300384
-17.321294009448852 109.64019688890671
-18.678434268381793 111.44557457917179
-370.3517071333335 2089.4314090257726
-18.74228585460088 100.26328700448848
-21.61041320294045 109.89535950711557
-21.61822862305092 104.79337856563984
-22.818040218189232 105.56200566776428
-24.254773717810803 107.29261834766544
-25.496486432134365 108.03207477233782
-434.0408337937752 1764.3972213193956
-451.6737087186752 1764.0951960856073
-467.53928442952923 1756.852588441934
-484.9061393889776 1755.2512743145573
-503.93661985901775 1759.2463963768885
-523.0855604844539 1763.03786017563
-549.1008417939263 1788.6109877615093
-586.2321333617253 1847.2075914239201
-603.025045117116 1839.6893202281467
-606.9107555048438 1794.1280151796693
-659.7257077762443 1891.2353080722487
-680.598455137627 1893.3910697117688
-701.9176035751914 1896.2583362483235
-724.4192122259811 1901.6944562568112
-731.0349827533389 1865.9056390907942
-736.6669255158472 1829.2364092295531
-735.938042783491 1778.7692928494141
-499.3242617815412 1175.3315624096542
-500.8074291800357 1148.5647212404199
-507.13870229099444 1133.7435056654597
-515.7366855907097 1124.3596716068705
