-522.188965279636 1110.3367437584793
-527.2540348245918 1094.636096043424
-536.6635331241542 1087.8240906574463
-544.6389581005061 1078.2543323906448
-552.9411132214191 1069.5195768705955
-561.5947636185318 1061.6083653948124
-572.0521952942901 1057.1472394415941
-583.4437530186574 1054.3331480435888
-596.3101910159525 1054.0090872902938
-608.7215012945595 1052.6700023567205
-623.7039797861461 1055.4948344728755
-634.6587569152103 1051.2812479402644
-647.6889016698002 1050.3595035290384
-663.954992847465 1054.3622562824046
-686.3025561133932 1067.4032984173427
-719.9283657097122 1096.8350597270962
-915.576513538756 1366.6545459099077
-921.6449432441558 1348.0577133759805
-923.4397372756126 1323.7277105282444
-927.7579686612906 1303.5586490777757
-928.8412368577397 1279.3806926449156
-931.9325493079112 1258.514093500926
-718.9642671257287 952.0185831150376
-710.8216976238123 923.0154463426935
-715.1671226345574 910.768898625007
-718.0952718010402 896.9616383196052
-725.885609610115 889.3784806037031
-745.1092679839126 895.5652844792935
-835.660663322567 985.3604699678627
-890.6882374360626 1030.3972358721853
-903.0051760005663 1024.9573903905402
-1256.030010600786 1398.8526056987525
-1262.408610246771 1379.574028740327
-1270.5819994154201 1362.4941771477459
-1275.790505679493 1342.483737561861
-1281.4310190700612 1323.2152294185044
-1250.2967373192755 1266.9483291155857
-1272.1104252980233 1264.9786819737644
-1271.810286748102 1241.059061657305
-1115.1656950673266 1067.867722400582
-1100.4043020219578 1034.026291779647
-1093.7730433719014 1008.8629885137865
-1095.1266378397977 991.073482186715
-1102.9720530904374 979.3250992910706
-1106.9231153467645 964.2329680689277
-1111.4479048291528 949.8039560092842
-1124.9951993472234 943.085256721629
-1138.5145426372267 936.1947640333962
-1153.560654240681 930.3879927147665
-1164.6769076290213 921.2777544452595
-1175.7238736494915 912.0402255002982
-1186.7001365742917 902.6759029987218
-1198.4058931878699 893.7831477336009
-1209.242144233042 884.1591692736524
-1213.5010426471013 869.7495153746269
-1224.1420216318002 859.937387764487
-1234.7057846798778 850.0015442798016
-1251.8231167069805 844.4162980888169
-1268.944635000284 838.582442759205
-1294.4618542823569 837.9334745717482
-1414.6721099088436 896.8432535544106
-1448.594398470441 899.221479236379
-1446.7943409261497 879.2241665605354
-1454.2003310913867 864.9655467437424
-1461.4660876748458 850.6455634260255
-1469.4601019809666 836.7604249043371
-1475.5749235062303 821.8270165427654
-1480.6606299086018 806.3746641844983
-1492.6478353611633 794.6593229753448
-479.0416312343559 249.23706695499232
-480.4901286777283 244.23397847813905
-476.5127017217899 236.55791066417652
-468.8340218208804 227.23481243695528
-467.35009849239464 221.07212723260488
-463.9758562473078 214.12007103393555
-465.0718486203594 209.30402676690557
-456.04502993158565 200.06731535835428
-466.1958033415189 199.27486782521228
-474.5253553340127 197.53907751411856
-481.0096844536344 194.91198901508105
-492.138002825218 194.01336597050667
-501.3851512340875 192.30686446918943
-505.05348940586043 188.26038573997565
-1566.5017786108476 567.1227182974163
-1572.7327874462562 552.6305993080084
-1576.9366234830354 537.4261675038938
-1584.7918174892773 523.4461722269378
-1588.7134923904957 508.1470644374468
-1593.4429318255504 493.1162368196711
-1599.9462713186344 478.6145932727063
-1605.3569404408909 463.7565026802992
-1610.6295866109333 448.8388739107768
-1616.7293557246905 434.1223218610473
-1625.5992274893365 420.08112500572093
-1630.4656007867648 404.9468170649748
-1636.1637698662403 389.98989496792433
-1641.7246844685342 374.9614118901993
-1648.1244565087654 360.0760695432103
-1653.4103147698684 344.89901567358004
-1656.5947064887248 329.26429875335054
-1660.6138708652793 313.7858694871934
-1666.4569892651273 298.61363486855015
-1671.17544158025 283.1918845218855
-1680.6884594709347 268.4963727896827
-1687.105577466972 253.2010475488517
-1692.3930673473146 237.6693198432391
-1694.5627492135154 221.671127975505
-1701.5448700883765 206.25483043053853
-1707.3926823727568 190.61539334471996
-1713.096507270616 174.88383795312856
-1719.650870433245 159.1536484601688
-1723.0707607982704 143.06695384354109
-1728.3346220905862 127.07648910396604
-1733.4497836538897 110.99931328743749
-1739.4135920106544 94.89128478734196
-1744.2283308644883 78.63542337700605
-1751.8889121442887 62.40384207643853
-1757.3985422861938 45.98220928099516
-1762.7538081999685 29.462037887917923
-1768.9533133625803 12.852048223885276
-1773.995778194622 -3.8702645461137593
-1779.8832441562129 -20.387181559869425
-1783.615813028993 -37.022040907058866
-1792.1903151744946 -53.87832769069572
-1798.606329173079 -70.81858978080191
-1803.8628426487649 -87.83418987568302
-1810.9545548086826 -105.06950279546291
-1816.8832796471297 -122.37707358279769
-1826.6343972595828 -140.10988097961354
-1832.2266146128914 -157.69157461381292
-1839.640150955797 -175.57936949235346
-1846.87867230567 -193.61861941054423
-1852.946466568202 -211.6941001360573
-1860.8219864013872 -230.14459568974317
-1862.5662098914133 -247.96796924348052
-1875.0293437329701 -267.3966344969716
-1869.49561269617 -284.371507204524
-1634.7812547072408 -264.2465690559095
-1601.697630101698 -274.20740640362715
-1609.902793697898 -291.0480971312187
-1604.1794025726176 -305.446303565389
-1595.3859956550693 -319.17475600003615
-1586.4764966113821 -332.7661727094198
-1575.4991909810542 -345.7908315991673
-1556.6197997702 -356.85262919499803
-1549.3434119222668 -370.38357405947335
-1484.6972871026258 -369.559150434816
-1442.4721349732981 -373.32846104412545
-1443.766489293441 -388.0249017695797
-1436.2423635538998 -400.3609285795847
-1391.1453022766223 -401.76952093667495
-1280.998099275037 -382.9006002264066
-1225.7896828566281 -378.8517564988275
-1125.0459975362896 -359.21094558431105
-1099.8124315623716 -362.4591223584585
-1083.1388418494846 -368.166062092851
-1081.5556264818854 -378.8844504929922
-1072.3413661045165 -386.8901582375798
-1005.8875714861044 -373.52268141277193
-995.8311204568378 -380.36348343351654
-1248.225335726677 -490.11683428548395
-1285.359813530096 -518.503760605337
-1282.2704951626529 -531.3439349755719
-1261.5697164017558 -536.7335005922338
-1250.0470281985295 -545.7823992142147
-1235.7283794717926 -553.435969347871
-1248.6400893750974 -573.3881121939561
-1251.3313403886693 -588.9472612731093
-1695.205551855558 -817.4363198183042
-1681.1606104335576 -830.2553835577747
-1658.100974686181 -838.3705372594723
-1636.8151006311052 -847.045055676488
-1611.095199776667 -853.054076396439
-1545.8394783477813 -837.2241678197419
-1469.6571641979174 -813.9458334076878
-1322.6998356626546 -748.9093034126274
-1287.895998668377 -745.2971867744998
-1297.1790002383416 -767.056478585936
-1522.7179737950419 -919.8755199925268
-1524.2053014423516 -940.4675427972144
-1505.9797087651543 -948.9073278184866
-1497.8231073526524 -963.5802712179427
-1487.0160239141594 -976.536914111558
-1492.7112504224199 -1000.5109309059727
-1534.4028281093126 -1049.5184424726147
-1518.7167475705419 -1059.907279269633
-1494.010737497007 -1063.7142079730106
-1472.6053949489542 -1069.5014496330682
-1451.2244640371107 -1074.9807230737679
-1433.0635169646935 -1082.5640656999399
-1412.5124523575178 -1088.070573048895
-1398.2770540471724 -1098.2282459148284
-1377.7312516111274 -1103.2142123513622
-1361.8643599217635 -1111.7056558167208
-1354.415642933924 -1127.0325044895048
-1133.2633051092662 -961.2025183554307
-1093.9062895742684 -945.6664473427492
-1051.1932051364115 -926.1716069255408
-1020.8519547012625 -916.6489440252531
-1008.4907472128482 -922.8409466349393
-991.7156193955952 -924.7897762447478
-977.2984146970622 -928.435139700458
-962.808135467503 -931.9873895485874
-949.0495605275541 -936.0523124603968
-936.0051324022429 -940.6505153970096
-925.0542738313023 -947.2331236113114
-916.138262553671 -955.8591339131207
-906.4566660772178 -963.6728244192503
-896.7091367808215 -971.389069329995
-883.539736266265 -975.3017658338053
-875.6913677318024 -985.0322981912852
-866.4233519259752 -993.19412766959
-857.0792680950051 -1001.2687592258785
-850.2325009061698 -1012.3184747908338
-840.073998209469 -1019.4688212654456
-838.6577081571314 -1037.4050551971625
-832.0074185772248 -1049.1351940681727
-825.2106679898326 -1060.831444403763
-818.267510823444 -1072.4920888896127
-818.3671909053287 -1093.7235212107862
-817.5483785853124 -1114.2435320308243
-822.2559324695418 -1142.9607086504086
-799.9833638322855 -1134.2709630381892
-1176.5877284187857 -1701.8819927757395
-1184.149330917046 -1747.6016027941587
-1187.0832688128676 -1787.7777582531219
-1168.0986800556284 -1795.4691514064782
-1143.6998400579666 -1794.529095849767
-1118.892302881388 -1792.4421928064469
-1107.2638883977636 -1811.3794968063055
-1115.4063866458632 -1863.7200950329477
-1118.1137570233464 -1908.6030562574128
-1153.8973176363943 -2012.6899861507568
-1133.0312459886495 -2019.9247994946268
-1060.1803157120166 -1932.2612913829146
-1029.2635104251035 -1918.3184370972908
-1000.0957268771941 -1906.6246450421165
-977.6251493878057 -1907.0128650023498
-958.3703574750549 -1913.4069765507638
-939.9605697224256 -1921.4044674058332
-921.4850910107613 -1929.225032764423
-919.6173375477631 -1972.1257445917497
-925.2036712264368 -2034.508089624891
-907.7978208581671 -2047.8044624536697
-893.7912018044395 -2069.215621335045
-498.6699827373036 -1185.3793689434524
-483.5602531111011 -1180.8240688650988
-473.39466805617946 -1188.1660188104943
-777.7888156736183 -2007.5989535295714
-758.6197874000916 -2014.9205984765356
-298.77483014592633 -817.0884902330181
-284.9537348991874 -802.9354699893408
-276.63739253171565 -803.7236795399607
-269.59768565977146 -808.2209400200511
-744.7670038554945 -2305.6997007347054
-724.8464193861074 -2319.374413134529
-702.9975563485013 -2327.134597690481
-382.25982512908035 -1310.382549522194
-367.8575066928484 -1307.2279276276654
-353.81190945993404 -1304.8835705626443
-341.1069797521632 -1307.2287590029364
-327.4165032941119 -1305.5705394082147
-312.15075712243697 -1296.9648818791854
-294.3824090369263 -1276.494808939549
-280.04900325089545 -1269.4772765899277
-267.73124747401044 -1271.1101365050986
-255.99813515730045 -1275.564955145752
-244.01697492731694 -1278.9291285866161
-232.52906612764374 -1285.1327687853134
-221.6196498822059 -1295.1759458799752
-210.06202144198903 -1302.1654837798862
-198.09153736228717 -1307.0744978100695
-185.76569643823098 -1309.8931658829354
-174.05895836942128 -1317.552457783504
-162.58757319780537 -1328.0848169607423
-150.48293973703377 -1334.5425751350535
-138.06478265175392 -1338.9003382594701
-126.04264773663492 -1348.1206366462677
-113.60644875964738 -1354.243174175237
-101.06495751719855 -1360.2506660031625
-88.22548139059371 -1363.147924633786
-75.91466683787056 -1369.8981580244917
-63.09158751031172 -1376.554921383607
-50.22062898329298 -1385.0898485024438
-37.05884336879285 -1388.5055427070383
-23.887711908310703 -1394.7954607109193
-10.62240881671781 -1403.9598158177216
2.807943418122979 -1408.997202074497
16.356727714619048 -1415.9055256119561
30.058937911236495 -1423.6827105263478
43.97263395256172 -1433.3256459937058
57.872309368359936 -1437.83580279821
72.01150401118487 -1445.2070243705734
86.2968672642478 -1452.4385875830953
100.72701415706109 -1459.528371981512
115.61406220140886 -1470.4619643572182
130.45552340109026 -1478.254834733899
145.74873072869403 -1488.8832417254803
161.04306779150974 -1497.3647285535676
176.9784994005143 -1509.6617537547747
192.7858168361679 -1518.8135596006548
209.59652477203025 -1533.7448604000235
226.27549397135635 -1545.5236655671172
243.35292032856722 -1558.110508329739
261.8376915011915 -1577.4162492219125
281.2329595127429 -1599.463667134613
308.92415037357495 -1663.5593975917916
336.90539045910145 -1722.3587773398433
348.5211702422418 -1695.5512359975967
357.54874263738884 -1658.9056322281936
325.42291291963863 -1442.7546318577172
331.6304436078019 -1407.4577254299656
340.2958975278126 -1384.8013222573627
348.3110526879389 -1361.1408489114635
356.16261075087 -1338.4219045962766
364.94405320275064 -1320.4983294317142
375.06925560272373 -1308.2981516082712
385.2795552370834 -1296.9844502985823
395.60195559181585 -1286.5516284750997
407.2754617313045 -1280.8054880705158
418.2510635016547 -1273.0538275657218
429.0739804747598 -1266.279795021442
439.85600434821396 -1258.3384661683135
449.16944661457524 -1246.543945566283
460.73353842128745 -1241.2496149339986
472.5944059637365 -1236.7823282420327
484.04609647774964 -1231.2710410322552
495.8103750496416 -1226.5810499078868
508.2964591634418 -1223.6256411181926
522.7335384967944 -1225.1422969315117
537.647210594321 -1227.410068779031
551.4219695341617 -1226.7676273504555
565.6522006393038 -1226.881651958294
586.7727622105432 -1241.3004171141688
608.6563468710802 -1256.3253764107255
629.10205775282 -1267.4602956034432
655.7068894500035 -1289.9059946863572
683.7210917885367 -1313.7299831561627
659.5952675173594 -1238.2823115383273
670.9400595177522 -1231.0334831085283
705.0928596789113 -1264.7324061752413
712.7097905954456 -1250.1062972361174
745.794028940072 -1279.512511231264
820.962194091527 -1377.9829737237053
853.8762892011331 -1402.5189063752769
884.6926750556469 -1422.302313399962
896.1221454786223 -1410.3921796375614
901.9615205082631 -1390.005185430048
962.1749850992544 -1452.1650381582836
973.2304157307642 -1438.7465231570584
979.5717968081801 -1418.666660952457
985.618605626453 -1398.5982140139342
990.203957842244 -1376.9212475205527
996.8317880607051 -1358.5107236645933
1001.4006339189268 -1337.6986844528074
1008.6977346064056 -1320.8985124527567
1013.3074657627138 -1300.9262007621903
1020.7380989885972 -1284.902616260526
1026.6962921214922 -1267.3025383640559
1031.137846354308 -1248.1649497625701
1034.6635424623528 -1228.2944898920841
1039.4946021635917 -1211.0602677293793
1046.9464403895488 -1196.6633406917974
1051.557157247507 -1179.2487206020373
1057.9504795448206 -1164.0746465888192
1064.1513023916484 -1148.8855493991377
1068.1005975806495 -1131.5021491132306
1074.5900745959525 -1117.0300674466491
1080.201688710688 -1101.8227224497498
1084.9154647547218 -1085.9021292621383
1090.1387128175713 -1070.6921064509854
1095.891822746427 -1056.1747548760643
1099.2885772013885 -1039.5833896492127
1103.9362116465297 -1024.3831512747115
1111.3528479655333 -1011.8813405330181
1114.9031961487135 -995.9999313340256
1119.7571668262765 -981.4605887865241
1124.4362832506652 -966.9188409113922
1129.7052843731553 -953.0214952766642
1134.0419511502685 -938.4736826524718
1137.4285345934397 -923.2991544957789
1143.7593475733108 -910.6363461001731
1150.7407850903303 -898.551971524013
1153.6262938697273 -883.3772546836359
1156.328231520802 -868.2286686052094
1160.4579822809035 -854.2940192700255
1167.6715029122788 -842.6999829634391
1173.9532190339846 -830.4684458302706
1175.9991626942315 -815.344693575954
1177.0374387638012 -799.6948591483822
1180.3827963715905 -785.7610667562908
1184.4079004507591 -772.3819815025627
1190.8141039391976 -760.6121020990174
1196.2558935414613 -748.2598727496487
1199.0123665694994 -734.3060294001466
1203.3276680971933 -721.3955386553004
1205.7812478175492 -707.4571240800067
1208.0792203937863 -693.5370193816201
1213.7098253400834 -681.5955251268487
1219.2226969830806 -669.6095990659809
1225.498518659075 -658.0534786507952
1231.5472652904987 -646.6624570481064
1234.055560307894 -633.1475926457983
1237.3126720887617 -620.0914057528686
1242.2298479123513 -607.9095368191361
1247.027347587029 -595.6901832077303
1250.798526723507 -583.0120457986304
1250.8002455858737 -568.6604836300112
1256.1280977436813 -556.7927819744439
1259.5073346238805 -544.0820471478987
1264.6020950146476 -532.1330108953631
1269.5834970452977 -520.1362744802874
1274.4510941852036 -508.09291328470374
1279.2044501051585 -496.00400687006464
1281.971647260633 -483.16528809493235
1286.4886585762833 -471.00629651268457
1290.8903496301525 -458.80508413894313
1294.2309416771868 -446.23678647707027
1297.4493472918932 -433.6463895985301
1301.4968343130943 -421.34307906146216
1305.4276557464273 -409.0019995212586
1308.2844113845156 -396.33432721412333
1312.937902910694 -384.2109617130524
1316.5166554264688 -371.7632257024685
1319.9773959843997 -359.2821650043919
1323.3198143652671 -346.76889841546483
1326.543610956199 -334.22454761924405
1329.6484967775261 -321.6502370856664
1333.6083413109595 -309.2730055886407
1335.5004335131766 -296.4162480130217
1339.2252105641903 -283.96625748370246
1344.7942091849984 -271.8685986694579
1347.307908955865 -259.1242915378147
1353.635824516809 -247.0749978947661
1355.914389377999 -234.24809215378505
1362.0192926940927 -222.04379371890468
1367.0258425186516 -209.59328683469494
1371.9184617387668 -197.0678419741181
1375.7050378251668 -184.3356962241892
1379.3733258352581 -171.54949132591196
1381.9291624368232 -158.59631145351494
1384.3347469183664 -145.88114502725236
1386.6316386022947 -133.04773138657868
1389.8057568514485 -120.27035471209273
1397.8471742326153 -107.82985435347653
1403.7814076556422 -95.11445484438066
1408.6013239145561 -82.23934743272065
1410.3064433882635 -69.13563290768856
1411.8895807895688 -56.00724647629012
1420.3472083290435 -43.06747951637299
1428.6855914197315 -29.974670467781173
1433.902812972595 -16.694997732223577
1438.996168894969 -3.3205279101571823
1438.964467422853 10.1124425568037
1443.8067031414073 23.62634046864691
1449.5212658955115 37.25721026423993
1456.1060233735193 51.03184001538486
1457.564236594957 64.71086616141105
1460.8908961353393 78.52890925566733
1465.0842567642012 92.4776761261228
1472.136213994595 106.72847532715778
1476.0590957265688 120.87409119767638
1478.8498741892422 135.01129438110993
1482.499960339777 149.3113110000703
1489.9874553964446 164.12916487092681
1493.3550241057067 178.62466788840965
1497.573143260156 193.3253231883919
1506.5990796600922 208.80664062084563
1508.5410846260631 223.44752403018762
1510.3406909140738 238.14280877070038
1517.9148492709478 253.88089798713878
1525.3259358052326 269.78100296331365
1526.6733000736713 284.74134726478724
1532.780402811174 300.71288093132165
1538.7215885056617 316.8230942759906
1540.584688249768 332.2270583958582
1544.2448967826783 348.1331623971706
1552.608909198709 365.281501142331
1555.9301055495125 381.4256240011713
1563.9294867731387 398.89918576190007
1568.837330180897 415.78652146369024
1575.521073300318 433.2312864817287
1578.0394376074512 450.19166291209666
1583.253805295581 468.0901494552751
1589.225524259158 486.42186735713784
1593.0837482236484 504.3066241342575
1598.6453738064354 522.9311319928108
1604.9429819491256 542.0276973478835
1611.0205448808565 561.2920843658744
1615.9342949227264 580.3837993023159
1621.5671802630225 599.9673990258392
1626.9722998093491 619.7113325194862
1633.0781661692022 639.9778927286753
1637.0890829033801 659.6698679177108
1642.7196531363866 680.2618181255432
1647.1848295028062 700.6298148493336
1655.9918692034696 723.1458560567147
1663.6049787103518 745.4847247329286
1672.758231435029 768.8698844189141
1681.6149326991997 792.4974562249813
1687.4698986351912 815.0591028877217
1693.045962168599 837.8044938913865
1700.1241220831319 861.6344755817635
1708.6752726584107 886.596758738552
1716.903011701877 911.8004433038102
1723.0461994951827 936.2867052378814
1729.7508381354467 961.458807214183
1737.868990240686 987.832158192787
1745.639414345885 1014.4476502423155
1754.7777592865366 1042.3224143772989
1766.105514371546 1072.0202013518292
1777.8737542418805 1102.555628518526
1787.5280552488628 1132.342462198702
1795.9338913379243 1161.8702414399902
1803.1024154692004 1191.109851915068
1809.8743752380458 1220.5915557043206
1825.3064448270839 1256.5478034968316
999.0668346296344 701.930523587002
989.060897016718 709.1174387874587
987.0801204348681 722.0815991578003
1939.4290204947797 1447.416689990363
928.7416676785671 706.631385318848
922.3099225085048 715.0058788865697
886.7669352102444 700.3887510646
859.3574444443868 691.4577229867439
841.4647569449495 689.6963555214548
839.7956418614754 701.1271496030321
818.9429996656114 696.3888018188477
810.3406814445715 701.8062268147437
790.4581565767055 697.2029135777881
783.3734382302574 703.6583377430449
766.6443985694702 701.268398077409
758.072623217911 706.1316434826549
763.9864504937808 724.6610955901481
939.3753063873621 907.3092271930499
943.9606590959432 928.3933832590322
914.3241261818895 915.6677302830564
873.7944074794248 891.0596688537086
815.7521617624644 847.0681262920157
801.8702558752591 847.8756351862851
792.1241440725561 852.8982004772437
783.0268206573663 858.5528510995796
769.8892408324742 859.6432730210807
757.456853518803 861.3176621069573
745.057576084297 862.8378806701708
735.2799134123478 867.2556998557751
725.4834619046698 871.5674078938564
714.4037881353063 874.2243576439199
701.4584580050484 874.4123922344536
690.4246041919976 876.7952246256383
681.8514160290363 882.2151928295035
672.0280386270791 885.9584162357967
660.9986787289448 887.9919744674437
650.5776085840355 890.7063349999693
639.5792335710305 892.4922430949713
627.4518096822907 892.5162332005051
605.1582130142102 877.5759438484215
540.6109033112604 799.3527701966029
569.2816264429202 858.3812846250222
584.3873072474722 898.7076694498876
575.6941884291866 903.1152758141455
566.7661335593137 907.5660581193118
557.1749755642381 911.1421659680725
547.0530622754711 913.7603334874137
537.9424181919064 917.9945286927609
527.8056167785551 920.4032979607413
517.6711470569209 922.7028684819246
502.24827587374534 915.2500583894273
473.7724761654705 882.9176863264427
375.3412281034339 715.5298473759191
352.18227500111294 686.987369006913
335.41557655919115 669.6994781254241
324.2783579985677 662.9385692006106
314.590965877249 658.735549510135
305.01141497997423 654.4096856953707
296.7829217487351 652.693570795886
288.6137410564049 650.8810248220688
280.9017084175058 649.8909371641727
273.233863715291 648.8137296013501
265.23171552259384 646.7249315442709
258.77601894701513 648.25841453693
251.95294297832237 648.7955876272297
244.08296858137402 646.4553383247013
236.62375352618315 644.9637193417783
228.87860126096368 642.4473409430727
222.83541692149012 644.5683648500178
216.13688423161412 644.7362617959765
209.76383640288378 645.7864453033558
203.39015259502395 646.7738753439048
196.72543463994626 646.7419140319608
190.64333861756975 648.5608047367238
184.5444299502389 650.3224995141575
178.42924649459624 652.0268430021656
172.29832754254164 653.6736848964039
166.64378837063603 657.201527537393
161.41148963843887 662.6238231551142
156.09196422059918 668.0054630807709
150.03036306294374 670.4176982741441
143.7279915714983 671.7970411060347
138.0130013802726 676.056514982297
132.61225178669872 682.2308924961264
126.82605280506802 686.3812004490552
120.88250805825666 690.4986743256974
115.19903053811186 696.5379985062403
110.02811801705674 706.4834132841511
104.24644592280242 713.4239122096093
97.80278728809095 716.3543919029745
91.18725522971756 718.2345609086702
85.12806666454799 725.0194564740702
78.62745693164781 728.7706930279661
72.55335314277015 737.4394964658053
65.88033424319774 741.0774463981511
55.50313526033935 698.7992572808535
41.39040762189521 591.5537457889126
36.248037673935 598.9040655771081
29.083179572537265 569.257559164524
23.353495879570456 560.5137056577679
18.080954625108582 560.708550924493
12.875299713460883 563.8530186646947
7.571816360756132 563.9491711111907
2.283745985060661 567.995408876054
-3.1066850430838966 576.9916364281574
-8.503450177129254 574.9371194618461
-13.595739378897477 561.8355238597334
-18.778299933294424 558.6845043954729
-24.074765285781975 559.4822657389906
-29.33550851528961 559.2311042316488
-34.778980126990405 561.9247481125266
-40.27569638605451 564.5652028602351
-45.42245448914022 562.1679469946521
-50.7974187761583 562.7118465481952
-18.166346410084728 182.09608413721807
-15.64179675212548 143.14794512798707
-15.217861246679771 128.0992455054939
-15.403519039582669 120.01554733115711
-16.531557695795048 119.86537281529891
-17.074394134663116 115.74741925820283
-17.85175282034013 113.6059634052785
-19.412952100257627 116.39217022958677
-16.68344653741691 94.53921203200898
-21.23262700279635 114.04023654202109
-130.85231403627319 668.3103110916011
-141.34855345066126 687.622415601328
-15.790303779205685 73.31893552528162
-22.409909841425993 99.50776824398766
-24.258444715036003 103.1868589501955
-25.226021859577862 102.95459106392536
-26.68555290840996 104.65123633274695
-27.15442207416244 102.46285845035868
-528.0859880886071 1919.6890865930554
-534.5638273889684 1874.2578569789316
-511.0572746289043 1730.0972406338542
-525.2297285991835 1718.5292351879348
-540.7364439148232 1711.6159318674127
-557.4004383518289 1708.3658130872288
-572.4555374309156 1700.214885732001
-588.3907414633259 1694.7661594922874
-606.6319087283015 1695.7590416426085
-624.5977056270458 1695.6198589676374
-645.0953008707293 1701.8378456229323
-669.7595839619692 1718.0681301075024
-718.5888494244659 1793.3917769084428
-709.1282835186876 1722.7611783163213
-757.9704592659624 1793.401734938423
-795.0667589709105 1832.9955943153523
-807.360296790262 1814.4876277249014
-833.9048070826983 1827.7537505704556
-844.6716372446709 1806.2574083541933
