-848.9566820261164 1769.926990596846
-847.698002670049 1726.0756345737605
-577.3652804752652 1147.9870787172295
-573.5758051303624 1114.0106802760272
-574.7893033151252 1090.8282434895575
-581.3100550646991 1078.2873549665119
-587.6450065436412 1065.721514413744
-592.3208418796193 1050.5198809518167
-599.2586313650355 1039.6581614812171
-605.028818532102 1027.0365761479231
-612.6767836013023 1017.8266840852439
-620.2046782103037 1008.5644040546214
-629.2078236413676 1001.7916523252196
-638.6782219414529 995.78066300652
-649.7347112337977 992.1899037069131
-661.3361245241377 989.3101285236061
-672.3775394744046 985.4732083676073
-686.2625449311219 985.6189524479832
-700.2103530150698 985.5893980408431
-713.6320137874948 984.5736889119091
-728.8805536731214 985.8038032373197
-747.8287442123459 991.6229975801215
-776.0968460187199 1009.0602982972797
-1000.397107161225 1275.4789798281479
-1004.9508670630154 1256.5646639903948
-1004.8128571144717 1232.254487586656
-1005.5838283940392 1209.599174963503
-1006.6630326304571 1187.8040826395788
-1010.6889871087296 1169.8819476071635
-999.2657561160075 1134.7299011896637
-785.5399995038299 875.1587908371389
-770.8525988091911 842.585468014442
-773.3513440121353 829.3875443449967
-775.6696055049184 816.2185143059695
-797.9838644578977 823.911859402958
-819.1074509849633 829.8306958295263
-950.3413673276922 944.6963986094858
-969.9939101422387 946.1167022555782
-1339.424142302882 1281.896628834084
-1351.518484639813 1269.138993836728
-1356.1369971974402 1249.4912744122346
-1358.7636985318543 1228.8145553955794
-1356.082779707624 1203.3322461317339
-1321.366691256127 1150.4321219606288
-1369.4175319088306 1169.742118289637
-1344.3669751858208 1126.5848552282807
-1187.305298201014 976.0507819082987
-1165.3217952240748 939.6989483742861
-1156.878754714361 915.0172385756179
-1154.396436027084 895.4830364043568
-1161.2001692913002 883.3431761426903
-1168.679299717218 871.7526566707284
-1176.0431626626537 860.0996916372096
-1184.1039460748298 848.9681059321468
-1193.6956897520495 838.910960869733
-1211.4383899699542 834.4207735351541
-1225.0574068924639 826.8726321616359
-1234.4707909387141 816.3834064452474
-1243.795146140246 805.790068465704
-1251.3406262451438 794.0218114815304
-1258.7747636376328 782.1829034369275
-1266.0968968375325 770.2743977430189
-1272.447193241365 757.7856823747542
-1282.9944626320994 747.7634711961869
-1300.4150169069742 741.572507448081
-1315.212062916031 733.6574333843813
-1338.7535085685981 730.3177687111743
-1433.8177939109212 764.7166363198982
-1497.719330862057 780.741830544587
-1503.2351002770663 765.6717529692462
-1510.3906120462718 751.4580487575395
-1516.5122576992433 736.7405053666753
-1519.780056269144 720.6889624287006
-1524.695406994414 705.4813363159494
-1529.4592478893758 690.2451803856837
-1533.1561616727809 674.5792643750517
-1536.693863825426 658.9051288928347
-1540.9952808980097 643.6097763785634
-1546.9977327067527 629.045320307024
-1561.2312548526209 617.7361644515488
-506.77480027623164 195.008465982853
-502.00508449204864 187.8480639882432
-492.47908792699286 178.99817863485987
-488.4898770618814 172.3416374764613
-486.3116193126222 166.42418370397746
-484.0654922739487 160.56338059962394
-485.5606921102628 155.98337820871367
-484.1477794056611 150.49892922066698
-484.5902112130856 145.6307906881547
-490.74614481220357 142.44023782611342
-497.8475701303962 139.41591342189108
-505.90059454838024 136.53054030360914
-516.8465628127984 134.25956393715887
-519.0620241502577 129.6133291179472
-1620.109595583432 388.33091339537754
-1623.7057628011992 373.00884151206895
-1631.0637655774594 358.51219312636846
-1634.3777544933862 343.087970668102
-1638.5264534108455 327.82931759205997
-1645.4797602801252 313.0836286177574
-1650.3321501465732 297.88050320990857
-1655.043971781145 282.61360807804755
-1659.6144531016826 267.284243935184
-1663.0540979852174 251.7440509219136
-1670.3085785125245 236.72400078460493
-1672.470315641733 220.9344773846821
-1675.475377087092 205.24682890331633
-1679.3268963122055 189.63432000145687
-1685.0221882709452 174.17297446675008
-1688.5836202352807 158.43407926678168
-1694.9872837988223 142.89544345531502
-1700.2504035811498 127.1753322076908
-1705.367425335526 111.36850813618594
-1706.3433981253627 95.25338667989983
-1712.161729588161 79.36127351345405
-1717.8316370028228 63.36771190600088
-1723.351722725253 47.27409205794124
-1728.7206021710836 31.08182152394742
-1731.936976793903 14.775263584611848
-1735.9992716705697 -1.5902072983314879
-1740.9065182423692 -18.04147281214461
-1747.6630563626493 -34.31969442117825
-1752.2658614477255 -50.72820522018223
-1755.714923316558 -67.18711218330935
-1761.006796740093 -83.80967626232997
-1767.139206174627 -100.59336956534091
-1771.1155177002736 -117.36619173037685
-1774.9322611862463 -134.22171284959478
-1780.581057963505 -151.3277767680658
-1787.0601635303292 -168.64451346828196
-1792.375824173613 -185.99167970089871
-1797.5227806685139 -203.45233588664837
-1802.4993815895434 -221.02483880621455
-1810.2781615721997 -239.10035076255588
-1816.8856334346904 -257.1995237527164
-1821.3346837338845 -275.1435440419985
-1827.5812032830975 -293.50970240573884
-1833.6428536351477 -312.015841445194
-1842.4702481581332 -331.19085834622194
-1847.1683848773841 -349.81274692251543
-1847.7557635859168 -367.7698167808575
-1856.97868092929 -387.60698984166095
-1865.0143451432782 -407.43403442740123
-1615.459233628658 -368.70105028858893
-1603.2024547688327 -381.6358067886051
-1622.87604912734 -402.3149626459795
-1597.7580209982013 -411.9093423751293
-1595.7871729067074 -427.27894727732394
-1593.668468948958 -442.6475020576584
-1565.4549905812587 -450.54597153257424
-1560.2356332588581 -464.8104653612373
-1522.3934253931363 -469.0066719352223
-1495.093005579157 -475.87593411338025
-1438.347599004294 -472.6015070210659
-1409.2626411494648 -477.6220349402181
-1384.9312387244847 -483.7917568593582
-1370.9591947377794 -493.27465611354876
-1369.1222304293549 -507.05455144801607
-1255.9439118887676 -478.47767992826965
-1227.2270431754987 -480.66389972487315
-1132.7141090253847 -455.8505755341644
-1075.759843531401 -444.56356018605015
-1065.1378828508869 -451.8078026284301
-1059.976348490835 -461.28748155573845
-1059.2966247856884 -472.7479885918591
-989.3837569489506 -452.61880372514355
-971.5530686966547 -455.42687086525024
-1081.7657538402837 -519.4062512315027
-1231.2468058996983 -605.3224784871206
-1247.9002225291583 -627.976141753552
-1231.3419486384655 -634.052052692227
-1212.1251503193816 -638.4767967304814
-1216.704231907763 -655.4043119004791
-1220.1965199201047 -671.9891760846048
-1650.4844906133947 -929.0516380937299
-1633.1113146578587 -939.3633130671436
-1615.6897722247718 -949.4327569281908
-1592.2209511095834 -955.6575970752777
-1563.6616480674725 -958.3935780058814
-1516.5412194324429 -949.0119755631955
-1482.3745439512315 -946.9143105082838
-1300.9451422671661 -848.1454691333691
-1258.0385881213224 -836.9348306754296
-1260.9629555123786 -855.8904280487586
-1477.4014256399746 -1022.9829067569852
-1478.4498486632058 -1044.1676326087413
-1461.3798162447993 -1052.6015545648393
-1451.534987217863 -1066.136567650898
-1437.5626804190097 -1076.5823423531115
-1451.3406170743247 -1108.1003624357854
-1482.016064961149 -1153.478384364905
-1464.1822690944196 -1161.6071981825512
-1440.1052314267213 -1164.4745263067757
-1419.1893623718909 -1169.5394622373653
-1401.3676899674456 -1176.8893735246766
-1380.4935087139093 -1181.4087660072444
-1361.1645864051409 -1186.9570205852112
-1342.6000307480142 -1192.9128876139412
-1325.5256670727895 -1199.9690437387276
-1309.9067715774972 -1208.1673103405085
-1303.724037296214 -1225.081480790588
-1075.5999395069762 -1029.662940059799
-1042.089861052201 -1016.8503928760633
-1008.2161447043516 -1002.7882157053373
-977.5176341604108 -991.021329187941
-963.1323744652157 -995.2894198458032
-948.7552804161045 -999.3735126981096
-928.2547090675861 -996.6881132500031
-915.3127903862464 -1001.8240842360216
-903.0252325793746 -1007.5487230526206
-889.3915591464644 -1011.6282195149665
-871.8443660128304 -1010.995747494363
-867.9530086833497 -1026.1547518369348
-854.9123908491858 -1030.5560654193098
-842.4983127823895 -1035.5779028923064
-834.4320634903904 -1045.9288366897479
-825.6285997574986 -1055.4323357100977
-813.6766648066538 -1060.8955109477656
-807.1046358020758 -1073.4202843559453
-800.9604874782665 -1086.7208921791178
-791.7075210585593 -1095.9485394393803
-783.5068385263523 -1106.7307865883374
-777.4520739548822 -1120.7427326122854
-774.0111094963747 -1138.8747966199755
-765.306363534909 -1149.5508557401772
-761.3837159718488 -1167.7032315845063
-752.3399319564094 -1178.2990396261152
-1118.9850212202723 -1790.0261233525803
-1097.126245636432 -1792.9634689908512
-1084.0480222229778 -1810.2319977048385
-1097.0277633763485 -1872.2793825659369
-1079.578532461639 -1883.547501988727
-1055.6576376118237 -1883.3130255355384
-1031.8404015129665 -1882.794302574118
-1012.8519840419891 -1890.808255329505
-1019.3106809525622 -1947.3596831854213
-1020.2260214975857 -1995.2994424544922
-1049.7999760941507 -2102.4794910278483
-1030.5315398380262 -2114.2158701038707
-958.7308297969421 -2015.6039283541961
-925.9522646047823 -1995.6483667403122
-898.3348632224644 -1984.1064672842222
-873.8285545590286 -1979.7271673736457
-854.6229953059787 -1987.0049159210043
-834.9716398991242 -1993.1741922281071
-816.0354367984628 -2001.0015407013414
-820.6305216001155 -2068.136974916875
-815.0239118066246 -2112.210222298772
-798.4712492681944 -2129.2063460576314
-780.9847673542586 -2144.198403404082
-436.97263040664217 -1236.032329785714
-421.66536853709505 -1229.714729917665
-410.6173827187235 -1235.555488437984
-667.8698976762681 -2075.1746431994325
-266.1039055632392 -854.5254305425852
-256.8365681999201 -853.1799207876893
-243.15214436023038 -836.3719475765681
-235.7510847575492 -840.56553940525
-228.81412336807855 -846.6245312694983
-618.7781035963084 -2378.839561321813
-596.922516083742 -2387.510106741384
-569.8245169851493 -2374.5871261848115
-311.7410951926064 -1355.6173831756932
-297.3694950662436 -1351.6757685939506
-284.33435817584143 -1353.4559367636361
-271.29221661913937 -1355.1105243491668
-257.12229089794243 -1350.7453970024824
-240.2168479423709 -1330.4885816739022
-224.05569945420652 -1312.006114140512
-210.96965655370917 -1310.1224385581716
-198.38837781166413 -1311.0751509922138
-186.36894284745804 -1315.867629034897
-174.66893892151185 -1323.5239936533198
-162.35470086121845 -1327.1058552761585
-150.21225046478025 -1332.5604225738907
-137.87833108498995 -1336.9089594348666
-125.47542580339092 -1341.143138341116
-113.4231324480576 -1350.2444937957239
-101.13521222370062 -1358.239915791193
-88.446637936556 -1362.131488600759
-75.74867266839999 -1366.9027538888695
-63.34801930666077 -1373.5399624510103
-50.4888315300561 -1382.0781012268192
-37.418080007441695 -1388.4959082721693
-24.142227642965356 -1389.7903269358421
-10.860613795696768 -1392.9576616207619
2.4865334763874456 -1399.9977918379982
15.967468983820817 -1406.909392936962
29.56002891129618 -1412.6907675392952
43.325705212638034 -1420.3393549669133
57.24050157542862 -1427.8531174386928
71.15423294983285 -1432.2335965663285
85.2162299432163 -1437.4763282065778
99.5912809365226 -1445.573442188747
113.97254923062877 -1451.5323826983233
128.47697854955737 -1457.3478191505199
143.58987856428791 -1467.9941916689907
158.59765630607123 -1475.5008584932173
173.87860514503527 -1483.8471048840636
189.08199749973522 -1490.0510052416025
204.69076102188697 -1498.0806695075805
221.0498797597575 -1509.9049475573609
237.19098560413315 -1518.587974517163
253.6822019256663 -1528.0858419690123
270.7232268619366 -1539.375826248243
287.8207976155699 -1549.4951398632836
306.0968483465126 -1564.3339539344954
324.4816328379804 -1577.983735642037
344.20939818364957 -1596.3110255216711
364.7576150360123 -1616.3541945604745
414.6324572412674 -1758.786207986084
422.6152737298584 -1718.8066588218223
433.8402870308588 -1694.3386926317248
424.05105812269824 -1592.5089325039971
391.5634376628784 -1415.8527728141896
402.3412288156652 -1402.4273726632337
410.90344552032747 -1382.2164658473446
416.76310163445527 -1354.3254841861421
424.2498729406712 -1333.1215418369866
434.18062323739554 -1320.449615246711
444.8722199795755 -1310.5512992212264
453.37217467876826 -1295.9871416133126
464.1152202166615 -1286.8648189935257
475.76980147947717 -1280.4683112049977
487.7016422466902 -1274.9008228681482
497.73916929443214 -1264.5697763864548
507.6233267739776 -1254.1640873964297
518.1217690268369 -1245.5323490220962
529.2871738706372 -1238.6541436478683
541.1718073530667 -1233.5080360201207
553.4169607349262 -1229.159740461311
565.2091945401842 -1223.78207472051
578.2331910097323 -1221.0026113054396
593.4392384097872 -1222.583686426255
608.283515617376 -1223.0891891551348
622.7381927153041 -1222.5306308365762
640.9376037650829 -1228.899909707814
664.9677426590358 -1245.6170764817518
687.9392543917954 -1259.350857492407
712.6987528272348 -1275.375038064688
740.8059203810144 -1296.2467312701074
729.5225000856844 -1248.4842497479624
734.3133494118628 -1229.3933076422416
769.5453308408623 -1260.6859179752219
771.0466539684028 -1236.2588957836178
800.6291386572581 -1256.6196649475676
886.8509129570186 -1362.8541588105832
917.6236141673158 -1380.9166892765518
948.2625519006992 -1397.6834880124948
970.1972840366603 -1400.833048599257
968.035273796901 -1369.3928248260097
1029.1320789999625 -1426.5231032034549
1042.2070472718876 -1415.7572075101061
1046.1619038413678 -1392.878053151461
1051.5986828498737 -1372.4362317530133
1056.124008266724 -1351.2316896678485
1062.2096855374634 -1332.4138185828017
1066.7700727062224 -1312.0528236234854
1070.399604528954 -1290.9584372179684
1075.014258887953 -1271.4438026069358
1080.659262891191 -1253.4753916720772
1085.6353381379065 -1235.888713673765
1090.5235776593327 -1218.1885431118985
1093.8278005280006 -1199.0286663762784
1098.2307802707383 -1181.3797667413833
1102.399349596976 -1163.7545591782507
1107.028845208499 -1146.8753794010652
1114.24398727393 -1132.8642181761652
1117.0465889519733 -1114.5810504897172
1121.7482223345785 -1098.444775894179
1126.2458060845177 -1082.3189845313789
1130.539956339086 -1066.2060809809786
1137.566973062296 -1052.8254279783926
1141.4815981337404 -1036.7177827750627
1143.70145629093 -1019.2992587449507
1148.70651757318 -1004.5642520440877
1154.2949974833607 -990.4766826053445
1155.8955925387938 -973.1528035973543
1161.8992974602422 -959.7077797753833
1168.529640572777 -946.8656077305038
1171.890156510123 -931.4947455969246
1173.488248742438 -914.9149305063318
1178.8507886377652 -901.4248821327925
1183.263689852749 -887.3150738469722
1187.5159008439714 -873.2021445477162
1187.5519079517007 -856.1638078780693
1192.2731016363584 -842.6653256865488
1197.6677988830556 -829.7233536056559
1199.6155039826042 -814.5076074565311
1201.3835649867908 -799.3287995434854
1206.3237499600298 -786.3733275501985
1211.9695971170945 -773.9339091058278
1217.4883453237323 -761.4578970638364
1220.3214801262527 -747.37974627526
1220.425022979228 -731.7730271649474
1222.93097186896 -717.7491470170071
1226.148687304006 -704.2410074844145
1231.8362168344784 -692.2055582664156
1237.405911169113 -680.1254376978832
1240.2149298869042 -666.5815236605507
1241.1085257199925 -652.1147348321053
1242.653957364333 -638.2947142556975
1245.0487696390232 -624.741995723318
1249.992715767555 -612.5211919011887
1254.8169666312672 -600.2627593431939
1260.4273831418434 -588.3908665387362
1265.9254820782853 -576.4665418086822
1271.3107735011142 -564.4908477380288
1275.6650328952271 -552.0676804961682
1278.9766655653239 -539.2241546327516
1281.2345796210166 -525.9875967961192
1285.2140578716644 -513.4986128988565
1288.1399211504106 -500.6191601792863
1290.0018576424577 -487.3768637091922
1291.7288235584624 -474.14411984993615
1292.3791987000152 -460.5865898693824
1294.7792459881919 -447.71274737073276
1298.9478492754608 -435.4704178961581
1302.0496069994454 -422.88038605803155
1305.9834752797958 -410.57053266900056
1309.8009664504748 -398.22409304988355
1313.5017403321453 -385.8421674006426
1317.085467146236 -373.42585908340845
1320.5518275443183 -360.9762745241875
1321.9663993967802 -347.985400363166
1327.131224019299 -335.98171711126946
1328.3002937083227 -322.9664529550766
1331.2898306721152 -310.41325156798786
1335.1367125881206 -298.05026203542565
1338.8687328584954 -285.6422870897919
1341.5054684615877 -272.99098535969307
1343.0409065164886 -260.1252072048544
1346.420087860212 -247.61653217525478
1349.6827035671577 -235.06722377151675
1353.8150331241802 -222.64064338519776
1357.8328505858187 -210.15696483816404
1362.7250792562152 -197.76086156300542
1367.5040087871218 -185.29108438117493
1373.1608520983093 -172.8735788506881
1376.718158630235 -160.1346673827225
1380.1571474030934 -147.34398010151645
1383.4545659967382 -134.7347906918516
1385.6490229758667 -121.89251464313188
1386.7272604267998 -108.94266927693042
1388.6820917494078 -96.05231936027856
1392.5134541894297 -83.25430860576122
1398.2240972372003 -70.49378628798436
1402.818259928297 -57.592791317534584
1406.2935634975317 -44.580413472888736
1410.6476631581086 -31.53046822626436
1414.880322699694 -18.40305510533738
1414.9905015201568 -5.184651168120833
1422.977062220725 8.079628312910693
1428.8388136742326 21.462631199638707
1433.5744804266583 34.93149108521352
1436.1838963687023 48.42329822732211
1437.6670111019437 61.92386607120114
1439.0230496282584 75.45636247916248
1441.24964023489 89.0812804286074
1446.339418541236 102.96740442392131
1452.2917797461325 117.03668861434419
1454.122992154494 130.867580735876
1455.8222760643173 144.7428772510438
1462.359592720104 159.20245469053285
1467.7600377647855 173.67922023292107
1470.0412277748455 187.89036335646594
1473.1753522221918 202.29528320013046
1477.1575895728158 216.92038993010408
1482.9706016127382 231.94653425381023
1484.685087604114 246.44510676003412
1490.197479889851 261.6877355359577
1497.5205077409425 277.4190492653847
1499.771182718794 292.3532101521545
1501.8730957222917 307.35354942726786
1507.7363263890923 323.2571268923929
1511.4811656064692 338.8593897428684
1514.091791508346 354.33183160287416
1520.4308203361463 370.8303123693546
1523.6850905718181 386.73989291143823
1526.7742099842912 402.74248810728056
1533.5547254616565 419.89272917523033
1535.3676485616415 435.73177959645767
1536.8886536491736 452.0810395099872
1542.0633254527288 469.6644550034326
1547.0414013423901 487.3878358479764
1550.8698104443547 504.9394330534023
1555.451119522089 522.9271601069125
1561.7189459149417 541.7037326531207
1566.827297810822 560.3108234139668
1569.8449977706832 578.3733076261069
1573.59477517888 596.8990563987604
1578.0645339469688 615.9125966391143
1582.3136483756716 635.065758929004
1589.1131826490855 655.5000325941218
1593.8239559167912 675.3415414038665
1597.3826190410166 694.9336431528284
1602.537694096775 715.4704319529852
1608.3542180421764 736.5851677205692
1614.8175131625298 758.3009951091868
1619.2092504506445 779.3397226210545
1625.1390116005641 801.4157429037327
1632.5786716531752 824.5773953142021
1638.8343892425528 847.4944510945124
1645.6836909960005 871.0735842566806
1653.10990509084 895.3366080366391
1659.3464747539285 919.3357801813818
1665.273931485053 943.5352315183121
1674.3502126604913 969.9362687124179
1677.0490089524587 993.0295169689449
1683.73599430449 1018.8508730346509
1690.9316616032386 1045.4157621672396
1698.6172731148151 1072.74431225525
1704.2525928842617 1099.230230500995
1714.546168782889 1129.2211630641348
1721.9306715311557 1157.8340824316163
1728.0986887403387 1186.1243282109688
1734.700652133319 1215.210947732219
1739.2757967804632 1243.3678871249992
1748.3171302187625 1275.2580963019334
954.6657132221092 710.4318236102051
951.0173476413819 721.9432141693354
934.0015273312404 722.7739251957768
919.5757095747268 724.9975961064544
902.8476905392674 725.1413984099315
886.9670379462875 725.6758736493786
867.3102279707509 722.7821030278241
831.7690957396834 706.0036624355353
807.9522679594712 698.4533862035081
797.8515686262638 702.4257074172401
784.0225885892968 702.9349760694358
776.1581881196296 708.6462213367498
771.9165685311889 717.6773726592155
745.7894362772956 706.0645273182853
738.6553565293905 712.0844502377784
732.1870781211483 718.733665993472
720.7080577876351 720.3755239040087
804.5751260600395 818.8790304589999
908.9324322822011 941.9781491868916
894.875986297909 944.3505541626714
863.8202357727644 928.2449031745264
813.567309687135 890.2495338995901
768.0828504969176 855.8906091157502
754.3629139674272 856.0476587378602
744.6294005323643 860.5643821718463
736.1709754215084 866.4994489016972
723.8228455265788 867.7444832978233
710.8791649291719 868.0638299512331
699.242415420655 869.7793079147654
690.1110209097769 874.4957283022402
678.5021367843311 875.9559637214059
667.5287552063246 878.0742343177453
656.572781590483 880.0660102938506
645.044902831265 881.1248908817659
635.3019812711811 884.4842523148232
625.5511865636096 887.7396650983103
616.3621999231168 891.7138770401276
606.0303002328832 893.9391898779478
594.6014641433464 894.3853189976838
582.122210546603 893.0228059732498
556.2544455939008 870.4424115109639
485.1914395259117 774.5871590794503
550.1576336082118 896.6775218452913
541.2294216921728 900.9282508028906
531.7629501849046 904.2284914835667
522.7810270076413 908.2973069435116
512.7881475472611 910.5346318153134
502.7992937497133 912.6647085347331
493.7642299959705 916.4485174719234
483.3042381388541 917.4889718122075
471.9526377409445 916.6360824936824
456.61472659709125 907.6116964069291
392.09036699521937 797.863487138968
334.4233874986204 696.9146274070789
314.314880393043 671.0343925340244
300.54069566876814 657.5745510943476
290.7109589732269 652.1373615526614
281.40818449822046 647.4916475889211
272.99805963914264 644.571221381519
264.66741832237534 641.5505885575734
256.4173948792889 638.4309826467688
248.9771107475987 637.0764462164474
241.22947315055762 634.7041368098245
234.2411960613059 634.1191229317791
227.28507222940652 633.4591509652959
220.36189022845812 632.7247721837205
213.7924797459144 632.8639471514339
205.68395572914417 628.183978111199
199.1932359944784 628.1743824242183
192.13408401968934 626.1864688396859
186.2671775108813 627.956637501452
180.1085710028913 628.7105078263735
174.48496557970006 631.3319228319212
168.57069149637786 632.9367440498561
162.39335393830427 633.5174808927285
156.45916134486288 635.0090793297858
150.51127332275956 636.4450931563238
144.550210511856 637.8253966729282
138.36460404056317 638.1725756789444
132.9961247938263 642.3768604097014
127.56103466514988 646.5362963014192
122.24408555678588 651.6328594740947
116.37219672118775 653.7228096298041
110.21893045576178 654.7883531105207
104.9961794148531 661.7218466306549
99.21043269011685 665.6472714925223
93.22199178101486 668.5317197024988
87.18804658191783 671.3622304935163
81.10908359218557 674.1382028626147
75.86648465855706 684.810394565936
70.43022333556384 695.4427249176617
64.25221092899186 700.057607194391
57.82953653585549 702.624184542525
51.50955665859244 707.1264141388266
45.17324909935514 712.5695598085899
38.90072385024353 720.9512699787185
32.20758614537709 723.2832580633179
24.842430522718885 707.5640279478062
15.15570616715711 589.8053107344616
9.266065037699299 568.9245468765758
3.8049555663007952 552.9869097122811
-1.3681660634336055 541.998273172178
-6.465480399255451 541.9614354944518
-11.583555365834794 542.8764327589536
-16.657942603394126 541.7439551561439
-21.912721689158737 545.5601090880577
-26.844511234228204 541.3348060272823
-32.22905742324354 546.04971189225
-37.226498795056614 543.7271262200018
-41.872374965779464 537.3711047448729
-46.83732224178043 535.9573352844606
-51.682965081939095 533.5024565269958
-56.90971317961702 534.9815740245767
-23.14062212867363 199.66349593127416
-19.540946485143873 155.77917515016165
-18.329335789179066 135.7683153372963
-18.889870960199442 130.64138997694036
-20.117689148029548 130.45795714843635
-21.020338072456074 128.28930347975103
-21.71303484600221 125.13010875794959
-19.10411774273597 104.26424451973783
-20.273325521425956 105.06184974719558
-35.146211870763764 173.4754846977964
-124.22689051720934 584.9544252951894
-130.35098416747675 586.6938050862393
-35.711793658433166 153.91123348767462
-26.570597981579535 109.83170454336617
-26.132763152119747 103.75971612352846
-26.850160507306867 102.54300990673063
-28.071786879247302 103.25199650082375
-29.30902699355742 103.94701023449844
-26.63636624653744 91.18938530980633
-41.95736350979293 138.79690071218124
-611.8421515767626 1957.6133891945872
-604.035482448973 1870.9081046226286
-622.1647983250826 1867.0658702159142
-598.0234207781813 1740.1057405229035
-594.2642041474613 1677.8706909857458
-608.5829341903864 1668.4731979304372
-624.1836984666687 1662.699825755831
-639.3694949781443 1655.8477130736972
-654.1127945348367 1647.9276234185245
-671.0296025871671 1645.4325487396038
-688.3431996937295 1643.6872085148677
-705.2879038627359 1640.84276293157
-728.2918606979484 1651.5495649968002
-775.4557993162063 1714.8155304017
-791.062746640024 1706.5698728380098
-788.9929181101139 1661.1475476826515
