-863.9389476395797 1773.7921227560505
-876.7787027607743 1758.5460205479792
-900.6508850709652 1764.423130436939
-918.6924395150464 1758.482357482694
-923.0310345137074 1726.7824730766047
-926.373411165034 1694.2825334301417
-919.4242769301006 1644.4193501025102
-624.2861841106949 1092.1679176429361
-623.4931631524654 1067.2170704697958
-625.3604509634977 1047.5324846374601
-626.911819347735 1027.9093203012185
-631.8498215683322 1014.2932529520576
-635.5132252221268 998.9889591821175
-643.3018084805767 990.4159647368471
-648.774731553395 978.4515050312
-656.3211129420126 969.7853353740496
-663.1934492982879 960.2413492491559
-670.5201969311464 951.4718416786787
-679.4917956637149 945.0856572955174
-689.5853972882835 940.2276212953756
-700.8458184649435 936.864525286449
-712.1041134223592 933.3722363810463
-727.0431832872117 934.4860671168929
-737.7160435240148 929.9161462880801
-752.1406237237586 929.8927261487937
-767.266492773312 930.4504979134254
-788.9044516641171 938.4592511902362
-810.7614716194852 946.1404949252551
-1048.6068306234151 1200.5247664125536
-1058.5878439191652 1189.05667514487
-1057.0222065607236 1164.9176171890863
-1057.1325818898513 1143.1184121983588
-1062.413030448181 1127.2442294081227
-1062.639158283725 1106.324554225412
-1053.4717656999185 1076.212450621668
-908.2322584109074 910.4450366616442
-804.8778618912244 791.7149912925807
-810.8930038130713 782.6758820655036
-811.0008623904273 768.0928337134667
-818.2312769990717 760.3858082187413
-845.3396521076426 770.8027455675866
-945.5937339550027 846.2939739269301
-1006.9338482991727 884.1290771993752
-1040.280850110546 896.0718458322857
-1404.6806554570278 1186.9259691256293
-1409.7204410610436 1168.4388208437172
-1416.088294816381 1151.2249742270337
-1413.656038022234 1127.1382373796391
-1373.8702038591853 1074.251675794793
-1418.125484423764 1087.3311870942837
-1418.7871869026194 1066.6151687843894
-1254.967853621229 924.9522616747985
-1207.7581971292702 872.593913150358
-1197.213379405903 847.8025266366559
-1198.6316689048267 831.843207761192
-1203.16314294459 818.1830183153987
-1207.543601722113 804.5119327517691
-1206.7486184499942 787.5523930945993
-1214.1671304002323 776.0664787604637
-1227.4099336922811 768.2244819540122
-1243.1706667845956 761.7681361453391
-1253.7731762915369 751.9952276522978
-1263.4394284277087 741.5833133871506
-1274.755103745181 732.05151832068
-1286.0032567880737 722.371527353112
-1295.4291431366169 711.5808703951581
-1301.2417895773926 698.7838042323425
-1306.042844677365 685.4758112924599
-1315.157781571086 674.4212404521523
-1330.4390697853023 666.3901871942738
-1347.4822007323528 659.0081325063413
-1366.3089576441005 652.2237593506476
-1431.3584890993366 666.673740058257
-1536.860296155999 698.143559806502
-1539.758191635165 681.9096063939897
-1544.3230069255806 666.4761438193667
-1548.7337364875414 651.0175216269827
-1552.0648137470002 635.1565271084671
-1552.4474258774019 618.1811950283092
-1558.2432646793923 603.4226777983315
-1563.8988036114913 588.6098300763811
-1567.4108639872409 573.3970556732661
-1572.7303110281748 558.6415387108449
-1576.020008094589 543.1849906666523
-1580.1067049596097 528.0329544087989
-1584.9992691250363 513.1601279065828
-1587.8433799565746 497.6438492818745
-1595.3210157167994 483.56990891940313
-519.1896365109017 152.0628861349073
-510.0106373901392 144.1844296340763
-502.65994475880996 137.01817374009232
-501.0237331528428 131.52649473618987
-498.3593828820005 125.83292690497053
-496.60444050680593 120.4368285406182
-499.6623515622753 116.21761669926465
-500.73247494909043 111.51676345446243
-499.80220045902087 106.38966310840878
-502.7399564721012 102.08592540810801
-507.60444442027523 98.11589068435207
-511.4548016708249 93.88283042099401
-524.1371491677814 91.12765146908372
-534.8382662496003 87.81815845895203
-1652.3800491494708 255.39023703499785
-1651.7382109243308 239.41988758766524
-1655.8972109482613 224.15491690741365
-1658.9228254172272 208.7080719802762
-1666.7708093185363 193.8016233255846
-1672.4959091729131 178.55372804808957
-1676.0906680872397 163.0216928843226
-1677.5486949822323 147.26294837266153
-1681.8494008094042 131.72544551850206
-1686.005967889292 116.12009404789433
-1690.0175006252089 100.44823333698547
-1692.8843640505763 84.66126595483833
-1697.601943139616 68.91039579483336
-1702.1726387332317 53.07831900076646
-1706.5953410451882 37.16640852783187
-1711.8688765623226 21.18842743696584
-1715.9923867211294 5.111625487279614
-1718.964584341168 -11.0343908212425
-1724.7842251497943 -27.283267297436527
-1730.4552280562016 -43.42468990055833
-1732.9722727922958 -59.69172248398326
-1736.3351900241692 -76.05332263440395
-1740.5418930692144 -92.53603876887858
-1745.5897859959596 -109.16638230966393
-1748.4834935352785 -125.75560756748892
-1751.2192460034546 -142.4084001282663
-1756.783836129448 -159.39433212727934
-1762.1832903120344 -176.4966043442532
-1764.4337794617913 -193.3867572875101
-1769.5010985039025 -210.68901820807417
-1774.3985264530324 -228.1027604421031
-1778.1338195630763 -245.48955115447384
-1782.6878827561072 -263.1119774441067
-1787.0672708751567 -280.8408256767857
-1795.2159233685284 -299.3322376291629
-1802.1892991016775 -317.82657252565264
-1807.9898075007259 -336.2942996446533
-1812.6203927584081 -354.70595111494015
-1818.0436314354038 -373.4345380346729
-1823.2743725499133 -392.29524901879716
-1829.2862416714695 -411.50558444748964
-1835.097460122637 -430.8622887320807
-1836.8204248161123 -449.41264666045663
-1836.4182719821877 -467.53922865354895
-1849.3717587210201 -489.27813975807317
-1853.399063798331 -508.9164079802007
-1603.3070416518842 -456.3940514396343
-1585.5448227542404 -467.3934263949636
-1592.5874237519029 -485.6853896374451
-1582.2582760101875 -498.73815574634835
-1581.33366371956 -514.735703043099
-1543.277505971034 -518.3421066861396
-1552.542040127532 -537.6450628775839
-1513.5452655173135 -540.0275263633557
-1475.5810951478766 -542.0741938537506
-1436.7782403713109 -543.1061480001122
-1409.272523312752 -547.8092323388763
-1381.8062780808805 -552.046564934757
-1353.4606720748739 -555.4396539198752
-1349.174063282861 -568.3531885762716
-1318.1523267859693 -569.7108419090645
-1239.6837979770944 -549.4725480250003
-1211.7829230472346 -550.5843690217696
-1123.2300292326347 -522.9486604152022
-1063.2809242995563 -507.0677233079237
-1047.7578522042336 -511.6243574580589
-1048.3433052234677 -523.9850326041147
-1052.3504878762342 -538.2215628035092
-984.4123247998277 -515.0275475954645
-964.6126305770825 -516.0992859239013
-979.0944173830206 -535.5652358484476
-1231.5832891586854 -688.5663380278434
-1212.9997537405286 -692.993937509858
-1205.6684111502902 -703.6900470763635
-1190.5124620790905 -709.7014003328318
-1195.8495613694888 -727.9724078372757
-1196.7027336777346 -743.7631122933143
-1607.7458844013584 -1019.9848877265263
-1583.9640733762485 -1025.5860832974101
-1566.8923040371496 -1035.2451436974493
-1548.119692427769 -1043.5585359323882
-1494.7205900426877 -1027.8163054274044
-1485.1410665714866 -1041.6102977519506
-1338.7898428226595 -957.5791125305935
-1238.5701702448102 -903.3454119990544
-1225.3392762470817 -911.1929861924299
-1243.945248598683 -943.0382911042162
-1446.4285291101764 -1117.7783815122618
-1426.5913959393388 -1123.6961284225592
-1416.1271421223182 -1136.8552754614263
-1398.5757206842666 -1144.218053306486
-1410.965111799911 -1176.3275280649793
-1449.5520630395622 -1231.4230859204115
-1423.7237219618562 -1232.3553722539127
-1405.503612455399 -1239.5303930823254
-1382.066335166495 -1241.7957340881203
-1363.8719885480302 -1248.460731802984
-1343.4792288891088 -1252.8497761278188
-1323.122853725622 -1256.968939134522
-1302.069891416813 -1260.1420546374159
-1284.2611324952404 -1266.9212065326094
-1265.7371983631158 -1272.766414028863
-1259.789494295477 -1291.2576931281944
-1059.9965901281148 -1107.4729021139838
-1041.8248354668053 -1109.5427040923498
-988.4808664708139 -1073.1200196721284
-949.3417241280305 -1050.621859105177
-930.6254171438018 -1049.926346448133
-915.2906843979249 -1052.7430660205644
-896.7433315040465 -1051.558556335796
-880.8694252192083 -1053.1847206041216
-868.2179847122228 -1058.4699008579537
-853.0391712240979 -1060.4928912337432
-840.998016789297 -1066.2487213387265
-830.7602301331685 -1074.2445904118322
-822.2589002735696 -1084.5327569607568
-808.8645343259627 -1088.3355020900694
-801.3609597723474 -1100.064367277089
-790.8015195914679 -1107.679536965374
-778.450020714033 -1112.7351730085293
-769.4665303732808 -1122.6051214186157
-762.5951014644014 -1135.7256320179179
-749.4983710101995 -1139.626338697495
-751.5581106902318 -1166.920908312011
-735.5608116312634 -1166.4438659414163
-717.0154178170515 -1161.5136205024198
-747.758949643577 -1237.6479924550172
-1102.3021034402689 -1864.5337413817854
-1080.4110548124258 -1868.0674379259174
-1040.8290135942457 -1840.0192837197196
-1025.600514592089 -1854.266589373934
-1032.548108851612 -1909.7343801971413
-1025.9124423479159 -1941.6280953456906
-1003.1644171689215 -1943.3553849273524
-979.1270783790766 -1942.1470501444667
-954.3219206512304 -1938.8632421510667
-942.2269979119998 -1961.4240450258942
-953.9760840868134 -2035.542588842196
-970.6258981833668 -2123.702042607609
-968.8116946056632 -2172.796562128011
-924.1637164571466 -2126.895019784501
-871.1257103833302 -2058.2431821116616
-840.816856877499 -2040.5577701184163
-815.3906980058094 -2033.622140321451
-792.3532367376337 -2031.9786780946781
-773.3198621018191 -2040.367709722643
-753.8530477286804 -2047.6400031329188
-743.740818023078 -2081.093365422696
-748.1262548603332 -2157.99979304648
-730.0885987673437 -2172.610098004227
-712.4592727798985 -2188.9736829459457
-401.96957854070257 -1276.1913876561814
-384.8447692615829 -1263.699134909888
-374.48551828223316 -1273.0630764407892
-601.2676834152165 -2118.320365969345
-577.8997044033808 -2112.3758973370445
-233.7990786323127 -887.7285569534652
-219.44297487327987 -866.6491682213542
-212.36045405197586 -873.5582622554941
-202.44268623691048 -868.7237528634656
-539.1642751216616 -2417.608505203548
-516.3237345240921 -2423.6117265698927
-493.01965509067617 -2427.4391073092384
-268.42111327969025 -1389.307419524452
-253.91530248103925 -1384.9155278088128
-239.68856804194297 -1381.3592546292955
-226.03740673047744 -1380.6187347557475
-211.96563994056126 -1376.7786922685098
-196.56014835554936 -1362.8987886407576
-180.50527596690537 -1341.9142466447367
-166.85009565654923 -1336.6263672318455
-154.11297000176202 -1338.154771495897
-141.4668117099017 -1340.556280498747
-129.07528965659785 -1345.8244943528355
-116.85417528790951 -1353.9668022953083
-104.4131316192555 -1361.0006972611952
-91.58069285102063 -1363.9288752339423
-78.7019385301251 -1366.7358943378931
-65.96992671684896 -1373.4165314168072
-53.46515958526139 -1379.96466502245
-40.447045151406506 -1385.4096998861096
-27.310267934464672 -1389.7316824716013
-14.08460902434776 -1392.9287935097873
-0.8033129172306002 -1400.99976969604
12.621694085364338 -1407.943426717997
26.14207217231575 -1412.758150591437
39.75543215195921 -1417.4425934105448
53.57322110648147 -1424.9933017317226
67.53863097042233 -1432.4086474629512
81.423837815881 -1435.6929193373257
95.64238721909041 -1442.8335086790275
110.00450412141353 -1449.8327521038425
124.16812553492579 -1452.7030930651806
138.7751251446784 -1459.4168234747326
153.72972329311423 -1467.9724698291254
168.5191502219441 -1473.394141432792
183.4259091726598 -1478.6666074014736
198.9787498447813 -1487.7528212408833
214.15341957176443 -1492.7164207865203
230.34945800359998 -1503.4560609467267
245.96532606436335 -1509.0864979761934
262.2202523475535 -1517.5112979015296
278.65808862941435 -1525.762324099465
295.0879516542938 -1532.8548857567937
312.27346881356243 -1542.7123129978397
330.2968296575858 -1555.3147605286038
348.1545822557814 -1565.760002955211
366.92041386415144 -1578.9269805439897
386.91126668401773 -1595.7642907751035
407.9909012004449 -1615.270696984765
433.2892162393238 -1649.0256077728789
481.3883163555833 -1763.4764781182473
485.64940644218717 -1714.5461947764345
489.58545950474144 -1667.618085126667
437.4133210012881 -1438.9876950865926
445.4189974084817 -1416.625185695787
452.72938199868605 -1393.2914650837015
459.95383805944556 -1370.8969570519826
466.13861721234036 -1346.6030556713315
473.56624895583786 -1328.0945026051036
482.53781659234363 -1313.1482229962824
493.0355087918992 -1302.8296078422202
504.83113518836336 -1296.1583718606412
515.0565422516769 -1285.6678257947292
524.3653369375137 -1273.251740002113
536.2108850157886 -1267.2229033562269
545.9962986286044 -1256.4983254600318
557.6618715770742 -1250.2696657078243
569.2581563356828 -1243.93293687614
581.2090145398195 -1238.3941543053456
592.6724314107436 -1231.8394331428417
604.9479749983096 -1226.9726759571479
616.7338763958151 -1221.0910390735785
630.7596123592248 -1219.537334982591
645.280326972888 -1218.7100966274804
661.749014014915 -1221.2326733470113
680.2651198466326 -1227.0486407311028
706.846157141691 -1246.5382104588787
728.8480422801453 -1256.9763447513242
751.6254596369104 -1267.9649712928206
780.8992406883664 -1288.8930816372367
770.1119273484873 -1243.9037821936222
781.518639710784 -1235.5859402666438
808.5739677771346 -1251.522328459681
817.2824306918685 -1238.6708313682013
857.1081578169822 -1272.2113054848944
932.2216627460947 -1355.3552196774492
967.0635948149469 -1377.416786446133
999.5024672251205 -1394.8658781441666
1009.3450820488084 -1380.3342005992185
1017.2068368476918 -1363.3382746297093
1076.3194228485122 -1413.9538535606619
1081.9105638481417 -1393.2571664390591
1089.0663863829034 -1374.9365098254118
1092.1997473177216 -1351.9407205787925
1097.535713114169 -1332.1003559938613
1101.305006623109 -1310.7521819119258
1104.7657853490798 -1289.4559160832257
1111.208954811626 -1271.9809977929915
1116.3062687594665 -1254.153624692094
1119.317766509913 -1233.9707199019188
1123.406735811964 -1215.3116085730064
1127.2444015973235 -1196.685447002466
1132.2167265928144 -1179.5381655645788
1135.5682937516883 -1160.9740092809482
1140.7893062167002 -1144.5766723210902
1142.952578811505 -1125.377893237703
1147.013784755258 -1108.325032461786
1151.581536860209 -1091.9839577405332
1154.4797426971238 -1074.2930343728303
1161.5783838616917 -1060.6906514838624
1164.7997629066117 -1043.713328616963
1168.5561426876066 -1027.4300664215848
1174.381332192459 -1013.1285637064357
1177.7513524824465 -996.8704789117633
1180.150652672421 -980.0002229575555
1185.43863037681 -965.6998776070923
1190.5623542584979 -951.3870298792508
1190.7997867137865 -933.3621312022472
1194.7683140442425 -918.4648473163677
1200.1593976983468 -904.7797633216283
1205.3990329185788 -891.074728313487
1205.6291801736159 -873.8302351795196
1210.5333458670095 -860.1360465321884
1214.4662731121905 -845.8555854712944
1215.7602557211026 -829.8861371350648
1217.693056043253 -814.5235547631777
1220.2813258144151 -799.7465135082574
1226.0657978271083 -787.1541522462904
1229.181866105488 -772.9268659048087
1230.436121781582 -757.6621610025802
1234.9381315820315 -744.5077643414346
1239.3017745619406 -731.3358404779742
1243.527120531877 -718.1478263572889
1246.7436230500173 -704.4532194433613
1248.9376172633436 -690.2780803303565
1250.9756471887638 -676.1241972749189
1251.0899836359097 -661.0588875780273
1255.4747325229039 -648.3457380106256
1259.6467144991461 -635.7760255400536
1263.798257966192 -622.9726825163508
1266.9194081376597 -609.7140422231739
1268.9979668056944 -596.0269794589951
1270.022232690903 -581.9385951033101
1274.5459977847831 -569.5160221897113
1278.948485058634 -557.0599362422548
1283.2294652591438 -544.5715191696419
1287.3887206323986 -532.0519542192061
1291.4260449286846 -519.5024258652261
1295.3412434062338 -506.92411969721076
1298.199503961316 -493.96259768791487
1300.928653023855 -480.9923489428266
1301.6464290995605 -467.3388209986013
1303.1670196982313 -454.0437410325459
1304.5528491393238 -440.76168595111847
1303.9035655852513 -426.87175082695325
1307.8750287137616 -414.544218711318
1309.8178033962558 -401.5934784159315
1312.5915867551153 -388.9271479077909
1316.2044755401616 -376.51929375272147
1318.7360880465299 -363.8119432945197
1322.1116220200724 -351.3472056519776
1325.3693416933975 -338.8511592118439
1328.5089567688046 -326.3249175056395
1330.5568466926609 -313.54023301529077
1334.432764581914 -301.186315775253
1336.238932054974 -288.3652483580204
1339.8809340076511 -275.94036073540343
1342.426040834227 -263.27993636079043
1344.8515231283804 -250.59605092513914
1347.1571647536707 -237.88983469843956
1350.3291219195971 -225.3270123528243
1354.3717291526325 -212.8807630390978
1359.2888035144767 -200.52418467651734
1364.0930166147123 -188.09370543155907
1367.7915390133437 -175.46311807188633
1372.3660099206543 -162.8973137116227
1374.8366695877496 -150.04376680444005
1378.1819420666463 -137.2571840065467
1381.3872460277619 -124.6526233652384
1384.4927743018661 -111.80678828193787
1384.4862843268947 -98.70019508951728
1386.3520004595393 -85.72707169752961
1389.094700806925 -72.77988863772751
1393.7144771098294 -59.87450454471422
1398.2140250913783 -46.888591765655505
1401.5925286601102 -33.79916573168597
1405.8481277235078 -20.664989143661114
1410.9802846191526 -7.458982239924658
1416.9879410683095 5.845927385164529
1417.870068072313 19.19557408921283
1417.6266037941473 32.53939481723105
1419.2565141273274 45.94504442425729
1423.7568666324557 59.50953467245117
1430.1245480684752 73.2651145630699
1433.36430903076 86.9641167193216
1434.4774371072651 100.59066770914902
1434.4640129524905 114.16652549778917
1440.298367419093 128.28333021049795
1444.9982678001297 142.4219296829836
1448.5648766175857 156.55286081665471
1450.006743149951 170.5298942111675
1455.2816153002632 185.05247949988825
1460.4109523427705 199.68938448821356
1464.4036085074479 214.29435687942345
1465.286023690778 228.52979844315487
1466.0299367077941 242.80079216621357
1471.5596553501755 257.96934070868275
1476.9330160631735 273.2633639230432
1477.240372668136 287.7253575187746
1479.3654987212249 302.6181111455521
1488.185193986788 319.0436151978388
1489.9953458691048 334.1300185383035
1491.652914513994 349.27866041587487
1498.9857389287324 365.91085593117145
1502.259875880799 381.72668929301517
1504.4016479784145 397.38102818306584
1508.3100966594657 413.63831098571336
1513.0069680145307 430.27771815360944
1513.748842508367 445.6999459328873
1518.9945253164842 463.0330787951857
1521.1852438655935 479.604476465321
1524.1482418436938 496.5693676464317
1526.925318021841 513.6341822580545
1532.3490224370835 531.7804748541589
1537.564538278348 550.0766225071654
1540.6928983435357 567.8286651744479
1544.5566969128931 586.044887377693
1549.1438559155772 604.7497942777798
1550.7297128413954 622.4775961517354
1557.6642340536046 642.5785041146316
1561.5929636618214 661.6973748186472
1565.2977727776668 680.9492510732911
1569.689626585207 700.7392355154617
1573.8453771871975 720.6744956681122
1577.7626572208972 740.7523185783855
1583.2413395205915 761.8371616251359
1588.4602019508998 783.0933448945322
1592.5238095614554 804.0671091270113
1597.219112232486 825.648295292414
1604.2982188191684 848.7945717861561
1611.079733746264 872.1502688826432
1615.810653581932 894.7429417274719
1620.2559759813798 917.5045353003039
1628.7400676061698 942.9367911871132
1634.303012634637 967.0856543726358
1640.4078609921135 991.9430677187472
1642.7828484314282 1014.9017257348236
1650.787868911726 1041.730969038495
1655.907254238802 1067.1790690223042
1661.5253608011778 1093.3684079094821
1667.6231666005629 1120.3186931481198
1672.5318050063297 1146.9182016352643
1678.7219032521218 1174.8590432650099
1687.7847348132427 1205.3458793771154
1693.184072323148 1233.7555257145561
1700.6011263271103 1264.1664483504394
1705.996713431983 1293.6213564097002
939.7357621917251 726.8016904616672
934.5271477480865 736.7217996787024
925.4682608484986 743.2883008376059
901.6621082073146 737.7197588672415
871.8890077493245 726.6598641495884
848.4913432116937 720.2995491424495
835.8723757340933 722.7325725914411
789.5078413039193 695.2563329590212
781.681068750922 701.0525706082365
782.6746909237838 714.8568585299853
757.8537103344736 704.8991089030201
762.3199896386488 722.0583310213451
727.6698305134247 701.8672365629868
725.5551233010096 712.6421002520527
704.2143304430614 704.3423718608947
706.9053789979641 719.9762392910926
701.7349308558337 727.797421551326
818.8632313866397 864.8375617900916
885.8883783049464 952.7868498170155
867.7713481069432 950.4429953472531
837.0873319281562 933.7027357384153
781.0107526085534 887.2126037821041
744.8138438313104 861.726950975324
728.5566775220767 858.5343136054566
716.8999989745365 860.4965958505063
706.5341587853827 863.8665883511363
696.7924157389594 867.899377444566
685.7978901907613 870.2558553723729
673.5945836605628 870.9025989530362
662.0409098556976 872.1965567906354
652.3115328722763 875.7589075092649
641.9820849033422 878.4093593895491
631.0756990839915 880.1320707857722
621.3417425264132 883.3654051377835
609.89756300402 884.0254309926596
600.1739576641893 887.0356365680602
590.44605540364 889.9423889546345
579.6243865789456 891.0693410071862
568.8310659267098 892.0735499030801
557.5374480059463 892.1076135035597
541.5898666343895 884.3355790416579
466.5033272794868 777.8326591479481
522.948426519533 890.8501238708701
515.0388886512143 896.5996560209702
506.08756424795604 900.5356057999988
496.6261250014784 903.5062213211462
487.1536845502173 906.3786667994494
477.2061380157355 908.2677478806054
467.72307043611374 910.9396957986924
458.68042876747506 914.4076029133208
448.2941748159647 915.0919805276808
432.3267955388795 903.9344787422835
358.665087724823 768.4161339061961
315.778051122774 693.4898863207039
293.4100000858155 660.7870851111134
280.4253741902084 647.9179033722418
270.8179654515014 642.2356495778706
261.72252621618975 637.3557242788487
253.48547444356862 634.2192950755432
245.33084292650892 630.9847680483014
237.96692643889435 629.5242186931539
229.61804468862513 625.1652210043138
222.04435217208948 622.5891949499904
214.8666808709364 620.8714113659182
208.05926310935664 620.0220504420722
201.28695150324506 619.0998006416496
194.2502804076515 617.1513822082462
188.14194673689013 617.9956374263926
181.1882801383511 615.901621316673
175.1103458083686 616.6176828399211
169.29912433893787 618.2384705743156
161.94273816782936 614.0028905100577
156.15670974562983 615.4998635267267
150.1200659881693 615.9707507566472
144.5436679824519 618.330112517722
138.71768336453286 619.6631377788881
132.87941065857342 620.9412711545515
126.82932079148345 621.1846129674906
121.54970244091113 625.2956659345449
115.84074662738185 627.3953469868985
110.44762896408105 631.4129561991998
105.24112350347247 636.3562727935719
99.72226804315976 640.2807737675154
93.8497312520195 642.1785016207906
87.81502555818834 643.0315087818129
82.0245711555779 645.8118686790632
76.30629555536169 649.5331779506092
70.41798614611014 652.2095577551177
64.58412372739758 655.8276381507295
59.13175871768249 664.3737164510302
53.92099572148341 677.8587804405898
48.04250045452146 685.3181145643805
41.665259263852995 686.7372176971887
35.47033149390993 692.091652589245
29.220293753818062 698.3889850455407
22.790250926603147 702.6304892777587
16.19098626857742 702.8135257403992
9.617577651933184 704.9343956710504
2.856961122915251 671.9939268870978
-2.8575445197614138 555.9926568213987
-7.991452765612894 549.9419393742352
-12.701030576932391 530.8480797952309
-17.25257693532461 517.7126119664179
-22.32700107726872 522.5232100327178
-27.337066764689517 524.2877881285267
-32.38223385042538 526.0041738720867
-37.178770561030284 523.6819063320503
-42.094921241208354 523.3096765832794
-47.096897440306186 523.8872801008794
-51.91565245180808 522.4268035146197
-56.170002708624125 515.9514810480857
-59.954697065641696 506.4636554578889
-23.218806896667353 181.52103736563228
-22.06246143905665 160.4906470647126
-21.095372944448386 143.4572592807162
-21.513001855672 137.32512789419806
-21.98144246372745 132.18478046739662
-23.048496571316154 130.9876589828295
-24.27755867049422 130.76543941348078
-20.518641608295894 105.0142149737373
-25.925267367745974 126.36803595811278
-34.867500105325476 162.29681893495365
-120.195062255904 534.6561016291681
-126.64611173851328 539.3299197907678
-36.62912278546535 149.58043777167956
-29.64939471722178 116.27946247253803
-27.422257796502173 103.42639787473107
-28.670122324226277 104.12504062863026
-29.659110788319392 103.84766317662712
-31.496678085453922 106.43758391461772
-38.65760591282188 126.21247761251247
-625.0177771481423 1973.386119908822
-649.0443698070671 1983.5096183335606
-658.9187319187058 1950.7196376534082
-658.6874843538317 1890.5382296995797
-664.1324364774111 1849.36559577023
-676.4871141325683 1828.8972591188904
-646.881986153503 1699.0196279001898
-642.5885291095045 1640.6474277726104
-657.4158427223683 1632.606630434177
-673.2954138808886 1627.2044387989367
-688.3494445063874 1619.8071003202042
-703.7235492693871 1613.1872694153326
-721.076710799069 1610.9852194055647
-738.451455664561 1608.5985974216474
-756.271667467093 1606.9315993490645
