-746.4776087104809 1586.1211112944313
-764.1913204841128 1585.4373610132782
-780.4072253554588 1580.8648147811357
-802.9197347827951 1588.6220127822496
-862.4033846715838 1667.150083857778
-861.6831104570249 1628.0252507725752
-869.350023944988 1605.7728780455998
-945.4528980366824 1707.7537344693578
-949.6624877016138 1677.8930715192735
-980.935083215727 1695.714410658987
-995.3247429850198 1683.8244136494172
-994.0695159034123 1646.1332866908303
-997.9691655087208 1617.9797726466877
-987.5710411900619 1567.9006469170095
-999.5795345460906 1554.3309667238252
-667.8776613887992 1017.3634696694336
-669.6304012679411 999.4018839774799
-670.5404656312786 980.672975028367
-673.4467426797831 965.2970966360512
-677.2832791311831 951.5836063159726
-683.2718296808514 941.1209309990835
-689.1236918772803 930.6301828833123
-693.6335998967942 918.5169726761798
-697.9769129760089 906.4018032597248
-705.2417468332555 898.2193933130026
-713.0394223190685 890.7613497558642
-722.6559739117739 885.5604684998227
-733.5166957212324 881.7949064823434
-745.6637574101485 879.4285422278374
-757.830909427675 876.911234228427
-769.3554244370749 873.4919752861204
-781.5504071816327 870.6773001716676
-795.7851033461598 869.9235996869736
-810.7561872221921 869.7099544566187
-833.3692227201869 877.2660591991186
-862.4547816906231 890.9386901122768
-1107.4633772643094 1122.6993667132488
-1110.89162790325 1105.173647466527
-1106.2178231894102 1079.9991331746905
-1106.2244328043573 1059.854473155007
-1110.3220833445384 1043.916122702128
-1116.2790837945695 1030.1854236411796
-1085.9610794190846 983.3176160259393
-962.9043837657823 855.4292184188234
-856.380038704533 746.3975008723049
-840.6120808404817 718.7540118462196
-844.3196484628738 708.1866499868021
-844.8138106583192 695.0723885473868
-870.0385290787349 702.1089359340981
-937.0293748313957 741.6204896731778
-1041.180238159139 808.1260493678436
-1071.866826312627 815.7882731753974
-1459.4335765908816 1089.0797195426733
-1458.3877002307909 1066.9368846447971
-1467.618513806575 1052.4884312581205
-1443.1636146422688 1014.3839417955415
-1441.18037986271 992.7230795638707
-1472.0720512694343 993.569260731933
-1441.381377437746 953.1021586250163
-1262.3390895246478 817.6282914980886
-1237.940708963249 785.2762578173163
-1232.583327334948 765.5973753716166
-1231.237482256917 748.6890290939546
-1235.6978717167415 735.4554846044153
-1240.8823796839938 722.7080460253562
-1247.6741251904832 710.9186151242367
-1254.3538644918453 699.0653636351706
-1262.6771553132435 688.1063881770432
-1280.6135321015977 682.2242896571994
-1292.3418520704458 672.8309872376046
-1299.5500412311355 661.0095992768593
-1308.4413167679274 650.0017850549427
-1314.541159628843 637.575516814798
-1323.2345396849037 626.3755686366454
-1327.294143302389 612.9716609723299
-1335.7776714219497 601.6003761057285
-1345.0802722315125 590.5252418428873
-1362.5672926337836 582.8673717447571
-1380.951974757542 575.3152556757424
-1403.9482014288574 569.345631145683
-1530.207843746855 603.7292066279389
-1566.5479556623045 601.3414193370138
-1564.6633730098345 583.7195637988224
-1570.1077988759719 568.9125591062752
-1574.4687434317927 553.7230137499356
-1578.6829097627415 538.5018759698464
-1583.6995505993284 523.5644501219358
-1587.6224746931148 508.27539567572035
-1591.397954261031 492.95897514276555
-1595.9837960757081 477.9034658419755
-1599.466567294749 462.5275128101589
-1603.7645711539924 447.39713936417917
-1608.885168008397 432.4864346573108
-1610.962708274162 416.76750419145844
-1612.8870176030027 401.04796277713643
-1614.6582702720261 385.3293010428206
-1617.2514901669927 369.83593329021147
-1619.6961701948549 354.3279783704912
-1626.8866304745634 339.8292094319166
-503.1302481152003 100.14466252145934
-516.82713184462 97.80447734773598
-511.8223605391726 91.85788617265911
-508.7236848552734 86.34936286546906
-507.5418333946333 81.22368715106637
-503.3420636654442 75.68201203067966
-502.0540622664372 70.64501795433536
-505.67357503671286 66.2890300848481
-506.2772260002355 61.50910854098358
-507.8294908629126 56.83492069067153
-511.32814066229696 52.34054419700136
-518.7698074797293 48.15482164274538
-526.1774017982902 43.83311347372729
-530.5571543232492 39.15489747676464
-1676.5369453272622 107.81405730577448
-1676.482126249379 91.91670341325738
-1680.2725508581143 76.2112513528398
-1682.9162350394718 60.40650495244753
-1686.410737267612 44.58503368294996
-1690.7560932754102 28.719906895267375
-1693.9518734811568 12.769116245032258
-1695.996909800004 -3.237583796099746
-1702.8935507444644 -19.04087269298335
-1706.641992058333 -34.958703396501896
-1709.2417457217882 -50.91811742330557
-1711.6920056050014 -66.92890218678289
-1714.990871019278 -83.03801732061147
-1721.132819525507 -99.38721020422284
-1723.1273710803432 -115.59006459789458
-1725.9662466888476 -131.91480315268555
-1729.646513934394 -148.3877920672654
-1733.1692348537863 -164.94060554133
-1736.5332433951507 -181.57173398830108
-1740.7309558928714 -198.39289099231846
-1743.7730035846466 -215.18529682434047
-1747.6441324550462 -232.18308787559985
-1752.3394326184684 -249.4123350806533
-1755.8761575965195 -266.598798166987
-1758.2570343712641 -283.71323741406076
-1761.456730882712 -301.06342392922676
-1767.4375674698053 -319.0304767517004
-1772.2534007486925 -336.94789439124594
-1777.8687822044105 -355.1782556168192
-1783.2976014842193 -373.54205190397266
-1787.5610545292352 -391.8232718080038
-1792.6128179685975 -410.43913660210774
-1796.4995193495445 -428.9504365038642
-1800.1962843628426 -447.56936642962467
-1803.701448796284 -466.2939883916433
-1808.944969790553 -485.64091288672876
-1813.020460959083 -504.857215600326
-1816.8942385413905 -524.1911158681548
-1819.606277884342 -543.3543903235628
-1825.9403221400078 -563.7933486511213
-1830.1451831258207 -583.7890104150271
-1834.1352304196123 -603.9113813578906
-1569.9393348387098 -533.1552165422274
-1571.5201455172617 -550.0449365582823
-1562.573852216178 -563.2796431350006
-1564.7682226562742 -580.5699004987468
-1552.7614040068238 -592.6010649895574
-1537.873961223778 -603.3636377756662
-1511.8087302223826 -609.3721057148799
-1492.1432220597546 -617.8459394227119
-1458.6491865835526 -620.135106633337
-1423.413738855402 -621.0493764892494
-1394.682326246315 -624.2156749523099
-1377.8347769283107 -632.3190076906692
-1334.7173768106811 -627.8172696251788
-1329.6457527037498 -640.7949534109009
-1337.0020001496396 -659.9292777228959
-1251.2939096478435 -632.350813772082
-1207.9772614750177 -624.812720548579
-1179.9424144881589 -624.4684927935547
-1100.1381646423995 -595.5644538563839
-1041.9868436009654 -576.8400278781781
-1031.28580269067 -583.673361708979
-1032.667419542903 -597.3667220515404
-1013.2215413422108 -598.9249603749328
-957.0302876843589 -577.9420632336715
-939.628753672362 -579.5807150622971
-987.4343648461173 -621.9826164137908
-1182.5487170161337 -760.5356874489826
-1177.8407779512195 -773.2865586542068
-1163.0285155677216 -779.3360456031415
-1169.6692728655078 -799.8517313316726
-1176.8456000596077 -821.1330182256355
-1560.1035780257953 -1110.5412310360705
-1539.0551444336397 -1117.5478792393408
-1522.0320970233497 -1127.2330263218446
-1499.3779517391872 -1132.4781489452234
-1456.9547453101177 -1122.1425355623635
-1462.0503497229265 -1148.1680081220993
-1288.021750396333 -1031.2613492737748
-1200.7816262741835 -980.1140168380039
-1190.7281912778528 -990.7408210506786
-1201.9353505534534 -1019.3759920117536
-1397.2985959716502 -1207.8764976998498
-1378.3566081922888 -1214.3731142662245
-1366.8575726960682 -1227.3016646136402
-1353.0240417630073 -1238.0960957903453
-1384.45255716509 -1291.0228955983093
-1384.0227549381987 -1314.8239478398918
-1363.7386874009856 -1320.083630868074
-1342.0543297782742 -1323.6748754597509
-1321.833924733838 -1328.394171706101
-1300.2462262840284 -1331.4205763146906
-1280.7945045217862 -1336.325722713887
-1259.9953204202598 -1339.5270779342413
-1243.9973955038024 -1347.6002671340475
-1220.573890981816 -1347.3393695181292
-1205.9027560191362 -1356.4746746716105
-1214.8333492861927 -1392.5817510875588
-995.5905610420734 -1163.08229922217
-967.2841765226017 -1151.6845583096929
-935.4646868782202 -1135.2298532032328
-904.6689970300691 -1119.0598758835959
-884.2020587269536 -1114.950994144145
-866.9623982155086 -1114.5044639122868
-844.3501668393136 -1106.6782711151527
-837.5383110436674 -1119.3451556754605
-825.2387757789514 -1124.7248387720695
-808.8241949363036 -1124.2901857108068
-798.8306500515473 -1132.636566837846
-784.7709353397411 -1135.1363702419142
-772.9785779269016 -1140.783992728731
-768.3404754804627 -1157.1404036410001
-751.4659108854603 -1155.068389653654
-740.6101407894164 -1162.05878481249
-730.7484041534859 -1170.6437416341205
-722.3553864488473 -1181.7054183121681
-706.1159215644851 -1179.8412203822759
-705.1395529148137 -1203.6624156777084
-714.7200195877149 -1246.6532371114818
-690.2880345811677 -1230.619124389861
-694.1198709493829 -1265.0875877792857
-1034.4641988103474 -1928.0113644321875
-1014.0311062577402 -1933.191639631649
-978.53753870128 -1908.792625025684
-961.0573771689102 -1918.7716690083828
-963.2508503186334 -1969.012899744547
-956.396359659906 -2002.3154105258443
-935.6768314939096 -2006.5654404991424
-908.6452162604155 -1998.0963117345127
-885.102875336713 -1996.609350892328
-869.2059957210876 -2012.2984214580383
-879.0706460851223 -2089.622884443862
-893.6011573949658 -2182.1184595485133
-890.8998952394245 -2236.0559869248314
-839.2027026520276 -2166.1181463303274
-792.445843874968 -2104.763783545624
-765.1383006495677 -2092.4978807346715
-740.1439147088048 -2085.5589144206706
-719.5826763383803 -2090.6271240739447
-697.4099755799722 -2090.749943432151
-678.6816114374461 -2101.1081053331527
-676.5233247603669 -2164.7494522588936
-667.7175473503454 -2210.3470942276103
-649.4216369775365 -2226.210353364079
-629.5293413506478 -2237.1117111978606
-355.9054710543715 -1312.6047751221865
-339.8445556968258 -1302.3907547135102
-327.9030062707748 -1307.510465915508
-521.1092474600204 -2165.173007454982
-498.2029014006607 -2160.296940014489
-202.2815492712237 -916.9532020907247
-189.61720375372565 -900.2473638065363
-182.20927990442752 -907.8963477824492
-173.17333704519265 -907.6271235130824
-446.3632226508445 -2466.943224613155
-423.00006233224684 -2472.0709834604095
-384.13161161340224 -2381.2154259871763
-215.62308794578763 -1422.7535569959834
-201.21106802417611 -1418.803406432537
-187.02497558429914 -1415.699706331711
-172.91638016478103 -1412.4549286510735
-158.4384786211212 -1405.0954588540326
-142.57804449178153 -1382.668254220404
-127.7182516208738 -1366.042476719852
-114.44240496832764 -1364.208171777704
-101.58361932263871 -1367.231424553032
-88.61300180665782 -1369.135397216365
-76.3019865666352 -1376.8874343409432
-63.40240732154139 -1383.548024011394
-50.23747872716951 -1386.0898945346717
-37.08303449023221 -1390.5056089613577
-23.848699441951137 -1394.7961283051109
-10.565791973245371 -1402.9602147031746
2.8589186654310965 -1404.9970913080442
16.36803125224812 -1410.9050597233413
29.96926087407181 -1415.6828187848653
43.75556447391987 -1423.3275977713524
57.690841663207095 -1430.8374354860132
71.62423666311302 -1435.2139104406792
85.5278263121938 -1437.457822312123
99.82558380906656 -1444.5548978204945
114.26689246183015 -1451.5092411993512
128.4982728724264 -1454.3342785854989
143.1842710500984 -1461.000432759639
158.1165398222193 -1468.5122266548033
172.855857149716 -1472.8916635818932
187.69336248562797 -1477.122947380765
203.30524912235916 -1486.1584625063695
218.2369862869543 -1489.092884213872
233.7067966070498 -1494.841173242051
249.96207305604722 -1504.3749406426323
265.5542553523055 -1508.809112334719
282.1677856721538 -1517.9978065626028
298.2126158359708 -1523.0801803438542
314.58188227913763 -1528.9732631219276
331.72366979568835 -1537.6242736433635
348.8392882861766 -1545.1107244945242
366.58735856575237 -1554.35604304155
385.26049114446965 -1566.3152153902872
404.443736148486 -1579.0266825770404
423.64765314251173 -1590.5466563376385
444.7082620127649 -1607.6251309610664
467.2371062166924 -1628.2891286790104
512.1463721965044 -1722.4735392585742
540.0715432989317 -1754.7702778764833
542.5778457872251 -1704.7375989462116
539.1794976809017 -1639.6223556906543
488.8378141311233 -1441.361020520364
495.6880157045104 -1416.7901718627656
503.4700195917585 -1395.9849352239708
508.11334028607143 -1367.6629092811324
514.7616140704903 -1345.9203099290626
523.2374759359446 -1329.76070921658
532.2014842437335 -1315.417264661205
541.7068800247381 -1302.871695960068
551.806525115921 -1292.1047011908488
561.7498125151499 -1281.264277243065
572.3568503693535 -1272.1763383412197
583.2604825243478 -1263.9110765894352
594.9137756517708 -1257.361761602346
606.0588272767546 -1249.80546401427
618.4485632330488 -1244.837890905871
629.8917306011876 -1237.965026856672
642.1840223695954 -1232.76099930733
654.4343724050387 -1227.4349889973087
667.1204800862668 -1222.8651867844915
679.7790040567553 -1218.1648105423199
695.8780829195265 -1219.4136680028828
713.5748743643934 -1223.0563759188865
740.1119627972992 -1241.0718281084014
762.895195553141 -1251.8573882842786
784.8948908007211 -1260.6208828965687
813.0348000289159 -1278.358093001308
817.072905105992 -1257.9315830925204
807.5296436618123 -1217.545430202679
846.068898689785 -1249.4992671745968
852.3138783429479 -1233.1107220294546
873.3105407055481 -1237.9635291447737
960.4971206910895 -1334.2343426640339
996.3221385620973 -1356.403773295787
1027.2607640427361 -1370.8042612489699
1056.743102102557 -1382.3509019632695
1055.7941167013346 -1354.026507546602
1108.552366815331 -1393.9414083913744
1125.6342913152757 -1387.9180243138126
1131.2305645117845 -1367.8239689062148
1133.3225250614837 -1343.928589690785
1137.2621787941869 -1323.5028283627878
1141.8169832039273 -1303.6652088888015
1146.7650076229968 -1284.6065612830366
1150.1094417607903 -1264.0922719377268
1153.8492116272528 -1244.3636915416519
1158.0063209797645 -1225.404978189215
1161.908769810984 -1206.4795939576957
1166.2580218243374 -1188.3043492853096
1169.6609267649787 -1169.4482957357675
1172.8122412475807 -1150.6348016550805
1176.433493064828 -1132.5604780298875
1177.6376588795956 -1112.4610305033543
1181.501368653192 -1095.1600412134449
1184.404011875311 -1077.2131342745818
1190.058054217532 -1061.9730823292941
1193.2730651976813 -1044.7465682517127
1195.5107604251052 -1026.9031218706984
1202.1066013553555 -1012.9776497918779
1204.6924864177117 -995.8338280901645
1207.8390290237974 -979.3619759653989
1213.1303497841593 -964.7874141138883
1215.8888604704894 -948.3555656945211
1217.6513808638022 -931.3506937134239
1221.6016946798406 -916.1977404225253
1225.3747612691195 -901.0536579164688
1227.3487003388868 -884.7509071916487
1229.1244937275453 -868.4917840250451
1234.813711620609 -855.1251941053634
1236.2229822597676 -838.921175160555
1237.4368292130853 -822.7673387459332
1241.808039635962 -808.8490543330622
1245.1839367743694 -794.3840151961036
1246.7015075993156 -778.8679932758781
1247.1844614575987 -762.8728066320882
1251.766831836442 -749.5070371345137
1257.0709669858472 -736.6285250798171
1258.7735474952608 -721.7272033990382
1260.3071978210148 -706.8597931135577
1263.4262547604053 -692.9899701886714
1268.158577358603 -680.0697189787267
1271.7527581555516 -666.88898785611
1271.7707049713156 -651.644284849306
1275.1916079596044 -638.2494520086941
1278.4731529785515 -624.8482992799782
1279.8104351098307 -610.5810758482335
1285.5255097911408 -598.454813395487
1288.3941130931917 -585.0347078138254
1293.8672958290654 -572.8284392241555
1295.5521188703756 -558.986321201584
1298.013074566687 -545.5511509051523
1300.3360424884947 -532.1195134604251
1301.5922651946917 -518.3228484114429
1301.771676497005 -504.18895492679803
1305.5440939283446 -491.5074961878176
1308.2540037260587 -478.4563321085194
1310.8340000556575 -465.3979203843573
1315.1751666069854 -452.9848575176529
1317.50173872823 -439.89790684668
1318.7471062094805 -426.49978882072264
1320.811499729726 -413.41623357303274
1321.789425223906 -400.0421419878865
1324.552425987767 -387.2478157587477
1326.2293087089915 -374.1654991060379
1328.742346473751 -361.3485529062347
1331.131666340835 -348.5175560350896
1332.4274840301384 -335.4295750244983
1334.5669924969427 -322.5832335036423
1335.6085961662832 -309.5006911894222
1338.4748459212608 -296.8603827324513
1341.2214695786217 -284.1935423991227
1341.887830380206 -271.10523911850885
1346.354867396807 -258.78479676543174
1347.757418221705 -245.86569835657107
1349.0361201125197 -232.94322619848646
1354.138961783122 -220.6618956252498
1355.1760677261 -207.69888170720898
1360.0485750248959 -195.30456618510019
1362.8252994201932 -182.57109097625747
1369.4521584561019 -170.29617053804714
1371.0008944376823 -157.34213501498965
1374.3898133916541 -144.83314829573473
1376.6792026643113 -132.073362005954
1378.8500519401503 -119.28341990672854
1382.8960797067748 -106.61816323513462
1385.8278341464654 -93.82011567311717
1388.6409892603474 -80.97655800318825
1389.3373408508944 -67.99083259797679
1390.9114785177958 -55.038703904064455
1392.364785954269 -42.06308160991636
1393.6969614398627 -29.06509372587648
1398.9074491720958 -16.09188151897165
1404.9967415342019 -3.025934281382678
1408.9635266674468 10.13807283615013
1411.8067631947415 23.359439153941743
1412.526346338881 36.58306846796079
1415.1207447841703 49.89266159963208
1414.5924633826698 63.12022291587958
1419.9318161594451 76.66575153313245
1423.145018729939 90.19010846074796
1427.2264672014123 103.85379781103717
1431.1763872625427 117.60165195326302
1432.00606700005 131.15877429683587
1431.712239094168 144.64115744823218
1433.279300882786 158.34912586103073
1439.679341906599 172.69450624551524
1443.952284914832 186.91655595274528
1445.11317452645 200.82059857018228
1446.1400364394751 214.76264807185044
1449.9954678237675 229.2098237217018
1454.6928815839567 243.9131408287888
1457.2722207846389 258.3750656108414
1458.7249010867308 272.7226850658138
1461.0175473029526 287.31294170793007
1468.0612593511771 302.9804264176747
1469.0742986315454 317.53693501738223
1469.9431357934495 332.1387925758151
1473.5869334325605 347.47309193205564
1479.9852535769403 363.6201991017552
1481.3653774960042 378.67877991263373
1486.458824949493 394.82168345947343
1491.410768477738 410.9780038744687
1492.2097389753887 426.63109932001225
1492.8452159077533 442.3371579930102
1498.0964001353916 459.56085114093463
1498.3878079736749 475.4134799475566
1499.4627446941654 491.62534238405556
1502.2584326144688 508.5426251935227
1505.8109560308653 525.8881674818432
1508.2273162903869 543.0095417168077
1511.3906922209749 560.5730777229697
1514.3551572337894 578.2468830520619
1520.8418817825197 597.4913979432713
1522.4616945666821 615.0401520040351
1526.6548314155616 633.824917240971
1529.7069447392873 652.353940140163
1533.4593044078817 671.4004481119265
1537.898301373168 690.9882883475848
1540.2852894341677 709.8853619794553
1545.162864445396 730.1730769748351
1550.6919343219122 751.054941285234
1552.3783818207905 770.3313310877757
1557.402823379759 791.5209698604046
1560.3883397438267 811.9539575564023
1563.1242453896054 832.5164223456358
1567.3644878272466 854.1624917414913
1571.3322353096544 875.9657563379774
1579.368567491317 900.3993158707001
1587.943278624621 925.5701723105005
1591.883525849422 948.4280890659095
1597.2385461655238 972.4860033147232
1603.975494360285 997.7893632885047
1605.3085433324568 1020.0923883177571
1611.3933601573724 1045.7783889719335
1616.2981926867878 1071.1214461103016
1620.0355952603034 1096.0933674142887
1623.4414584992155 1121.2345119670285
1627.3302329577305 1147.116956941069
1632.4941734432168 1174.3439758750196
1636.478006243647 1201.1826401845885
1643.2976320983335 1230.6022478201517
1649.303529751163 1259.1357618423656
1656.0155501027737 1288.1057789707365
1667.823522188315 1321.6462078920224
913.4996901638975 737.4241086854046
899.8487575534007 739.930546422839
883.1611316372573 739.6826451696694
868.8346452125302 741.1412546056365
843.2309050212755 732.5644277584059
815.6077341749858 721.5989356657517
786.76735828562 708.856913584305
771.4890193645831 707.8232074465162
769.4472384141111 718.8601722844979
750.6046443835346 714.0648904895602
728.3211723537971 705.5099360754537
737.5806463172463 727.50999318101
701.343833663928 704.3811659759115
694.2525500236546 709.973518369279
685.7322035801544 714.0527606368494
678.5672140816996 719.4911646249736
677.4756131038693 731.4614095422509
853.8572804765615 938.7698038268862
853.3351793095579 955.3952437356619
834.7783906097229 951.7883370639929
807.2213357054438 937.3167635233667
750.9393151817881 888.0648314815237
715.4187504899943 861.7285021672054
701.2866351310549 860.4051693165044
689.1116208413921 861.2399050330573
676.9791190037314 861.9253288034479
666.1119331473329 864.0462328595171
655.2619290341073 866.0414564895266
646.2189163504866 870.3201205021074
633.6189824465822 869.6568202937052
622.8287795369968 871.277975952827
612.6354034607776 873.5942206919927
603.0179444542603 876.6215595490214
592.8366475035264 878.7176505435518
582.6668774701187 880.7016009405352
573.0540379832493 883.4127402019358
562.3666832652182 884.3346162812343
552.5567349175236 886.9645171579783
541.5868081691157 887.8534390411457
528.5984477472567 885.1805923308478
514.194852961548 879.7526090827195
440.8612659170993 770.8341872374192
495.1154655381374 884.9048964634297
488.2113837699917 892.153935572438
478.8557220712991 894.9425665592037
469.9543399273937 898.5204051013019
460.5729452753205 901.1196158559732
451.18430945310604 903.6220000106925
441.3511392826623 905.1288150610917
430.2402197438726 903.8220805638376
420.87834431513664 906.014580062898
410.27510416594095 905.3785611011708
349.2003528807564 790.2879940553033
287.1669673698144 666.7916712524415
272.37162450529553 649.1761688204107
259.44658289398734 635.0460381930064
249.39837023175065 627.2363612911377
241.323979373769 623.9581211741769
232.98156606167836 619.647956403834
225.0849057510682 616.1759368906195
217.942878789588 614.4956481415527
210.52709512898582 611.7902763337703
202.86513740960484 608.0515899360696
195.59983913024797 605.1749358096558
188.40672926572847 602.2158287253752
182.44509367426275 603.0039699655298
176.20474323035288 602.7734968154501
170.5279979237814 604.4040055493567
163.7862571945334 602.1213016944395
157.8628035211248 602.6676822797542
151.2107354198396 600.2468771212319
145.3237061722044 600.6704757388819
139.44210488994472 601.0365208403409
133.56649260132997 601.3451521831525
127.69742818419749 601.596514979219
122.23232651602721 603.7509903548643
116.54877507734338 604.8738571206155
110.7553279000795 604.9448382635774
105.21915492896653 606.9472212936098
99.65505909386404 608.8988989947334
93.91129890204485 609.8111740026832
89.01649671913133 616.6077061729385
83.33409601495794 618.410404538418
77.8740106363911 622.1451908255847
71.77667633890954 620.8648071309401
65.81589266909107 620.5193536644692
60.34848942820949 625.0936408441005
54.80066733159316 629.6196366537595
49.17285431883142 634.0962311811504
43.397577279393126 637.5246271998276
37.62052835552603 641.8985089920766
32.20672057798422 655.2089187042645
26.426240063475984 665.4755095689904
20.243232380648212 668.6936604625342
14.02273366054002 672.8538942004316
7.759833938805406 679.9557228064502
1.3543634213418938 681.9986552037496
-5.0889303814672076 683.9810690271863
-11.569474033966538 685.9024327632739
-17.955243491834754 682.7639483973571
-21.71175393028932 607.61221164594
-23.91798870399974 529.4600360899351
-28.58023334344061 523.2200017793992
-32.48748066452544 506.9601203251318
-36.38425619256851 494.6637099093823
-41.29347727476561 497.288496483237
-45.7025368607561 493.88994535674766
-50.55884085133186 495.42689027925167
-55.55905739063463 497.90982229904256
-59.528212263014275 491.40756195318113
-62.7317349244804 479.91741938938276
-24.45546662870096 174.2926566209044
-23.87302556475826 159.220220607762
-23.00881666121914 144.17556781872025
-23.198489185146553 137.05046552101396
-24.313081290058673 135.8413562880723
-25.22150438317638 133.6408459889768
-26.654083996361464 134.38214095003437
-24.246810306828365 116.50361449304773
-29.172246212022724 133.8580593425182
-110.8272684518083 486.5370659749479
-120.24573232047626 505.90608205348985
-123.30697499547264 497.96022925276463
-35.92310006957736 139.44723332282763
-33.35236794677475 124.61388186050121
-28.633437467285063 103.09765399274164
-29.323349079944126 101.86334570754948
-29.992634700320348 100.6252546020786
-35.35532872924285 114.67345259669814
-42.501952533013466 133.39259361329425
-176.88420208606027 537.6504245812308
-189.95898418591534 559.6396915221928
-208.7461994038596 596.5308242114938
-226.54587468248593 628.4114628683561
-705.30793985478 1900.3341048294128
-711.7001279544672 1863.7349403468281
-712.3513996470155 1814.154481685873
-727.853154574431 1803.678126877423
-725.6074370607181 1750.5767184794204
-687.5816345549553 1615.786958674545
-697.5168524363809 1597.3475641097161
-712.0721326280159 1589.8167435068074
-727.3821606410902 1583.9710200572165
-742.2193222945625 1577.0730730098082
