-739.2323765914036 1572.9524765227413
-753.3511956317856 1565.1296994307402
-767.6716303829922 1557.0408690542195
-784.6104956069828 1554.1773934089265
-800.6454576144325 1549.3556245101947
-817.1267174724678 1545.2533538525875
-839.3114057597431 1551.5322633324788
-898.9623936626142 1624.9048017592856
-899.5132928001788 1590.221631118059
-904.4955960189094 1564.332674587601
-990.4637345569382 1676.2429986513062
-986.1098811426637 1633.4170631877219
-1023.0285592703561 1658.919397353958
-1034.9353550901437 1643.2506840967503
-1033.1152115709053 1606.4784342221353
-1042.219173258852 1587.4445486037096
-1028.2312850969383 1534.3237677712937
-1030.27071075939 1506.3755383540126
-694.7841950529863 995.5254503550243
-694.3039475493913 975.0646278156809
-694.0875273180319 955.5121686412687
-692.9689795249623 935.2486265245902
-696.9563692464574 922.2731804442737
-700.7607914757713 909.306501203115
-707.4721718480062 900.2822479981849
-714.0757227032451 891.2125797170045
-719.3059173095608 880.5498267125214
-724.3986096034428 869.8681822003831
-731.9425694040825 862.2186933105486
-741.3697244089507 856.7729756066053
-751.420676985119 851.9759187906814
-762.7840567512899 848.5525810260935
-774.1495693490701 844.9902036572076
-785.5155983666406 841.2884432361463
-800.3272361727902 841.0691499752103
-813.1158345533104 838.4906914204079
-828.7384401246413 838.5902443146929
-846.5637366073021 840.5824408477032
-869.513550560271 847.19666276023
-1096.4934221880578 1048.3277994493524
-1139.9030364355358 1069.3877068327677
-1136.5282186263373 1046.5794801476113
-1130.8183338345345 1021.6779805122977
-1138.2097500476264 1008.9199992549062
-1134.8968993867527 986.927063040798
-1129.748924272044 963.790624620389
-1025.3363038047344 858.0527163875454
-949.1751204207694 779.13451391542
-861.4911116472559 693.5914247976074
-860.9652822521354 679.8145208485184
-864.2096667345235 669.1716161961773
-869.7192533219586 660.3426537799105
-897.5992148190363 668.1890821887541
-1021.8288245670421 745.7149946755376
-1094.7326919927068 783.1196160756041
-1479.5769463532881 1037.3529099683863
-1485.2252528518286 1020.4459555955043
-1489.8567957531072 1002.9669626404869
-1489.2820575398541 982.1888581580724
-1442.249130413129 931.6686352038333
-1494.962732172081 945.752308702753
-1497.0619022232704 927.3223069201146
-1345.8881553858478 816.1256479195348
-1267.5706160837158 752.290325101386
-1255.622046639884 729.189465085631
-1251.1763638607983 710.8295903492422
-1254.363506169321 696.9915310752402
-1259.158406685573 684.1119110738018
-1262.0556489371197 670.2660210587326
-1269.2417561045627 658.7301151158993
-1277.2143976450975 647.5703687230223
-1290.4663057517873 638.980996367916
-1303.6695130892672 630.1982232929518
-1314.108309337996 619.9422161208528
-1321.7441704912667 608.2905126437145
-1330.1893952414387 596.9591047862623
-1337.6221432932737 585.1213564479668
-1343.1099562097825 572.4121290907071
-1347.5534030271187 559.2681163717734
-1354.650051836192 547.2149824887858
-1366.2927023412421 536.9061850352125
-1384.2890827157976 529.2142623492452
-1407.0153258555642 522.7895109961182
-1451.3758375623224 523.7911588985318
-1576.096636022569 552.1045135826561
-1579.3256776332753 536.6138313239755
-1584.3025658411127 521.7368875872843
-1589.1393195496275 506.81379525556196
-1592.8799740619256 491.55100267670997
-1596.4741889813224 476.2627047296788
-1600.882729675825 461.22715209068053
-1605.1496693247736 446.1508030549418
-1606.376777033138 430.25881770002997
-1611.320564997984 415.3817964410306
-1614.185230951615 399.9687990052241
-1616.9025953336604 384.53868102347354
-1619.4725896954544 369.0928490571153
-1620.9181137319135 353.41967768614046
-1624.1702616537195 338.15966814463263
-1627.2787487045919 322.86974775351376
-1630.2432999330879 307.5512689345899
-1632.0792868424103 292.0294530693264
-1635.7395587973242 276.83405821093527
-1636.2957702965246 261.12286784137325
-501.39430168284923 75.18480059139581
-529.8074647550552 74.35758394287016
-522.550888978866 68.3342405196458
-516.2213141458318 62.57439429631274
-512.811697750452 57.27270423420731
-511.3380133201899 52.244005720860486
-508.8195434487294 47.155828957050595
-511.2336442809662 42.534232744960676
-513.605644653818 37.871384708458365
-513.9391020322226 33.03936140897239
-515.2255997685421 28.259181572473825
-514.4696147157014 23.36697529159155
-524.6601497580021 18.887224674651392
-524.8145763806959 13.952075772105811
-530.921697406004 9.118729271534253
-1687.9490629307545 13.113388242106865
-1686.997741696654 -2.760346063393203
-1689.899453450253 -18.43467462516761
-1692.6526441042724 -34.293241415981434
-1697.2558795366442 -50.264096314291876
-1701.7080026552353 -66.32400545149162
-1706.0077508274312 -82.47153519081189
-1706.1605209994964 -98.47475099093434
-1709.1563592020407 -114.68888263134014
-1712.994891666011 -131.04389007562168
-1718.6692325844747 -147.6518505386671
-1721.1956953102372 -164.0925910743978
-1722.5700671934198 -180.48923405360463
-1726.7686496137474 -197.26639529102656
-1728.818707833633 -213.89220519796268
-1732.690963226495 -230.8376614706552
-1735.4069974678225 -247.7328261246715
-1737.9581405963095 -264.6988884279996
-1740.3433049751761 -281.73423794079577
-1745.5182536914526 -299.3443268711499
-1751.4993445634334 -317.2539140717782
-1754.3505193287672 -334.7390854544544
-1757.0273326299223 -352.30519779217025
-1760.5071243822947 -370.1562710520829
-1764.7827495374022 -388.3179714296087
-1768.8719832439247 -406.5918185289826
-1772.7731037537765 -424.97590826681255
-1779.3950876767321 -444.19491436971003
-1780.004215310832 -462.0670876351934
-1785.261917481133 -481.2908538416127
-1790.314913116873 -500.6530853508477
-1796.1215677558503 -520.4299317317041
-1799.7982981469809 -539.7842957953035
-1803.2693792577732 -559.2526672545112
-1806.5330029157162 -578.8328855346116
-1809.5873834373958 -598.5227662371744
-1809.5914408014826 -617.3514536939347
-1816.9481447027376 -638.8860927123706
-1822.1787362320008 -659.9307942685718
-1785.0081146821008 -665.4104226107767
-1557.4210474176793 -597.2132626293713
-1553.6303680871724 -612.4807583567969
-1547.8847069076485 -626.8595808643461
-1551.1718784608563 -645.1866423541477
-1529.4194162609674 -653.0277552784123
-1501.246001752682 -657.709238358095
-1485.8912928095042 -667.6586447825719
-1462.308403020169 -673.6127481399108
-1417.947050622572 -669.3654918135153
-1383.7001285318015 -669.1359759429138
-1351.3769168005917 -669.2117966223597
-1354.8537502583592 -686.8277188719599
-1317.2858692410632 -683.3841808952099
-1294.920558324341 -687.2675953578612
-1224.2619481034114 -664.5537468301869
-1201.3639821919905 -666.7837597690893
-1175.9240024445724 -667.1632037775596
-1109.9244778306688 -643.5500396335292
-1034.1521150762921 -612.6445975304373
-1016.3844032944244 -615.0664555475586
-1019.0788586347181 -629.8271825538814
-1013.973968677541 -639.8888894521587
-946.56243687888 -609.832397540436
-932.4472769355266 -613.1868196035538
-930.8082331288889 -624.6895494079247
-1167.4819333711898 -799.5066824310283
-1156.6548185896904 -808.1278553751567
-1149.026305445804 -818.9380620007632
-1151.0030424518786 -836.732332509339
-1155.959478827433 -857.0173179749693
-1535.5487805788136 -1160.911255205547
-1511.1316650914803 -1164.8798610834722
-1493.0662283043189 -1173.4369339240673
-1473.4129872995495 -1180.5075894957292
-1435.1708908181438 -1172.1320378473815
-1444.0991472682597 -1202.172472176553
-1264.2476021978568 -1072.6798219119112
-1176.9795204185473 -1017.7697227346305
-1169.6350824142935 -1030.7447666545338
-1192.655198497049 -1071.066093898021
-1368.4641431164541 -1252.3301836993903
-1353.0043479954657 -1261.696966115622
-1340.5228255006439 -1273.4989416217707
-1328.4865614969467 -1286.0499430123307
-1367.5907465367777 -1349.050239978845
-1354.8427420441596 -1361.8524679018144
-1332.194759381893 -1364.516809378111
-1310.3091861615703 -1367.5985656107582
-1287.1142778310673 -1368.9331012885218
-1269.4360158278253 -1375.8329119915604
-1247.7151861430507 -1378.0739509431314
-1229.3861293850566 -1383.7668679642638
-1208.432368660133 -1386.2222802907406
-1194.0418171197293 -1396.0061385858642
-1180.8598780651712 -1407.1741002363244
-1178.3784703453211 -1431.3420907059992
-989.5696941722 -1225.3068270339224
-939.5030539239082 -1185.9607968510807
-907.4469529440116 -1167.895983207678
-876.4216899034271 -1150.1308714519496
-855.3901113374908 -1144.7046594759868
-843.4045181451339 -1151.0854958570083
-824.957040589013 -1148.408412187327
-810.6654865189348 -1151.2104364394108
-800.3707942359017 -1159.6066538849248
-777.1034685211483 -1148.8599563099067
-768.474171217966 -1159.4517877733686
-760.8033829572286 -1171.6600242736101
-751.360588661668 -1181.2947412927867
-749.2058970356318 -1202.7383438832549
-721.7189298805326 -1183.2657293491175
-717.2233482013635 -1201.1626321172441
-705.3903862233781 -1206.9914676681165
-694.00769974132 -1213.5721291706404
-685.0048416803078 -1224.4089867664875
-678.7393997395068 -1240.4470271806265
-1038.304238079721 -1940.7022721648184
-666.4103858844344 -1274.26103981302
-997.9778245494408 -1952.7645177305853
-982.6951234150501 -1968.3267753135603
-951.8691088534041 -1952.313806643447
-926.5895681164385 -1946.7325887901995
-920.2984708210233 -1980.6329101084043
-919.9949538271261 -2030.2833016435475
-900.2419842967313 -2038.0256057541287
-875.6809031363396 -2034.5535028311062
-848.1750303847315 -2023.421636197424
-831.9170240426614 -2038.8030962081652
-841.2714129834116 -2119.118309509144
-845.2095358792097 -2189.5273098225675
-850.3410742192051 -2266.7512120865244
-820.8733186868061 -2253.124717956844
-762.406205807694 -2156.178512402421
-730.513744186254 -2130.223854329629
-703.6001388982121 -2117.1461556875133
-680.984290405488 -2116.1260350510634
-660.5325818739547 -2121.5514861258794
-640.0392971193713 -2126.77941924943
-628.4361635642945 -2162.538320660374
-627.2764284546629 -2237.7444631380863
-607.2715849857102 -2248.435505427928
-588.1262193639337 -2262.8193807939438
-335.8773442905045 -1344.686732883298
-317.7133708644165 -1325.4535880120322
-305.54206764192287 -1330.3642527146835
-480.1894368199986 -2185.8778796553324
-458.35444078317437 -2185.451945620023
-189.87314264828973 -950.2153385948168
-176.5362220043419 -929.3820324927923
-166.09476839968914 -922.161335076598
-156.81412833648258 -920.7417277141669
-149.47771008255364 -931.0775554101152
-375.77319863154287 -2491.825536266578
-345.21417773350174 -2446.7668813133346
-189.8231241946194 -1444.5816631540754
-174.38516870702645 -1432.4241037259258
-160.42120135240268 -1431.036351095475
-146.7033252088661 -1431.50240459898
-132.71365192844345 -1428.8499174482308
-117.04451171608619 -1405.1336528163943
-102.27980680509542 -1387.2346020482305
-88.95496279197195 -1386.1486264447542
-76.09886767389403 -1386.91382657278
-62.99692076109121 -1389.5727357625512
-49.85127705128512 -1392.1077006382645
-36.68939251602224 -1395.517785080794
-23.56779707341318 -1404.802320236234
-10.229329507762422 -1407.962840709165
3.1648750377446575 -1409.9964480685742
16.62034018404715 -1413.9023178042273
30.25668733627884 -1422.678295635185
44.061433447072254 -1431.3219728917002
57.79165016250452 -1433.8358083028527
71.62342519208883 -1437.2164363671025
85.58397459849238 -1441.4615441599283
99.83799045552666 -1448.5635559621821
114.07828591255262 -1453.5302352146837
128.2465908007142 -1456.3642442562211
142.96502668218295 -1464.0362021294975
157.8408970105642 -1471.5591225740475
172.40829112968729 -1474.957755717004
187.30562685365936 -1480.1961363782023
202.58804288344822 -1487.2656403214103
217.44420434263242 -1490.2194529658373
232.9899562427683 -1496.9771809516646
248.84695346761163 -1504.5598006559553
264.17887745188716 -1508.0353181236376
280.50887632464463 -1516.2713379547492
296.827973861886 -1523.3506339425103
312.5045874776517 -1526.337080334951
329.31417600871106 -1534.051229092335
345.64100638271736 -1538.6556777611886
363.22725755344436 -1547.955412591139
380.7836804643213 -1556.0873332470917
399.2681149800585 -1566.9313872535297
417.9928976054947 -1577.5632911396494
436.6903485776245 -1587.0152927615893
456.97734018126175 -1601.0611201827553
477.57049478543803 -1614.8629732922827
500.2231872339681 -1634.1535310225568
550.7472168043806 -1739.9145103085464
570.6874661560961 -1745.05352811091
576.2951163208377 -1708.4182564304188
556.1831403122818 -1597.9750668994711
517.1187455521404 -1441.0236649682686
524.6874001085046 -1419.1096265501753
530.4604204788685 -1393.4463542976391
534.330836802958 -1364.0804803388437
541.7973502993085 -1344.9742120980045
550.476934625112 -1329.5473456954214
560.8676026809792 -1318.679844489515
568.6992942850397 -1302.237348826894
578.3123627355881 -1290.3297296068092
590.2558684163233 -1283.8095691340254
601.7010870044396 -1276.2745793510408
610.8806087916932 -1264.1364174021292
621.6577025824981 -1255.524870649662
632.7781818335186 -1247.7150205858172
644.2669355928186 -1240.6950131687638
657.0873090402323 -1236.218535817299
668.4476149178274 -1228.974688962579
682.6467342229588 -1226.8697715139651
696.3722428728438 -1223.7359598198645
710.1003180058359 -1220.4513666541616
727.4075788206013 -1223.0319759819654
751.062205335938 -1235.6462130059385
775.552572306733 -1248.7666745987458
797.1486184296339 -1256.462526355532
822.2258305928169 -1268.892699760682
848.1658206207959 -1281.7892731376137
823.4849688640882 -1218.898480618838
859.5620525458875 -1246.3342560577805
876.6685231948663 -1245.38399718293
885.0838455803438 -1232.037169200958
942.9859791494652 -1286.391248076387
1006.2016090525449 -1345.3469150892158
1040.9085657581645 -1364.2453436722008
1069.9271781994448 -1374.7071809480642
1078.723631341881 -1358.8893726807146
1091.7200183285713 -1348.4703932903622
1147.9090768168346 -1390.3646109425838
1150.2557721036078 -1366.275103609201
1157.014384493533 -1348.720398776207
1158.4301878609215 -1325.005471631159
1164.1604298466452 -1306.6103067017627
1166.9591870415254 -1285.2634966338157
1170.818916292706 -1265.4481677457889
1173.0382620349126 -1244.2191269234336
1177.0414893925001 -1225.2241967283721
1182.191236355084 -1207.693620371176
1184.9975890486924 -1188.050804447683
1187.5401403655999 -1168.462414894228
1191.2588843266142 -1150.3209423951694
1192.5648240479825 -1130.1496097612053
1197.2592698873602 -1113.460929116413
1198.7915317201882 -1094.0876854603407
1202.3011730734295 -1076.7859068664743
1204.0899589918297 -1058.1948642169145
1209.4229815849278 -1042.9309908206887
1214.575967318772 -1027.6605566098513
1216.471539042526 -1009.8306762519685
1221.2416830697834 -994.5821994852325
1225.0518959461274 -978.7092787129375
1225.5238100029212 -960.3855429544553
1230.5176248260343 -945.7961593242464
1232.950268969771 -929.3920777838432
1235.1839668559915 -913.0260500237096
1239.6487470036755 -898.4608973417917
1243.9492980554332 -883.8926087864944
1244.8036793904298 -867.0367926311131
1244.6260105363558 -849.6794065389339
1248.3886814974755 -835.1824351056447
1251.1529116913553 -820.1416899330529
1252.0623556944395 -804.0421988010897
1256.166310208243 -790.127965014407
1260.1196797420791 -776.207699476577
1263.0663980239167 -761.7665483485666
1262.4089315982208 -745.3050982121609
1265.8837160039639 -731.4249227063538
1270.0799865873169 -718.0374834716927
1272.3865199688362 -703.6679215379894
1273.6559999963936 -688.8427931489059
1276.4522740224922 -675.1337587047539
1279.2104905339545 -661.2265276800978
1282.7128659592893 -647.7782826727881
1287.8692841597249 -635.2076093041691
1290.1998317039377 -621.2957381723544
1290.5727785204383 -606.5458790083696
1292.600749280125 -592.6780770034095
1295.3951470915765 -579.2343333156218
1299.8845852645418 -566.5898560613581
1305.171254330753 -554.3031633219217
1305.7214037701435 -540.0561227655196
1308.9022439797268 -526.9686097907879
1310.090281941731 -513.1397988480682
1308.330662655694 -498.26787690449464
1306.4076293955457 -483.47503126543234
1310.9100069437025 -471.1305060117226
1314.3515233226417 -458.41473922579223
1317.669877555276 -445.67599641832163
1321.8152052306484 -433.22691885553337
1322.9834451492848 -419.83187570851464
1325.928786469935 -407.04035820832974
1327.791917368991 -393.9462198950236
1331.4488407038432 -381.4039650926457
1333.0595139132377 -368.29517016301264
1334.5415253399804 -355.1899733146175
1335.8950866187306 -342.08963379198485
1338.0914604726593 -329.2343290274358
1340.1642652541088 -316.36804853827226
1341.1381163522965 -303.27141782075927
1341.98431268282 -290.1846041974301
1344.6618472909713 -277.51309237589624
1347.2197355820365 -264.8168877890304
1348.6747508687836 -251.91350969931017
1350.0062988730044 -239.006261430977
1354.1732999263918 -226.5914247416848
1356.2504337301968 -213.8077664787992
1359.1961157819924 -201.15148232897738
1363.0141827885845 -188.5956985648578
1364.7325191046039 -175.73033687557225
1367.3223952050096 -162.96768873257048
1368.774645308381 -150.28296763411308
1373.1086634438618 -137.74105551872117
1377.3275644260218 -125.13105239021436
1380.433749073554 -112.3728811534691
1383.4216001431857 -99.56744577053082
1386.290504250871 -86.71584528715526
1389.039858234416 -73.81918609760916
1389.6709801214479 -60.791175414647945
1391.1793234913803 -47.79215301768257
1391.5663007293088 -34.74522520501204
1393.8306794399934 -21.726413690406982
1395.9730880273996 -8.668189156103551
1400.9929713850217 4.43780686462673
1405.8893732687268 17.63718033209061
1406.661944992466 30.841084773597927
1412.3079739513387 44.21749329693549
1414.8287837760693 57.58048800356594
1413.2279142388868 70.79450837463035
1415.49666113791 84.22115118797942
1415.6423391797716 97.55904633412928
1421.6439268523452 111.37569413405954
1426.5140921701643 125.22597510074232
1429.25837865924 138.98376535538404
1429.8810271453076 152.59176979732518
1429.3806558532056 166.10821976247925
1431.7290068694494 180.00291911138592
1436.9150411207268 194.35834070350558
1442.9468116879084 208.97009029930575
1441.9121898203919 222.6437442358577
1441.734737452862 236.47821637886037
1447.335962570243 251.35554788161735
1453.7678622879441 266.53893257597656
1455.1321466701609 280.9171332031736
1454.394167171008 294.9467858766232
1459.3897126595612 310.23485713801284
1463.2495927163652 325.42530543181647
1464.0300993264093 340.0365690132522
1465.6368153769215 354.9263661828962
1470.971225687902 370.85395130459585
1475.1677140062247 386.65904302582805
1475.3789509956523 401.3700922577176
1479.1886287292934 417.5763410898089
1482.822742637536 433.8913618832432
1485.3225306498582 450.02331044502654
1485.7404703079249 465.6439142619458
1488.849192576511 482.23757813371515
1490.8275560501613 498.61528067389094
1491.6831081246623 514.7480013905318
1495.1925328962534 531.9476379976571
1496.631049861925 548.5722382596407
1500.6947194965296 566.3314920390993
1504.5550220874013 584.2175840485972
1506.3525120091542 601.4865830288411
1509.8071201819507 619.6018559106197
1513.9739405875546 638.2255927348825
1517.004324249824 656.5872982378919
1520.735358492374 675.4701839689676
1523.3334121537628 694.0686676518212
1527.5263354977676 713.6240567418964
1531.4839647181593 733.3218023563378
1533.4084128441261 752.2782991811329
1537.7905194677621 772.6844881548161
1541.0327445117277 792.7843845224576
1544.915464898372 813.4815340976385
1548.5426918665835 834.3239966982821
1554.5394055903719 856.7568129094358
1555.0210581102347 876.4328319008404
1557.8674791831136 897.6931086421749
1560.4489712350428 919.0865074472023
1570.4742654194026 945.2510680530265
1575.8818813353462 969.0698097035995
1580.976946213308 993.0764802078651
1585.7563787498068 1017.2672742471858
1588.5441096541826 1040.5424602979926
1594.3562433484926 1066.1858043022717
1597.3448080680746 1090.3419482611707
1599.196154766474 1114.0792873849346
1603.1842561320586 1139.6882209140788
1607.6377813624242 1166.0603603313605
1612.5368623981378 1193.2145102231905
1616.5719830005387 1219.5573064754708
1622.9044670155226 1247.5536425104383
1629.648322691673 1276.380172342166
1639.1283257108064 1307.9248188839022
897.0260340552048 729.164106513198
898.0888576718 743.634590189134
886.7317556449997 747.8681658760029
867.7864535852108 745.4412592377772
839.9273321810741 734.8320057368102
816.8130113724334 727.7722888738599
795.3779141861546 721.6993651271159
769.7142302283889 711.2271112548499
746.4918415816089 702.4065279110794
755.9859164411613 724.3578495071463
732.9333676477461 715.1116546306135
718.6244361326594 713.9663295933622
699.4760485978514 707.6427470397306
691.6465009952444 712.5125385991712
681.0262447442927 714.4034252223925
673.8458651272055 719.8109127062245
665.2699025974889 723.674620736369
765.9025915760947 848.4351597010947
849.0649483593439 957.8563114932973
833.7912998406288 957.9624566286899
810.7898327011447 948.7485690046915
766.1709051231852 913.1517640254106
707.6427372801651 859.075524255368
692.2892625289264 856.1171514384905
680.7783008209217 857.6513890453269
669.2966256120757 859.0477442751882
658.4532157897219 861.1012499213863
647.0275350921662 862.2293017710288
636.2286557564832 864.026676436728
625.4505232813359 865.6995107582671
615.8510324114783 868.8800296230294
603.9619590182001 868.6736740910812
594.9444205656947 872.4546615370623
585.3521331176785 875.312447217897
574.6603310491921 876.3957461777374
564.5378775552066 878.198716012192
555.3051699299331 881.7029932177207
544.9627554610473 883.4362428383289
534.119401343621 884.1976391669069
522.800368899615 883.9732882154452
510.0291558413668 881.0188761835599
467.7834794398105 825.6994709718448
426.1315287838155 768.7996619252432
479.477605636581 884.3852247143274
473.0871460102388 892.3500166862143
461.06793161302403 889.6180992077936
451.4003277441255 891.2007316606603
442.18691392785206 893.5769318592342
432.96849857510335 895.8589616907456
423.74603526446094 898.0469350750272
414.5204750097365 900.140975513115
401.19476043972077 893.0194646230926
381.21647579513586 870.1574562010812
295.3296254279149 691.5810960000334
274.27346842134284 659.2192840930298
257.22714552295184 634.8694319355077
246.89612505955085 626.0761163233898
237.826274192289 619.9473068768136
229.24185964641634 614.6414969605069
221.11796569404336 610.170341173125
213.09754577447006 605.6017139877476
205.50482657436476 601.8835155199387
198.628675328692 599.9755406157564
191.8060556717509 597.9920041335379
185.03777571961928 595.9337392334285
178.89987344908744 595.7170765387715
172.7821363171294 595.4379341037056
166.41547709470004 594.1337298818704
159.82748224425438 591.7974112138904
153.29758934187927 589.3902349903403
147.554609302784 589.8233949865864
142.28416555254185 592.1454350351921
136.30954621067994 591.497005581464
130.7903556955915 592.7418349138355
125.46616085531605 594.9136428761976
119.91559533358065 596.0572539578668
114.19570899720223 596.1613372625118
108.73349796114304 598.1981497974848
102.90390887965403 598.2138292761945
97.24396075842942 599.1599219707648
91.57532146487708 600.0524647883753
85.75698445757278 599.9014415858188
80.21399662927509 601.6765865020499
74.64509804769538 603.4004552015601
69.0507636493228 605.0727163237864
63.22350028064148 604.7038853953758
57.598549062609564 606.2700777259935
52.20511725165317 610.7729739704772
46.807404704041765 616.2248508984948
41.31124303798928 621.6288130376971
35.7739342932341 627.981867274194
29.883000501033365 629.2908757331979
24.198438525228628 636.5402073498112
18.550694364019265 649.7352320281029
12.502888448134591 654.8806591894843
6.359445052532292 659.9693609999057
0.12071860593131138 663.999989026369
-6.240008080285999 672.971070922932
-12.770336818779889 681.8804282992253
-19.018844389785325 674.7320086953613
-25.471975549685467 676.5206415635787
-28.75984944082237 610.3227597428603
-30.120508988470174 532.1482452646776
-34.09478878563029 515.8745442233637
-38.14104851713917 504.56046259889735
-41.63730500518591 489.23137147152073
-46.448937478986856 490.806984676332
-50.36144590510436 483.38362070548817
-54.3638587853142 477.9179541071568
-59.98123084761592 486.3149719533679
-18.582084666683 139.77019041784348
-18.914530850611605 132.65836016889875
-17.75970570274269 116.65587363417227
-21.57911473032036 133.26418051170268
-23.0071637788622 134.03980906750283
-24.987232189108408 137.75208973923984
-26.450981286183694 138.496734939846
-25.591722682071513 127.45612472597755
-29.060897531820927 137.97269380078438
-31.438696991960924 142.57492181813626
-111.8220341772487 485.2832499401378
-118.73530962023175 493.9290700590397
-118.2917076458857 472.4151478331535
-42.34355966447498 162.57620660767384
-33.690769063571956 124.52281750709412
-29.18907726409506 103.98075672195642
-30.169328206378506 103.70058647652776
-31.43528787498993 104.36868628193281
-36.2855989389544 116.47899085088842
-58.833070888121476 182.76397284441282
-169.68210154652647 510.5408743820168
-177.08862027572835 516.4839015582567
-185.28873580612225 524.2175925923976
-196.0453118596168 538.4192007143371
-216.91381000716427 578.6816041902281
-231.36216882651294 599.9337853762631
-746.4316292424261 1882.4093133180409
-740.3937189274907 1816.9372969292915
-741.2962925599101 1771.1238823518054
-760.7456924110924 1770.478746406736
-735.0636889436519 1667.14287725934
-716.9796401608211 1585.4148339140957
-728.9691211917219 1572.2254992045412
