-748.9605624980809 1550.594104149296
-761.9755660734827 1540.8939732204144
-777.4336196166738 1535.3950524505792
-791.9354508350978 1527.965720070516
-805.8977481153203 1519.5159820096187
-821.6786301939735 1514.4547628379512
-839.3765430368918 1512.72833615274
-857.608561382977 1511.6717750367043
-878.4037524732742 1514.7302887447886
-915.6475824009426 1545.0584147025993
-946.2910985556634 1562.837853647753
-935.2700239718077 1512.1355700663132
-1018.437283006602 1612.2761861982983
-1037.4504291200806 1608.4441572894475
-1057.03193088306 1605.2312908405536
-1076.6451978670868 1601.791221698303
-1078.1859202006408 1571.7350672047428
-1079.8287054407804 1542.6143286337283
-1068.8128667628737 1496.5159724647538
-1064.0896745018226 1460.4664202297174
-967.5173946071724 1301.8425754032435
-727.9028338034498 960.3033190304548
-722.8955868376711 935.1716262433431
-722.4313706332231 916.5052726116761
-722.9322470803852 899.4915042018491
-726.9793051056333 887.192250838639
-730.858672614836 874.8974800876272
-735.2191432380417 863.3706106975845
-738.7716897068769 851.0848315459781
-743.4831978071771 840.3075238139986
-749.3965572406049 831.0028880791743
-755.8772580815265 822.3980609869855
-764.9968931333938 816.6644068993426
-774.0755929658028 810.8316572351137
-783.8096369436648 805.6168152628396
-797.034606831831 803.8406779408645
-810.2957002366682 801.8858261485657
-820.0036462373744 796.2681835646902
-835.4694775625098 796.0570030226646
-847.3517228688854 792.2089735361067
-868.078507345812 796.3188463701377
-894.7463698747824 805.6332500560654
-1151.8710425717659 1017.6257176804413
-1162.937133665307 1008.0169756220971
-1159.4502428556405 985.9813052700321
-1165.63449122175 972.430065801244
-1167.7970521249556 955.6835485914069
-1167.4084427295466 937.1053984711514
-1146.3456185185776 902.5368263418728
-1054.2923854948103 814.0586992887321
-995.758606361909 753.966708718753
-892.030253287804 662.2711130793009
-879.6467041176322 640.2856205905196
-880.7675336193486 628.46841744203
-881.7440815986995 616.6874204697758
-908.9719645872992 623.0360885167934
-996.9964885554487 669.6260163763839
-1099.3401192817566 723.3998217704874
-1512.929879405591 975.2144277038684
-1515.3034947113138 956.6186904486445
-1516.6108581853346 937.5396017418905
-1499.7277954640024 907.6483567509412
-1487.5800559639858 881.2188020566657
-1524.381973204197 883.6875011960274
-1515.2590609460444 859.3916326221192
-1350.1615095853144 748.9992643750093
-1287.730931546938 698.5513924810792
-1273.9481396865647 675.5887339122384
-1272.2781798051578 659.3915628757121
-1273.0930997639177 644.6417294385305
-1277.3288856881625 631.7087285977906
-1279.6330774418132 617.883635579382
-1284.5041443963762 605.3503969012768
-1292.8869569796493 594.4512734210455
-1306.6530230972119 585.9026175320582
-1318.5395956670004 576.3456728893722
-1329.4415745057656 566.2244254495128
-1339.3457867625466 555.5653548246279
-1349.1668172006996 544.7695837365868
-1357.0414550520507 533.1064520995907
-1360.1450476197695 519.5588989088869
-1363.9664605600906 506.5772344541146
-1372.4538234231713 495.02676955000953
-1379.900501909092 483.0306458507944
-1400.4996883163053 475.4383482912704
-1420.1272215619988 467.1869803179428
-1458.7790377198237 464.6770051436
-1592.1166813447783 490.63272718367415
-1596.6805156437163 475.570532059879
-1601.101857750791 460.46589570452016
-1605.3803130931865 445.32016609718295
-1609.5154998496967 430.1346948847313
-1613.5070489848022 414.91083726067603
-1616.383803198599 399.41006591876567
-1618.1387506646456 383.66128759292326
-1617.7902535620221 367.4720336021885
-1622.166684834279 352.38508284796217
-1622.485677782339 336.43606434385663
-1626.572547115318 321.28764210717236
-1627.569422458926 305.53850015459204
-1631.367669804204 290.32486272725816
-1633.0513554801803 274.7349092568074
-1634.5861686520925 259.1390693262458
-1637.9503494020844 243.83324812992532
-1638.1997950146156 228.0733031594699
-1640.2812440448636 212.5874888948893
-1643.209185474246 197.20185793512417
-1644.9987766545685 181.67009881918693
-1647.6365131728278 166.22250286795258
-1653.1166667348982 151.01419192678367
-539.197587858978 44.12438381507077
-529.6164156252208 38.30734003155675
-524.9645057510253 32.98890270351195
-520.2598219251977 27.761802721754016
-519.4998274408733 22.801958005899724
-517.6932350862179 17.824543359254196
-511.84038905347194 12.783431995770629
-513.9380707352082 7.978687170972257
-512.9905291020036 3.1172185753329638
-512.9970862880981 -1.7290054718398906
-512.9578621932611 -6.575075217775035
-515.8741170616031 -11.39716394158634
-525.7400809228958 -16.533823247722935
-530.5583748043688 -21.65204205027769
-1697.863849552512 -85.19594111649403
-1693.9984732424768 -100.88693003633945
-1696.971794528346 -116.99456643470712
-1698.7947064210352 -133.08848724013836
-1701.4609293773235 -149.3141178939706
-1704.9672123760222 -165.69793216191908
-1708.3154334026615 -182.16031400466073
-1712.4977584646288 -198.81505791469
-1714.5330556876825 -215.3146556885026
-1716.4091787826628 -231.8696422359447
-1718.1252704207177 -248.4784802387036
-1721.657132374547 -265.44437937890416
-1726.9951306185026 -282.82117816737406
-1729.2021094740603 -299.80837978692404
-1731.2419805450193 -316.8614915046619
-1735.077573298947 -334.3573158090566
-1736.7765048489023 -351.5556459578353
-1740.2615388625752 -369.22997759616095
-1742.591062870863 -386.78338589266764
-1745.7181435645925 -404.6383116184041
-1747.6910702353641 -422.35047415572706
-1750.454672301801 -440.378746327288
-1753.033347114962 -458.49545679637095
-1757.3557837588355 -477.2228507619566
-1765.330752967854 -497.15523996630037
-1767.3256486564323 -515.5977614392059
-1771.044061569923 -534.6989171280509
-1774.559043185773 -553.9144358541259
-1777.8687823378468 -573.2421763866837
-1780.97149018124 -592.6799736464981
-1785.7570923147728 -612.8748707913288
-1786.548769890641 -631.8769601767709
-1788.0802669672555 -651.2894585990996
-1792.2133994787396 -671.8386195574499
-1790.5194042395804 -690.3631385303958
-1797.0020770792262 -712.2306753945287
-1803.2312363972108 -734.2793120341789
-1760.3632704368747 -735.9246945828021
-1540.2593011667802 -660.7399527569235
-1536.8174301185668 -676.1901999317679
-1526.8404238155229 -688.7549057559116
-1520.3936206140033 -702.8714238011403
-1506.5861380384627 -713.5034748831646
-1493.6125440864507 -724.3766755960606
-1477.8802833990635 -733.7369201153117
-1455.862874536376 -739.6974317561742
-1396.5969356520661 -725.9428347516484
-1360.672824943766 -723.3605349060396
-1346.8837870228895 -732.1154719406494
-1372.3858254066483 -762.5333738420323
-1286.9986662307838 -730.7765959034152
-1278.442865567553 -741.6655846669867
-1213.0164266285444 -718.8123181535753
-1184.916233212126 -717.0763699009938
-1166.311886650863 -720.6646814274336
-1117.2951665245264 -704.7641526503254
-1019.0686988912291 -656.0815398562418
-1011.2748774189732 -664.3968108752784
-1004.2452375031933 -673.180884274171
-1011.1723051167137 -691.4879386981032
-953.0508799914326 -664.7841906570552
-922.4054179805332 -656.1952795320595
-912.2390196519648 -661.7771309318737
-1131.98270474567 -837.3046973215171
-1139.346540599523 -859.1964038704419
-1124.2019657283247 -864.2302588156531
-1133.4634790821 -888.1782149924088
-1134.562464775119 -906.1302409275427
-1498.3891179261677 -1219.6122544810876
-1477.788994973369 -1225.781255500181
-1454.912775892948 -1229.7372949307005
-1429.8179295628431 -1231.4177553944173
-1410.8311384881952 -1238.0163563831065
-1315.0591260468038 -1175.7191395061225
-1179.1695029208047 -1074.05041007464
-1151.5753886948917 -1068.604287915882
-1155.4324662236234 -1092.2800996065048
-1339.0122777118554 -1289.5453152708162
-1328.7657148536637 -1304.3870878805233
-1314.8230966322053 -1315.6140104766666
-1301.4874890330238 -1327.4077428923317
-1313.6966295895809 -1365.7328309025067
-1329.4076746218384 -1408.7740183068952
-1307.72894497742 -1412.6110598704245
-1289.4605450932265 -1419.8646071537523
-1265.8518932190138 -1420.9250453256984
-1245.6317970504622 -1425.4299092473248
-1224.1402568426756 -1428.1602261571174
-1203.3545514704565 -1431.3761991368085
-1181.983701833912 -1433.5545084157081
-1167.5981616477952 -1444.0095335269393
-1150.0143370096878 -1450.4027112054666
-1150.8285727494867 -1480.2765269176498
-985.076398316858 -1292.3813251045865
-951.7280397544184 -1273.7008040922374
-922.3740403132704 -1259.3439283040093
-865.9750636127093 -1206.3632078279593
-840.0204363872549 -1194.1380432980793
-820.6225917134034 -1190.585806218761
-806.966293925893 -1195.0604170783622
-783.3696008996222 -1184.3699035294533
-774.7312396678655 -1196.0002116566252
-761.6568772342432 -1200.8175554020606
-748.0338265169135 -1204.6449246091
-732.3298603249171 -1204.9037205007241
-713.6225279536419 -1199.816189087751
-715.7010638366027 -1229.9190978365834
-694.5133666931748 -1220.191453618862
-679.9002784612204 -1221.5316661259153
-678.7082727932491 -1247.2991142632968
-664.876639435303 -1250.1980060507287
-656.1237049639958 -1262.7076794667557
-636.3301097260452 -1253.7623345180057
-626.5370034206736 -1264.2675283912986
-968.8822290341617 -2002.9708500779022
-946.7045551477037 -2005.8101817626184
-924.5614000186043 -2008.409126048684
-898.1150745221488 -1999.5632805480489
-872.2696321090342 -1992.4283397152255
-869.0039187232985 -2037.414339117979
-863.4267985132353 -2078.8206184298792
-843.2732693065859 -2085.9986081665975
-817.2058264168886 -2078.0913447849907
-792.7936090518624 -2073.6147890692046
-774.4603997337331 -2084.7990524854586
-781.4345133224991 -2166.3723367391
-783.9535801751406 -2239.7646715962323
-784.8258171045546 -2312.447283032884
-749.3998321018647 -2278.947320945725
-697.0879958510012 -2189.7196912026056
-668.6123187708548 -2171.391619949718
-642.8298240174406 -2160.3902002540435
-618.9734985201702 -2154.8632922136153
-598.2167598930828 -2159.6800013388606
-577.9399397840232 -2166.2293105768927
-567.7849439788216 -2212.3011226754297
-561.3544408313549 -2276.8193146929593
-541.3202587855862 -2288.8591868938347
-521.1078952480308 -2300.723269215611
-297.553151572131 -1374.1536020363562
-279.4326938610286 -1352.434238549723
-267.7360088073678 -1360.9138215140226
-414.0748109523752 -2215.639422589956
-394.0633272542486 -2225.379539340045
-160.2210455172063 -957.6900420143113
-149.563571939527 -949.2901231703034
-140.98141332026574 -953.6352767689649
-131.23541209362347 -949.9780348053406
-323.5538743211966 -2518.299801535104
-299.8623392538255 -2523.2446527233983
-264.16280594570117 -2418.6167559071637
-146.1183455373063 -1466.7397277968032
-131.1079426252583 -1456.109442102678
-117.19506797041834 -1456.2919748606078
-103.21980904466307 -1455.3441761386835
-88.66041152829669 -1444.2812508052693
-73.69899224704336 -1421.0902358899557
-59.92416282886456 -1407.7251488516001
-46.442393658439926 -1407.2338483959495
-33.045790325361104 -1409.6127041644354
-19.594089403806805 -1410.8639451273946
-6.121499415279944 -1411.9867305484527
7.40205043527049 -1418.9806938959225
21.073413403276277 -1426.8443892897133
34.89566292915955 -1434.5756490017297
48.66431809868685 -1436.1757497409535
62.51012771919004 -1438.6425838034027
76.61929164977929 -1444.9700634086112
90.91748646753308 -1452.156675656737
105.14386456700649 -1456.2090398510493
119.37437809556278 -1459.1249973372048
133.85227086480035 -1463.893291734181
148.53265855501007 -1469.5125209887055
163.22247718273732 -1473.9903062579249
178.13087810766686 -1479.3138241308338
193.41384793167592 -1486.469671210369
208.43418006080805 -1490.4966261559866
223.84490588462447 -1496.3497111669797
239.22896568285276 -1501.056128856717
254.89006822560026 -1506.5905393038774
270.5023772656864 -1510.9776516856932
286.7784882385163 -1518.1512107440522
302.63116452229895 -1522.208388578869
318.7917395344035 -1527.0795089990008
335.072830235252 -1531.7800750885024
351.4726460855522 -1536.308230484241
368.2216886158 -1541.6347777709639
385.5875538537601 -1548.7214850685948
402.8712966673963 -1554.6481011217718
421.60365049236594 -1565.2128806943517
440.57422597421595 -1575.5603293454747
458.6666233984535 -1581.845102587564
479.22017412500287 -1595.5889272339546
499.7808423980694 -1608.1278274975145
520.6242786938394 -1620.4179585633206
543.952378331378 -1639.098779850573
590.3655663130409 -1723.7031351459227
622.6283835598455 -1764.3624616233633
620.1623049520686 -1704.6978370129227
606.0748280968439 -1617.1587129120571
558.6785969077099 -1447.9579501343376
565.265396301189 -1423.9027465892675
569.9283962452463 -1396.1538680078645
574.1087285817913 -1368.449914233692
580.5780280116804 -1347.2260958688664
589.9282945766586 -1333.3223943434969
599.0644020268705 -1319.3645600152324
608.4083973552544 -1306.261927037457
619.7101817161014 -1297.6144614936275
630.9017737603434 -1288.8708049552727
641.0857488385991 -1278.2445238044452
650.6665474534597 -1266.6526927398033
660.0834349203144 -1254.9955613243415
672.1802528628771 -1248.5582516091104
684.2142990853878 -1242.0043449711002
695.6934875500561 -1234.4632725927652
708.08958712756 -1228.5491999108222
721.4517205026914 -1224.2338073193807
735.8284507058879 -1221.487818658775
751.792027912348 -1221.132567237251
768.8819965498019 -1222.275122622395
793.0918367286138 -1234.1370825457088
818.1502997509011 -1246.4794771746188
840.7362424311711 -1254.2976403799519
864.6782619915666 -1263.4446973410604
886.0108293627827 -1268.1458158476391
858.7417941933038 -1204.1609240071136
902.1151463332287 -1239.4665234511892
911.6656001541959 -1227.4798709125498
931.3365079267635 -1228.973681167657
1003.1112094282411 -1297.4466854246502
1049.0427980301747 -1330.092180227003
1083.7861406816771 -1347.1631680187504
1118.3210019507255 -1362.911272459042
1116.0368030715335 -1333.6352028159242
1163.9263777463148 -1363.8637714912522
1190.1811281980777 -1367.6395292916739
1194.1859480022201 -1346.8184441839364
1196.0447905671422 -1323.6815549659975
1199.6075960774745 -1302.8363732384903
1202.201048683388 -1281.3124671775272
1206.570171918387 -1262.023938060144
1208.5904266200478 -1240.6180639835818
1213.1340175330943 -1222.1251390524678
1214.593106209268 -1200.8445304655063
1217.9135700073311 -1181.7341223777864
1221.7072158493463 -1163.3574165928712
1223.8026024338085 -1143.648630601304
1227.1104616057041 -1125.3554616288293
1229.4401027611423 -1106.4325707980004
1232.2729408127057 -1088.2276413236368
1234.1173013618752 -1069.4126829616723
1235.717793321043 -1050.65957154055
1240.1473180445375 -1034.5335323453467
1242.835742753674 -1017.1505869505871
1246.0875284348788 -1000.4348411960945
1249.9212100219568 -984.366785673535
1250.3979800162053 -965.870017948271
1254.6239051857756 -950.4708604351815
1258.6713533347888 -935.0777637685385
1256.8828199099512 -915.5711752863397
1261.3501498093865 -900.8306164733959
1263.1942947563134 -884.3665380910226
1264.8410970368398 -867.9475786282508
1267.121380571455 -852.1340310647673
1270.886794229863 -837.4549278929237
1271.9682510439713 -821.1533159746363
1272.856268828954 -804.90553414847
1276.952629418225 -790.8198165333756
1280.041947610937 -776.2097734223648
1279.5302946855124 -759.5697630777609
1283.1430057316456 -745.5199707868044
1287.4743405672855 -731.963675588368
1289.0426947122135 -716.9337007067496
1288.6859062986325 -700.983334257864
1289.0267917127017 -685.572702378719
1293.6287921164098 -672.5240131084081
1298.0257774741685 -659.5946338567197
1298.8289343477138 -644.6265580172615
1300.3654812617908 -630.1385682076533
1299.9366035115113 -614.8242243527462
1304.782901483705 -602.0885150837577
1310.4165738666309 -589.7265492884318
1314.1016273321845 -576.508380722175
1314.8955189251844 -562.094097380919
1313.6883672605568 -546.9477797050579
1315.093257596944 -533.0016170923476
1319.1430563924075 -520.1784278223173
1324.0017315382288 -507.68436541198724
1325.9309131733837 -494.0973724795515
1326.7814703266858 -480.1790603491135
1325.6007326767854 -465.62613492669203
1325.2105021674006 -451.46110014620956
1325.6209306146243 -437.65871214499725
1324.9366645601656 -423.5845073939591
1328.8819083513727 -411.03999033721016
1332.7083834131022 -398.45873660949616
1335.4549887696808 -385.564486137107
1338.07699329365 -372.6539413695038
1341.5401662627812 -359.9874752038318
1343.9152005543865 -347.0388072231448
1346.1653951254402 -334.0774295979409
1347.3179294160436 -320.8728674632134
1348.3412864095003 -307.6764134014405
1351.1897209505396 -294.91581510255196
1353.917393002879 -282.1288587229032
1353.5814903237901 -268.73248603923486
1355.0788721970516 -255.73863635588384
1356.4516375597118 -242.7405095190672
1357.6998395228686 -229.73929955403088
1359.811059737608 -216.89371087074713
1360.8117848791194 -203.88056830925598
1363.6687232781399 -191.14552872868344
1366.4064084789861 -178.37468112811848
1369.0244186685843 -165.56914292568104
1372.5161992809994 -152.8407102549576
1373.8997792003715 -139.85848816990034
1374.14172483797 -127.02173065790086
1379.2570677885599 -114.48118166451619
1380.2684794229008 -101.56241781088802
1381.1588905684232 -88.63475054290086
1385.9222353734035 -75.91809729957897
1388.570238143743 -63.02930859075695
1390.0988587162258 -50.061592022694484
1390.5066456306647 -37.04414200594948
1391.7923853845582 -24.040715163267055
1391.956469088696 -11.008549501641433
1393.9985255673323 2.0274900995744387
1396.9182649418294 15.111620426314694
1399.7149365559371 28.250599678751986
1400.3886420682231 41.38418981105732
1405.935246358016 54.72735192045124
1407.3588888616964 67.98498320931823
1408.6573489653047 81.27406232027293
1411.8256760004804 94.72729588554108
1409.8797910785158 107.86553994858855
1411.797051051942 121.31812165146762
1415.5767027711836 135.00592050522948
1420.217919939403 148.8793467308193
1423.7293901334178 162.73789869088907
1425.1205694254888 176.42948336480018
1426.3799142939863 190.16135279987927
1426.5168434192526 203.79081294595085
1429.4891663928233 217.89153991275305
1434.296320616405 232.38559479073268
1437.9711869815192 246.81949965705834
1435.5972291205715 260.2721570612921
1437.0264057942886 274.4523802956507
1439.2960017913022 288.8789006271864
1446.3138053280138 304.4016697023855
1446.3301205406863 318.57523823543494
1445.2330264849104 332.5514985040157
1446.9180120979147 347.2351742934735
1454.2752874205796 363.4341596462701
1454.6801763070528 378.04045373383224
1454.9387016430644 392.68610169089766
1457.9390777860478 408.1784480645303
1463.6961115893223 424.4640066228209
1463.3936336905217 439.6169615404429
1464.844646960744 455.3967064773893
1467.079134645489 471.5504349354832
1468.188892803366 487.4734608661548
1469.1276910923616 503.4608497843966
1472.7229330623275 520.5104825383396
1477.0651710395014 538.0171749136343
1476.5248498390952 553.89833706885
1477.6811392375341 570.5387372840364
1479.5829008495712 587.6209998915692
1482.218113472148 605.169781214385
1484.6521234935371 622.822665135214
1486.883181255059 640.5773999298092
1490.7386890704772 659.240594099328
1493.461507175952 677.6228498093423
1496.874754063456 696.5392814820051
1500.964282579703 716.0134233518233
1503.0202812668115 734.751001428807
1505.7483532195472 754.0410444906972
1507.354054940917 772.99401876934
1512.2756292799618 793.9058011413545
1515.1719165675936 814.0356646025315
1518.6966843351565 834.7750481353655
1521.9621054017132 855.6560931362462
1523.2318938272913 875.6789352424345
1525.981129816487 896.8174794482974
1528.4641281308134 918.0884538089521
1531.5308805958498 940.0117881076285
1536.8584354214247 963.6711832746743
1542.7140163593608 988.0574192466601
1547.405136991535 1012.0960142260262
1550.1127570691233 1035.2035743618553
1551.692269726448 1057.8918186994283
1554.6199136993262 1081.8469965431802
1556.4144872218044 1105.375476463128
1559.519259092727 1130.2104585071188
1563.093843710488 1155.799998163338
1564.723287307758 1180.3563166081688
1565.232003465202 1204.4391953636803
1570.5207621403258 1231.8605991288828
1578.8143523860197 1261.6601129860262
1582.8174469972357 1288.5534251559588
1594.9286112226357 1322.6438390978253
867.8271101352975 733.0566873811454
867.2076045564244 746.1145827548931
855.8926962688215 749.9944616286756
838.6103566358264 748.4040818589461
834.7485772144688 758.6691062897052
780.8644688215476 722.7355542188598
768.4561174923216 724.3004870139376
725.0615527518939 695.9243814675647
733.0231795882596 716.4509879861414
714.4462362428094 711.0770531514033
689.7069073939033 699.0195862013724
687.5142135444092 709.5549352759182
673.4683253940962 707.7919289529034
660.8770362029634 707.2945235328682
653.7592242634219 712.5221938231039
645.2622863616185 716.1931176710488
640.0656711050469 723.513605036454
742.9919504511124 855.3665656108215
816.9653697451761 957.9397604427576
802.4663102363693 958.409005036799
787.3914180020615 957.9221027080974
750.4132526745843 930.0026613996062
687.3108746367403 867.7861266499247
665.9101953915169 856.6146226125443
652.0484717244664 854.6682341831757
640.674608825212 855.7435629945817
629.9272057034445 857.4891926518085
619.2010795822918 859.1106000068468
607.9202744430653 859.7918003337018
598.3880084863767 862.8046078340727
588.2888205153878 864.888584533646
578.2012359349654 866.8606178407682
567.5791240748048 867.8841730982754
556.4465141851089 867.944858185842
546.9559289108483 870.4155397448227
536.9420718712265 871.9341783957288
527.2851598967197 874.3062164669142
518.0592702462656 877.4825311719355
506.3186410148683 876.2336639052719
495.13930623414956 875.7128909762406
482.5623251955465 872.434869948392
450.58271046172183 832.9371050883543
396.9449869392904 750.4902913054682
451.44000232468244 873.2072630831071
442.79361580449535 876.5031738692
434.1251259686941 879.7138028942512
425.4353710589657 882.8390255601075
416.299525572525 884.973844250829
406.7439011688423 886.1063135210984
397.2036749227715 887.1376672353875
387.6799003580029 888.0682940283416
376.999172809497 886.1380387394253
363.32597108261376 876.6956363167753
293.36114802183414 727.0455534774362
253.64734004036217 645.9868627847233
238.31232902963427 624.044256309175
225.49921236367865 607.4982347491724
217.08782923745912 602.0572019309858
209.12871628508714 597.4564252102002
201.59651505521518 593.7068680060829
193.52773745434618 587.969399574333
186.19176703673645 584.0390619536828
179.2413248421714 580.9789561325119
172.3646367529169 577.8403170401274
166.11628105880328 576.5460789626383
160.17519538250724 576.1492053141925
154.51496992620488 576.6577182945738
147.86023097763828 573.237605269612
142.0052514338298 572.655663173966
135.2478185020384 568.1232503519282
129.47770976112622 567.4147712872953
124.1594278875252 568.6021776836969
118.83026164491196 569.7397378780962
113.29567704644707 569.846549136333
107.95533615109865 570.8823393629402
102.6055314096654 571.8680834984062
97.13133291789522 571.8089752405019
91.42094998687152 570.7242853633425
86.33508741916022 573.5383619953647
80.92521878191076 574.3266570211589
75.37797370902189 574.0724353942819
70.08439293847357 575.7501001879597
64.43145270262801 574.3975869575263
59.21866053192931 576.9689335179183
53.87038087012631 578.4971755029643
48.415213854644854 578.979245800235
43.02967945599896 580.4071387275608
37.55699117213687 580.7869423584659
32.13608800191265 582.1136245166689
26.8763390259662 587.3854461940314
21.55633323702027 593.6087301391166
16.121377654432013 599.7833785480582
10.519585243090582 602.9082337522962
4.868332580296829 606.9804769001122
-0.8643782229691259 614.9993925609095
-6.812811265822374 628.9631035304506
-12.821985715485404 632.8701262362697
-18.905411558101623 636.719392993349
-25.062530554136615 640.5098512608708
-31.48683491749846 648.2357435585284
-37.65347730766605 648.9084801777836
-43.7682583797853 648.52474089922
-49.95588793410217 649.0804335833236
-52.71260658760972 609.7256605283559
-50.43382747562302 525.585796084863
-52.65830838030807 499.2305104443481
-55.19053831509255 479.83643513231704
-57.362031978016894 460.44065555438624
-57.976240757205396 432.12817023154435
-59.34292612655836 412.7558807803201
-15.921431162928233 103.78587586817456
-16.25521351121152 99.68333879693701
-19.917897370634382 115.2921392131002
-21.003728258671497 115.09927627589968
-21.89890933003282 113.91416843463766
-22.97166379674722 113.70269417392542
-25.68181064783509 121.31135396923383
-28.98358311540809 130.82794773974035
-30.43714277304422 131.5240675306741
-61.935806659244676 256.63194628391193
-108.70341190040043 432.5500759926091
-116.30290199769252 445.0546426978547
-44.001357472836425 162.13537720234797
-40.91649425285955 145.35074990537788
-33.88042971872289 116.15987466451003
-30.635294975972418 101.47649334567666
-32.48149437018885 104.04783766844648
-34.68559763578037 107.54491767000776
-50.85698858049545 152.75656029291625
-155.57141539271709 453.0325978477781
-162.82456724093214 460.0349555227333
-170.9077937790256 468.8192893062166
-178.46752888214414 475.6189032562741
-186.16986739685032 482.3170953568194
-194.01356379303377 488.9117886330073
-201.24221585810628 493.5489545693713
-208.96116665208325 499.01526112074
-221.93405376873366 516.3228406508633
-245.74135720387105 557.2182564844762
-797.8184138605476 1763.9676239957014
-807.2081613196274 1740.9698401462865
