-818.677076445623 1721.221614000489
-818.8372184926579 1681.1917230379192
-769.9934661944058 1543.6110462217885
-780.0251658322092 1527.3459793604181
-793.5242015156565 1518.1200023742983
-807.3901499915435 1509.6572941222896
-821.1670269518328 1501.0681909384023
-836.3183383229036 1494.9717846784993
-852.4206518297693 1490.4590005545645
-868.5123030590133 1485.77500969532
-887.1555239104334 1485.212131782933
-910.032819737797 1491.257612553939
-979.6526916619431 1571.6820937198177
-956.900337003125 1503.2849846397407
-987.9833781378128 1520.1505992905427
-1062.5929577930833 1601.5555582147463
-1065.3725045807926 1573.2073691930282
-1095.0013765526835 1584.439328389613
-1102.4614147521127 1563.3770591200225
-1100.2772763302671 1529.3285831341964
-1095.773746531078 1493.045175610318
-1081.6943509596524 1444.9783150974883
-1057.7031022781425 1385.3927773130597
-855.757697045038 1099.1486541629267
-735.5540401547778 926.5253660920372
-733.5974716078812 906.3061015189757
-733.8708890482138 889.2932689543895
-736.4637103395569 875.4183019293652
-738.2091284394289 860.8154754003316
-737.1120924961679 843.2471542175051
-743.0669715078297 833.990692906211
-750.9296497226944 826.9181707807319
-756.0080050419067 816.8359053766898
-761.6491753984001 807.4593077145976
-768.5668024198765 799.4911320446816
-776.1017058889107 792.1787311688712
-787.0998038831294 788.3336214618396
-797.3811247963176 783.6500123260124
-808.3638845042027 779.5362917974223
-822.2453640932661 778.0337789756511
-836.9031081932939 777.0181384603604
-850.7236433681022 775.2872258811582
-862.5146531389261 771.1792743069786
-881.8215591851733 773.5113042200675
-905.0392430326553 778.8067594537674
-1176.018153410038 992.7246863305278
-1177.6825586450962 975.1434720404682
-1173.6861652405894 953.2076298072943
-1181.1136273828415 940.7819084200897
-1182.1065300810872 923.3764950114617
-1181.2884242122218 904.8213408304459
-1161.8344340795834 872.5535787485916
-1076.6498617253935 792.7131103032741
-1010.3347089875289 729.2048928902531
-912.7118907371317 645.6632283993337
-890.0335184968563 617.032686291501
-890.0579406451952 604.6262170088509
-891.5925501477957 593.3832863512002
-918.9631891814138 599.0956993081531
-951.5776502730088 607.5697289208043
-1119.2522610075691 699.7673729386389
-1528.4154630684138 935.526681743159
-1530.360970474362 916.8703834505558
-1534.6786534650225 899.7791010013433
-1499.776086823397 860.298023589906
-1516.592729875019 850.9215543692837
-1543.886201856583 847.0752007448067
-1517.4861758220673 813.9531351305906
-1333.8342961722806 699.2296263421604
-1301.2470033062882 666.4834854566202
-1285.1541916363017 642.9212266830546
-1280.4143771606346 625.4310695515092
-1280.8752911239774 610.6713425305516
-1285.7053937043556 598.0682574752884
-1288.5904017080798 584.6022379582629
-1292.2504111433493 571.5399154038537
-1300.3704212306607 560.4397983623168
-1317.6164316663646 553.1075293311386
-1331.1365531242145 543.9848131488463
-1339.0260304541653 532.4380619059468
-1346.8159815884967 520.7904681710428
-1362.818843937191 512.5044376487857
-1363.8214798360746 498.2920540584
-1366.5625771100276 484.77491977452775
-1372.9524604651574 472.55215722994063
-1380.1817252461478 460.5685674213635
-1391.1128266867083 449.72113962734284
-1409.5962988947108 441.09780564216504
-1428.0393502535176 432.1661880891559
-1504.9863910233846 440.0454099685713
-1603.3745097731605 452.48887434905794
-1606.5942361726843 437.12693842487977
-1610.634266003047 421.9979397779396
-1613.562143458252 406.58727131873104
-1616.3427023597635 391.1588788821453
-1618.001755465396 375.4881080818636
-1618.5329930665305 359.6038797831558
-1621.8434075364114 344.3660282761382
-1623.050161440933 328.7007353909657
-1624.1058865004297 313.04323892180355
-1626.9781618920813 297.75503476224264
-1628.7212157585823 282.26973152976564
-1631.3038689477341 266.93948219803167
-1631.7655306719914 251.28122275799763
-1635.0463465953437 236.06661027180192
-1637.1941898312998 220.6789178481564
-1639.197220205728 205.27170596508003
-1641.055260546878 189.84633741902664
-1644.7569699295586 174.61531968340287
-1649.3125296266146 159.42766264565583
-1649.7427479734695 143.8223400899366
-1651.022404124873 128.30051082409756
-1653.1537030421816 112.8354293558644
-1654.1417832440397 97.28289123082384
-1673.960429920464 82.65881114856903
-532.575058261311 21.279269676404006
-533.7511655160839 16.300101540235303
-525.8826436422862 11.110585754143193
-514.9646340063649 6.035372622352275
-512.9986259303845 1.1873472691288138
-507.9872305150584 -3.601893063500115
-498.93320281687136 -8.16450408161689
-511.83086533344033 -13.159228397656701
-515.6831432587311 -18.080258814380656
-516.4907528033997 -22.94127870406259
-515.2553443199618 -27.711552639967167
-524.9540993840951 -33.15408782991275
-525.6188511474576 -38.129035110093746
-532.2163381287846 -43.609281452315315
-1702.9093374196843 -155.562812165541
-1699.391864398934 -171.26380590981523
-1700.699728651408 -187.46048374264905
-1702.8459413170906 -203.81535795889351
-1705.8264209294623 -220.35476318650552
-1710.6271002850615 -237.24233132036582
-1712.292944504712 -253.7988813989976
-1713.7983957534052 -270.4072090626545
-1715.1426325090968 -287.06575927784473
-1720.2636316939893 -304.47009290077455
-1724.225425319203 -321.81156393581216
-1724.0876749836693 -338.48292271458223
-1726.726937911668 -355.78516254924784
-1730.1703802028562 -373.3770955330608
-1733.4352379622158 -391.0642860079096
-1735.5466475046915 -408.615753899952
-1734.567294583806 -425.52591056270137
-1738.26787861963 -443.68996175168434
-1741.7797937524383 -461.96011740810866
-1745.1013821582849 -480.33443140091856
-1748.2310059675233 -498.8109359003484
-1754.0441018203376 -518.2376760418771
-1757.7332267926088 -537.2317036709983
-1760.2662439388819 -556.0384433196148
-1763.5513183771263 -575.2492915687069
-1767.5781014861932 -594.8887754416488
-1769.5015442357198 -613.9977890411357
-1773.1048370118078 -633.8676809597808
-1775.5520404975116 -653.5127783640675
-1776.8510215388571 -672.9044859832037
-1779.8056677541272 -693.1030118462086
-1783.4655917773443 -713.7867209091852
-1786.0199464301588 -734.0938298021669
-1792.9781920672938 -756.4028045764361
-1791.41582858545 -775.3278848935497
-1534.644008070218 -681.1084851139182
-1532.8334670694358 -697.3360468467787
-1529.0409288879791 -712.7431779998922
-1517.8749158945561 -724.6928588706348
-1512.907833569957 -739.5714212452098
-1498.852198215543 -749.9453899481178
-1484.7346630631796 -760.1230034005457
-1470.5576543683376 -770.1040093251646
-1434.2848023442243 -768.0860015417477
-1381.511554341923 -756.3404162278807
-1351.7714328701588 -756.3828351279247
-1335.172356854102 -763.3863880713766
-1331.512585195732 -777.7134661720719
-1267.5858732906445 -756.1759410573668
-1272.498011039841 -775.1443813249558
-1182.058595741863 -735.1200420562445
-1173.5241465411457 -744.9436740350744
-1161.5521459862973 -752.4975828231128
-1098.654398343764 -726.2558178768018
-1017.2770766912882 -686.058561085296
-996.8858796425917 -685.7977420269159
-996.233986778 -699.0041799506006
-999.488900116826 -715.1663712334755
-947.5961924226218 -691.3685385567885
-917.896369997831 -682.7900511466206
-904.3742184584494 -685.8077522073287
-1105.2867047275254 -854.3712895179519
-1126.4051583824516 -887.449953050539
-1114.2547573651866 -894.6939899703414
-1119.0933328707172 -915.7216347364028
-1125.9413518571753 -938.835487280938
-1474.6319366245998 -1252.8709636218657
-1453.914651662052 -1258.5949251774434
-1429.4684118799628 -1260.736316379193
-1398.413380403887 -1256.5190080167404
-1408.8672245141902 -1289.6484574060028
-1222.8233891072532 -1140.3012580244972
-1157.8231218629141 -1099.9339155056614
-1131.4596419115842 -1095.6386624819836
-1165.0689133372416 -1149.9493150461801
-1322.5191366483468 -1330.5334017599525
-1306.9574173347867 -1340.2411384797829
-1293.4050366132203 -1351.940979208617
-1280.4328125006616 -1364.233415758332
-1309.340193798848 -1422.0116936589498
-1304.4119083273195 -1444.1002643216573
-1281.2743154591356 -1446.0152587523837
-1260.8440207288365 -1450.6399813159505
-1237.8478062315983 -1451.9630878943237
-1218.1495231902354 -1456.8159592588909
-1196.5696604497673 -1459.1059069481996
-1176.9379775957777 -1463.4551571171426
-1156.0944427140541 -1465.9927146905202
-1136.5338270680186 -1469.8485840147355
-1124.2548907913688 -1483.027963502943
-1127.3360390556722 -1516.975100338258
-1059.2160271528307 -1454.119117480605
-902.925413998312 -1264.7694243442072
-865.0081599834137 -1236.4634580779607
-835.6316942352356 -1219.0995330938115
-821.161824365119 -1222.8745880937054
-803.9487289778082 -1222.3074249856159
-784.6558270404325 -1218.161004584983
-771.3842436912935 -1223.0626920092081
-758.0907567117036 -1227.8222202698062
-740.1220133147109 -1224.7368719063613
-724.8269796090859 -1225.7250301885695
-713.0862590919227 -1232.592384811089
-702.2654243154469 -1241.0879395961615
-689.8948556437803 -1246.8641017192883
-676.0507880877116 -1249.878526868105
-659.8755818563114 -1248.3221605298027
-655.2638773320264 -1268.7841625208755
-642.2143244495253 -1273.1994193651833
-632.6747873842501 -1284.6581698678813
-638.1375076836039 -1327.595390654607
-609.2931236878234 -1299.2254959885659
-614.2840526851741 -1342.0995129336268
-906.7795470835244 -2031.84050874841
-888.271222827737 -2042.1809994944417
-856.7732518288624 -2021.9682477602355
-837.1816483116445 -2029.0766096257178
-842.8705931190126 -2099.0981785650724
-825.1125334299852 -2112.5845088840238
-800.0751504765992 -2107.2246566490835
-773.8297258571035 -2097.828295018427
-751.5438084754302 -2098.4810944924534
-744.4136312464337 -2142.352059213074
-743.8607597268455 -2208.0695573596863
-758.2599998127473 -2323.397893750438
-739.2084240129512 -2340.018569556295
-686.6020598952406 -2247.460258012945
-650.8238742888735 -2204.955619656691
-623.0383164930953 -2186.984054853041
-599.6254719235515 -2183.150313977592
-577.1086718940622 -2181.9703437087937
-555.1613565852562 -2182.4985379501213
-538.4770406648303 -2204.1786399193797
-534.8889045687569 -2283.181740416044
-516.061550884911 -2300.8356037966423
-496.108877477882 -2314.4254106986546
-475.34378165783954 -2324.903716122288
-266.84783229705374 -1371.2772274045694
-253.10700796197688 -1369.812338431997
-242.5206283834379 -1385.9411043794403
-370.38065855932115 -2241.6070502577304
-347.4195431750703 -2234.1487553473303
-142.83865781235684 -979.6413210121164
-130.84572690466652 -961.1344316747733
-122.35411884050194 -967.2923392660382
-112.94489002651184 -966.4225017128374
-272.1866411800501 -2537.4432865313706
-242.47616262072626 -2482.184785740322
-130.26946168999874 -1478.2712428208154
-116.09042190042436 -1477.4461120267572
-101.73212267852402 -1473.4923057876217
-87.69693010113205 -1473.3924285304433
-73.58055628327963 -1465.1535420347736
-58.52693330440401 -1440.8117844041885
-44.13260653186788 -1422.3154759197073
-30.31245259798403 -1413.6750529090816
-16.863512962269258 -1421.900004195292
-3.2438062825711174 -1422.9963027783317
10.431857755946043 -1428.961922636065
24.20463731258194 -1433.795709134522
38.04452125063217 -1437.496648484027
51.92149210901427 -1440.0642897652776
65.94234485486574 -1444.495623792278
80.21835464864144 -1451.7854578337203
94.3811095933915 -1454.94199408496
108.61167907595772 -1457.9600485501312
123.16022461428902 -1463.8280496946893
138.0178727061809 -1471.5417312511597
152.5199591346332 -1474.1308157913156
167.19671742425768 -1477.570390094006
182.4411308646789 -1484.8337394364453
197.3141266092588 -1487.9745076581203
212.26397927467997 -1490.9661307697363
228.0413070415437 -1498.750533705588
243.987119053414 -1506.368575660026
259.422324297912 -1509.8755106484339
274.76824791116667 -1512.2405264837428
291.5005123702339 -1521.324571315369
307.0487256239049 -1523.3637386037308
323.28357128021094 -1528.1792213416309
339.85503406221903 -1533.7990597932207
355.4352915233995 -1534.3698229369854
372.23256671590724 -1539.6424637804998
389.89617328333753 -1547.6423921755988
406.7326469282591 -1551.574862493825
424.7313735498501 -1559.1854477009647
443.1850088674754 -1567.554799015057
462.68144322528264 -1578.5914234199327
482.1391432338126 -1588.4400670348773
500.92880011320653 -1595.1972721946158
521.7441818952765 -1607.4461137650708
543.1575237077463 -1620.38912130379
565.6700938090491 -1637.02209666518
597.7841555193219 -1677.6814666110047
661.7476844985254 -1802.3567909991739
653.179726116903 -1727.6473151050964
646.5058916051338 -1661.661557634361
581.7877345013987 -1453.9185094026866
588.0911957376653 -1429.7778657874946
593.9859728296306 -1405.651686614304
596.2884874859199 -1374.206694675788
602.5188738615998 -1352.897633466978
610.8895623568318 -1337.0542033154372
619.0122766750864 -1321.1755376654255
629.0517848083902 -1309.7720610966546
639.3713359019063 -1299.195248924122
649.0959758748152 -1287.6484046909395
659.575587087704 -1277.8122103493574
671.327950662092 -1270.5462536483417
682.5260359752543 -1262.2928385346665
694.1117016625669 -1254.8166980141345
706.1092032048219 -1248.1048806688689
717.541083570709 -1240.4127512195982
728.3814205434777 -1231.7554571452345
741.707959231359 -1227.2837093406124
755.5409703534165 -1223.520266328849
771.5039718029657 -1222.9871714340459
788.6090517284532 -1223.9410784559645
815.6967235991481 -1239.715634776627
838.1391087520329 -1247.6104497720223
862.5035832917976 -1257.6615477976613
890.0039350956316 -1271.454676940665
894.5952511833525 -1252.2860442247986
883.5860426302157 -1212.1368343834267
922.0206540779193 -1239.7188848499993
932.6540622524702 -1229.229596195912
952.351977685566 -1230.512783598119
1038.4571626115937 -1315.5161425922063
1071.0879624009283 -1330.4264642586704
1102.1946171536335 -1342.5110896814056
1135.5554772980208 -1356.4198310178394
1136.17114734301 -1331.0203319052898
1181.932940285207 -1358.9096823073876
1211.9649068249612 -1367.1393727871214
1213.4289821534217 -1343.015303438539
1214.5464463524227 -1318.9867056391063
1218.7407513394774 -1298.7039620423457
1220.5874891045926 -1276.2923573544372
1225.6102616085732 -1257.5434333015162
1228.9789738510203 -1237.3951195281536
1231.3657851587134 -1216.5933187143787
1234.1880497109019 -1196.5537421907968
1236.7423565502395 -1176.5701608975812
1238.2990313314124 -1155.9634548737627
1242.5272118527694 -1138.1349339183748
1242.8108874241416 -1116.9879579028675
1246.557010616751 -1099.2450224050274
1248.5669247470255 -1080.2229558881609
1251.8542266623697 -1062.5558786188894
1254.919774142713 -1044.9236146559242
1257.764523182664 -1027.3287712427243
1260.3894591916471 -1009.7739406216557
1260.4367009109235 -990.4081597991743
1265.7760798088234 -975.4050009015781
1267.7535111884022 -957.9780972806625
1267.9083087196852 -939.4107305537804
1273.4897813976188 -925.0404189417053
1276.4694063621287 -908.9086063084201
1275.9782543265387 -890.5141742194782
1278.5559175831063 -874.4688477088371
1280.1141129368027 -857.897929744572
1280.6379955512425 -840.8271667533678
1285.1596298724414 -826.5281155206575
1288.6795479860289 -811.6859137637686
1289.4806871064197 -795.2764032583614
1290.943469980685 -779.4414393103746
1295.6663184995218 -765.6851775409366
1297.647674693207 -750.4075641698406
1297.7157441264178 -734.176305424261
1298.4685546738106 -718.4952418237057
1301.6799944307488 -704.293399158877
1303.8553353069085 -689.6276274858116
1303.9755997092884 -674.293434168539
1304.8950075135367 -659.3125354232596
1307.4419919986099 -645.2592018396227
1312.5429855511388 -632.518704134908
1312.9956229102345 -617.6111189240081
1312.375655331791 -602.3339101299644
1314.3232837728124 -588.3487959813051
1317.9573507752361 -575.1803382744595
1324.220874327884 -563.1696689225141
1326.679480548945 -549.5612394359533
1326.2172509784748 -534.8343698820198
1325.595916612107 -520.1648448917977
1324.8165155453146 -505.5543493417606
1330.4432484322454 -493.4387122035061
1333.1367329400964 -480.245199128327
1333.812003579393 -466.38453995337954
1334.3448499464653 -452.55366689636395
1335.6858820609887 -439.06630987011397
1334.9857647410138 -424.9870679666038
1334.1394298052662 -410.9598299577208
1336.0230223506037 -397.84228501902385
1337.7780719749417 -384.7256556859806
1340.3683630007333 -371.8785439719996
1343.8014957495186 -359.2750200352881
1346.1476684312388 -346.39061011687255
1349.3411943518877 -333.7339377783167
1351.4427622730652 -320.81686411369856
1354.3958968722498 -308.1115942894946
1355.2753343874538 -294.9538404580883
1355.048182436834 -281.6033083517181
1358.6138601816372 -269.06017713952235
1359.1151826642122 -255.9197535393171
1360.4741193025845 -242.96948513724308
1362.6958067974228 -230.18283632087076
1364.797319514865 -217.37588791087137
1365.7894862547664 -204.40175937584664
1368.6390899107967 -191.70561172836398
1369.387417608833 -178.71513784403268
1371.9980753127354 -165.96771173378858
1373.496146702932 -153.0762391496409
1375.8512495928614 -140.4362452992875
1377.1076069218288 -127.52897301411123
1380.2360005323824 -114.77622939604505
1380.2542624109471 -101.75544750239291
1383.1436018207044 -88.93692564086443
1383.9167391251513 -75.96353841948269
1387.5650942809928 -63.119799849013816
1389.0953040116817 -50.14216162765177
1390.5040519177292 -37.141373162250986
1390.7911884844432 -24.101245487120732
1391.9560059995924 -11.066949067488894
1392.9985827484027 1.9870734615181977
1393.9186512105184 15.059674878589103
1397.7153437894287 28.210241679210913
1399.388499958713 41.37422124104666
1402.9359886115456 54.64990263984868
1406.3572020709396 67.9957365075083
1407.654463787812 81.29520636696651
1409.8235447821862 94.69198792818226
1408.8736553833653 107.90747502705452
1409.792528225117 121.28490161859725
1409.5887557277883 134.59398101618584
1414.2319465742064 148.43180686406436
1418.7390436172154 162.36848867963508
1421.1237919829637 176.15665715482476
1422.3831502262553 189.87146692548023
1422.5200756117133 203.48374500594804
1422.5266125946257 217.1152607719227
1423.389506650527 230.92490631625063
1430.0315309874934 245.78612731715785
1432.583558263741 260.07758187202234
1432.0462768544983 273.87490017737986
1432.3564296574457 287.88202170155506
1435.4650658127655 302.53767506073115
1438.424281276551 317.2768302823859
1440.258320103461 331.87342673488735
1440.972351080933 346.298546662108
1442.5122359421348 361.00893224021854
1447.7735733264128 376.7859875017508
1449.0036675352153 391.6495518566256
1449.1616273490058 406.14723662630206
1450.0470002553716 421.2644027809594
1455.563593145025 437.8751263896417
1455.1656965069233 452.84522268598687
1453.6624617277316 467.5408510105523
1456.7562516607848 483.82457900278325
1460.6172508498635 500.53296247079174
1460.520088698825 516.0252615010006
1460.260032346854 531.5605684495093
1462.6454370979209 548.1900449083618
1464.8461011519953 564.9122940243008
1465.9309127271415 581.3566539663666
1470.539123605319 599.3819199359457
1472.169157154727 616.3878427762357
1473.60824550056 633.4782859678464
1475.7698574778128 651.0547809208655
1478.6409575236662 669.1411799713833
1481.3009374945095 687.3401869364886
1483.747923638923 705.6494165640503
1486.879028039709 724.5044899624089
1489.7850830120772 743.4819476185675
1491.573561704958 762.1242090517701
1494.9139327720027 781.7936643412662
1498.0144475427282 801.5944828610379
1501.7501105082206 822.0040179880797
1505.2323926092788 842.5558997714907
1504.9872235258817 861.2603886304406
1507.974697162287 882.0551642149763
1510.7021277291506 902.9834335549115
1515.7276086507054 925.6056484129804
1516.216335792738 945.7573806612578
1519.8320054602934 968.1501304955461
1524.834773843826 991.7862231734457
1528.6916059620125 1015.050232186212
1531.415372761395 1037.9147152199344
1534.664306789493 1061.49020978355
1537.6026677002767 1085.2198101218905
1539.4163325929287 1108.515383269956
1543.3431475241039 1133.7181876420577
1544.5283069881943 1157.29525572007
1548.0357879630135 1182.4927903313967
1550.6464428575234 1206.946812934733
1553.722994650625 1232.1663263918122
1555.690329247039 1256.9119298850019
1560.4236463231543 1284.336032351172
1573.2150905624694 1319.0160267511994
857.7686637487227 732.5414114510735
860.1335403167319 748.1779820485264
854.7992744113975 757.286075710988
831.5514310137102 750.2814255857937
804.8210026712687 739.5350929193378
769.5940610292411 720.1673286317013
740.5791411192682 705.7418336325593
711.8916257764532 690.850427480043
721.2352703998454 712.7521902676006
696.4050418328792 700.8309480250896
684.4234382392777 701.4018514294966
682.1754424515218 711.9218115187023
658.548949582973 699.8816192779767
642.6638227149939 695.5517313423574
637.6633818702975 702.8416688143463
635.9093076724472 713.8314593904845
638.6163880830203 730.1158188067132
762.2589803787549 887.6154836594171
808.3103941981926 958.7232690569069
791.9174561148783 956.7814498100074
772.4741589316234 950.7411181719666
730.1367375451694 915.5005977534349
675.5618566020568 863.0366028763682
652.4646393972787 849.3120123583435
640.5094265962828 849.613838423846
630.3870242972091 852.1808491146172
619.0962747985698 853.0157106000648
608.4226624378333 854.5307857719687
598.345424030173 856.7425246491225
587.1481756501665 857.1919387340744
575.9924093948907 857.5090345410179
565.4296302667465 858.5297509209627
555.9808985210775 861.1098887364466
546.5320803696848 863.5894192999266
536.3938101819778 865.2200184915167
525.6384191616863 865.9522228744514
514.9169302104118 866.5590314471864
504.23074706831727 867.0411487991366
493.58126320126587 867.3992947983315
481.9971126718788 865.8867035449684
467.61655939534256 858.9637672098062
442.6027577722914 831.5448267004987
389.07106667218034 747.8453751134467
436.40068572218485 858.44245089651
433.64509296468424 873.2565106242555
422.35888061573144 870.9976899883411
413.72081970210775 874.0275072015846
405.06316552545667 876.9719675876171
394.7437048816712 876.1840031958425
384.4750757542893 875.2799073003639
375.8327143874458 877.9377943773492
366.7895228460352 879.5876567633143
354.73915728041084 873.7328712438281
302.7795450568893 766.3553660640363
247.85327237624574 645.0191899256847
230.92936459563575 618.2811889160595
217.25980697923555 598.8047897865758
208.62866947908847 592.3327428661911
201.10872762258003 588.5909272780433
192.73455685646735 581.9127001478324
186.03139066407962 579.8907842754431
179.97641464221712 579.7046577116081
172.21640771063542 573.7094289927996
164.58529109197707 567.6201916388891
157.62302240531972 563.3648753763515
151.79698396056003 562.891353336039
145.74256009095487 561.3903331712565
139.72986315528794 559.8254775754713
134.45864768221557 561.1148474808609
128.0561670032734 557.4814957399302
123.02221089345713 559.6378611449423
117.54799533481285 559.7914511608469
111.49291948157227 556.9500237054269
106.62411552989424 559.9386555574349
101.24987737461598 559.9191569607395
95.32812356279666 556.8999451050396
90.26927339329319 558.7552758418008
84.73331472697168 557.5986597682781
79.36792742988443 557.3775489697128
74.14581876004704 558.0962260761152
68.91721013715876 558.7659779790737
63.682559924363254 559.3867459651506
58.44232701443677 559.9584756150564
53.00799398391296 558.4900648837017
47.94695108104524 560.954623728187
42.92022046364062 564.3703169687014
37.76722046877943 566.7430079481021
32.687834328624895 571.0652375052297
27.387412817813217 572.3451140869
22.027443840776243 572.5764505442407
16.752797996032143 575.7563232473475
11.400805750064647 577.887551023769
6.010370035062643 579.9688573122195
0.5839579815840553 583.9997080419439
-4.917407846138017 587.9794376507351
-10.617318095571065 598.9058962445248
-16.63059003269629 613.7747334936201
-22.668078832110265 621.5868066505765
-28.578492968388943 623.3452251679287
-34.854712971645704 631.0381517655364
-40.89047856582109 632.6799892225596
-47.10770591231419 636.2584883863467
-53.145990058852135 636.786073764702
-58.828286742710155 633.2734264746291
-65.36583360828295 638.6636891171239
-58.89659373740557 526.7173732146406
-57.44301842781972 473.5285626378848
-61.484921706776355 469.99532380940934
-62.68587134337522 446.62230299652725
-60.34137891041826 402.5020720334112
-29.45470147627437 184.66569947053935
-19.676596851418264 116.34789012417353
-19.357277591152467 108.2834050270819
-20.740636460041646 110.0628275088024
-21.56595176458814 108.88484616551312
-22.389296634598807 107.69735092474626
-24.04325062046563 110.4125088004139
-25.528417390708608 112.1307268572079
-27.74166787500757 116.74930348191707
-40.379521124309754 163.07511849994597
-109.78290446086982 426.0841629163604
-113.28286407873819 423.0969069919067
-111.11363699958169 399.84842087061594
-44.015472714391315 152.7862499105488
-36.30744236891524 121.69950545761432
-32.44102379123717 105.10746869455275
-33.43176571174249 104.7965507132518
-37.861481354397924 114.92392366104883
-44.73806505944747 131.60359240817343
-147.85851735058284 421.837479187053
-157.60841239486788 436.41217712429756
-163.11515489037285 438.6541305460256
-167.24866886894486 437.0948212477083
-176.85982020055243 449.45478526613584
-184.46911214840063 456.1087004905528
-194.5215157539877 468.1990814907384
-201.67913005118163 472.78063465184204
-208.1382566950361 475.43607993078444
-215.484643103206 479.83577251668504
-230.46105866340451 500.488461844769
-252.67470254171806 535.3685596815097
