-833.8781025959007 1722.801007084411
-844.0439467653493 1703.3469452606453
-857.7996562445296 1690.8565136482655
-797.6652075108206 1536.2588378026403
-799.4429454887695 1504.8278894638552
-809.7718950263214 1490.1964561847142
-824.7535933463558 1484.245771515713
-839.2010334205819 1477.27540611283
-852.5860805557043 1468.4348726595476
-868.4302805346966 1463.7734960882533
-886.3354741340053 1462.364327823832
-904.8172542470427 1461.5973236212644
-924.9659630071567 1463.146939742637
-971.2539617851525 1504.7746481505612
-988.145417427264 1499.728186711678
-982.7062381057121 1461.3040236679428
-1071.1267781343481 1560.812745066983
-1084.070290454806 1548.1897833771002
-1111.4031043340551 1555.804338493959
-1124.840522431278 1543.6430283898314
-1124.4277229926704 1512.906902544079
-1123.5367645565955 1482.3174891667768
-1108.7165789685937 1434.4743105124533
-1102.3813680056332 1398.8267653551773
-1002.7756058342569 1248.0553210269723
-836.4355413281736 1021.1638385700138
-751.8073588924724 900.3969652964881
-749.8907442529144 881.0861885671629
-748.9883751507945 863.4033900147559
-751.1319683915036 849.5626910712978
-750.4040945323627 832.7873047237601
-756.1912741263792 823.4675202672679
-759.1364484776873 811.1922414524707
-763.2981113369104 800.3824043727507
-767.3237458811407 789.566507019475
-772.6209347393408 780.1672200256221
-779.9402790417923 772.8500249907553
-788.6241902542507 766.8584527445905
-797.264319116344 760.771717050491
-809.5093686689536 758.0076398277212
-821.7726916474298 755.0798919733847
-833.9365945519603 752.1161853510928
-846.2780774663464 748.8079964849899
-860.8969111383183 747.2994770455166
-873.2785572145547 743.6353686513745
-891.8075117866765 744.9317834009076
-913.5327590453668 748.4777205441454
-931.5067536635567 748.5453679498538
-1191.470246680592 938.9822422574822
-1195.5788166055945 923.9655260257097
-1197.1190627379933 907.1438417524026
-1198.4483699061427 890.3766083345348
-1193.9095755180342 869.5452406208357
-1183.387337893543 844.8138306829698
-1096.3044137739016 767.0466950191897
-1040.851313102463 713.6333400373601
-952.1153374680972 639.597830013526
-897.9965339892509 590.9545032769378
-903.5634897023806 582.4070913689633
-900.5928204686829 568.4694993755272
-914.4528442241252 565.1557269376359
-938.597549819995 567.8412097337616
-1110.875917536556 657.7504814421006
-1542.7812795390312 893.8204089770549
-1547.71304582078 877.1689277420649
-1545.470992743919 856.6261790227552
-1497.2614811722337 811.4290215403493
-1547.3097300833738 819.6545608909383
-1547.9129261240935 801.2581189217037
-1533.136230099741 775.2530554312924
-1332.4034279053349 657.9491662021567
-1305.256975412932 629.2100032071047
-1291.261269684626 607.4317520614538
-1286.060349756481 590.1472500861443
-1288.8637964350564 576.6923913482935
-1293.3611997788978 564.0370616426637
-1297.734566425744 551.3483427959007
-1303.8317640599246 539.3920012647436
-1312.6017241089326 528.490031945975
-1330.5932117683446 521.1167861391542
-1340.1507956044402 510.24684716398417
-1347.6376009836008 498.84055209572205
-1353.2071211679297 486.49202174383544
-1360.551828317191 474.7417429116057
-1368.7421742105184 463.21686124045914
-1372.0847471514387 450.02160685279614
-1375.3002794216432 436.8044658914906
-1383.1680887395564 425.0353376985992
-1395.7288447254957 414.58050123134484
-1413.0206887965185 405.30548112875607
-1430.2602862552346 395.74172582770996
-1490.9250213040837 397.48154780998016
-1609.861486598212 413.0254156438748
-1611.7300768067742 397.39924448396994
-1614.4204478534125 382.0047349873915
-1617.9391544104913 366.81588382383956
-1620.3376794844817 351.3827036762695
-1621.609879326929 335.73411990636686
-1621.750141753804 319.8991680538055
-1624.6848696535264 304.64417657146186
-1626.4915457260208 289.1872260003525
-1629.1374399115862 273.8890320518926
-1630.6517728535964 258.4101307793924
-1632.019144182575 242.92697055200625
-1633.2396077215246 227.4409456752255
-1634.3132305128026 211.9534490656066
-1637.2258123994275 196.7044463479025
-1640.989972946631 181.52936040380618
-1643.6184074348714 166.20027298791294
-1646.1035678639935 150.83780648574694
-1645.4551343870157 135.19763577595566
-1650.6424978244204 120.01810020141976
-1651.6975098508049 104.50041125589176
-1652.606643330445 88.97349279464599
-1653.3698179683297 73.43871616097448
-1655.9857421507506 57.9674201032539
-1657.4570515847288 42.42784642257191
-1659.7823236312986 26.881930010458213
-1667.9614732405084 11.336833127158052
-523.9982272295687 -1.363033480641842
-530.9617739472463 -6.37138970659277
-526.8807802417448 -11.209077207791127
-516.7574291204315 -15.835385970737173
-515.5873142829436 -20.633016030168864
-512.3751854596239 -25.311446525554704
-507.1243587240588 -29.814170937862496
-512.8090836485717 -34.96918253994923
-510.46519100987024 -39.61424954806903
-512.064383218048 -44.565316553572735
-514.6108171969788 -49.64581375964819
-521.084487789297 -55.199244427491884
-525.5118572826659 -60.648889976016456
-534.8438696671998 -66.80595092815786
-1699.7111526155772 -228.48850665673743
-1700.4667351553705 -244.820102585622
-1702.0536585741113 -261.3376041339682
-1706.4408623419763 -278.3892658303689
-1707.7011614197838 -295.03515601623013
-1709.7827685177542 -311.9084552873859
-1712.6797266570102 -329.03518641335165
-1717.3658094334871 -346.6391157801778
-1716.0016836321556 -363.1173663866923
-1719.3611471886338 -380.6812912899517
-1724.4901243785382 -398.790434841276
-1725.5414101440156 -416.09114611849435
-1725.4495805620131 -433.20289119346046
-1727.123403171403 -450.8544667823881
-1730.5477778732368 -469.09848486005774
-1733.781251839628 -487.44596702548665
-1736.8221895813308 -505.89493155981694
-1739.6689760420584 -524.4433752053466
-1743.274712757928 -543.3868565384735
-1747.6293421170715 -562.7501066827547
-1750.8244143993245 -581.9268596166211
-1752.8668840763737 -600.888248103077
-1754.7071109939757 -619.938670053075
-1757.2833328600227 -639.4179290983095
-1758.7113958287196 -658.648788188513
-1759.9327428909241 -677.9621969552786
-1762.805455197276 -698.0923485662371
-1766.3809473636084 -718.7122851258638
-1769.7911713982246 -739.2991340728731
-1772.94936170361 -760.0602350042803
-1776.788993295979 -781.3461929914689
-1777.6502561365796 -801.5357551959568
-1778.2889620632952 -821.808595357732
-1534.6741768673037 -726.6217522594983
-1520.651949586828 -737.3721232985278
-1522.6856783499961 -755.928782986739
-1507.5660590062857 -765.9801418654771
-1515.46095522096 -787.8084114813548
-1478.0487750322097 -785.9057313862679
-1466.2833138431897 -797.229103548681
-1450.9392174847974 -806.4585464638615
-1410.3353411734263 -801.1480671119637
-1350.9313854889747 -784.1099359789031
-1334.1189855867974 -791.0294130415471
-1319.006318626662 -798.740465622558
-1321.727463351373 -817.2836182273231
-1259.1053479971235 -794.8425772724073
-1256.702565759947 -809.7676587839047
-1173.08422646326 -771.4203767227664
-1164.1985976099006 -781.1821972645951
-1143.6806745023014 -782.9371077998288
-1078.958567925245 -753.4616172710487
-1001.8563030074714 -713.5712635218724
-987.8950563180257 -717.5683644799321
-983.5897817637325 -728.5102203881378
-998.3186210407481 -753.8971620077234
-947.6835185407184 -729.597113951449
-907.8172162083758 -712.4492276335731
-889.4388353010248 -711.4910809408341
-1095.9227202322766 -893.5039962298363
-1102.179516539099 -915.7998216431567
-1103.5361492690474 -934.4110269343158
-1108.4266970854353 -956.3923134301491
-1459.2200913141455 -1282.9363682993544
-1447.2258104997152 -1296.4514851792346
-1418.8570849070247 -1295.0233868965997
-1400.893725556592 -1302.7147691249115
-1382.184594379585 -1309.4967533597562
-1379.3374999240657 -1331.283989726921
-1185.515887793285 -1166.242290345235
-1122.0910387145118 -1125.0923076959455
-1116.9122783627242 -1141.4534429588396
-1257.6485338297894 -1310.029070423928
-1293.7858039778598 -1373.6401615508198
-1274.5274145650606 -1379.2983250631833
-1259.9806697835186 -1389.9009719299702
-1267.2775346549747 -1425.0111052756079
-1285.1933288823777 -1473.194864027238
-1265.893058950435 -1479.2984023857764
-1246.5936609799976 -1485.1684229084883
-1223.4843699169035 -1486.1732727273215
-1202.3545361636664 -1489.2076985318922
-1181.2786254503335 -1491.9751368753336
-1162.7127806798674 -1497.6364677863887
-1143.5410261577829 -1502.2842345887827
-1121.9944223968798 -1503.4974280358088
-1104.0716952966793 -1509.2798586228853
-1102.4564085308687 -1537.6130421173002
-1087.1769794661889 -1547.232114234569
-919.2651483654182 -1335.1376659358787
-867.3531488710072 -1285.8069509625263
-833.0073758674238 -1260.6425789058803
-809.5451157759286 -1250.8943622557974
-789.5571297503179 -1245.8830357864415
-769.2117120901045 -1239.75575900393
-753.2083422134023 -1240.1928048574296
-738.2887433034098 -1242.157289360519
-725.4112370266165 -1247.4083281730623
-712.5007931337564 -1252.526893836523
-698.5864809071951 -1255.7650770322055
-681.8085920133921 -1253.58128729521
-674.5241686256495 -1268.8522947687318
-662.4005588739221 -1275.223313621389
-652.4791903673171 -1285.9373647801087
-639.3058254351598 -1290.3054140646968
-629.5917672293854 -1301.7412210715997
-617.1567456804914 -1307.6825116445755
-604.2475002383009 -1312.5966472819305
-608.440185066328 -1354.6311458092393
-600.2950085481542 -1371.3697177319366
-590.7085866275949 -1385.3156195194038
-859.2871382559086 -2069.711722445416
-565.6559560580275 -1400.0476203958488
-804.9935376447568 -2048.5083364121756
-802.1761021615234 -2100.004166929424
-792.1851254985612 -2134.7533175846875
-770.0789061491312 -2137.513152779219
-743.7030023914019 -2127.7739175565657
-719.5092477370325 -2123.4100975602637
-708.8772470197504 -2159.6347025961823
-705.7936295030416 -2221.5796975469784
-722.1477861151767 -2350.5709040590436
-701.671342932547 -2364.0671154828146
-651.8131033914186 -2275.4842733465
-616.4892298723552 -2232.4419431311962
-587.7010629649058 -2210.1982853558457
-564.1013914508397 -2206.0187261587844
-542.5431148989938 -2209.360081217115
-520.0556870029577 -2208.5975374467575
-501.8104563157523 -2226.142463080963
-497.3861764997145 -2309.0368103230826
-477.7394893613643 -2325.4335037374735
-456.48173680917745 -2334.794514290214
-435.27122884360153 -2344.944339923867
-245.12520794410509 -1394.6216807544472
-228.8562550402384 -1379.1406072366071
-216.9166856380348 -1389.1663512667624
-330.8189359738279 -2259.9147841458857
-308.42148094959873 -2257.0246321404775
-126.18029393675687 -994.0234068783459
-114.12497693911365 -973.3321579186864
-105.3645339009116 -979.3484134851312
-96.40211900662693 -984.290420277995
-225.2050518284669 -2550.075035098171
-196.30465751106962 -2494.287169000286
-103.27259982457355 -1494.435937109876
-88.76640485846293 -1491.3606288783756
-74.17869081471339 -1485.1486531081712
-60.32406512819352 -1483.7742440029108
-45.90038892704526 -1478.2875749651507
-31.11577937912568 -1450.666332508489
-17.03135059657163 -1436.8990685141587
-3.241058281904419 -1434.9963399051628
10.533163370514385 -1435.9613687245942
24.342530233611896 -1437.7939495010494
38.21454488425721 -1440.4931962905237
52.28501724102728 -1447.0557269753317
66.34781747489036 -1450.4833563734257
80.48117953433265 -1453.7739782169588
94.7486173247986 -1457.9244491793938
109.17749060284295 -1462.9317398790915
123.71111890668192 -1467.7958165422249
138.3480771020407 -1472.5151305036454
152.98383115096397 -1476.0934751587968
168.1514355240384 -1483.5006217495177
183.3529950959836 -1489.7592688717637
198.16334670772548 -1491.8968757999307
213.31388794310223 -1495.8670346025403
228.86009585298808 -1501.6604331626245
244.37684260651702 -1506.30540024182
259.66446483355605 -1508.8191958292098
275.55988745921115 -1514.129369777717
291.5809644748426 -1519.2727013791568
307.1322671972769 -1521.306599751102
323.16391874561003 -1525.138053299104
340.16387899518105 -1532.7062782630442
356.2084730379086 -1535.217093357158
373.03849241165534 -1540.4763169809653
390.24668001489704 -1546.522721700962
406.589151635291 -1548.510982128475
424.8481377955508 -1557.0806208451934
442.7637178326104 -1563.5169619070477
461.6866835511214 -1572.6304099283998
479.07961775769064 -1575.7828910891071
499.5757730162812 -1588.2849388617853
519.1186706030512 -1596.7331667599697
539.1875399510038 -1605.8993731742921
560.7891122034378 -1618.6057492898262
582.4949926336066 -1632.172963737843
606.0417088284038 -1648.1048046651488
692.6223413789153 -1829.264959545989
676.351063448605 -1735.8911944508334
679.5588250672622 -1695.9153290401034
608.1832364021459 -1476.6591180632759
609.4420406067499 -1440.3737012112797
614.8443194534998 -1415.2086287313834
617.7849469958355 -1385.5074013751614
623.1257223941636 -1362.2475304036163
631.0509267799969 -1345.3515257396882
639.576705087186 -1330.2321745882628
647.871118720295 -1315.0737673332676
657.2857225117563 -1302.5576681983023
668.3564171236786 -1293.5361222979432
679.3147122551502 -1284.4222521093686
689.2079127196885 -1273.4584614523437
699.4379908808982 -1263.2982612639396
709.5368348346988 -1253.059248404782
721.007018287216 -1245.339262843896
732.9037684343236 -1238.3751718339508
744.7332595915104 -1231.2974344398692
758.0715313984283 -1226.6586947000546
774.0582951892808 -1226.1051160682205
789.0198111788716 -1223.6763205877842
805.6553369881472 -1223.5785540710147
831.845432753997 -1237.3819846782624
855.5434170835362 -1246.6713526367027
879.4946264533676 -1255.618653110749
903.1131386400205 -1263.4063712106931
919.299670828839 -1260.3523773984753
896.1077202903655 -1204.1561168037988
939.0444898881829 -1236.933484877276
945.3403081069408 -1220.765211606341
965.6687381934918 -1222.6397212898776
1045.7127483260917 -1298.2194914529252
1084.7599876414379 -1320.5971260048038
1120.4768405959253 -1337.7431179745136
1154.0219383660242 -1351.2817492180986
1157.0635607719262 -1328.8521047632769
1183.9349407567597 -1334.523906138548
1237.4194819855222 -1368.5094174329536
1238.1130269977389 -1343.5047943265763
1237.760696236151 -1317.881807618953
1239.8013964190243 -1295.2766103954157
1242.922632939406 -1274.183396739643
1247.1665635845256 -1254.5662846883642
1246.881114145221 -1230.7686570545955
1249.1313102144545 -1209.8727081151637
1253.9979828583748 -1191.8007631257528
1256.4410803134606 -1171.6995398568458
1260.830138123736 -1153.684689505274
1259.038483284566 -1130.3477772829476
1262.9224425689363 -1112.4369213828315
1263.5543228075576 -1091.9388596960612
1267.726128500693 -1074.76251475228
1270.9177212174395 -1056.9660098108502
1273.1117982304002 -1038.5737090869175
1275.0723163363393 -1020.2350651260141
1276.013800889883 -1001.3354981915674
1279.0900720330042 -984.3396708588983
1280.3630749091028 -966.1709974995663
1284.6230797940984 -950.4459705108573
1287.8910927228683 -934.1399966199372
1286.0760404243408 -914.380893417207
1288.1055884571133 -897.5990156999692
1289.1074782273968 -880.2970575767031
1289.897950064579 -863.0569381096459
1293.8236426308454 -848.0739247078939
1294.2156939039028 -830.9330524493772
1296.9395986036973 -815.4579557363342
1301.190116925777 -801.0544798043904
1304.4280052135503 -786.1275845653797
1303.1936498901682 -768.6711331160693
1304.3448165193463 -752.8084747258848
1307.054605146662 -737.9764624735013
1309.6008887487799 -723.1607789339837
1309.3444136126966 -706.9379085472954
1311.5520005477088 -692.185199104476
1313.5980365678076 -677.4542038582391
1314.465004701194 -662.5449052071039
1317.0583381922875 -648.3682085036017
1318.600250131491 -633.7683964613329
1320.8897195131733 -619.6219402865026
1324.8486035724932 -606.3210186130898
1325.021562539311 -591.3703228991823
1325.9478838885136 -576.8693172734817
1327.639691547598 -562.7937894357033
1330.1086377965644 -549.1193054874029
1334.293781496503 -536.1940923394835
1338.3535291462301 -523.2387896762156
1336.6792411584665 -508.1226291516897
1333.9014686523524 -492.73813727688844
1335.6594803684459 -479.13959604888964
1338.224323595746 -465.8805208813822
1339.7105978037287 -452.2958259064259
1341.059942782026 -438.724548966056
1342.2727439388846 -425.16806192231536
1343.3494003549124 -411.62773056014714
1341.4138118823914 -397.2530494422319
1341.250064843121 -383.5013214557724
1341.9106303230449 -370.0538612499649
1344.3700793952655 -357.1415540465257
1346.7054259723843 -344.21576904107485
1349.8877768524162 -331.5161985551261
1352.9503723012808 -318.7872175759651
1355.892940620512 -306.02995535643396
1357.7377277952874 -293.034575641323
1358.4786523498015 -279.82986100462443
1361.0540452619068 -267.02225726744103
1362.525628901894 -254.00769788630137
1363.8728836497278 -240.98912266941824
1365.095864557942 -227.96771825590875
1368.1703352298061 -215.25550816915225
1369.1478189335824 -202.21337717721417
1370.9916871670976 -189.30872594446174
1369.7383917633779 -176.00493779855984
1372.3283843945976 -163.21398648680105
1373.8047854503666 -150.2811081728918
1376.1543594265518 -137.43427167667107
1377.3694858608003 -124.66875879527547
1379.4770035192626 -111.79980662557848
1379.469309402547 -98.75942697515245
1382.332660221144 -85.91517028985815
1384.0776417584416 -72.97315660152985
1386.7004343407357 -60.04919149510035
1389.2023793279695 -47.08236686391628
1390.5832023714997 -34.04933600269553
1390.8417824101818 -20.979425684907078
1390.9775227783073 -7.907662456331857
1392.9903977007332 5.172225203235726
1394.8801036096997 18.28924694441071
1394.6466269685618 31.39722734913689
1397.2884476752424 44.598138899635984
1396.8076192814633 57.72759060666399
1401.1969987911082 71.10534845418526
1403.4614721594353 84.45055455158533
1406.5961903966286 97.91402944262508
1405.6138995133344 111.12859890648231
1408.4918826189166 124.6860721837829
1406.2626781262736 137.81973773418846
1407.8881905313372 151.35006759957938
1412.3629995642825 165.27176849596208
1416.6999610835678 179.2908817140951
1420.8976399872922 193.40604095669542
1420.996407462463 207.03915083571502
1420.9642521938465 220.69117333319525
1421.7874949195527 234.5236007108516
1424.4461762128853 248.7349816018838
1426.9628841932679 263.01697119165283
1429.3365272783042 277.36815207950104
1429.6063209373508 291.3876578305482
1428.7606564451344 305.22776183445126
1429.7328034980865 319.5138660551401
1433.483781156182 334.52690349533236
1436.1065972472222 349.4021198318706
1437.6065252142953 364.110530829966
1437.9893689062453 378.6232625085497
1441.1198807696005 393.9663554805309
1444.0884177537832 409.4015653479779
1444.068456779785 423.9000968785571
1443.7684949353632 438.8775831961303
1445.221631974878 454.48810157348476
1449.3607269072218 471.09392195078175
1447.6253959035284 485.911219396252
1447.6287802193642 501.3929743031868
1450.293209273799 517.9281872367101
1451.8345118203936 534.2148914877225
1453.196265965124 550.5784345440898
1455.308838938714 567.380104785894
1458.1603558272404 584.6446584839169
1457.1156230792503 600.4915161585285
1460.5050360783525 618.321145999205
1460.9344344295998 635.0744667343076
1461.176295278407 651.8925019636824
1464.8665816075616 670.4378405858198
1466.524205978707 688.2635783466413
1469.7762887208737 707.049263569304
1471.0082149151071 725.0757420106331
1473.8142696015047 744.0917273555613
1477.2784092412737 763.6867823850116
1478.7336355143905 782.4805653806322
1484.3603500009367 803.7526680174049
1485.3402090533139 822.7809327940564
1486.960996794883 842.3942034527352
1490.0720723030101 863.115994141351
1492.9215623954 883.9740994706109
1494.6515933898734 904.4476847099075
1496.1254315438784 925.0349685755904
1499.8774959517536 947.3349445351929
1499.1368310552687 967.0805353090129
1503.1652813822332 990.1990390053263
1503.5680160955956 1011.2503255744123
1507.8264550105441 1035.2296274596938
1510.9432281035697 1058.808557506013
1512.9320157484926 1081.9596645546462
1515.422582344131 1105.8347059671466
1519.1976007888509 1131.050241924469
1523.4236098414344 1157.043432623725
1524.127549626721 1180.770601119814
1524.8861662713364 1204.1474909305366
1527.970663323464 1229.156886659654
1532.273564638382 1255.587003401352
1534.6869095206703 1280.9126003540969
1543.6237592007878 1312.212517098823
845.2355821012798 731.7792090172492
841.5903759067714 742.0307535278434
842.2931339029338 756.2845209178714
820.6661571768831 750.3672823787878
802.8754607919109 747.5292599344701
772.8670749848825 732.735616989042
733.1210899987386 707.738982534565
710.2949280497677 698.2099363277318
702.5446071440999 703.1835286557431
694.0621444646275 707.3604029214262
675.1533986263277 700.6403416327946
666.046706892339 703.8059279644289
637.8767296587738 686.35433834123
637.7171166469282 698.7366307383121
628.7088931310165 701.4906469069792
615.0785257091308 698.8844018945351
615.9319795411316 712.7354323860594
660.5803385742463 778.507942341717
794.3374681964053 953.4720691343427
781.8925325262425 955.9649928630749
761.9545861403541 948.9542711109327
739.7319585171074 938.5209798126222
692.0612570810158 894.5458157341324
642.2250295979308 845.8079045255707
629.1800215661871 844.3586326093744
619.1652725214504 846.7794076992177
607.992476027811 847.4633615051282
599.1603916291969 851.2859831471134
588.0363516419919 851.7266281780649
576.3928371816476 851.2081397905514
566.4665758953965 853.0484267574409
557.0999298672344 855.617127073741
547.1951908514314 857.2435028094791
536.7762997040852 857.9132847065549
526.3901842862389 858.4651267739997
515.3191039416963 858.165031397066
505.2166152644449 859.5144976443025
495.13435664540464 860.7502360553503
484.5831012986031 861.0012879989366
474.07095065578534 861.1304975114514
463.1252308066183 860.2581127721589
449.9091572424229 854.8320011729866
403.44448774832273 784.3191603585199
378.1046128778911 752.3303142373436
422.5844264765998 860.8736274851514
412.7587188392231 861.1940780231847
404.659269101707 865.0294075521782
395.6937688496605 866.969112075829
385.50761068585786 866.0761410541692
376.56742283120616 867.8208202516598
366.84963458726446 867.6320335275724
357.54946310856633 868.262276867293
345.6652856557853 862.2972285079572
328.474518997513 842.2116660135696
247.15504920288535 651.708049400588
226.50470107601944 614.5897984757501
214.32475456899618 598.7995487464394
203.11794025510073 584.7256641763943
194.42944445686032 577.1292672601145
187.45344905584702 574.1752384395089
179.34447423003775 567.3275593192625
172.2581354672775 563.2478448829938
164.98083813966346 558.1266191884546
158.91284081979003 556.7653985500393
152.61956536523584 554.3755660810878
147.4106940401982 555.7833096473724
140.70513240975322 551.3284553816843
134.33447072478148 547.7684273259027
128.50123220200805 546.0846393395126
122.93139710353556 545.3153872816838
117.80885185679197 546.4449418049219
112.67593263160224 547.526377634538
107.1483576414284 546.596953389556
101.83133146197795 546.5952615351516
96.52378840201995 546.5420004652177
90.95780489333123 544.4544771870158
85.98116276669597 546.2748755427865
80.2474334268583 543.1034426593169
75.53904846264844 546.8069605970261
70.25794160304365 546.502352823575
65.10744790530396 547.1398543583333
59.95117819371374 547.7288163253652
54.590716622663685 546.2790986836528
49.352960516001346 545.7731078830342
44.37161402245435 548.2072234739727
39.20621080281075 548.6008321489182
34.099215453650146 549.9438548665178
29.075358760609927 553.2364987172681
23.992487937684167 556.4830280633545
18.75004082763256 556.6843234445911
13.505930305805629 556.8362325195575
8.260621604000464 556.9387418116246
3.0308165776914295 559.9917982889324
-2.259775784731133 563.995472866053
-7.625517186009778 567.9488106226175
-13.043082891005291 570.8510120764422
-18.645020606467213 577.6991978586991
-24.54377932714372 588.4884050653338
-30.64739349233529 599.216769852218
-36.71329833523451 605.8887139775325
-42.83768542015009 611.5013758838522
-49.07102101842971 617.0518899543287
-55.23535219157862 620.5465783229107
-61.46983654022839 623.9795342763396
-67.451633540303 624.3671012575412
-72.7455756744678 618.7382978447272
-77.81340509940942 612.073585434656
-71.51955175577903 523.1337818537935
-64.86128173471081 443.27983727181913
-65.951698202815 422.8881335579952
-18.953493870310123 114.441098693206
-18.303775664396717 104.40771904618661
-19.28635552253854 104.2306888140832
-20.267224389692235 104.04441174583988
-21.647168743221417 105.80831765698998
-22.627285421569432 105.60305845216241
-22.96954148931139 102.45682097240184
-24.850209726099518 106.12948259823408
-28.225513362224625 115.60415388487941
-42.129877154425074 165.72891555474877
-99.91451372195057 378.01863703752247
-114.60437779439914 417.5581834790915
-104.31434122526588 366.4416982478097
-43.56383991955611 147.7098231380137
-36.78543408589429 120.51071254918513
-33.10863007743359 104.8990877672235
-34.72002657776294 106.4824856698952
-37.95923351085109 112.78340565556921
-51.15887336918031 147.37289328637127
-138.45293546225076 386.977757321898
-153.8655301341975 417.55286927109285
-156.39228834315963 412.33778889011614
-161.37849154038616 413.63387490406234
-0 0
-175.65697712285254 426.22250807302714
-182.02195406842156 430.0662835390766
-188.07675423794635 432.91007670799155
-197.4585652488702 442.9843281763562
-205.38442742287694 449.28079969232715
-211.32510002638335 450.93868995556267
