-190.69144885324872 390.9754101401376
-195.64840566978788 391.87459902227664
-200.25458582484697 391.7883368046055
-206.7306260226995 395.19419057504217
-215.64809981416735 402.92045995027223
-223.28909548390854 407.8810854133567
-229.08896370178545 409.2422836291993
-234.93435053183305 410.5299635108085
-243.348745935625 416.0593561639476
-260.09645123071704 435.1997656906392
-882.2269332145163 1444.9652723546367
-876.7984811072819 1406.013308446248
-889.5142174501212 1396.8179755981444
-902.1345052908472 1387.5079583064157
-914.1053156463485 1377.25105623742
-927.6454703978195 1369.3757268370168
-942.8243254618881 1363.8351408133374
-960.2867375339252 1361.3983185373963
-976.6187240225358 1357.1292745676787
-994.730754327466 1355.0910398918259
-1024.278588634557 1368.0403403645666
-1079.6478213382918 1413.9312507613233
-1061.6335583011514 1363.421500449819
-1126.7069791847096 1419.1107719471609
-1175.9357220644197 1452.6996171173282
-1176.8866169253768 1426.0921747565765
-1208.341245023906 1436.3288048264146
-1210.1484920978146 1411.1773903635876
-1203.033741077088 1376.3334689783815
-1194.7049574088003 1341.0056169691597
-1183.128708731728 1302.9990247789112
-1159.396372178603 1252.856357360689
-1033.9668451066084 1096.3400764453916
-984.6908969142021 1024.5119997024458
-811.6998769465007 828.6997705834336
-802.5427756065919 804.0031674823599
-797.271523466225 783.7615184926118
-796.7284577570542 768.5523824698391
-796.6960395085091 754.1116764985517
-798.6605893538145 741.7824903656176
-801.202805743721 730.157561125261
-802.7210207837011 718.0306141049787
-807.2481353642436 708.3970976443594
-810.9070239915708 698.0901076803295
-815.207249792694 688.4229367804592
-821.7075394886448 680.6509527999775
-829.6860015249982 674.078733438061
-839.1777726107788 668.6625950028998
-848.6412145378144 663.1267518263634
-858.8686865245016 658.079462760902
-871.4750228097561 654.6993849231379
-881.6784767653784 649.3597335904669
-896.7234253786238 647.3971720491431
-907.7282869205072 642.3187348383676
-931.0433762072439 645.6370742302647
-952.847529859013 647.4454300105743
-973.9361376786345 648.3428103431271
-1242.232646998807 810.0290431400205
-1254.082403398236 800.8878357715915
-1248.064914030712 780.4601017127727
-1246.0381110689254 762.8302732349995
-1242.0743053630183 744.2818148772518
-1195.6028136051384 701.0919426861763
-1108.5278445885901 635.9638494220991
-1083.994015386348 608.2811641063545
-1037.1200027114207 569.0967404368636
-930.5629143214285 499.18800315072644
-932.6040972745483 488.93618985172793
-930.9746004500076 476.8671652745118
-930.9891950917485 465.7683100237912
-954.2391434799508 466.1240790290176
-1022.71097023205 487.5974480727097
-1593.0778397309964 741.0479043611296
-1594.5787640517049 723.4082977374101
-1540.1013109343214 681.1343127888837
-1587.8254131594795 684.2890159318125
-1600.706074977104 671.8899177182179
-1595.9055668164547 652.1207110683195
-1461.7092869120038 581.1496885959773
-1349.6396184860364 521.8063819204075
-1331.1312282188242 500.1736231156585
-1317.8645228842495 481.2921143370931
-1316.6939858651515 466.82539303956077
-1316.3138921887585 452.7490886030383
-1320.5290777519654 440.3032532375202
-1324.6265900365918 427.8181821381965
-1328.6060639104246 415.2949878585683
-1337.2533054808573 404.181391185345
-1355.407900712281 395.7441379057019
-1364.858373639494 384.5589940518306
-1373.2529028693616 372.9684500877682
-1384.4522176866853 362.01250937283754
-1391.6871046543474 349.9028475717214
-1394.928090000464 336.7500909096503
-1398.0447723194832 323.56732620918973
-1401.0368738816437 310.3557281958096
-1407.8174496699748 297.94467339546065
-1421.3498989922402 286.8178248204752
-1437.7429645209047 276.02747683997063
-1461.9281534614609 266.38707573146905
-1586.5733535949298 273.65122631287096
-1631.527283709448 265.57056032563213
-1628.0306131284256 249.24951898987263
-1629.3210597094358 233.72822762200002
-1632.4459621054762 218.4700913295154
-1632.450786505086 202.80391919025192
-1635.2859595333127 187.49888147189728
-1637.977561671546 172.1583790018257
-1638.53424730445 156.59348776510467
-1639.9394438889306 141.11917083538228
-1639.2043384496985 125.4796270622669
-1641.3135573751306 110.06728113564994
-1642.2794347595573 94.5688012286747
-1642.1001231067733 79.01383228726229
-1644.771336004571 63.58657293595325
-1645.2982934529568 48.05752345666559
-1648.6780514927211 32.58347013692954
-1649.9121203372615 17.029244381401313
-1651.9993588100854 1.4555037157826582
-1653.939419721269 -14.156125602431441
-1654.7319357267577 -29.786253305469373
-1656.383886982873 -45.18206440070153
-1657.8894580357874 -60.69221477095577
-1659.2496267206263 -76.23435070532177
-1660.4639276422363 -91.80710756209808
-1660.5339911652093 -107.34460482455884
-1660.4585839477681 -122.89137884397236
-1660.2375391981095 -138.44606689034484
-1663.8535960053764 -154.37684755162525
-1665.3268472574625 -170.18370016990457
-1664.6620722133646 -185.8095404824693
-1664.8433533645712 -201.55795384407335
-1671.816623775905 -218.23193273793422
-519.9274559721401 -72.80412437725114
-531.0943011623017 -79.42193193902011
-522.4303011568509 -83.11185494959264
-515.7164899193571 -86.97989437368642
-512.9143971722443 -91.43205769003147
-508.10868094890395 -95.47024847754899
-492.48116958573814 -97.2949001924737
-494.4904696801 -102.48987947867911
-507.19526133800105 -110.06346749161071
-507.1225766158488 -115.00735753204042
-510.8942373530343 -120.88042951388525
-517.5128806061527 -127.55163035697304
-516.3015069929982 -132.3697619426697
-522.7757875250539 -139.23532589669796
-1695.4525745940002 -468.5312874318814
-1693.8958475863965 -485.14003909135704
-1696.0115167824072 -502.8975392079769
-1697.9427387162038 -520.7364554560369
-1698.7349067377056 -538.3527808331991
-1699.3456969824297 -556.0289580114514
-1700.7215412033695 -574.0829550568767
-1700.01898129761 -591.5534322678184
-1701.9621427841414 -610.0728354300114
-1703.7071145755576 -628.679622498318
-1707.1222330612036 -648.0815391508461
-1709.3913243155062 -667.2378139425857
-1710.5227777808168 -686.1201255560125
-1714.223924895634 -706.2239979747276
-1714.9704741140654 -725.2036079039995
-1718.253540065141 -745.4755341750737
-1720.393486160813 -765.4640767374034
-1723.219416491268 -785.9712734111176
-1723.0941631894561 -805.3263343405752
-1726.3652883287284 -826.4737692471954
-1727.5954788454292 -846.8706285335631
-1732.1701232424991 -869.15514388748
-1731.1412578361872 -888.8565381530049
-1735.2071114894777 -911.4034673163932
-1734.5976670364073 -931.7359784358728
-1732.0065109907778 -951.1726688070637
-1730.075439289804 -971.1307709913182
-1483.3069298438484 -850.8234551757592
-1477.9306241083755 -866.0774043482648
-1470.6826246969379 -880.2775797522764
-1462.445034982247 -893.8962577703154
-1458.3231161031242 -910.0849900087761
-1423.663786022434 -906.931874160496
-1419.372600062939 -922.8382427005137
-1409.0754491781715 -934.8729210557625
-1339.0534282725532 -906.4352796706021
-1309.184030584577 -904.0565104363341
-1279.4761224765111 -901.20244785091
-1334.4020501059686 -958.551077759025
-1249.6116701762476 -915.3533054287449
-1212.2147226712539 -905.3753178318123
-1214.893736325104 -925.0741642906411
-1132.7859971086289 -879.2905576398565
-1134.7670072102483 -897.8378691874701
-1095.243840990857 -883.2269973068045
-1023.6449478584678 -841.2942533524371
-963.6575889479453 -807.1016362658626
-953.839452522613 -814.0677482933233
-946.9935417879469 -823.54613216985
-970.7402537897214 -860.1583340712727
-880.3201996753222 -794.7530094586624
-870.6942214088631 -800.8623931770138
-869.0574402362374 -814.3833038379647
-1046.6240640266565 -999.1932088441781
-1045.2002247403532 -1016.5237283028445
-1052.502022276839 -1043.3424620435824
-1050.2410108224742 -1061.151647591704
-1370.9728189722684 -1411.8985550099667
-1347.097917954648 -1414.049574605591
-1321.9419996392771 -1414.4134295140545
-1308.3917169813403 -1426.9572926106164
-1294.0536503184144 -1438.6278706105993
-1112.878730089615 -1261.1997986497324
-1061.5317398278578 -1226.3907881821524
-1054.3171142092701 -1241.7956444944703
-1199.2051208817259 -1440.0635673646652
-1216.411175812474 -1489.3867366666436
-1200.2751953210127 -1498.5791455565852
-1186.545375619498 -1510.7452040618844
-1207.47070104794 -1567.9462701606824
-1200.8970902097008 -1590.5644214321762
-1176.1535563842876 -1589.0852122540796
-1151.548348570305 -1587.279874787368
-1131.1417742471656 -1590.8558346226644
-1112.4872534718102 -1596.6490255728552
-1092.6977812542236 -1600.5797571011876
-1070.7112415520317 -1600.9539147689752
-1053.7493167004109 -1608.5836557522946
-1028.0999080335182 -1602.5687439549893
-1018.6195125098765 -1621.616258161635
-1017.2498220526777 -1654.257174545057
-999.8788548172265 -1661.313719828194
-830.731806502328 -1410.5508376749058
-792.27916961657 -1375.0864399708398
-756.0536985142336 -1341.6343782726158
-732.6058190473408 -1329.515969779218
-713.7269791109906 -1324.9976601070282
-698.2622630538621 -1326.4353779943067
-685.1220924282438 -1332.1455320147063
-666.9991509818188 -1327.8961301960078
-644.1766490551524 -1313.5468947898569
-640.6855265794488 -1338.573141831112
-627.0433547782892 -1342.8107205516303
-609.2342584827155 -1337.809260803279
-602.48784578414 -1356.1948221706152
-589.1378167244748 -1360.9576161310533
-575.7517658817084 -1365.5892149852732
-563.8497678076881 -1373.789809011268
-550.3602002751262 -1378.1725762592735
-537.9243271708654 -1385.2196281592937
-528.5819016350008 -1400.5749438226883
-516.2420030799004 -1408.3657885137839
-505.81270480594947 -1421.7012722991035
-498.4378619294883 -1444.4181173729303
-478.62260036144437 -1431.083996983842
-695.4397568407993 -2147.1871237982987
-694.3820157817136 -2215.743129552459
-672.0732816045506 -2218.432217615244
-647.8108536747113 -2214.1793282977874
-621.5176809743585 -2201.967250491309
-602.8654154906396 -2216.475195170318
-599.694306772991 -2290.8056963487893
-595.6475273144504 -2367.2103884539247
-590.9015245141569 -2446.6557559916037
-554.4781142211948 -2395.6700567585904
-509.3526962586716 -2300.281685101636
-482.44131521886965 -2281.5508710896383
-458.1066797799824 -2273.3014032329634
-436.04347003835124 -2275.5999411664857
-414.3357420661535 -2279.6523622794966
-392.7598169322266 -2284.483251460462
-379.7715121816029 -2342.413840151927
-363.75574763966245 -2387.4477493882687
-342.25607435195843 -2399.7159789377547
-320.2919729342277 -2409.8078869640003
-179.16896636400543 -1454.00257272539
-163.7235639960884 -1441.7335379994527
-151.2158057030956 -1455.164176340788
-218.9183599756725 -2321.701693083235
-196.10605024144544 -2315.711211930084
-78.32709660365255 -1043.063212819646
-67.1403499853629 -1024.8029924838447
-57.817168177515015 -1033.3838469145592
-47.8267016757145 -1030.8911710781222
-96.77813307714149 -2608.2051286196997
-70.43081051286623 -2559.0309691229804
-27.73803072899726 -1545.7511448002479
-12.8394738075066 -1533.9462663054226
1.8389444658057152 -1528.9988941406243
16.453794087140796 -1526.911350622602
30.947460646619213 -1520.6851267371317
44.78494758341956 -1496.3299463921553
58.19853517282515 -1472.8506137771533
72.49105521932819 -1476.2212052782565
86.73620991393986 -1477.4562023592323
101.01164095362509 -1478.5535662910072
115.54913558595798 -1482.5037596125474
130.60770966428709 -1491.2915966289925
145.26436675115826 -1493.9542375027372
159.77133033747964 -1494.4838982077363
174.649171734668 -1497.8523514727326
189.60609064047364 -1501.072460073809
205.44946212007267 -1510.0882485850198
220.47266278417342 -1512.0105174782536
235.551439454229 -1513.7831810966327
251.8267425917762 -1522.3114962830753
267.4235290854914 -1525.7410186828765
282.56276514653496 -1526.0610353956174
297.9240516290284 -1527.212250953005
314.33747434912163 -1533.1069604629076
330.68066456193685 -1537.8489191350611
346.4845752513062 -1539.4909675321003
362.8079269242969 -1542.9178228800438
379.9431167854373 -1549.0862558319236
395.99195579545 -1550.2226843087074
413.1242889106257 -1555.0592663664268
429.85329824991516 -1557.7811598500186
446.67210544217556 -1560.324655390619
465.0008430310717 -1567.481807224694
482.6265190870553 -1571.5621664681014
500.97809497603345 -1577.3540973269714
519.4844796043432 -1582.9377358096574
537.8224612132811 -1587.3635375094418
557.9422258402216 -1596.3024377054803
578.4767173368053 -1607.0559067746317
598.3650013141448 -1613.6295501763482
619.5018545763324 -1622.7712260748538
641.2338270889663 -1632.5854277791523
664.3335634730895 -1644.9124342782343
689.6443778207383 -1661.563008778255
788.6717420215754 -1849.8967223433458
763.8536541733772 -1745.1511668064686
764.1472127241324 -1701.2654223506513
677.0523749549961 -1469.5319260117485
682.5561841346617 -1444.8948250649698
686.7793369481082 -1418.4886824860878
687.8938331712837 -1386.7610011407583
692.5410565719113 -1363.1683259826207
700.030381564115 -1345.825570007941
708.6613004416442 -1331.1135042724034
718.5100853517318 -1318.9947904551582
728.1919834012954 -1306.8100226544361
737.7066374992803 -1294.5612835974607
748.0605260548829 -1283.9787573626334
758.7912063402391 -1274.1761672471841
770.9624683362036 -1266.848796193511
783.0629786740064 -1259.4051657152247
794.5554895756227 -1251.001828130256
805.9589108284247 -1242.4939573520105
818.9289281076923 -1236.3836017629746
831.2955657749617 -1229.3102465703628
844.7379500039787 -1223.7592883500724
864.4854509537088 -1227.0557872767492
886.7078701374891 -1233.3329449245398
911.4949073882559 -1242.520838378687
935.3397711779423 -1249.7441788033238
955.7645689321342 -1251.8542601972372
979.3869557266015 -1257.6315799758609
945.3652447397418 -1190.2455855991097
993.8599200424785 -1226.9814421307105
1000.4735804352476 -1211.2363992429703
1021.6937453843473 -1213.0696149201433
1086.6899775589238 -1265.436245993051
1141.5799513116121 -1303.87277552811
1178.9160667952888 -1321.5891598571495
1210.1650912264163 -1331.1278871607187
1221.3081729553962 -1318.1863854069925
1228.1957482483 -1300.790607278819
1300.0396223994373 -1351.1187883348853
1303.6249786241167 -1329.5134129098778
1302.6782750505524 -1303.717113376716
1302.7890334124072 -1279.4595477858477
1301.8391068350015 -1254.6230270145074
1304.8970449153173 -1234.04201799261
1307.6833237770265 -1213.5156878736543
1308.720473745914 -1191.7007684810271
1309.4633514547643 -1169.9750985370827
1312.1696197960514 -1150.3199071929016
1314.6223335414022 -1130.7184088685203
1316.8227524901401 -1111.1736311325476
1318.0018600836772 -1091.050913943051
1318.91933430606 -1071.0055039978363
1321.141151234949 -1052.2865857329903
1323.9159234023223 -1034.237220255477
1324.0869185439733 -1014.4051617281556
1325.60145671429 -995.8638350482221
1324.4692849918524 -975.6055110100451
1326.3166395338146 -957.7996511252911
1324.6818030875374 -937.7351014912211
1326.0738253143443 -920.067502858449
1325.5971705398154 -901.332980344576
1327.3825256697255 -884.353227249531
1328.966091650255 -867.4203866890874
1328.6638636063487 -849.4594384352026
1333.227211192037 -834.7659572222045
1335.0742698817385 -818.4941624103025
1334.161222653384 -800.7183224880192
1337.3436117079198 -785.5654423560248
1340.3592297137302 -770.4239971088747
1337.9786935249726 -752.3549798288086
1339.7585523533126 -736.8093521367357
1342.2453930631852 -721.7709503718304
1340.1422954780085 -704.4250335351055
1340.5007256607373 -688.5541405750437
1345.039900419413 -675.1982422072317
1346.822566370727 -660.355188299879
1345.739619944347 -644.2428698185524
1347.1915035304164 -629.4791917255534
1350.3050573073956 -615.5747332453398
1355.104063276555 -602.4798566685614
1353.35360576595 -586.5654420099271
1351.4244903144872 -570.7371084643335
1352.0926518637236 -556.1379871723593
1356.319660489314 -543.063512464382
1355.7614676666035 -528.1437709473599
1354.1080661843155 -512.9282065694711
1354.1659766358302 -498.48120097143885
1355.014063879397 -484.4149942859338
1358.5520102255546 -471.3601972081483
1361.0165734485308 -457.96275699932136
1360.4973099400668 -443.63055535641564
1357.9221591133871 -428.746323353142
1357.100842387006 -414.5338388991643
1355.1737323824425 -400.09143337572243
1359.8274250166705 -387.6407798110659
1360.5098269700427 -374.07754639639177
1362.991008979966 -361.04779384421386
1364.3785269810678 -347.7574371785196
1364.6655239258014 -334.2349589859174
1363.845666550885 -320.50896684862425
1362.8887297720669 -306.82781858932236
1362.7730822814713 -293.40335071205016
1363.5052989926826 -280.2093853154732
1365.0914513640428 -267.21962767134363
1367.537105646312 -254.4076741777011
1369.8625171327735 -241.57335149941864
1372.0674813580586 -228.71778811398553
1374.1518044473078 -215.8421143665152
1376.1153031332196 -202.94746237035676
1377.9578047721632 -190.0349659075435
1378.6872860025212 -176.9784377120616
1379.2931562799367 -163.92494941079022
1379.7755368553355 -150.87567032351782
1381.1296101836977 -137.931141783962
1381.3532009319813 -125.02933365802392
1382.4679827576183 -112.03248033531197
1383.4604827270177 -99.02571753199948
1384.3306130517171 -86.01019572037406
1384.0796822776983 -72.93444389357985
1387.7015981900415 -60.043937086140865
1389.2043534474337 -47.02408279486106
1390.5848673367464 -33.98127034180946
1390.8429538239236 -20.90162190700246
1390.9780176731447 -7.820124684982699
1391.9900397824333 5.265847177753613
1391.878953595141 18.356975210960314
1392.6444979277098 31.46907039741166
1391.2874591138514 44.533202360973974
1390.807103138638 57.61598614195617
1390.2037276965282 70.69367368214128
1390.4755739346106 83.82528431932242
1391.6208758332134 97.03781708797864
1396.6279869055772 110.59505500733187
1398.5143760918602 123.99007970154236
1401.2672990096223 137.52802160388043
1401.900417024735 150.91461408980317
1401.4123028784277 164.2088832584345
1402.7821754071133 177.75873638189117
1401.0483541497613 190.94373342491414
1403.1487139542041 204.68924380304668
1405.1141019626784 218.49109928236317
1407.9302811220143 232.51091049601462
1410.606602382673 246.60294668639253
1412.1585596921211 260.58434774228823
1409.6453670526578 273.85386458287866
1408.967109124681 287.49901809369595
1408.1567042608895 301.1556013842508
1411.117383721679 315.69562771518355
1414.9023878630976 330.5453566748515
1416.5890932239402 345.0207833725019
1416.1895853165233 359.06553502252683
1415.650944508328 373.1332246164616
1419.7953791557825 388.5422516636873
1421.8504915877859 403.5160214558674
1421.885749473214 417.8096641354731
1418.7807920870716 431.68282801703134
1420.309784526192 447.0359224706238
1420.7233998174263 462.1482675627089
1421.925375302434 477.6277076039788
1422.0158292278347 492.8447843139598
1421.0031547486778 507.77065117462786
1423.5883981451134 524.1040666381346
1425.0554267743673 540.1787024873581
1423.5496643590893 555.2390053869811
1424.6702075805415 571.4366103361043
1426.5350559218166 588.08735254734
1427.2902077240637 604.4358220150411
1428.7795958920233 621.2510493855335
1430.0772183127867 638.1497862279374
1429.363088353609 654.297456553388
1430.2808730603017 671.3394254457734
1433.7061582118804 689.7591260036584
1433.3212322427082 706.5367967786564
1433.638619503054 723.8206329398031
1435.532494798992 742.0932935798451
1438.091052504796 760.9356902561796
1439.540221071175 779.4183420463962
1440.7665790186145 797.9979102623001
1442.6385166965551 817.1646774938106
1442.5440228015066 835.4374556360557
1446.5338407120687 856.3298708294549
1446.8324257487504 875.3039082524346
1448.6008277474596 895.4131123952646
1449.2704230628713 915.1017652890666
1453.8970654064242 937.5944342852022
1452.378515896769 956.4087235912787
1455.6116616271631 978.6269414516491
1454.4289727187443 998.1644971227428
1455.4621123308668 1019.4895975778132
1454.5923264204043 1039.7620708214336
1454.2749943198137 1060.699882575701
1457.7005928367796 1084.7110129630385
1460.0021422515981 1108.2791817140412
1461.1943322786226 1131.3775335036623
1462.4161577944747 1154.1698234755775
1465.9989947918225 1178.5618130880391
1468.4864131597976 1202.4772988980174
1471.4290215547926 1227.172618064103
1474.044962102853 1252.0173519960488
1474.0628397811367 1275.0449970006434
1478.2871134051127 1302.139474227081
806.2077373526968 723.1307518233788
811.4815775964287 741.1468472722604
805.5112477027862 749.1005472059812
790.0238016120085 748.0684413116957
760.9426244980314 733.631598434833
723.6234865641757 710.327424285946
703.0557908213223 702.6724379058888
667.9665288777579 679.727678043935
668.7670746515522 692.9066314172532
663.8802834774862 700.3484627025697
642.5600062529991 690.1924647257067
633.6236417926988 692.9950076020446
615.3354605046297 685.2760546272978
602.5296477760804 683.28546271001
598.3200556487227 690.9479799583391
588.8388880459174 692.4953168974123
582.5831173058708 697.7663731007492
580.7179654724433 708.3944131467625
717.2723186036636 891.2106490414735
755.0993785427211 955.6929049252153
739.1139315038379 952.967258753909
723.2392913826484 950.0320665116125
699.0983249155188 935.6738385251111
642.7535877712141 876.6052848387535
602.1331994093348 836.8970128809626
589.9637883348837 835.7462105529121
580.1415264935854 837.7331372446075
569.2076614922951 837.9568235287977
558.8714639015608 838.8841915524016
548.0179743871214 838.8565430087772
537.210510053529 838.7018945298903
527.514010343602 840.1148545831161
517.311634036988 840.5698503336778
507.4308679576333 841.9043379409343
496.94985733100816 842.3329741252509
486.0058861158631 841.7732941004572
476.5921813206494 843.6947864625129
467.18545273123215 845.5138986180615
456.3606641605607 844.5915842624362
446.5289606303545 845.3093441565492
436.7242875549003 845.9171925547233
423.7952713023908 840.165797936177
403.9423034649003 819.8942709102621
358.066041297658 744.355231102344
344.6747131640198 734.1119411270332
384.39969070082066 839.1459216305072
376.082808060507 841.8109772872552
367.7498338374755 844.3939008025277
359.0109226089666 845.9740879290916
349.1289485488617 844.6922382058251
339.3030096351246 843.2997495864365
330.26336721225886 843.6599482478831
320.8913029959094 842.9903745960493
309.82642104438236 837.5300524893594
281.6490835405238 783.9405549790004
220.59636464072508 632.6430620083462
197.6580122224146 584.4829426119156
184.67801573298325 563.5095655842304
176.64785156578566 556.6430961910802
169.35042177642495 551.5881023410013
161.87938272213265 545.4869984238866
154.26281411823973 538.3335250384481
148.12741813154972 535.9050923416207
142.30877855362795 534.3755341953582
136.03559943461056 530.8467911615047
129.84149168545642 527.2477473037657
123.72721872547794 523.5795788096187
118.13515558492233 521.7941021273872
112.5876789732386 519.950011581324
107.69268389738194 520.9858787289522
102.01531987160655 518.0510346592253
96.58672767132511 516.0387621465516
92.07866936068055 518.893552329152
86.76681071529424 516.7664081171456
81.74298330823363 516.5724389472108
76.14253380156973 512.3732180220554
70.90378922228655 510.0957289312679
65.9713946508939 509.7487372106144
61.170833367780176 510.347067342501
56.364853362498295 510.9001891812373
51.45358098709418 510.41309642641863
46.64740992484428 510.8747587690192
41.83710667507441 511.2911660737534
36.878757790117824 509.66749673081745
32.14302904030033 510.9900446037226
27.332283170344144 511.26993486483843
22.475133464366913 510.50550278695226
17.703954235185382 511.69382447361863
12.937564799438341 513.8371526243119
8.116633692380496 514.9360351126184
3.2825115303392063 516.9895793128264
-1.5895477401895008 518.9975658304976
-6.461690201512967 517.9596958835115
-11.380092563353143 519.8754595989789
-16.30383156949994 520.7448368214066
-21.28563977300076 522.566667076512
-26.5536847803256 529.3343950893302
-31.77247983465891 533.0539461678866
-36.99472967307814 535.7241734105489
-42.113483163515596 536.3491908596827
-47.4225864367321 538.9175245764891
-54.23917618431887 556.3623924806982
-17.767464677464883 166.0521520454795
-17.593338165689218 150.9783906795529
-14.510327996309423 115.08888035531287
-13.7109769104583 101.07427522451437
-14.230432513878915 97.97190816998481
-15.151891563570988 97.83363522861545
-16.07200840675418 97.68669584837652
-16.81907828848182 96.5459403886353
-18.450552891633617 100.31738183382295
-19.203763814784732 99.15752848546582
-25.31972767098403 124.45043748684536
-46.48326992694917 218.10159471424868
-24.154074484871675 108.34011577333334
-24.94186971802437 107.13497624477777
-24.058162680051097 99.1221711246288
-24.986295635473216 98.89229004536568
-25.658191362464095 97.68652525301108
-26.835892988016116 98.40647767060737
-26.940806763650386 95.26380703563999
-30.08174656970994 102.68441227039158
-35.97507466978899 118.6667350292537
-117.53837173905987 375.0116413778785
-122.2806847396287 377.6988670086363
-127.40051626639168 381.27825594315874
-135.85599963143548 394.2488393947957
-135.19544523706176 380.7074882204875
-138.41486794592575 378.48424581680007
-135.6162684496749 360.3237818015704
-141.1541007288851 364.6320334905036
-149.0028375282107 374.4424580740566
-155.15537947159385 379.50864050904784
-160.6415889832494 382.6477229632195
-164.61725752284877 382.0433987463415
-169.80859649410277 384.1419536534678
-174.22787943521118 384.3548438975493
-179.08738557643514 385.42536025461175
