-184.6892605307587 387.20908698609014
-188.2714966997065 385.4800170313014
-193.69935919076693 387.2590324951585
-198.72179077705397 388.079437577361
-202.84859186205716 387.0677573495118
-209.80925620445205 391.3004932413638
-216.8678703248123 395.4356165304036
-225.97973961330786 402.9604909718837
-230.77664877267208 402.5396109468666
-238.1134759600688 406.37786918853465
-248.1117121492147 414.40267650485225
-270.8053406605672 442.74763406450194
-884.2867900770023 1415.4850309682938
-888.4956054044318 1392.7237914163065
-900.5404451076595 1382.5798012141283
-915.2413956692228 1376.4963449473642
-928.2230792807194 1367.7759009028562
-941.6910218612956 1359.7551321270419
-956.8215130431845 1354.0519163524532
-975.436938659281 1353.0509150431146
-991.1563302825946 1347.7900908304455
-1016.4638258783646 1355.1521282426995
-1061.4407417433408 1387.5707375724476
-1081.286382332867 1386.1398772784441
-1071.3194354604982 1346.8911118589353
-1164.0081111694738 1435.335890003338
-1181.3584925705295 1428.8835194064932
-1208.3574906729323 1433.7005177981257
-1221.2155863089597 1421.4459158744182
-1216.8209776649276 1389.5163576995303
-1213.9308075859735 1360.0371297849429
-1200.4993085429073 1319.6429101040937
-1194.5732217547863 1288.4268771903162
-1138.0291125671733 1204.383136277477
-1018.9669395063572 1058.1433627789042
-988.3071749022214 1007.0600419224219
-812.5168205082359 812.4145594406757
-805.8903036434085 790.6843987922962
-803.9694439396405 774.008483940186
-802.5329552330019 758.1272028920903
-801.6021079689258 743.0229205749811
-806.9775709093384 734.2126395324883
-809.3964681454398 722.5665072183239
-810.9155608368488 710.2816013333436
-813.7921699725221 699.336331167925
-816.5347372426617 688.4003361969382
-822.2260813809994 680.0244636017487
-829.3852799842646 672.862584295949
-838.0474471804185 666.8714090995231
-847.4585355299392 661.3917375938792
-857.6346746978685 656.4013747364346
-866.1921460545182 650.0770462902597
-880.3444988745001 647.7982427433755
-890.4753105699431 642.384403037125
-905.480903344188 640.3009711682414
-918.0600186801327 636.282014598114
-938.9157457417141 637.7007310629971
-964.8737719981816 642.1056019923833
-1243.1439736796358 810.4622512517194
-1249.0535069037096 797.6147797599698
-1252.2878369606556 783.1373911392577
-1249.390738112969 765.0148910429982
-1248.83715351085 748.5597932102136
-1241.1846649345284 728.1357205434729
-1197.7010663019598 687.5122950021683
-1117.8164050529338 627.7025446774414
-1081.6192406320945 594.0166818317913
-1036.0792652358537 556.3414025113839
-935.9167144941505 491.232026165309
-937.8427361714312 481.00623926357054
-935.1890275081001 468.5482716097179
-934.1808296424488 457.0625531899832
-967.3292595553916 462.01526339290785
-1045.9712444848994 487.50400584068103
-1599.4585382055166 727.1735587612302
-1594.3669879292997 706.7742976376917
-1539.4626499527355 665.1193497414589
-1597.2872027841331 672.2816313287454
-1606.338129900266 658.3113339663203
-1596.6904247555988 636.8207655956154
-1438.5451896817638 558.0651729354365
-1351.9671858877987 510.1075654042255
-1335.1341895923326 489.3880829991935
-1323.6849498222352 471.04474693398987
-1320.5169104129131 455.89920959959346
-1322.8712564358402 442.76024990491374
-1325.095368826039 429.6175782201931
-1328.143514435475 416.7718861235544
-1334.8949520986118 405.0684718188333
-1342.503170457983 393.5558884202642
-1361.559472394792 385.202288586161
-1369.964041675409 373.62885931948364
-1381.1726683076147 362.69279055424266
-1388.4180080425083 350.59868074947684
-1395.5577745709104 338.3999081481672
-1397.7205293517547 324.96510863268225
-1400.7301998464563 311.7369199150247
-1405.5709375695253 298.8968709436848
-1413.234072112171 286.5893532936133
-1425.6991199339063 275.11092202907054
-1442.0071050816853 264.1429705556023
-1464.1456642798325 253.91627315035979
-1607.6023178388953 263.164943864132
-1633.738711697956 251.6084694510566
-1632.0853716006309 235.580856198526
-1633.2485058463592 220.00754112219553
-1636.2476777451666 204.68155039853895
-1637.1161655377725 189.089028065884
-1639.8250388636466 173.70907263537083
-1640.3985697259195 158.1029172442994
-1639.82742621351 142.41492982821194
-1642.0975215894791 126.98318624798475
-1642.2268969430152 111.38590106883262
-1644.2048246377701 95.91399604791665
-1644.0392851250015 80.31705277009412
-1644.7251125824391 64.77116673862845
-1646.2634956663524 49.24939427447101
-1648.6551002860972 33.72477280336852
-1649.9001903371798 18.148331199815416
-1650.9980286346824 2.55136128221482
-1651.948338315033 -13.064744092464656
-1652.7560459337599 -28.39810960967668
-1655.4191146027947 -43.858351629986295
-1658.9366712559363 -59.40640337769675
-1660.309899982376 -74.93354402744463
-1660.5391138745797 -90.43700178923352
-1660.6234794946554 -105.9512121264508
-1661.5601516236286 -121.54777882160047
-1660.35695760763 -137.00647183230078
-1661.9973562126731 -152.72782307780196
-1665.47850152064 -168.69309699143986
-1665.8242185820861 -184.40627100340785
-1666.0215457675545 -200.14047326387637
-1666.0701217927574 -215.89430115097332
-1673.8933541655344 -232.76820848315296
-537.1055614052201 -79.79107661626944
-530.4132871424557 -83.84953680691868
-527.6374600373416 -88.45174257945783
-522.852770147088 -92.660567392588
-516.0698030769676 -96.42073611054776
-510.2438837184566 -100.255569061804
-500.47410508428413 -103.18270271748493
-490.69480231452684 -105.93682542679593
-507.2461277498398 -114.4611981537552
-511.0257934608896 -120.32305854518587
-511.82624204786515 -125.550380131484
-516.4492792268012 -131.79204067817412
-518.1001520725864 -137.36168469541607
-527.4052589184748 -145.09546121480352
-1698.3045047713194 -484.27038839210786
-1693.7238999959325 -500.05534751922073
-1693.7785682668816 -517.2573456992101
-1694.612975622927 -534.8045090034386
-1695.2669835480135 -552.4118522370959
-1695.7395456198233 -570.0775328155596
-1697.919360741937 -588.4546239241319
-1698.9615643683696 -606.585198301922
-1698.874187819273 -624.4409451352512
-1699.5364777398424 -642.701144258862
-1702.8015274243778 -662.1147621079034
-1706.7802302696914 -682.015575746287
-1708.7094062353328 -701.2283258988446
-1711.3599696014844 -720.8994759643025
-1712.874031150821 -740.2827523380078
-1715.0893957763924 -760.1607491151916
-1717.08273080966 -780.1428686819105
-1718.8523014554842 -800.2266964936781
-1722.2016414733575 -821.2706655582388
-1722.6119371798331 -841.12847644432
-1724.59046120621 -861.9580854754782
-1728.1107502038328 -883.8066728815448
-1726.9429872566557 -903.4760200276805
-1729.0854864676107 -925.0861476030578
-1729.2203037965412 -945.8531286292803
-1733.4823078878458 -969.1414180808844
-1736.5919042935964 -992.0930187950828
-1474.278493131158 -860.4370544618135
-1474.839061129892 -879.1693487409004
-1465.782369423583 -892.2656809980906
-1458.3083413474958 -906.3254280645091
-1448.166310448679 -918.7161353113706
-1431.2046631533608 -926.6489152683855
-1417.5583718179957 -936.5517938099914
-1393.9013045138968 -939.5744532896034
-1320.047085003535 -907.6781882218336
-1304.2188114317812 -914.6924575547084
-1282.6808631349531 -917.4196440819062
-1320.1854538718633 -962.8428570567174
-1222.9446478163388 -909.3857203504853
-1212.8793984156262 -919.4604748976157
-1200.358748580302 -927.5925154434628
-1126.5168484283558 -887.3081709344533
-1118.2539210759508 -897.6993750684363
-1093.6414520308056 -894.7163653359378
-1023.8641387940918 -853.5755533585956
-964.0931360241608 -818.9929334683535
-947.3963984466626 -820.0299166556624
-942.0140392938357 -830.7499923402419
-958.0860105519897 -860.8223953781479
-888.8516955226452 -813.6139522934195
-866.6541364187171 -808.1680566740606
-865.6485958073386 -822.3676237406135
-1043.7528064508888 -1010.8358318866095
-1039.6788063484107 -1026.4448254192448
-1048.0876249623598 -1054.837110837858
-1048.36711280494 -1075.6069899312827
-1359.321650771711 -1421.7361392829791
-1338.0645709210628 -1426.7162310865579
-1312.775856510596 -1427.0040471431296
-1298.3252520364 -1438.8174102104194
-1295.6986102629014 -1463.9638354012664
-1122.9248386925967 -1293.6030328687414
-1053.3903889201881 -1237.3332972689998
-1046.5724174581571 -1253.5450430741566
-1186.5068210185123 -1449.2517254350755
-1203.8186180311038 -1499.5831870495492
-1188.726680396846 -1510.302247668557
-1174.150865645042 -1521.6615079264504
-1193.24909349732 -1577.5425829015912
-1185.1733584226479 -1598.5819060921406
-1164.458617213357 -1602.6219544226758
-1140.8761967800901 -1602.3390726124721
-1119.124058947122 -1604.2123739348597
-1098.5704204948672 -1607.4675832543967
-1078.614383946676 -1611.3075469144096
-1055.9451826986913 -1610.731439792316
-1038.7893478966903 -1618.284799006766
-1014.1369671442458 -1613.8036472481624
-1000.6697465254437 -1626.88661509913
-1004.5782130402765 -1668.9896985556277
-983.4108425903994 -1669.954225323449
-995.7598168611077 -1728.7242079420112
-772.9680735423025 -1372.2774345169062
-724.0428702787 -1314.8242932036894
-714.6854709311334 -1327.8888046971192
-707.9361253525126 -1346.2048292963711
-685.82205344287 -1335.1588336266982
-672.505071097347 -1340.797124604745
-648.1500623010301 -1323.8494992782114
-641.4268217930614 -1342.6524614673942
-625.10921160261 -1341.5060467882965
-611.402146646049 -1344.5134491988554
-593.7440805862796 -1339.2882314008264
-584.9657297275677 -1354.0458245732655
-568.591103478573 -1351.2439295127356
-561.7998048465084 -1371.3879754739082
-550.2333285652985 -1380.3765008634248
-538.9081126089106 -1390.2010811980767
-525.6829125904816 -1395.255702518498
-516.1906695340643 -1410.5145134616569
-507.45990912613854 -1428.5448682591987
-493.5462535469897 -1432.3536908214153
-481.5067347452335 -1441.7181639956484
-693.3828842130339 -2143.648566318746
-678.3730248875413 -2167.31424558252
-672.2440970470327 -2221.514995219573
-650.8384615960679 -2226.838408351011
-626.1354872166625 -2220.4061231333226
-600.5646536607869 -2209.846622906961
-581.0720638177116 -2221.2544331189583
-577.269183574701 -2295.5281069276843
-573.2798905563575 -2374.7840253555037
-566.7087584910295 -2449.293200711086
-531.320562517804 -2399.888009854994
-489.06143618242396 -2312.858601739238
-461.14984782532935 -2287.989689192387
-436.9556376119073 -2279.497920762195
-414.9327018480709 -2281.5766156184764
-391.8922598690907 -2277.529682936031
-371.52958936141334 -2289.044945873484
-357.7708391520297 -2344.863327926055
-341.99474281620087 -2393.6924605901404
-320.3058319782219 -2404.7619786583327
-298.6826622269254 -2417.6196283297
-166.49126785051178 -1461.547692594918
-150.84174940468623 -1446.1544753713324
-137.47990382085646 -1451.5037981505277
-197.66756558680683 -2321.6002096646585
-175.16125958629678 -2317.389594595639
-68.99575675324843 -1044.7241672087646
-58.00029082510958 -1026.3624926234409
-48.71724237456146 -1031.8505852570993
-38.9358366298383 -1035.2680815257152
-73.13945335771345 -2610.975798501881
-47.33224739529774 -2569.5640989001445
-13.68869949901551 -1549.9395535007245
1.1607277523060253 -1536.9995617146692
15.822847766057077 -1529.9181799980586
30.44894528049222 -1527.6965869344951
44.88635030943247 -1520.3375334299615
58.44272608243119 -1493.857238081355
72.07964465214779 -1479.244917120495
86.19898595686887 -1477.4876428654175
100.49469512899923 -1478.5887921430115
114.66468326218343 -1477.5574474152884
129.34568838085247 -1482.3675970882807
144.22588168303653 -1488.0268462137203
159.12039645259702 -1492.5420260189555
173.76806619308354 -1493.9279297113085
188.70700881094763 -1497.154188727943
204.261961296302 -1504.1944858187017
219.53697083647447 -1508.1046112375443
234.75210989262177 -1510.8714197114732
250.36640121613644 -1515.457906093759
266.6074493996741 -1522.8382934259962
281.92154501720586 -1524.1457418682478
297.0938409464682 -1524.3176341142532
313.49951321104845 -1530.216342618401
329.2050758017473 -1532.0290526182478
345.41300762199893 -1535.63206991959
361.2625509489353 -1537.1175522001784
378.36278442260095 -1543.296019357264
394.87222043497394 -1546.380266793635
411.2187144724954 -1548.3226953279436
428.4364332218351 -1552.985261581111
445.50594745530304 -1556.497815861607
462.9663587598705 -1560.7838257287992
481.136765360021 -1566.7892050364962
498.55644859548465 -1569.7294249531853
517.9474734453928 -1578.17977897055
534.9785530676324 -1578.8245462234433
554.2099746867443 -1587.0136432802706
572.8080481904126 -1591.028579230521
593.9682801281486 -1601.3949176270073
614.6663260478927 -1609.63173043488
634.845393884757 -1615.75596111025
657.4459496866104 -1627.2030676103923
681.0911568381921 -1640.2106072321362
708.5770948578868 -1661.190687622212
811.9454227130581 -1854.0012487955107
781.7451186121609 -1739.40322223631
777.0560447199118 -1685.502863647596
694.0517565920172 -1468.219383869977
697.2147084668137 -1438.9901494789797
698.9921007961506 -1408.0461792940544
700.2407050238023 -1377.2029462021087
706.0420800168828 -1356.2247532195515
714.3274442454089 -1340.5585785029396
722.3775117226529 -1324.8591361187755
731.1666545275552 -1310.8761662746724
741.7361784271602 -1300.3216685160146
751.1630242722138 -1287.9577287186958
760.9331832729209 -1276.3920599071978
771.5913230027194 -1266.4658819987662
783.1860815438613 -1258.15085012727
794.6923506585574 -1249.7299979614702
806.6538363066286 -1242.0429092313193
819.0936651018072 -1235.0747215412064
830.9133272913467 -1227.1540418910836
843.2249958425577 -1219.9428701321706
857.204133453504 -1215.059699599253
875.8412883863529 -1216.5126540886179
899.3210913630697 -1224.1660731410332
926.0262757662753 -1235.480204855765
948.1709152078694 -1240.0374653831518
974.1775283286706 -1249.0132678636533
992.9719434982176 -1248.2114081458208
961.4371286820959 -1185.03782538429
1007.8303606780771 -1218.1292887438085
1015.6096498433944 -1203.811463288574
1032.9893682356271 -1200.8284494931656
1102.7424882739115 -1258.1287710546414
1155.226676209498 -1293.1385566032573
1192.9831905685344 -1310.2576490984206
1223.0019296095156 -1317.979620544795
1233.345792743117 -1304.1791117491691
1242.8442746274839 -1289.580981957195
1314.5408322657381 -1338.416377778642
1315.8162608648718 -1314.6206934487177
1314.6180376085472 -1288.821327878404
1314.4921567888314 -1264.5498684277525
1313.2987669013455 -1239.7105907652017
1315.4225990246828 -1218.4056738111278
1316.5218031033112 -1196.4996205405191
1318.8180312049362 -1176.013605605282
1320.0927670273031 -1154.933368832245
1321.0876730055445 -1133.9349012323398
1324.8641487543964 -1115.598040221158
1325.3286559375083 -1094.7442412503835
1327.8490992891302 -1075.8707029736638
1327.7831646506634 -1055.181438270343
1330.6005857813072 -1037.0492182719402
1330.016421837817 -1016.529545877408
1333.1652247492739 -999.1128482404868
1334.4924587024718 -980.5436643343486
1333.1542246177105 -960.2857977622866
1334.820793991255 -942.4486447168122
1332.1583161739256 -921.8211435244101
1334.192128979849 -904.6962821677878
1333.5230137250728 -885.9556263524709
1336.8102503707398 -870.0364098724374
1339.0728832799841 -853.5969852712869
1337.7515379836154 -835.0747407402952
1341.3200398969198 -819.7832338923049
1341.2867654418185 -802.4455201760582
1342.7721779071712 -786.1926470264349
1346.6738138581445 -771.4749763075662
1346.9280456369172 -754.7985425772329
1346.1110058847748 -737.7060117932343
1347.7362253046815 -722.1136108684619
1349.187413409645 -706.5566668689723
1347.6693170608821 -689.9155106624693
1347.8752331655915 -674.0039731476381
1350.5970691473206 -659.4668731715551
1353.1648085684785 -644.9387574427768
1352.8586413694147 -629.1561781243993
1352.375531201154 -613.4373827933837
1357.2040077586196 -600.2110306583351
1358.229978088869 -585.3651224840015
1358.174886257114 -570.1666233132867
1356.1029484369442 -554.2650929299325
1358.4983873890938 -540.301889189027
1360.7512529481737 -526.3430702497897
1361.9258119317537 -512.0381653685916
1359.194557814333 -496.38609368907566
1357.232241169287 -481.16592099876976
1359.8323924264755 -467.653573179643
1363.2471978346887 -454.4514028978995
1363.6791228673167 -440.3047238627197
1363.9657335500117 -426.1906588621793
1363.1504181210043 -411.8214875119212
1361.2257687297586 -397.2258885647789
1360.1100459828801 -382.97475480303837
1362.7073022247096 -369.82807960382615
1364.2101056035096 -356.4137872884006
1365.581236608126 -343.0042072975514
1366.8209193345685 -329.6006287454638
1366.9550817869028 -315.9791201598014
1365.9777118647535 -302.1686461046758
1364.8617298245915 -288.405025025958
1363.607935426345 -274.6896402165567
1366.1456703334406 -261.77663652280825
1367.5772568492457 -248.6613089097147
1369.868567408517 -235.71191744614293
1371.050187711567 -222.581182439299
1374.083155151315 -209.75100173636142
1375.0161226851928 -196.60026031462658
1376.8145654210994 -183.58282175712728
1378.4897733529942 -170.54895121697595
1378.0544956067824 -157.27303372777143
1380.4753173170748 -144.33259603541296
1380.7587186284889 -131.43196312698709
1381.9296002503756 -118.48873343840434
1382.9791547458146 -105.53510097854773
1382.9095197524284 -92.50546026104583
1382.7172208649492 -79.48639583923324
1383.40129591779 -66.52709563011904
1384.9631665599295 -53.600627536370965
1387.4037388754027 -40.6800363145506
1387.7239996121327 -27.678527787892822
1389.9223127202765 -14.695734153752143
1389.9989946732946 -1.6717676961888441
1389.9536410437777 11.352345534969654
1390.7861020407715 24.3929983855349
1390.4964917025543 37.42334248685279
1390.084802103828 50.45040098910175
1389.5510693890649 63.47303017586522
1388.8953404175668 76.49008671959487
1388.117672759352 89.50042778199914
1389.2126970692368 102.65029128851523
1390.182992978643 115.8285199462654
1392.0238504168342 129.12629426530873
1394.7321178993373 142.57040120596236
1396.316492095058 155.96555357947383
1397.7720353385876 169.40288434800152
1397.1149667761165 182.6219308028774
1399.3037298876077 196.26021380460406
1397.403380838805 209.36282196292018
1396.3678764588906 222.6044779282042
1399.150874744644 236.51179611448023
1402.7798237033555 250.66664359420204
1406.2658364442332 264.9101682642646
1406.6647573849446 278.65796297819196
1404.9711070996293 292.0294303922837
1403.1502931413952 305.39360644456315
1403.1524808038434 319.1929128505518
1404.9649426478895 333.48089889889076
1407.603176887911 348.07082097622
1411.0593083892825 362.98846842284155
1409.5284138817485 376.7103004431951
1406.9004616845896 390.168029074255
1408.0279316047124 404.5767465153621
1409.835240785737 419.7685002934635
1411.480151833199 435.03193099004767
1411.055913322177 449.7579454312249
1409.5288845796256 464.2028904861713
1408.8010962198366 478.98170245823275
1412.6373732147663 495.4438936921973
1411.5845656890624 510.3234404849739
1410.3759524313596 525.2282102127944
1410.8784307085643 540.872493071462
1414.931118727442 558.0420497209058
1414.1499047177467 573.4597169695425
1414.1257567802995 589.2981792017903
1417.6047078214 606.762632635368
1417.2158733974993 622.7384428394984
1416.6505118134585 638.7623402946248
1415.9076674990963 654.8324038387751
1417.697107467837 672.2320369316894
1420.1817410508936 690.1628955439813
1421.5568628110493 707.7570810629926
1421.8335561295175 724.9864403311901
1421.0234233611695 741.8230451117726
1423.5485839227183 760.5954438541053
1424.9660831056956 779.00427598211
1427.0334544575164 797.9978194575766
1428.866738204132 817.1021016090247
1431.327291366563 836.8190873714927
1431.823360442057 855.6318510273069
1433.7963865614781 875.5729106609274
1434.6693148119334 895.1005290675776
1437.8286555494676 916.3371417119411
1435.6829293067374 934.4428963276599
1439.151481500814 956.4658976116249
1436.5360967221839 974.7102353080079
1438.6350295928157 996.4081752115835
1437.1825869458532 1015.9262826502842
1439.542436388367 1038.432748827311
1436.7695469199086 1057.5203397777088
1438.5601886139664 1080.2525555327093
1439.2520742315344 1102.5073545424657
1440.0023386027626 1124.4208575166926
1443.065224455419 1147.9977168824996
1445.0412076124742 1171.0917591298655
1448.2586001158477 1195.588151158452
1450.3843322678965 1219.5943131680338
1451.4334765892734 1243.0856217638332
1455.9430858135809 1269.9817836770842
1454.850039546926 1292.411452452472
1457.9187060696654 1318.9499787680172
806.8003210614645 743.2914919028184
804.4123821251831 754.6719283792715
806.2225539793229 770.2143814906716
786.3129505878287 764.9319863477162
764.4348556367854 757.2419372218941
730.0890173939721 736.436709215873
691.9994219652616 710.7747885228794
662.0387094251645 692.4368182171299
659.1638833678526 702.0484134754612
654.1354115346276 709.4588524899971
631.5761108986609 697.5619084655658
619.918192248362 697.2735725090425
605.6871560530647 693.8184697688225
595.4749255773777 694.7190892789808
586.584150556083 697.0222624252389
574.5160244746844 695.3670524419488
568.8257317395974 701.3175364347534
571.7949149931314 718.1744740576607
706.277469556914 903.7594458683585
735.1894501508093 958.5199384399631
724.0741848961039 961.9420849339335
707.0161126920467 957.1981071825346
680.1280167239983 938.4598451010468
629.8805967028158 885.9003521261885
587.5089965226057 842.3551382908523
575.9049512398487 841.8631047488822
566.5867786091404 844.5522022381547
555.0689725262936 843.7999974748784
543.0695778308866 842.0685444989515
532.21611736287 841.880041585018
522.9908970679892 844.1146377027352
512.5479790625953 844.6529282248712
502.04571416706875 845.1266774197096
491.57991680459673 845.4780809662576
481.15195474289084 845.7078670836019
471.24951087911444 846.6905565176663
461.3711647264185 847.5621796416992
451.0482838891884 847.4405262911482
441.23005806915324 848.087280800916
431.43957506361306 848.6247068456875
420.7884031222206 847.2621316911618
405.8371893083258 836.7772557702068
385.5574381292077 814.3380513664102
343.50630149316765 743.481284791006
331.172994726683 734.8200103180101
372.1380658855896 846.8401619661958
360.63177367687064 842.0218072085036
351.944408804507 843.5230483580434
343.2606934520224 844.9355575017759
333.84618237518083 844.3996248894937
324.83101502807136 844.6950998294194
315.8397948749859 844.8959841148062
307.21485081750546 845.9426903976284
296.60304707421454 841.2435036695922
267.9823149341083 783.4344126233902
210.5725339933926 634.996226703436
188.70108737836313 587.4358685186182
176.94573100780687 569.1275852373639
167.27863310552405 556.3981118824429
160.09772589368578 551.2211154914788
151.94931179739893 542.1073755671443
145.55136854570807 538.6824659430373
139.7347464475342 537.1212159608325
133.9603087101695 535.4984927058863
127.06085569225024 528.9532483601487
120.52063524574203 523.3008470086426
115.38949736038938 523.4321960855261
110.26652609591636 523.5134126483663
104.75838117497733 521.583820275896
97.23145137481386 508.79273271495066
93.88060093907879 517.5542800202868
88.73914001688897 516.4313749464327
83.70738880815212 516.2577583522798
77.93310388372225 511.09239019872814
72.82937652853221 509.8243637905757
67.75650263268129 508.50570926095554
62.83771140863067 508.12933592238664
58.0454162029821 508.6990560811201
53.14396391429127 508.22900261543174
48.35115990416594 508.70734743654117
43.46882705051163 508.1441341537386
38.52557729157373 506.537046912021
33.682934875053036 505.87988682908014
28.913137585704735 506.17490107170477
24.236001322194845 508.42267478930415
19.442655996210227 508.6285315707457
14.705137605679454 510.7883700007255
9.85120911395315 508.90466069686687
5.073818115661426 510.97480991701457
0.2577716940204211 511.9999351110836
-4.568226823793725 511.97962000814675
-9.412166772594214 512.9136487915338
-14.274118820988607 513.801760927193
-19.153646902308694 514.6436998646167
-24.09692084528844 516.438126406035
-29.075715905459063 518.1849117299587
-34.089571495441966 519.8835457246721
-39.587022716315516 527.5166989133689
-16.087871667134813 190.3212557367721
-15.91509643177841 169.2533890519395
-15.037768784374402 145.22350192027355
-13.933813941601365 123.21464535127646
-13.26862826431033 108.18938720587867
-13.763482574280914 104.09402743398617
-14.46319739563636 101.97948774677612
-14.824806691445167 97.88373259414091
-16.223951461294146 100.7014567867892
-15.320490762580505 89.70107336478023
-21.849815575654056 121.04373407702649
-111.0237855613536 583.5321062629087
-120.44228697634786 602.0711382452301
-27.707864025848135 132.12597878965784
-22.51528002795594 102.55760413183768
-21.689210123820057 94.54405409228431
-22.576674883666385 94.3360681351371
-23.704023828124416 95.09005865155258
-24.596530388060927 94.86311555535795
-25.486864977226688 94.62779567142319
-27.98974176998354 100.16273935775538
-94.57795252032501 326.5807877035377
-106.83252285589502 356.3296396038992
-108.39916953675966 349.57920424953886
-112.5947538530844 351.4020793973242
-120.28885963938718 363.6201180444446
-125.63832191201529 368.1521588516531
-131.41526617638368 373.5586002433758
-137.98612034460533 380.7687363640089
-138.76187022672028 371.9598679577984
-141.53438883072027 368.772310210941
-145.36053368695488 368.3562341623169
-149.56712129994168 368.8274342101582
-152.6418691006459 366.48255046790604
-157.6515185347079 368.7099113174213
-165.5287503015427 377.2853466855154
-171.11854104713788 380.272855867861
-175.10328467231255 379.55610875991323
