-178.3932681864954 376.9149000314808
-182.31649187798655 376.1445158304239
-186.31158753437956 375.29853763426684
-189.85384310779023 373.51910025754046
-194.30215601946085 373.4804843177071
-198.29675141138497 372.5082527672258
-202.76852782687246 372.37202381881866
-209.20144997024917 375.6790562838782
-216.20959267282427 379.766259739134
-225.32531938684878 387.2111832620729
-234.08965906539123 393.657251322326
-240.39957068895313 395.6981759025015
-246.768819874428 397.65456056454593
-254.80226480638004 402.05945561513585
-266.7436232037677 412.22425872348464
-912.2104603977039 1380.9044412778928
-922.9977683457661 1368.895949160759
-935.9071996293287 1360.102464405527
-949.3075018335338 1352.0056460542519
-962.0559612647634 1342.964008227671
-975.308332959435 1334.6095517640683
-992.0744958843833 1330.9350827954556
-1008.8580552392955 1327.062328746765
-1025.0440569609004 1322.2003181398566
-1053.010840274683 1332.055618307286
-1118.9069670465108 1388.213311812986
-1097.0720069613214 1335.0719124982961
-1128.2763077231205 1346.8636060977676
-1211.1016082221006 1418.2587544456906
-1211.3341598086315 1391.6517356295421
-1246.3466327652418 1404.814603780422
-1250.1915585307536 1382.5762427361628
-1240.1742827119663 1345.6848622541088
-1231.6267848378395 1311.2957190771294
-1217.0096371345453 1271.4116340200928
-1201.0521923661597 1231.2081997828152
-1089.9718451190106 1096.3928934683313
-1017.7379641807197 1004.5443923815831
-884.2506529424949 856.423833607386
-822.0011927187411 781.1978233257996
-819.1161458134709 763.8381632699984
-818.0490862099787 748.7834750787565
-816.1838757025967 732.9753618254083
-818.5951369049429 721.2371328734938
-821.61413565946 710.1733676255105
-822.2091119261547 697.1772918459149
-825.7073139890803 686.7921313068013
-829.857618747863 677.0356952230261
-833.1165494803031 666.6376939402945
-838.6132624837329 658.0910240889094
-846.4004025792746 651.3296849627245
-854.9328340343557 645.0820484945964
-864.2266007989274 639.325724862946
-871.8687123010322 632.2767973842941
-883.5300275984459 628.0371727309533
-897.6503813825154 625.3477375059613
-908.4948125472026 620.1912411303655
-923.4777820318216 617.6647845665054
-935.1479085491578 612.717217920417
-961.1140122990627 616.7850965793494
-983.8527584487877 618.2861390106619
-1265.6204867632914 778.7173964186553
-1268.6640217773956 764.102479938132
-1265.514218091636 745.9455501629562
-1270.7976462043248 732.9135981829972
-1269.8511963213643 716.4090585700322
-1252.946387727269 691.2932442033467
-1175.8337627139704 634.279877074708
-1122.5282913364315 591.8540657538068
-1087.1974735171223 560.116642832532
-1020.1052325096355 513.3705431814941
-946.8458705642421 465.3040913160366
-949.4119275093653 455.4404372724843
-946.4421066603546 443.0263409102327
-950.6002024513218 434.03255073727604
-977.511897990742 435.1671969330148
-1056.8190459308826 458.5166345485617
-1614.7063386476916 682.4459245471146
-1599.8350149842258 658.3524320836232
-1563.302361899823 626.0524940278051
-1619.485869302358 630.8006968369534
-1615.913642337428 612.2149136600533
-1600.044959074459 588.9661526271377
-1413.4414158183588 505.15776154523536
-1363.3551250517048 472.77034910752405
-1342.1713903997238 451.25597923182414
-1333.065820947673 434.21137366622116
-1330.4351462937764 419.4845903084613
-1333.3848677574151 406.59659914409065
-1335.2506713823282 393.40773324000867
-1338.9101713135578 380.7670589127938
-1346.3076212004548 369.150090203934
-1357.4721861666278 358.44841160757846
-1372.4309681447642 348.5530629290544
-1381.493850799754 336.9847774046584
-1392.4075697763242 325.73172954072277
-1398.3521895759925 313.2094409624771
-1403.206385324707 300.3944742900073
-1406.9633060877798 287.31560229570687
-1408.6350082473978 273.810908365342
-1413.1273675567031 260.84486397524256
-1423.410648516129 248.8516138000575
-1442.4725515080931 238.15318210288896
-1457.505335723612 226.50208903495994
-1498.1738163826249 218.33739007673574
-1633.9378647909687 222.3691840213702
-1635.967065575895 206.91244609978142
-1637.850051916464 191.43721539250487
-1639.5866555209002 175.94487499722365
-1641.176721180376 160.43680954079943
-1640.6278446764136 144.73864470978597
-1641.9228486584618 129.22213066376082
-1643.0711058984477 113.69406739866514
-1643.0742912367937 98.09624598682797
-1643.9282414377897 82.55868823604509
-1644.6352656648812 67.01375180815891
-1646.1948118461303 51.49409141720793
-1647.6078206276902 35.95093053695616
-1648.8739870370975 20.385653592298507
-1648.9930234198468 4.796739796212978
-1649.9646597458132 -10.799147646130423
-1651.7933564912814 -26.128671058182693
-1651.4766072672435 -41.581433946832284
-1654.0135102040347 -57.13412345112177
-1655.4046563268025 -72.69404247626423
-1656.649257178507 -88.28498564252472
-1656.748812643739 -103.84301518908407
-1655.7047639376037 -119.33873920200496
-1657.505874254633 -135.06767493143795
-1658.161445162791 -150.75019660233986
-1658.6684829491605 -166.45679220485385
-1660.0206190134172 -182.2952123625599
-1662.21427946435 -198.2919290965
-1664.2535744825293 -214.34560835744693
-1664.1564919452098 -230.1807340257059
-1662.9193682711118 -245.88650761846642
-1662.521778611773 -261.7447910495015
-1663.9455103701684 -277.9466468928165
-495.3289553555234 -87.51129062244415
-523.9808931487038 -97.63720405197311
-525.0071260598012 -102.91995718240513
-521.0828091326904 -107.22269361652933
-517.124193778369 -111.46106140294852
-509.2299948713001 -114.7554457242691
-504.2403267744733 -118.5988737483302
-485.6261257502025 -119.02632477249921
-501.93296688322147 -128.01287730461686
-508.44635593046934 -134.75274817615573
-511.984323022798 -140.82987246634596
-512.567664859989 -146.16220079069
-514.0549351002836 -151.80093444720032
-517.3940423765972 -158.06455932056352
-1685.9483675104311 -532.3552405010329
-1682.7954148105646 -548.7254248643305
-1681.379138888328 -565.7209482696787
-1680.736582368464 -583.0656401198542
-1679.9162413131703 -600.4476847921304
-1681.7327627341015 -618.9013772377034
-1683.3503766275944 -637.4413773106795
-1683.8357888289027 -655.7027041723617
-1684.1262797939107 -674.0286890834262
-1688.9033776185759 -694.1767650019455
-1692.549300528067 -714.0349188113635
-1694.1360755987403 -733.225038685191
-1694.597969602254 -752.0995422282336
-1698.4959914201706 -772.7013440713118
-1699.43790258741 -792.1715819500877
-1699.2618707666168 -811.2940863575537
-1701.5721121030276 -831.7982611867146
-1703.6476357998865 -852.4140619637019
-1705.4865793939161 -873.1388935943919
-1704.4294740992057 -892.5783818925402
-1704.921209424542 -913.016795932231
-1705.179975644888 -933.5401708869842
-1708.6949422593746 -956.0991550551819
-1709.333140861981 -977.3132627519769
-1707.1338397742945 -997.1073428159443
-1710.7256501320892 -1020.5301318335195
-1474.9020570911446 -898.4391587571803
-1456.3437440354132 -905.6974656080887
-1458.040432429179 -925.5523201860242
-1441.8689211014876 -934.0974330130837
-1442.348864644167 -953.4520190652925
-1425.1827993743475 -961.1529474373461
-1410.4699388000968 -970.3187887190744
-1403.0772829395992 -984.464391483426
-1366.2663565470039 -977.6074073818054
-1302.2379046762715 -950.1160137711364
-1275.7475771823001 -948.9826759817541
-1259.749462011285 -955.2969658500324
-1269.0621863872232 -980.9674648438045
-1206.5260273887347 -950.5740082884433
-1218.7405078808863 -978.591117091423
-1174.041899007523 -960.6844535927546
-1108.2765148225812 -924.1061447110461
-1101.210929417337 -935.6064818778274
-1066.0528647132048 -922.8387126886091
-980.2283391013176 -864.5238014205695
-940.209847250273 -844.8085245389149
-924.9840311731908 -846.7116050194385
-924.4310788466316 -862.045927118998
-945.3984664428555 -898.1301351405024
-864.1845390827691 -836.8955026825644
-845.4411919978132 -834.6096038707659
-888.1466362833748 -893.7536307386544
-1017.0455249118036 -1043.2964105453798
-1019.4302895180375 -1066.0144862116886
-1022.8399695618928 -1090.33178283797
-1023.8442009648345 -1112.6037264680897
-1317.998292853621 -1460.1265356245467
-1299.2894940949955 -1467.4627118037347
-1266.792188724289 -1458.7191472614343
-1270.2467979240816 -1491.3598064731452
-1244.9824729604322 -1490.4303546363135
-1054.4607188055686 -1287.2484579505401
-1020.7707350844163 -1270.7978227850488
-1017.8132442037286 -1292.3162151437552
-1166.1052028495076 -1510.1862984040442
-1159.4095441971976 -1531.6691904012584
-1145.8537493337492 -1544.3277453758933
-1133.9260816731598 -1559.293314710659
-1151.994657350463 -1616.5188861983609
-1142.158562249729 -1635.69520959121
-1116.8153308631702 -1632.5463291279018
-1095.5352445967837 -1634.8781385309014
-1074.8623992843654 -1637.7886990099355
-1052.6130947848233 -1637.9299962719765
-1034.18836970408 -1643.720905740636
-1012.0789073311054 -1643.3491063482145
-991.620944411775 -1645.2747194933431
-972.2355325995758 -1648.6825252761123
-961.8704427376415 -1667.4622188786448
-962.5348188553857 -1706.2261639334424
-795.9206743800935 -1443.0572684735478
-782.5145149401545 -1451.5068149712472
-736.3943773489144 -1397.8996104902901
-698.2412361179523 -1356.8843636008464
-683.3956922747831 -1359.946442982322
-665.4728944015549 -1356.5643467291984
-655.45047402984 -1369.2000131807106
-632.5532070436027 -1354.5853388616213
-614.9900788592028 -1349.4725647099135
-596.0576859201366 -1341.5436016229708
-589.252012685799 -1360.9081767502666
-573.971062930694 -1360.913744113935
-558.363511390975 -1359.8272644520482
-550.2493481924414 -1377.140027307969
-537.1476604311788 -1382.302930219462
-525.4108827644632 -1391.0831766190934
-513.5556634319797 -1399.7648304472218
-503.26035425979103 -1413.05662159388
-492.1055579608929 -1424.38798079175
-480.78073661084426 -1435.6343139197857
-468.0523522731296 -1442.9885638949431
-455.52706107609663 -1451.1843771993185
-450.43909755939694 -1484.1514812814344
-636.3435697067482 -2170.647567269471
-621.1469898931828 -2195.8370652092194
-611.3158990509287 -2242.1571915384425
-589.4897895503138 -2245.9264876696047
-564.4664820231816 -2236.878760834474
-540.3748606874117 -2230.4752879010025
-521.432801665749 -2245.246719927903
-515.7101565189037 -2320.381872550992
-512.5521053673823 -2414.190203625941
-499.9204401006031 -2469.9148879201525
-461.5082287611802 -2396.975418060377
-424.8871261907829 -2325.5035863221833
-398.6965390785588 -2305.7842634832036
-374.529315689287 -2295.6488824925545
-352.5620453283543 -2298.1133575596064
-329.58602802191075 -2293.4389135385186
-308.98898082629233 -2305.3853928850876
-296.21721426754107 -2381.649714372703
-276.2103674728141 -2407.205191274839
-254.48998557873097 -2420.6591761832433
-232.1584646755751 -2429.934864822405
-125.99263612224824 -1465.5943694088644
-111.15590554526703 -1454.7595556181823
-97.40367901736279 -1456.747240709205
-133.87808513562368 -2335.16544559918
-111.7410613262118 -2326.3178921234503
-40.47400717727271 -1053.2226045537639
-29.856603077489357 -1035.5696901960164
-20.062308337499857 -1042.8070309430077
-10.103034003570974 -1046.9512542157456
-0.16482033562382453 -2618.9999948137183
24.39958581813553 -2561.88381083372
29.5048410302675 -1543.718065048077
44.21637822846913 -1540.3655124340964
58.90463057046753 -1537.8723108559295
73.35774146291338 -1531.2438217891558
87.17237105964155 -1515.49496129939
100.08892108224147 -1490.6435549374617
113.22615350895683 -1474.6595668701189
127.96066445348875 -1480.4803505459374
142.24318185613143 -1480.1810285284175
156.74210377670903 -1481.7327400390568
171.97216827010377 -1489.1026067200605
186.73663376417747 -1491.354562004094
201.29253731376502 -1491.477896055381
216.58416039550963 -1496.4074650528084
232.59960492384835 -1505.1333574767618
247.82895268232045 -1507.7681553250766
262.9584763527127 -1509.2636746818825
278.3204676944118 -1511.5907902810086
294.51316148001956 -1517.6883730578697
309.84867466727644 -1518.7145218265782
325.0215697196371 -1518.6079083216257
340.65814131427845 -1520.301296045064
357.4969284405907 -1526.702310915767
373.3029462167372 -1528.0621421741669
389.1677828001051 -1529.2587867429274
405.85745786748856 -1533.1913526671547
422.6581107858388 -1536.9437599947973
439.0190405982178 -1538.5910054306896
456.58461793619665 -1543.901061164237
473.4137743311969 -1546.1463055847885
490.3277530131707 -1548.2101584168265
508.56882199024824 -1553.8927740675838
526.3232975649344 -1557.4722425906582
543.3727903917285 -1560.0801295644744
562.7518680862786 -1567.014784539509
580.9261713664634 -1569.968402045564
600.6332648579256 -1576.4544652942277
619.4234888972131 -1579.9125106797542
640.2052811834008 -1587.7912954619958
661.5783679361941 -1596.3389561991155
682.7829100452362 -1603.7008753973287
704.5903835731737 -1611.7175284075704
729.4802611709633 -1625.8482550846936
757.6332533376647 -1646.0060308021311
862.2181536464777 -1826.7402266119993
827.4916631904201 -1710.338430647675
816.3713494116388 -1646.7488636279122
732.5700275223599 -1442.6590570110075
736.7289854162746 -1416.9119245907652
737.6421898846538 -1385.9235187059105
740.8983049371581 -1360.3200732699809
746.1646234385812 -1339.1517295395472
753.5684947254151 -1322.3534035034932
760.2152419707182 -1304.6734403196083
769.1508126898513 -1291.2846422607763
778.9394236897832 -1279.5535839588072
790.1582807481541 -1270.3014962461161
798.5896772897688 -1256.7320825562713
807.9222979921218 -1244.7961923170913
819.8617552470769 -1236.9651176501227
831.7253128615963 -1229.0195295215124
842.9434683264676 -1220.1374140668522
854.6440491360132 -1211.9705232704298
866.2655102944534 -1203.69143291555
878.3986887947895 -1196.106911410345
895.8628224796289 -1195.6026945849665
914.0053296327704 -1195.6668672347205
943.915027519326 -1210.4748740982566
965.4777624390509 -1213.8590075604677
990.3420232959442 -1220.822131554837
1013.5161369340855 -1225.106134248869
1012.3603191971755 -1200.0110766634587
1006.2516383759928 -1169.7463999797692
1042.1015385302176 -1188.942968940459
1047.924130940992 -1173.108697347167
1080.4689426362604 -1186.849554070979
1175.9350991354352 -1267.5242177652203
1201.5614323339607 -1270.9253024185018
1234.2930663593058 -1281.1563629539303
1265.2204832334564 -1288.7409083312668
1264.572117116695 -1264.041676769797
1304.9770313768156 -1280.0855235408897
1350.8369500527606 -1300.3324707059176
1353.5742525946084 -1278.6245511145744
1352.356399594961 -1253.5821347141775
1351.5278154187638 -1229.350057611494
1349.6177914866141 -1204.5799337955095
1349.619140083969 -1181.932390925559
1350.8315335219306 -1160.695984331293
1352.529064527804 -1140.1868836324784
1354.7315173500654 -1120.3867706726949
1355.1285707608065 -1099.3869003711902
1356.0335968053355 -1079.1023511860146
1360.619103965986 -1061.97535466827
1360.2383634403513 -1041.2111191420856
1358.7883415576093 -1019.9486471617683
1360.2809603369808 -1001.1776610296004
1357.4866201042598 -979.5438102698176
1358.4885048500146 -960.9396350397726
1359.2610867199573 -942.4039994232201
1358.9786180550557 -923.3775585691756
1359.2915215702658 -904.9947841767885
1357.7042952999502 -885.5958708824616
1358.4011646373701 -867.9229665770092
1360.5816706841101 -851.376836306013
1361.7188525937327 -834.3445130704753
1362.656496904639 -817.3666689091118
1359.9462826457961 -798.4203832054139
1363.0706263431018 -783.0852237149056
1363.4118857176431 -766.2923919000243
1362.6820304160876 -749.0812265576335
1365.2728990837702 -733.845972277151
1365.0423300001628 -717.2331819622729
1364.5176596971273 -700.8905452170651
1365.7247270974383 -685.2590530555782
1366.7586383656287 -669.6676970355762
1366.7181390492642 -653.686873352767
1365.5919936596954 -637.3441039599708
1368.8302319884112 -623.1531079875575
1371.9224309825229 -608.9579980318877
1371.1975919279635 -593.1721199541952
1369.3759152468967 -577.0663763742642
1371.0734898806315 -562.5668718886191
1372.6196132857767 -548.0870343505715
1370.2861410338037 -532.180318774273
1367.775217687443 -516.3670728077726
1370.721507471568 -502.7151767699803
1373.532077559531 -489.05381290303677
1370.5358303498833 -473.4253243407621
1370.2122187526902 -458.85016680919915
1370.6871269269252 -444.6322076467373
1370.0619131857306 -430.14689820787424
1372.1563499038227 -416.5848670062539
1371.2382385197013 -402.1774399707009
1370.1707652289508 -387.8247982168125
1368.9548856426159 -373.5284742495713
1368.558750290258 -359.5440821428814
1368.02088773762 -345.600709943678
1370.2574809773696 -332.4070333575294
1373.3409662822773 -319.42853712663276
1374.3493269467701 -305.98680939046943
1373.2702240536562 -292.1384803952073
1372.0524552255042 -278.33803209346974
1369.714956015023 -264.3973132782617
1369.2041737426146 -250.88629019100208
1370.5311765980648 -237.75048679808043
1372.719130746019 -224.7736374308481
1373.7958743051995 -211.62442142156556
1375.7365110052876 -198.6178549048354
1377.5540093949865 -185.59351066187006
1378.255941898146 -172.42841593674387
1379.8255566336593 -159.38140813975718
1379.282794968998 -146.1094504216238
1379.5828525427887 -133.2184408026991
1379.7793395798158 -120.14147522270365
1380.8489710553079 -107.14998430003588
1379.800908501462 -94.01304642729387
1379.6263417393386 -80.9639251699763
1379.3284601752764 -67.92642306570353
1380.9058837231282 -54.9812722556175
1381.362192276475 -41.982064612532916
1381.6961350302877 -28.979138054214207
1383.9075488027759 -15.996761131316239
1384.9968087418638 -2.9731758867235554
1385.9634213230843 10.069496234203646
1385.8072628162822 23.113423062016196
1387.52766415115 36.20747457712983
1386.1260617403511 49.22947251580306
1386.6003228175675 62.31809337758236
1387.9494337210808 75.47429650769163
1386.1796426254073 88.47032480384848
1385.28558375639 101.51281415032051
1385.2654053571723 114.62877789032224
1384.1251895641842 127.66150404061084
1383.857228225396 140.78413223202398
1381.4770381777723 153.69187677808426
1380.9621208624817 166.8071363671115
1381.3142269638313 180.05556472187556
1384.5101571887396 193.74112790322002
1387.5703994985276 207.50273838071692
1387.531106246056 220.8674471251839
1388.349025911256 234.41625850454005
1388.0501264157929 247.8242251215594
1386.6389168769726 261.06228031306273
1384.12044139449 274.10144785083173
1385.395668621468 287.9302717063199
1388.4870909625843 302.23268888434325
1390.4564202324407 316.396813249417
1392.2816955318012 330.6246819084938
1392.0204412574678 344.4344511243965
1390.653891348796 358.0192096472641
1390.1207990121545 371.86713239248377
1389.4499718370826 385.7366663436735
1389.6578665460445 399.7086613355981
1392.4908748951193 414.9435664446735
1391.3367245879322 429.0898726524838
1389.086407604263 442.94802427495154
1386.698137187046 456.80222889339814
1386.0653163064108 471.29495958731553
1388.1128015444467 486.80987067686664
1389.0493699352733 502.0665771413392
1387.9463371269808 516.6874928385605
1385.7566269417375 530.9751132464288
1388.072097316567 547.1013184513336
1390.2053392050166 563.3197270164295
1388.462088693461 578.0908477575057
1388.4021473586258 593.6661327799964
1390.9179478500814 610.4983721096384
1389.5909996281414 625.789783994963
1389.9141732121893 641.9498353484297
1390.9587272899785 658.6006521222424
1391.8114432945074 675.3294798203763
1389.784492073026 690.798860445876
1390.2622432554956 707.6516763056507
1391.4311272832697 725.038218321772
1390.6293443803258 741.5699741415809
1392.2717815618435 759.5888929326248
1392.822964757936 777.2188809099488
1391.4266772475498 793.9369004170566
1392.4290081492304 812.2102297216837
1393.208560679323 830.5744436532159
1394.61771865038 849.5471845791786
1394.9418288816769 868.0934823141126
1394.1943142258344 886.1863315242202
1396.5830329317116 906.5212805705455
1397.876135301161 926.4293337084542
1397.2591197982522 945.3231998320009
1396.4081080465282 964.2890623572971
1397.773910393193 985.0523313124647
1393.9984287395014 1002.4257482087144
1394.8558312492812 1023.3656287123761
1393.0378670239268 1042.614742384467
1393.3634157367658 1063.7421641010444
1392.121610501305 1083.371322112254
1393.9928303436952 1105.2714548699673
1394.024524854465 1126.0371326489565
1395.3377603508732 1148.1644196451173
1396.3633518437719 1170.4073605491492
1400.9019822636224 1196.0090451538624
1401.3167767807784 1218.5074029782218
1401.4377840556042 1241.1108481603558
1404.2334905958694 1266.4948890101925
1403.7369503348461 1289.324852108508
1404.4015404890408 1313.615359636149
1404.739979850399 1338.0230151271317
1400.4433590713456 1358.3664446801408
768.3812670040402 758.9402008836178
769.9274621092352 774.3873081927624
761.4755572215104 779.9070301992348
760.5998961298895 793.2772516637555
721.8408532866391 766.6516696169238
697.8863404733576 754.8103442459602
660.0913706566627 727.0511552735533
629.5143364857822 706.1357519336245
644.8198950340317 736.6466608682214
608.1297944514732 707.5783724086039
601.0427513684598 712.3002253456276
590.0925072660178 712.3312662438063
586.1317071612797 720.7569783638614
562.7265801231523 704.9416968962054
554.459956654742 707.65468730619
546.8001489619237 711.068630369262
540.328870065815 715.9984023539436
543.3348991372806 733.7275975315915
660.6833405726517 909.3258621032185
698.8441820285393 980.4248106024561
685.9126323790401 980.9856577661346
670.2008688808168 977.2695612528809
639.5456549276969 950.9455059376972
598.964963771905 908.2868336454737
555.4127800817924 859.0958291842735
543.8516559822644 858.1849312854127
532.3530456266777 857.1354821800346
520.7449245402757 856.0541592478495
510.1426037878194 856.5999788702916
499.07239338369527 856.1587155208257
488.5509934014753 856.4542759811709
478.06808851440303 856.6282173406296
467.62503050726184 856.6812889535305
458.16491776526544 858.378650788303
448.7141764462493 859.9741785984997
438.36535291682327 859.6864645683966
427.615618105873 858.3856261331105
417.80396403003385 858.7577351271952
408.0230331089564 859.0216554037316
399.1151161233409 860.9925226631484
388.557984120457 859.2273814167277
377.26220978254787 855.5105055287099
363.30619907822916 845.2269551495208
334.898188385211 799.707573689473
293.0275988606185 718.5477202705332
331.29033716157187 834.656044429903
329.21833961241157 852.6495674442384
318.05176926385195 847.2709555202123
309.41372977043056 848.334924325028
301.1175687737623 850.254203033292
292.1626630580748 850.2011399162047
283.2352740744389 850.0551626335655
274.64356202695785 850.7684255055217
265.7651270416228 850.4410016271264
256.0490559763998 847.1504476381951
223.71066097383124 766.0010053300527
176.36629958829116 625.6156394860451
159.74224762762643 587.6762836144352
149.67032740829302 571.734023032996
140.15575805165167 556.6258738910426
133.05350656804399 550.1388591891573
126.08528954642468 543.5683027550394
119.90250826632574 539.8447818692366
113.80066931847148 536.0535492492032
108.375967103543 535.136103953351
101.84269141862738 528.2727195347212
96.16804081080073 525.2691766386184
90.95172482048032 524.1677057509168
85.03700307674474 519.0806373847186
79.22634723346262 513.9291642863274
74.66472796910203 516.6325371066944
69.12325482550705 512.3582493161674
64.29081968361997 512.9870276180561
58.99269051121946 509.59676457592184
54.1867344884371 510.1301773130851
49.18346525824393 508.6275520901233
44.12649104247223 506.0798877531873
39.43181383671862 507.47032628277526
34.17029189250718 500.8356927695757
29.272034128364446 498.1406909879857
24.378383528568087 494.3993268771045
19.836710807684938 497.6047677668817
15.023877051805552 493.77148876614194
10.494979232742352 499.8898432764006
5.782672728107543 499.9665595778578
1.0698524510892882 499.99885541442285
-3.6430628789725703 499.9867279167117
-8.355654534293247 499.93017816221453
-12.962963785319122 495.8305774857986
-17.81374847474124 500.6832035981222
-22.03755481194824 489.50418402492784
-26.976856347018817 495.2658369215792
-32.66468486487364 510.95696331753663
-37.552591988872074 511.62369260513856
-14.950446333438961 180.38149615310036
-14.258299595634112 154.34280317734658
-13.17819559517409 129.33033349085332
-12.956981845040007 116.28033634913214
-13.93233017252593 115.16028037463144
-15.017184090630233 115.023841798073
-15.961904608394928 113.88686316372271
-16.590282867594397 110.7644460753233
-17.3186992035159 108.62809331797249
-24.511357146581354 144.9420345201237
-36.08621511337558 201.7988728382574
-104.32450203962338 553.2498515808066
-109.34011099237331 551.2610453570753
-35.23002294725072 169.374866739833
-21.49610940966659 98.68595280103266
-22.8665137383227 100.42968958159284
-22.42228769973435 94.37288283352555
-23.30811161109552 94.15801576671375
-25.438881309933315 98.77683593686895
-25.073506798901903 93.70335776697344
-54.046291558391495 194.63555268446035
-117.27772607400965 407.45789348951087
-111.39043405147996 373.75415877528764
-116.07608922655822 376.5134015010197
-115.3589614340722 362.06672039397967
-112.19333665882621 341.018555520604
-115.07147656369449 339.00229391768295
-121.55509915527745 347.34472483305495
-134.64956319562882 373.4681982863151
-130.4972293771288 351.5614784428081
-136.29256857967272 356.85898580525503
-139.27437478832672 354.631708293718
-144.47206920861754 357.9438799848105
-150.12712259536696 362.11303078077106
-154.69816208203574 363.44666547987504
-158.90714884202978 363.80972780685374
-166.81632047626272 372.3389789194261
-166.13358210533647 361.6678488569995
