-166.97766857699335 346.90554650594987
-175.93354769145785 357.00334283686686
-154.98205706487556 307.1100160983677
-166.60751735088732 322.5072637355224
-171.06007514818842 323.5652186040646
-171.74163917114848 317.5308006710641
-176.19682071014387 318.5132342174143
-182.65527138957032 322.9211232384813
-186.2094632028563 322.0404257445082
-195.8683170501295 331.4522625898788
-197.9684636148889 327.86809453492185
-202.1182747273408 327.678505583206
-205.21613660824906 325.7473519087829
-206.13143902751307 320.42289219786824
-209.70930222734745 319.2898503856943
-211.0566510845056 314.7953145029215
-214.59668479802514 313.6052660171653
-219.27813085503192 314.0160845063888
-225.72733399263365 316.809360165665
-231.07296435166535 317.89036655069305
-234.67233156182027 316.4883833560706
-241.88506123115405 319.8321702912339
-247.34969893799507 320.6916376135854
-252.85216199408245 321.4759464950967
-258.3915137463512 322.18445900426235
-261.4347531445236 319.71998662620706
-265.7351396427942 318.7629770833255
-270.0407670353016 317.7530238077774
-275.0057923454613 317.4457657245486
-284.6224815282976 322.3197837686571
-294.35572779730876 327.03930270369136
-304.87946723473544 332.3394506504815
-310.06579635166304 331.62509243543235
-318.02524277896316 333.73783866289654
-331.62573802839944 341.46796317827443
-1157.9005740991947 1169.8642060088664
-1169.6509897084939 1159.5367878053462
-1182.7432273076295 1150.4861834276558
-1195.7687983890332 1141.2913654274473
-1216.7551214569842 1139.4717962320087
-1244.4407248065918 1143.44535612457
-1312.1691563431111 1183.4276932461094
-1295.6052200247718 1146.43234159045
-1313.197547661 1140.0145616689006
-1417.5741332382972 1207.2810678436445
-1399.7787284944566 1169.442393303083
-1447.9139307955102 1186.5619448677319
-1452.0682380116996 1167.1618705893359
-1444.9911181775283 1139.122762650302
-1435.9325530594167 1110.100312162944
-1411.314586654731 1069.8748232833527
-1398.1055898342543 1039.1654149721364
-1374.7453137724713 1001.7366531482362
-1213.2829306584238 866.6172916419949
-1173.1003864386068 821.2548224135987
-1095.8896980298823 751.8422505765245
-950.2542000752529 638.781617800122
-939.5561881042274 618.7561469553685
-933.6076485451553 602.243936107277
-927.4317192955751 585.9005086569337
-930.3859557183694 575.5153980581374
-929.8053620928546 563.0550493720624
-929.0727626349214 550.6576084373254
-929.9193821097246 539.3282328755542
-930.6351444641654 528.0324117780671
-932.095148761292 517.2568352913908
-936.9506103564968 508.40884507705806
-942.6055007117828 499.9838697677049
-949.9603961641359 492.41775528475614
-958.1484107734718 485.20884465585584
-965.3883877190375 477.4455580034621
-977.0696355549043 471.762575112319
-988.7291649164052 465.9008890780399
-998.547443363415 459.0250574341094
-1013.7987262317574 454.4591760443022
-1029.9684220051456 450.04560843566776
-1046.1443536523748 445.3661317626827
-1071.5605218536446 444.24998368570016
-1373.3958063828222 554.2066031815909
-1377.6504737671905 540.8134356032917
-1370.5635759137017 523.1103940648161
-1373.4798464038502 509.68432536468686
-1363.1844685158715 491.2525875729322
-1333.785911922586 466.45915272061706
-1245.3283455875678 422.3533019595457
-1198.9148823811868 394.0140921399955
-1168.281053869489 371.746390930156
-1100.0623681230893 338.6204161585958
-1014.075474282297 301.68681187472265
-1012.0765406842316 290.70616745545465
-1012.852163399283 280.59133111589944
-1012.5609827220729 270.23000623341176
-1047.0335094711854 268.85280367601314
-1705.8477014682842 420.8712622588671
-1692.234333982471 400.57952879659507
-1639.3816506310561 371.73754662960016
-1695.5962980747245 367.6658727095703
-1698.9963385780043 351.6197399159153
-1686.5465991219316 332.4478440150368
-1550.0415587840998 290.34490875880374
-1436.534113125496 255.05046917569896
-1416.1982541791492 237.65206681181965
-1401.5902389804612 221.59828969261926
-1393.730903291213 206.86993307646154
-1391.6622847884616 193.1348883484258
-1394.4177014695274 180.09795620283967
-1392.086269736962 166.43262183186962
-1396.5794895892445 153.59273830049784
-1401.9490868614444 140.78266174626188
-1418.1557968851544 128.88031564607826
-1428.2811856251674 116.19748185380728
-1431.3107166507725 102.83303166129045
-1436.2111581365364 89.5461291408447
-1442.9851559305878 76.28131988879885
-1444.6408753546089 62.67967178176422
-1444.169449230786 48.98573168227352
-1446.5674127320492 35.379661130446834
-1454.8363390672582 21.82261509026016
-1473.9773390390262 8.17337136263648
-1486.9886402281563 -5.812386120895187
-1521.864116995272 -20.337389267080766
-1665.5732461661455 -37.70625486001086
-1662.150597968332 -53.14498728493657
-1662.5817036045037 -68.68827294048518
-1661.8686571345065 -84.19362466334472
-1661.0110098363143 -99.69165061602213
-1660.0088363346633 -115.18100230001859
-1657.865311435528 -130.58181013747662
-1656.5751355073921 -146.04047527540192
-1656.1360934402057 -161.58353877983254
-1654.5568127590518 -177.0247252578243
-1652.8335674604814 -192.450508640164
-1650.966507485765 -207.85954671425523
-1648.9557952896291 -223.25049872451984
-1647.7912702527 -238.76542814861847
-1646.4806939931655 -254.2780452728558
-1644.0371914006819 -269.6251347544543
-1643.4211684924023 -285.29083923439725
-1643.6393944323163 -301.1487025875566
-1644.6864215866035 -317.22480144000883
-1641.6558381218604 -332.55241565866334
-1641.4170079319967 -348.4741110492588
-1641.023733595513 -364.4202323914564
-1640.4755391642973 -380.38928139947456
-1636.8559490646514 -395.6748690675955
-1635.0334760070941 -411.4140643392724
-1633.059632413922 -427.1536456359781
-1631.8993027656184 -443.1542233050349
-1632.5074395294362 -459.7123664652113
-1630.0682671249017 -475.4802251539172
-1629.3914913844048 -491.8204629782145
-1627.5967749673362 -507.8914629287704
-1626.5955501097758 -524.2784721529924
-1623.5321429188602 -540.0596086630563
-1618.4239064664 -555.180204058139
-1622.6031068042985 -573.5853535342742
-529.9771955401313 -192.92530214416502
-530.027445674915 -198.56209817416064
-523.4865701372084 -201.69980388186184
-519.722893090814 -205.83759228409735
-510.37016360637034 -207.6614940243057
-502.8864381710284 -210.07196458275072
-488.95977473648423 -209.6242798190291
-486.9861502281149 -214.16930098872677
-498.64425358209377 -224.8619762644555
-501.066936690082 -231.5943111477857
-499.79194365211436 -236.67913524525503
-502.0646507587006 -243.50582428053744
-503.35750480948417 -249.95043979151174
-1605.5423496891501 -815.9869872459011
-1598.7599167002336 -831.3667835273806
-1598.8932259363107 -850.4477950203516
-1600.5660352321793 -870.5586521660341
-1597.632199245892 -888.344165249446
-1597.1136958531122 -907.6325481814832
-1598.1033583463968 -927.9922715421543
-1594.5511896987423 -945.897723557006
-1595.9352955110046 -966.9263325311824
-1594.5139005383198 -986.4838675772012
-1592.8659762931547 -1006.0983955695662
-1593.5117209779785 -1027.3930090796807
-1589.7212194578221 -1046.0379746479257
-1589.0420161785921 -1066.9308650606536
-1585.6357638075563 -1086.2058849658417
-1585.2865107209498 -1107.800829989848
-1583.8573705811662 -1128.902488993498
-1580.5541380154052 -1148.8971306441579
-1578.6219584234907 -1170.1186744869867
-1576.4308158156498 -1191.4033250527737
-1573.1872337763832 -1212.137751034515
-1570.4799039555662 -1233.5322741102948
-1570.6322954107682 -1257.480891549729
-1568.1494692238662 -1279.6418413653512
-1339.3458380887973 -1113.8746455477908
-1328.913246747326 -1126.3008401930103
-1322.906239910517 -1142.5511281364254
-1309.2045096267107 -1152.1803469826607
-1296.9274411945132 -1162.9889132217263
-1265.3681207692389 -1156.131272365264
-1268.452025040315 -1180.812627037467
-1245.0645011842935 -1180.8769571342757
-1188.0363532697993 -1147.89965733482
-1150.608534341203 -1133.2806363391146
-1131.9208279741829 -1136.4731581512344
-1146.8235955234506 -1173.7447085080576
-1078.0775325215047 -1124.7723475763191
-1083.6774512041522 -1152.5481255685909
-1060.3668200743855 -1149.6600397010134
-982.8695106469798 -1086.366662338534
-978.3759468952002 -1102.477440375503
-948.057738083287 -1089.184339430384
-881.726587847332 -1032.8224553538237
-832.6181823292505 -994.4626501054402
-811.6171294720459 -988.493113353632
-806.4864971803092 -1001.6863430564655
-797.4592618973367 -1010.1622273744722
-751.007422260482 -970.3179127016394
-735.0150638928017 -968.7150540022906
-799.688862489648 -1075.2198487797798
-875.928296927421 -1201.6316484854367
-873.6604946726393 -1222.998912529508
-873.9297024756011 -1248.5282836727838
-865.3049945879417 -1261.8031805084192
-1110.2232119462005 -1652.720611493625
-1089.9195765307159 -1656.6123012627622
-1061.5199815091073 -1647.6575277820643
-1055.8007545369544 -1673.8356450736726
-986.6324079961007 -1597.9488388217615
-868.3388993672643 -1437.0207221350875
-845.8607749752454 -1430.6514423011208
-834.0994343605493 -1442.1630052110656
-947.7396157006018 -1675.5341300109872
-941.30083380459 -1702.051039269617
-925.8798540163691 -1712.7625334314814
-912.6753023762672 -1727.755709709098
-926.3239880940556 -1795.0832485100862
-908.1600434688629 -1802.1013665847527
-886.8566887353044 -1802.655323029184
-863.0297767274016 -1797.5582339612397
-840.2311758766369 -1793.9823218429337
-817.9965637418569 -1791.045119952737
-797.2851015380113 -1789.4181922808104
-776.2494761517213 -1787.7465566388817
-756.486727483445 -1788.6005230742242
-739.4435316823395 -1795.7135805726784
-733.8640185318607 -1831.4400351374513
-723.6766403860215 -1856.9709529660395
-718.0286427598879 -1895.5642611571873
-552.5170176990024 -1501.5741557289139
-518.7023635072472 -1452.1404402095534
-507.1614270530976 -1463.6216337938795
-490.6726503424177 -1460.794766627382
-473.35558642159396 -1454.9345307619408
-457.0956393109663 -1451.7395002282258
-441.5219678840946 -1450.28078380559
-427.1460593523199 -1452.4951786425263
-411.1300466051173 -1448.7953909294695
-397.5977334855817 -1453.60415599541
-382.2285729057608 -1451.5172469021597
-368.65329038915354 -1456.055888860469
-355.2624426163813 -1461.4392210647154
-343.39122765804245 -1473.5166998604063
-329.58074101681393 -1477.6916238345564
-315.09669343379454 -1478.8029191839896
-460.68729246001965 -2267.6779353704214
-439.10160710641316 -2271.9563769220053
-418.91951710198543 -2283.898079641699
-397.8656780939022 -2291.7196386545365
-371.85067551680845 -2269.7416317981424
-347.05145296644315 -2252.420096028687
-328.1877835297649 -2273.4339178304303
-313.62663358929746 -2328.9779592566874
-291.21660038118404 -2329.870574015309
-267.3283620559143 -2317.6333935375765
-243.90962541535683 -2307.142842268276
-222.72381824843288 -2317.3213201420385
-206.79709884491723 -2390.070283466435
-191.0407960472738 -2482.660551554647
-171.18822529899762 -2540.238294239141
-142.63490682163666 -2465.8781971857375
-115.02924057559673 -2381.223272566561
-92.04905509396093 -2359.204944776165
-69.10119720031636 -2349.984260488883
-46.47745975013828 -2347.5399561530735
-23.927420213685544 -2346.8780280538476
-1.3967527947097655 -2349.9995849109487
21.849101131642684 -2425.901609047601
45.566050332338236 -2448.5760627469
69.41010470526612 -2460.0209831147386
93.06228902815722 -2460.2405188031594
70.42365945375401 -1484.3303231387351
84.72779803948353 -1484.5841842884427
157.35104434237408 -2358.7574374751557
178.92326354805837 -2343.178709736266
91.53480325190122 -1064.07019495597
100.50777211299301 -1050.20149863961
110.90012616539377 -1052.1716409486144
121.68263440804466 -1057.0190804727786
327.33238675140797 -2621.644046888064
353.1536399214197 -2623.33595000912
225.2500313043067 -1559.819997114221
238.53817262860582 -1546.7141106872355
252.72889613170358 -1540.405500204427
266.4777969576372 -1531.9969268012924
278.0996242402856 -1512.6482072833103
287.66250292815954 -1484.3834694610105
300.7021444513644 -1475.6741579096486
315.27372216084035 -1474.6750422092487
329.4169013357811 -1471.5802747775374
344.44093660442996 -1472.2446947403353
360.4565787526769 -1476.6418167023157
375.8488490585206 -1477.9589448497497
390.78801781276314 -1477.1826986307317
405.7468541303922 -1476.2555640414334
422.095164528095 -1479.9853621174773
438.835773512512 -1484.4955924103228
453.6528995304935 -1482.1265285891
468.46493167800855 -1479.6096133061312
484.8253191397883 -1481.6968009417456
502.22904706120573 -1486.4477738178336
517.7933376685254 -1485.3346624468468
532.5567475732429 -1483.2934000440403
548.9269005357215 -1483.712660142875
567.1346236177886 -1488.6259834807095
582.2027611096179 -1484.9461084350291
599.1225420351162 -1485.751049006993
616.8776576333522 -1488.2146873058298
634.7357855139559 -1490.4732411512732
651.0919257469026 -1488.860068719418
669.5233222540982 -1491.6311611647952
686.8136072722465 -1491.4593755331334
704.1626471291381 -1491.0922058639046
723.3111939323459 -1494.1288153074902
740.8058876016996 -1493.3504735642796
760.1646947881708 -1495.9390484901473
779.6419751635963 -1498.2921579461752
799.7051165076699 -1501.2903538727792
820.3768241578306 -1504.9178935691848
842.1665911289863 -1510.0319310485402
864.1307631766459 -1514.8643583277506
885.2582298003719 -1517.6847059157947
910.1050873849537 -1526.249563444991
936.2395598668259 -1536.1824392110373
972.1648856561321 -1561.0305682776361
1083.8075435198534 -1703.4442194006417
1041.3430677090603 -1602.3500289681663
916.2979991630713 -1380.596601737724
911.0644070783515 -1344.3725845742956
909.7704693978385 -1314.9595784706223
906.2644348911602 -1283.2481342481688
906.9104282945443 -1258.2187707432306
911.3065446296014 -1238.9367948831193
916.6162473777138 -1221.287703632194
924.1026604577268 -1206.8281869988584
928.9333848530035 -1189.1861782351582
936.6261698875658 -1175.4745500782858
947.2946241058559 -1165.6058060683058
955.945450618255 -1153.3309565958339
963.1567349875269 -1139.4705366301346
970.8427874625393 -1126.3362206872184
981.0060112546668 -1116.1645066396836
991.3128402916009 -1107.0207101373483
1002.3466832102673 -1098.3943402336777
1016.0298226635682 -1092.5874790872529
1030.3798827626965 -1087.345987806058
1046.110054026531 -1083.3696298422844
1077.2858759168869 -1094.8749433382727
1101.6882228176105 -1098.8262190651326
1125.5441006821923 -1101.7147895074818
1150.271546583584 -1104.9436044976273
1155.5112132848742 -1089.2831752914014
1131.1959296626162 -1046.4591576907
1175.779908881739 -1067.3732270719786
1176.0518394069286 -1047.6292622047074
1203.9153265297766 -1052.325466073449
1295.7311699448758 -1111.273924481846
1332.8978489936435 -1121.5825088454787
1368.8280166164168 -1130.0154250832006
1399.5923232683176 -1133.4647452163622
1408.616579313032 -1119.0175746986517
1411.1825567270744 -1099.5839174838986
1495.3472507381189 -1142.742578059446
1499.6186815415751 -1123.841541308875
1495.6092519939816 -1099.040019903735
1489.644684876951 -1073.2449453959007
1484.1456214283162 -1048.2369838901686
1481.5982419092156 -1025.7049524943911
1478.7595294148946 -1003.3141353358077
1478.1301683733957 -982.7289582303134
1475.5695528327115 -961.1532108634254
1474.421009779719 -940.7888636246464
1471.3248716654355 -919.4716537331044
1470.5182407376674 -899.8622692711347
1468.6159803281594 -879.8358382816418
1466.46809749548 -859.9251822269119
1463.209261406049 -839.6354312054514
1463.187514709068 -821.4415967063641
1460.3240934943906 -801.8787576434399
1458.1041654171659 -782.91585933171
1454.7722145169596 -763.6012073519929
1454.766012908662 -746.2444959166096
1450.0011411112305 -726.897992001718
1448.7397159981404 -709.1701032119357
1444.5663829422297 -690.2383394692034
1444.6970044054906 -673.5625920891107
1445.5521788803333 -657.3605541362526
1442.5738037026751 -639.5817546418878
1443.9790104232873 -623.9019293582797
1441.5302304832715 -606.7014048136418
1439.8112129484282 -589.9827718399715
1440.6920993599929 -574.4625965558563
1435.8144769787264 -556.8094716312814
1434.4755166054997 -540.7115610557858
1434.8390559540082 -525.3768966266125
1433.1567170436447 -509.4141972822144
1426.574408257383 -491.9008616633004
1425.4804486635292 -476.4603766086155
1426.1252471991854 -461.70096307140415
1419.9388536189208 -444.87936790031637
1419.3049685275603 -429.95628418826567
1420.4357079277445 -415.6469651564985
1417.5734798650888 -400.26794673466264
1412.618142463925 -384.4554377060755
1411.3605970561234 -369.78678326487403
1410.9220430087198 -355.420861166168
1410.3383121616025 -341.09653362231955
1407.6618332759167 -326.36354443823103
1403.8570499781629 -311.4953984035879
1404.788832282006 -297.7655733891306
1405.5866452708983 -284.0460924499782
1403.304712871528 -269.77190890186927
1398.911389735513 -255.20760895446548
1395.3540970158047 -240.92103258372595
1394.6131581484303 -227.20726026969527
1395.7148141624932 -213.8320778727006
1394.7085902708234 -200.17229634685344
1393.569084344521 -186.55081655992115
1392.2969321985627 -172.96893533369283
1390.892782232967 -159.4279408768629
1385.3791785182525 -145.51127697911141
1384.7047218934163 -132.18862721912396
1384.8745309340613 -119.258264158772
1384.9326083849817 -106.21991447921306
1385.8657703552296 -93.2580643038772
1384.680966505638 -80.17244537253438
1382.373968295846 -67.06870938071854
1382.9409500260776 -54.13251094277705
1381.3877640148673 -41.1320486969094
1379.7125463840846 -28.165392778115834
1377.9157937917557 -15.233686987589865
1374.9980150447584 -2.3363696142066988
1371.959782431939 10.505017339676384
1371.8014529531977 23.340387218206626
1371.5230447984904 36.17371402936036
1369.1258584569175 48.93244020697174
1367.6091483355096 61.694549102997726
1365.973569754656 74.43256499491251
1365.2174066714765 87.20913095088311
1364.341741237395 99.97806318044525
1362.3500516740937 112.6558329763442
1362.2322203707631 125.48855638559472
1360.9985495921012 138.227884336688
1358.6518526651494 150.84476540323553
1357.1811100743605 163.54948626433094
1354.5999141756213 176.1109664824975
1353.8833673154625 188.91486893980672
1353.0457243224757 201.72076713285318
1350.1115939622061 214.21410749255344
1348.048352028652 226.8361536281979
1346.8516512935807 239.613500053221
1345.5337783651012 252.38829465435794
1343.1135853831693 264.9658407402135
1341.5550621483235 277.72291087378466
1343.7845059197953 291.32147474893037
1343.9259555613405 304.5439639338429
1343.937360488222 317.7945422501003
1342.8472411283212 330.83271753872293
1342.599311749594 344.12655824495147
1341.2536011991992 357.18731398270506
1337.8531131910743 369.7202287202451
1335.2968549549169 382.496155729058
1331.692979757215 394.8604913958216
1329.7526618454795 408.2142309068388
1327.678506920178 421.56705547540935
1324.520196271966 434.6058555377193
1326.916540509468 449.5481003434284
1323.4834700332372 462.5964813406839
1321.8036457556682 476.2983540461001
1319.982459305589 490.01051736219864
1317.0854560090734 503.3745142231293
1314.0533433844141 516.7279852497278
1312.740209992969 530.8193111291403
1314.0475897522185 546.0841802015376
1314.2625622685807 561.0302286144882
1312.4793722557645 575.2276917909243
1309.6323764578772 589.0322898902008
1307.5490599048808 603.2540558851321
1306.2170037176418 617.9175828530099
1307.422923259091 633.9197896711012
1304.8589996788985 648.2221771560922
1301.2493662831816 662.0801210938283
1301.9280307709332 678.2384556281958
1302.415723056639 694.4705064542713
1300.9554182317715 709.8161732261361
1297.5736234549827 724.2228191060448
1295.7717552536665 739.6212262278794
1296.384382573652 756.5636342166675
1294.214010407412 772.0486352977792
1292.7191689661352 788.0819438278643
1293.5816310828102 805.7434850652759
1289.1611918041685 820.2727726470358
1288.7731917447495 837.5157671590733
1289.8386952354927 855.9323222505399
1286.5291137752347 871.6414626488976
1281.3914111338247 886.2279906843755
1280.1767119142507 903.6794709809542
1277.1215844992657 920.0198141377633
1272.2587042578364 935.1998660394319
1272.0217768179928 953.9709635522437
1268.3640132079875 970.3925648926459
1263.7193234854499 986.2162397007448
1262.3469570029436 1004.1161088964803
1261.734791074082 1022.4486867286995
1262.4356069034625 1042.1253947689243
1259.8209419098714 1059.3239326690039
1260.0356555005778 1079.1622430697012
1256.9790072663818 1096.4614791645083
1257.4496214401056 1117.1143404057327
1255.4235413852687 1135.8524251572785
1255.3666082532568 1156.6778630555327
1253.5758558935236 1176.22641252474
1251.5330616007384 1195.8369436174326
1249.2369599960014 1215.5064861118383
1247.3966814780174 1235.9358879155625
1244.5838897308333 1255.7208851581904
1242.2116165718335 1276.2724237614757
1243.0229569051812 1300.4979540955455
1239.3898316148272 1320.467282930467
1241.5956028982966 1347.0947846620204
1240.7350458233104 1370.9039156942501
1238.8795373095072 1394.0597160938917
1235.3902551481165 1415.7866779586082
1231.608024940548 1437.5641456651745
1227.531651498305 1459.3885858707554
1227.6170956993908 1486.654050660944
663.7159984290308 818.7777924622495
664.9800471539899 835.7185751717366
656.1424020036117 840.1387672836737
649.712759864026 847.642217961016
621.5604826279176 826.3283647771932
609.2900214191974 825.4948030114992
577.144219440471 796.9696041672163
547.8845941696845 771.192888628727
534.0070896844607 766.2848218298027
523.6499052390604 766.1427913536243
511.66919616170776 763.3843289583772
498.13437096533505 757.9651367068079
489.61495342482425 759.9297318718404
473.091556540742 749.1197361769732
464.69939744272375 750.8285223780257
455.7967459897113 751.5918615480017
444.21313889211166 748.047249333635
443.2040388401299 762.5576568075339
446.4104723670991 784.9373797705034
513.8976197884604 923.6656518328238
563.0410882749626 1034.7312370437774
550.488383173824 1034.6721896285167
534.7568492607347 1028.2587768498413
498.35440747500786 980.6339197428539
458.0039096919653 922.568381588527
436.2393625480332 899.8306610488918
423.9263339741139 895.7496655669306
412.1479247969475 892.425396369674
400.4695295494682 888.9595918276757
390.90358221345906 889.9316768228252
380.9612068746898 889.8834524006949
370.2844750983432 887.881415224547
359.30283337778195 884.8313251273927
349.5138401887651 884.4439357678373
340.1226653939942 884.8844966916784
329.3540771636856 881.479944102903
319.02074907318365 878.8917804034719
308.4328141171519 875.2446510409387
299.55911398014786 876.2079303632379
290.6945522566152 877.0819102503061
281.2286552773979 875.9625810791615
271.512735768455 873.7882090733024
261.5747580133465 870.5513459700463
250.8853049153583 864.3243394568544
227.65831732284727 812.7162423341432
196.29918087883257 726.9632945247645
222.17928380649062 854.5907592802738
216.09039487846368 864.3991793386142
206.56905997687124 860.554602253844
198.0361362798224 860.5060654797035
189.30723114656521 859.3967490255131
181.0285372269674 860.1567698445816
172.55551106326968 859.8567296949496
163.72899648052646 857.5090761685731
155.6750905725015 859.0077218367967
146.42391116969333 853.5315098095499
137.54412355129404 848.9296873572665
106.93777553092698 701.9005001882368
88.0203939236163 616.7506872744702
76.92121023740829 577.9032163049558
69.3826409450629 561.7312962044117
62.83549542240887 551.4315011993968
56.80046498029415 544.0429276978264
50.72158140867773 534.5992154683757
45.08117270509321 528.0792439279672
39.795302041171496 524.4924536496707
34.581136158006125 520.8532855056416
29.26869227466132 514.1676221355553
24.22772629002237 510.42532977783907
19.37394607200408 509.6318771560498
14.508733367378714 507.79276940113505
9.62255431964687 502.9079502735718
4.858924658105596 500.9764374211295
0.13259187855317178 498.99998238416174
-4.546854656996386 495.97915894997857
-9.187901491836197 493.9145497615719
-13.818435608981689 492.80630153978393
-18.42888209258609 491.6547328205206
-23.018836537823486 490.46012392899485
-27.644199873410212 490.221172750993
-12.026232044224818 182.60440778584305
-14.04866481809036 186.4715394284848
-12.08768989959982 142.4882021533401
-11.74056610680308 124.44741502936807
-12.397368051048216 119.35788731963568
-12.733865981028332 112.28022380266799
-13.792410670634156 112.15511315982245
-14.849728128915045 112.0200230963077
-15.7649656551744 110.88492168861902
-17.560669938180254 115.67464230038618
-26.462128932979784 163.87725813038963
-27.838049303970024 162.6346919047401
-87.04467644715038 481.1904241588884
-91.76703221629103 481.33025231977075
-32.03556000641942 159.82090881694768
-22.22393875476136 105.68867747410134
-21.054502702167646 95.71158715622897
-21.952966693835855 95.50951394148822
-22.616334068665545 94.32656801397218
-25.682285616359476 102.84172404972475
-35.19487282588373 135.503951701675
-53.918528946514414 199.8544276123096
-132.8817511968342 474.7540839201519
-141.51572150658083 487.89066456171497
-146.95690077892624 489.4125757614457
-152.73567693162047 491.83006515689914
-162.85025162404 507.51235999331766
-172.95808895161835 522.097212658911
-179.4734330906642 525.180242216566
-186.72635586940024 530.0728893498838
-192.7224662180202 531.1149131919043
-201.55391847588416 539.5850423677593
-209.12640561232806 544.2013841177437
-214.96591227560373 544.0722898287667
-219.31664910513211 540.1751636509183
-233.2351029779774 559.3186808420154
-233.75828533898948 546.0705669008133
-202.68550299106045 461.4483577576811
-197.97647413036356 439.4648059753016
-196.22729883127994 424.8750959910213
-169.40943453681575 357.93357413061483
