-162.52676737571954 334.6177668421071
-169.62932516236333 341.1552315954736
-180.11549236195356 353.7900640368679
-164.05285497770964 314.8200450633069
-173.61762661356784 325.60393076415977
-174.78168346915834 320.43152641974376
-168.5560902729056 302.1669148532183
-182.3126963195327 319.66557643997555
-188.3572463641595 323.10609363196994
-190.90057483260574 320.4465174230806
-194.97021059385708 320.3304808802731
-200.6387050303944 322.71366572199327
-204.76160863238616 322.4851680779715
-207.81011004858826 320.5291845707558
-209.73605441858209 316.8766123855239
-211.05169713333177 312.3878697022988
-214.57182662998756 311.1959691523503
-217.51284631664763 309.14747562810606
-222.7669488150187 310.32061890188163
-229.83515136119007 313.84200356035655
-235.19441005174767 314.85328246726345
-240.59329402841047 315.7908593809498
-243.5767113372803 313.49543169576685
-250.88525167765735 316.65847610736483
-256.39006086421443 317.3769630739516
-257.48054373651473 312.6160098221918
-264.2913671036319 314.7555770347735
-267.9141800349851 312.9951950688406
-274.15711717384295 314.20833073444715
-278.45315265246023 313.08919141022045
-283.42411506071187 312.65759386596125
-297.91236819864054 322.4425853920007
-306.44067539507387 325.4275840542885
-310.20492690750973 323.2288714244235
-317.45112934913374 324.5624446465727
-332.5158965488931 333.5778448013084
-1173.0417585644377 1154.6813554674084
-1183.937363782137 1143.5070260565099
-1199.0815453565508 1136.3570951005436
-1213.4638640241765 1128.3414601562397
-1230.7566507419158 1122.8508657228447
-1250.054341595202 1119.396329750543
-1328.192558094828 1166.9312441705886
-1314.9267712323685 1133.4300094387913
-1321.001638616028 1117.0741563449442
-1433.0975770108855 1188.8125734385253
-1421.0025513618918 1156.2766749454881
-1462.352125552311 1167.1192145160826
-1467.0207957480256 1148.3113623241868
-1454.8070223548223 1116.732970636712
-1456.5106982540315 1096.314546957922
-1427.3838208607729 1053.399937319583
-1413.783054031528 1022.8599494228355
-1398.103133871037 991.515822899456
-1253.0420251682947 870.9544667559485
-1190.9683645017085 811.2184383728746
-1142.8554221057725 762.730282710367
-959.1828114777143 627.1238587119036
-949.9104595004203 608.320736891075
-942.064029823555 590.8124606951043
-935.6770025999756 574.5542157233948
-935.9244257696746 562.5917429608303
-937.7535664371943 551.6903557561276
-937.7272239223106 539.8070521167324
-936.6891360913546 527.4831393783425
-939.0061431757013 517.157097097482
-940.3314023857305 506.3603990116975
-944.1914708349733 496.98236025284604
-949.7368790915402 488.4914129168098
-956.0996037710273 480.3889545658648
-964.1893654778686 473.0907603191856
-969.5206283542914 464.3864244306675
-980.2089476222318 458.1641834553601
-994.5052476899533 453.44052787233795
-1002.4025769082887 445.64343797213314
-1017.5815745430677 440.9180639874614
-1028.1534108766793 434.00064942653023
-1048.8589431650955 431.1042998423918
-1084.4556732074393 433.79706413045216
-1385.7976956879886 539.1973169683444
-1384.2858934283217 523.5958033209902
-1386.2654275535783 509.70301585305043
-1378.789141891998 492.175275893383
-1369.2163852312576 474.1808625558905
-1346.1557362784981 451.95656172302074
-1273.348892905323 414.1299276033893
-1205.676165782392 379.5273155706583
-1184.3448020559883 360.5154502139429
-1141.6573729092513 335.7356741276485
-1023.5743697987925 290.50216779054296
-1022.4226485894382 279.73546012502277
-1016.3241055509951 267.7429970624251
-1013.9683868639187 256.87372469869825
-1046.4781453731143 254.58297518971466
-1709.1178651851765 398.674206470477
-1699.154960076112 379.4119418900078
-1643.994351189212 350.7756736975389
-1704.0793634396568 346.7485012211212
-1707.288213033972 330.58729200510294
-1701.4921029249567 312.76928187405014
-1532.9560228438272 266.7992354315052
-1441.6718507027367 236.86129884669992
-1421.1212955367062 219.67763512035987
-1405.3249096029037 203.62194982268122
-1397.2812911994095 188.95764939295557
-1396.0322756885153 175.33649145555972
-1396.6375334194531 161.98641993706167
-1397.115229025164 148.64062979536718
-1399.4561896570658 135.49307447440597
-1405.65820111623 122.66222578562659
-1422.7091847902354 110.57836819877555
-1429.679117607291 97.50190089243394
-1433.533593876766 84.12749388139343
-1438.2615021044307 70.73790754826263
-1442.8640181643789 57.26626482094896
-1445.3409230059542 43.653365097047164
-1445.6896500801085 29.957230366868888
-1448.9084050613153 16.29213744955526
-1453.9977246882315 2.572275538442812
-1467.9564164428448 -11.311915146485939
-1482.7811349786848 -25.477553872444354
-1507.4724249157769 -39.88593885754068
-1663.9326349942437 -59.60860844805059
-1662.3031414424452 -75.12832988013707
-1662.5260136275697 -90.73176958277787
-1661.6043787253136 -106.28211797317672
-1659.5399779646436 -121.7499960456272
-1659.3248638458601 -137.35354463179092
-1657.9671834027338 -152.87190310716343
-1656.4643751761732 -168.37688015938974
-1654.816570712346 -183.8671185825001
-1654.016721405161 -199.46098694261514
-1651.086562705119 -214.79795728683067
-1649.9950788672315 -230.37412987121198
-1647.7675214914623 -245.80112920384192
-1645.39572914506 -261.20661268657966
-1642.8799094394722 -276.5892318224846
-1642.1893345532703 -292.2981174750993
-1642.331298344407 -308.20270355461577
-1641.3380745984134 -323.9418541552988
-1638.2354919018098 -339.28376482412904
-1638.898628771169 -355.4437854457182
-1637.4519345211763 -371.20366664791635
-1638.77306392667 -387.6581547554421
-1635.0744742832564 -402.9732789495263
-1633.170091806682 -418.7498671380732
-1629.18085844966 -434.01121006401263
-1627.9405633726763 -450.0339121953517
-1627.5041253987551 -466.3467827808328
-1626.904609223955 -482.6907835103648
-1626.1413950653775 -499.06428769731417
-1625.213879332712 -515.46565979153
-1624.1214747397548 -531.8932555402109
-1620.968848464051 -547.7052056618858
-1616.7180088499151 -563.1757095794933
-1613.2607224159974 -578.9523654928907
-1614.33970187032 -596.4464158373715
-528.1285113668067 -200.7617380914019
-527.1584785445306 -206.05809496017318
-521.495846720035 -209.49005192073858
-516.739866687221 -213.21564242820713
-511.05743739090343 -216.4377409035745
-501.6958964218756 -217.9684094391906
-494.17730356664157 -220.15856249440617
-483.0230025145708 -220.56694911479573
-492.73684045170523 -230.53504302311788
-495.9939299758389 -237.67629546743316
-496.4672864533364 -243.57592960237443
-496.8737060917486 -249.50454944679987
-502.5495030489821 -258.20340235020365
-503.680180845363 -264.70223917372215
-1588.1922914972029 -853.4953106074247
-1588.1166836703173 -872.4846124992653
-1586.9530309000475 -891.055597433265
-1584.713710953752 -909.1817498801809
-1585.7252975441027 -929.3649878969334
-1585.6402360601476 -949.1306768760132
-1584.47120439238 -968.4523749009861
-1583.0797294954498 -987.8332703754278
-1581.46461979994 -1007.2708952019966
-1579.624710419732 -1026.7627643381786
-1579.2255922204488 -1047.4118239145348
-1575.2659677415909 -1065.8992123438072
-1575.2139273209539 -1087.242881408794
-1571.6301351609784 -1106.3736793027413
-1567.8266368366565 -1125.530824467042
-1566.2233889588572 -1146.4838838283915
-1562.763053704472 -1166.306836975705
-1562.2527776591407 -1188.5854023570623
-1560.6729504463387 -1210.340837014566
-1558.0389842906416 -1231.548019133069
-1558.2604351586137 -1255.3188504198
-1555.08280478333 -1276.6602798972058
-1553.1769505969887 -1299.333044347845
-1410.1928640537558 -1202.0670056913905
-1316.7174175430034 -1143.5870068949212
-1313.5708063831414 -1162.3457904676832
-1301.276316835848 -1173.108668130165
-1293.3143080224038 -1187.8022144551387
-1268.3964373507683 -1186.7347967072842
-1254.4682510188807 -1195.6581481283145
-1231.1317435684236 -1195.3955955992865
-1188.3596764103636 -1176.1740005126178
-1149.5911677430233 -1159.797028383515
-1119.6133410071027 -1151.3913177712056
-1118.893979793499 -1172.9097416177706
-1089.849356725393 -1164.5829208971113
-1050.9242553338543 -1144.7594548860402
-1058.655044645318 -1175.5736882250383
-997.0379233871952 -1128.6945465128063
-963.2683380620153 -1111.7351792973195
-943.5159718648682 -1110.2371867470001
-911.7166280886166 -1093.86872615809
-823.3609596284901 -1007.3121314466791
-809.9280828432151 -1010.4659819221596
-791.5671860504526 -1007.1655226268263
-791.0453494454698 -1026.5784213204047
-751.6466536346472 -995.0056824359531
-726.6148771866667 -981.2603223666008
-717.7757569296514 -988.9802640922952
-859.5523387198731 -1208.4944257220207
-858.808283247618 -1232.25497873828
-858.2509953735209 -1256.9364458636564
-855.6309444671086 -1279.2250337099892
-1093.2266075135574 -1668.7961483130284
-1073.9621064106439 -1674.1345208775826
-1046.7178453006698 -1666.5550552949408
-1024.9555135265387 -1667.1278281198324
-990.9052350923423 -1646.8730415750297
-867.0329522642696 -1472.7304097111273
-831.4357509925716 -1443.7003123818386
-817.5777002621659 -1451.5931606459255
-898.1911682189049 -1631.0415768255446
-926.616155772258 -1721.4550531053205
-908.6983458226083 -1727.5911889967647
-892.5762114551567 -1737.100085413722
-900.5738758430457 -1794.7230132109619
-891.2709579592486 -1819.4263050473915
-868.2065955771809 -1816.1460038764178
-846.1325092667889 -1814.4045240138394
-822.9299035425495 -1809.6768700117295
-802.0604284964852 -1808.0882359663854
-780.4147746571102 -1805.5585782513099
-760.0546767963096 -1805.5464237399317
-737.8702224170087 -1800.684185211353
-718.0700866319553 -1801.137515761741
-707.7264599424534 -1825.6196914739178
-701.2110605983418 -1861.2963354862516
-700.6069676625484 -1914.8553148639426
-545.782606111406 -1536.9718106934304
-508.30477367415574 -1475.9225105201374
-488.5061370927312 -1463.629308951805
-476.67709494817075 -1474.882689284735
-462.2900807585239 -1478.4075490987852
-444.4072867560476 -1470.3054660437497
-432.88550354340697 -1483.1166983153992
-410.8609158192243 -1459.2632757155882
-392.4733134432122 -1446.70857405177
-381.68856691344587 -1461.9968665792549
-366.02365013274004 -1458.781233613699
-352.5618925889107 -1464.1503037236735
-338.3565078422478 -1466.471913676085
-327.802734646825 -1485.256330455475
-311.35385546191253 -1477.5516155752402
-297.0504972982793 -1479.4735557132628
-276.73905618234886 -1449.8246427700499
-412.8718808102094 -2280.934196779083
-392.2794465194743 -2291.6679156977293
-369.7672631133849 -2291.356186002001
-346.8470969534222 -2287.8577515516527
-321.35877081921984 -2265.319522808551
-298.0353106353062 -2255.393525222265
-283.80322906096666 -2317.6886605354416
-263.9264721809425 -2340.1640577707626
-240.67155113496014 -2333.622335442111
-216.35525928897354 -2313.907172247409
-194.19262727642447 -2314.868943053036
-174.9207535924085 -2354.5113569406844
-156.072409728125 -2411.955721592263
-139.44700970194856 -2529.1586607971403
-116.09243143123298 -2547.3559914869347
-87.68193113273345 -2416.4097084213254
-63.6320438822019 -2379.149209904955
-40.57576960727103 -2357.6508662057613
-18.0349057336497 -2348.9307657262225
4.347167955613873 -2345.9959723176776
26.7285807885316 -2347.847861972541
49.91946895490921 -2386.477958544612
74.5491852851705 -2447.865073686317
98.27517538910969 -2457.0354067253975
122.034239019517 -2462.978612271517
87.5610905647167 -1481.4145454325462
101.81297211830352 -1482.5080501327598
115.78155877679956 -1479.4764718126526
206.9799838954419 -2355.925356684002
103.8956313632045 -1065.948731311052
112.23976751182319 -1048.0067912894897
123.49841584094025 -1057.8152680334965
132.69650917897388 -1049.6454813181995
356.33107406386824 -2617.860226531678
381.6977013329018 -2617.3138644031937
241.66902300059164 -1553.3126160956588
256.13582273183886 -1548.9656033345234
270.0241263849819 -1541.529101629297
284.15786379244696 -1535.9356459321182
296.8705818935696 -1523.3423310622513
306.56044072066385 -1496.9317606975785
317.24397807581175 -1477.3209733753304
330.87085409520245 -1472.2790081741678
345.1161417546797 -1470.0322611087022
359.5864592184009 -1468.6189357170815
374.80234674383786 -1469.9701360487948
390.33283283606016 -1472.1308636157917
405.9384107117168 -1474.1285584062352
420.51870124944713 -1472.1158316856315
435.9489129422225 -1472.8355459128811
452.89564594384666 -1478.175068753734
468.17121480739854 -1477.6047217120567
483.16582350745267 -1475.9267552945726
498.4910508868435 -1475.0442949910794
515.1599322639811 -1477.7805128603404
531.2050807012296 -1479.5286959830148
546.7829897149542 -1478.108372941029
562.3825130334411 -1476.5249435868639
580.1913525139305 -1480.3641425230671
596.2563954519705 -1479.3590878764437
611.9727872815639 -1477.257698448999
629.6616011361283 -1479.591250330539
647.4514186411591 -1481.7205068769044
663.7031870965762 -1479.9939457436462
681.23516212897 -1480.8168873561362
699.2705506766911 -1482.3433127842948
716.527169744662 -1481.8585678187053
734.282684413503 -1482.0745390736931
752.5606937815018 -1482.9772089196465
770.4623730784302 -1482.7773709058126
791.7164176083488 -1488.5500038928496
810.2835924571714 -1488.7798694886699
830.8737082686874 -1492.2844504007405
850.6157128388866 -1493.791789062851
871.97234748178 -1497.6492330406056
894.5038456822376 -1502.9517191379396
917.2169657250337 -1507.958234761879
942.2195044234982 -1516.063127143437
968.5334502331962 -1525.5136694829648
1044.0817080631755 -1610.1100542782415
1108.088586692673 -1673.3764322594707
1060.8235481087777 -1569.0409171777208
956.562886974489 -1385.944964009405
934.1277916180107 -1326.0050033566458
926.3934848242495 -1288.5511675037133
923.9427375448 -1259.4339275000577
926.4124639728933 -1237.6897618529745
929.1574412931409 -1216.8103588027116
935.8890992378525 -1201.5159565847475
941.1689856234397 -1184.639160462183
948.7297404745939 -1170.8803865207624
957.3873128456182 -1158.6278665741845
965.8972615237647 -1146.3173557880436
971.652560312181 -1130.916576073931
980.496250246277 -1119.2725777276016
989.5001556772395 -1108.6412593416858
999.8752351340095 -1099.2931884468808
1010.162005233068 -1089.8480275632503
1021.7328542901693 -1081.760590178836
1034.6276922875793 -1074.9928085116094
1050.9862743848087 -1071.6477271261947
1068.0796752936596 -1068.7968970878378
1099.4814056483733 -1079.7322069075633
1121.100569578116 -1080.4547713308614
1146.4620463619506 -1084.3010542518018
1172.7264387882578 -1088.4450834869945
1159.9848697668028 -1056.501822957298
1161.6607128458663 -1038.2236696542964
1194.6734540840953 -1047.7005001940092
1194.6127257086434 -1027.9476813413053
1226.3792842167031 -1035.3834319922871
1331.5513136010334 -1102.9107394741254
1358.1552973694725 -1103.5914951771058
1392.7080493878755 -1110.1014769696594
1415.6839110196802 -1106.8188939840259
1427.6101591583217 -1094.6827090385375
1441.0316764329891 -1083.6220316682052
1513.125445722803 -1115.7290824865006
1514.6296583905603 -1095.0150674414003
1510.9837705255782 -1070.9024443002766
1506.198405516661 -1046.3853798763953
1501.0869844149743 -1022.053748694245
1496.4844207349036 -998.4665134583735
1493.2463899364554 -976.1512274958953
1491.4064629129878 -955.064271335375
1489.3030453698668 -934.0987308909268
1487.7903762762733 -913.7810439376082
1485.1712690664801 -893.0595173556244
1483.1568744522674 -872.9757647065474
1481.7636068074378 -853.508414452378
1481.8786356247658 -835.126762401303
1477.4009513795136 -814.404953854597
1474.426260697738 -794.7906653735223
1472.9836754525088 -776.237136351011
1469.5453348759218 -756.8655816883307
1468.460751165427 -739.1610259521739
1465.5111713909969 -720.3929528584991
1463.2404263117216 -702.1797880935418
1460.757102429248 -684.0743290772629
1457.1534529284895 -665.6634394486301
1456.9870357002148 -649.0098441483774
1457.5538233215689 -632.8173923974254
1453.340156114336 -614.7246461836042
1453.538790392029 -598.672685885766
1452.6361090318971 -582.3000384137633
1449.6909972250726 -565.2716272417844
1449.3597125703266 -549.4146190065024
1446.0435398378636 -532.5777698075472
1442.5393164225363 -515.8530028750451
1439.7936141920707 -499.5701637725525
1433.0784345202192 -482.11015392032385
1431.8674798394668 -466.681390434817
1431.4470599597978 -451.6196569376172
1427.0444039926533 -435.4403162699254
1425.342083977209 -420.23320150067497
1424.4421035348414 -405.3710567828398
1425.3176487632568 -391.09282801399115
1420.2499124526366 -375.3014603998744
1416.9501392493387 -360.13372916359816
1416.405538670834 -345.77355309882347
1416.6900810350585 -331.68390720214313
1412.9319493780415 -316.74486014261964
1409.996391555724 -302.1161627583633
1408.8705335236878 -287.9719079505484
1408.5852047398866 -274.0670009101635
1407.1797963361003 -260.011578171995
1405.6348794577011 -246.00728780248429
1402.9646821770436 -231.89243317509658
1400.1536783748847 -217.85012493289992
1397.2030017390427 -203.88175968293044
1398.0771651972616 -190.52884336495936
1395.8476016121933 -176.80065914325056
1393.483780760924 -163.1317037128008
1390.9866236507214 -149.52328522596932
1388.357063991712 -135.97669971106515
1385.5737552530968 -122.7451373938344
1384.670033612205 -109.58968024579295
1385.63676080306 -96.60107199820943
1386.4816537581894 -83.60396995332378
1387.2046381890846 -70.59951690125548
1384.8082301147283 -57.46447429946446
1383.2872130221638 -44.41268162782786
1381.6433646706023 -31.394471833380965
1378.8772701672651 -18.39765789634204
1374.9891930330189 -5.451517440784479
1373.9798765160592 7.436324960263655
1371.8499615680919 20.289971553080697
1370.5996873039446 33.12849471873674
1369.2293541195868 45.945356862895004
1366.740179203231 58.69652929705132
1367.1283393579758 71.56188737242309
1365.3991148118125 84.31641163568928
1364.5484682823737 97.1157953590845
1362.5810743094767 109.82629891621004
1361.4913502579207 122.59813690616852
1359.2868294661691 135.2601761044606
1357.9587615603255 148.00000642414489
1357.5043467044904 160.84448600562837
1355.9364579031205 173.5664775500693
1354.249346310674 186.2732079959768
1352.4431602690227 198.96356008460032
1351.506001573449 211.79123615236895
1349.4606583903496 224.4547425577902
1346.3117958299144 236.92519580920603
1345.0142021074262 249.7214370640297
1342.6134799690847 262.3224035520114
1340.0947064829188 274.9003049406448
1337.458103115948 287.4540352986714
1334.7039016955637 299.9824908201133
1332.8059060444018 312.7129943145331
1329.81506064453 325.1967165931806
1331.552823509715 338.88505160792454
1336.0506351029599 353.4016135234495
1334.6067399856036 366.4435148627953
1332.0737805585793 379.2155629037051
1329.4596674379052 391.8328631647613
1326.6185063356659 404.78678171072613
1323.6510977513433 417.7221222555299
1320.5575378662345 430.6376541649239
1317.3379348596577 443.53214695182123
1313.9924089148715 456.40437039328754
1311.4625585257359 469.59020175588296
1309.7387538200492 483.11530377530414
1311.6154595664743 498.0701619513326
1310.5311376398806 512.0128292106757
1307.443985730465 525.2344468684772
1303.2993504119627 538.0620811911543
1301.7908091163306 552.0296090793041
1299.2171789743397 565.61799994162
1297.415548358151 579.615299037662
1298.1920654217333 594.8792829440729
1296.079612418774 608.9348391021821
1292.9158245727529 622.5702133650135
1291.4032104573373 637.0853537952995
1290.6234702545132 652.0790274408446
1289.6747116090528 667.1155358977232
1288.5560488735148 682.1930144112268
1285.5080556881996 696.3569765290963
1287.5549652395334 713.4326958354403
1286.7821901037846 729.1313977821194
1282.3653559467514 742.8748843968016
1282.1055492617559 759.1477857125129
1280.795786314675 774.9652597107647
1279.3003872706292 790.8264785205527
1275.0817668926632 805.1276220189468
1276.5893168601665 823.2136515379794
1277.031815136233 840.8512015391652
1271.4437731805062 854.6664446674606
1267.3572761165037 869.5829659523902
1267.1971886967633 887.3670519908994
1262.7442900763522 902.3197093489476
1256.5049869313607 916.0896341606651
1255.734371519757 934.0001007408304
1251.5490513707598 949.5609364400746
1247.1807016099629 965.1265707313631
1246.029987084823 982.8419360636763
1243.322149848683 999.0870991538469
1242.7432760212969 1017.263559705082
1241.1685200605157 1034.8703806809765
1238.6140368490665 1051.8841512830488
1239.6343997789659 1072.2068619835647
1237.3859928736745 1089.989405746694
1237.1497850884357 1109.8217916655076
1233.701990965988 1127.0405482885508
1232.9720176475284 1147.0117713860582
1229.0769603265337 1164.3104506936663
1228.5678870439472 1185.103348625921
1227.0689269727593 1205.2808172612392
1223.8905682700192 1224.1130980835428
1221.8724686600622 1244.4129822251796
1220.2806008621758 1265.495655922788
1219.0940423441384 1287.3766798886131
1214.8866174335697 1306.409777512714
1213.8056405518807 1329.1635967646866
1210.408600936141 1349.7703577941743
1209.3807744333612 1373.4256959992276
1209.331142412663 1398.6848065203553
1207.6280591142693 1422.5296027991483
1203.6708292181172 1444.152531725569
1202.5868078438928 1469.6890724230877
1198.0070031912978 1491.4248959651325
1196.8465907677132 1517.9088372388185
641.4124808904995 828.7907029871261
643.5648453063809 847.3017702600262
640.6529555406381 859.5043865839459
625.7656419812776 855.5801314405096
598.1759884373156 833.5835212245024
568.7346789180065 807.8891415262567
544.9230893393368 789.1386612661131
517.5734679867869 764.2294846681397
514.5100526877127 774.7124664566119
512.9360207738263 787.7160900938312
490.7216135623288 768.7238112500382
472.60708808452614 755.3300869767237
474.6398086712065 774.0678600901606
442.7316976921666 737.2846423591176
441.90079492123704 751.736448130579
434.3549318577673 754.968074272571
426.2967516772895 757.2529825028037
421.12825081867413 764.7090926374577
422.0217920784957 783.5799940088152
495.7496189690997 941.4501130128949
537.7242664759335 1044.7380596316568
525.2378435323465 1044.3592330809788
509.71920301883966 1037.5559426237405
475.77567296478327 991.7850114893387
436.37349167696453 931.8901092734347
414.759030664281 907.7328607483735
401.3698276132389 900.6099385870217
390.9400673015779 899.7371081478399
380.5618818915867 898.7483819463232
369.85522897060827 896.7201958264902
358.84732574477556 893.6428799055151
347.9295155646659 890.4386852551594
338.1688615068319 889.9133784291441
328.4485636651175 889.283723581131
318.0943573673102 886.6679084138988
308.47567581328894 885.8254666871655
298.58064115146027 883.933595203612
289.3703834930147 883.8352681111484
279.281384943494 880.7825543367919
270.15489874218844 880.4869849609352
261.6271806259707 882.0154297730317
251.4421087282251 877.6934920336959
241.6272852435747 874.2226575797611
232.1568548812549 871.6118371910997
212.07806828624237 827.247782077399
184.2364668699887 747.6342182346013
191.7402651289723 810.6322660295921
196.09132827761067 865.0532879391433
186.7238394179836 860.9850218168764
178.46366589673306 861.7138271808682
170.20620330868832 862.3635244809705
161.76775221078861 861.951387460261
153.52717519241034 862.441538005585
145.1918324993991 861.8557488208027
136.31964245600577 858.2411986619302
127.67567544215491 855.5255238158529
118.67971117315592 849.7523910856952
106.96469642118683 822.0702851456945
75.54614811572021 626.461315250094
65.36263274756729 588.3805964172396
57.31548718327487 564.0956788780994
51.01427319321317 553.6547154414637
44.91399339583593 543.14614349845
39.23453999115897 535.5647961467241
33.82867983597966 529.921334181362
28.477791478667218 523.2255874787638
23.34544369734984 518.4746765837015
18.375941017252128 515.6726915318771
13.43480792869244 511.82370591436967
8.584347351733252 508.9276068170647
3.781895949106378 504.9858386757297
-0.940211665894571 497.9991124510397
-5.621078978588999 498.96833914700085
-10.278923665101187 497.89390810521775
-14.827071985786162 493.7774376541807
-19.456478249308205 493.6166989214751
-24.084173772162615 493.4125581840335
-11.100329082007029 190.67716878082481
-12.07808123396632 178.59204896552845
-11.600996177285852 150.55370100962182
-11.202556189467504 129.516418784731
-11.46139825297146 119.45139743881937
-11.95191926461829 113.37174086116895
-12.671973527093114 110.27429930373012
-13.828910190464365 111.14297657946754
-14.737696957385293 110.0172726820306
-16.052780307573848 111.8539594489027
-20.88429485161037 136.41057960638904
-30.352952212392243 186.5467723976811
-79.82746526414925 463.1712164950463
-81.30176469229531 446.6609710484213
-57.05372955943991 297.5800261162672
-25.477105419705804 126.45915190065604
-21.07093111828571 99.79987906710338
-19.846100068106004 89.83391515506113
-22.03435302295724 95.49077068942158
-23.62819575644407 98.19729306500847
-28.676863720393705 114.46238459494877
-46.1315097037052 177.09004436290866
-126.64474757360647 468.17316017902766
-132.36800885005607 471.7824819056675
-137.05320912214395 471.4842710730888
-145.7777601526109 484.5460191198436
-150.89668249891776 485.07132590045023
-155.4262119765697 483.63901065837774
-160.2569959007508 483.1135428290815
-165.73893451962132 484.4322507681551
-173.91980790876795 493.2351370461935
-184.32757955670573 507.5660975821438
-191.8669841815252 513.3138030299656
-200.24749552907403 520.831009574443
-208.4174866044297 527.3055577912036
-216.3495333419702 532.7456047896704
-222.09184092909425 532.545034896323
-231.39094829650978 540.5573318774262
-237.24003705296408 540.2010411125734
-253.36878560647688 562.577335555121
-260.2952491044204 563.8150257785506
