-219.11032040257544 461.6401926750754
-212.88971210044625 438.0033909478203
-211.21592654951345 424.33928921539956
-193.86724510510626 380.453007972544
-180.79829975851882 346.6885847622168
-185.94101750808687 348.4981176535353
-185.8643924305936 340.58541898678857
-182.24442724785 326.5929710466885
-175.90033332999494 308.35705397217146
-185.34658762098653 317.91609342286523
-180.14647753853728 302.4090716735483
-191.82644184401656 315.21994893956844
-194.78910695269667 313.3978363240099
-199.8779287009053 314.9250920746643
-204.46885734318727 315.54474544313257
-208.53739474427326 315.2715575393238
-213.17837381771756 315.7783731296896
-215.57804333069276 312.9314737026462
-221.3933206299791 314.976185735416
-223.1869077423786 311.2500670078562
-226.11076056827153 309.1325346113504
-230.8083716081076 309.3921388717136
-232.50341817989118 305.61112632668767
-238.43846764364739 307.3566286055164
-243.18606216051032 307.4484333524313
-247.95640649338168 307.47783737838546
-252.11369704416038 306.6719481183848
-252.42391247865865 301.21614898435723
-256.5508810241013 300.34421160687856
-261.34035795843374 300.17531094704924
-270.79526680781845 305.1785108333849
-276.3427146699679 305.579292572047
-281.92153881647835 305.902347083753
-286.1615702548061 304.68927731264796
-289.7122224041815 302.7008889805745
-293.948969630573 301.3884590576163
-305.23591992627183 307.11566743942353
-313.09826679663735 309.1431308131263
-321.7436889999098 311.7450859095125
-331.9148792890461 315.58915207360656
-342.91764577756436 319.9507590464084
-1215.3366311716948 1113.041271890776
-1227.2460643778 1102.8903379163319
-1244.322252791473 1097.2434238617946
-1260.6440267835765 1090.7179460038649
-1281.5268173352208 1087.8648888766747
-1331.666471803678 1109.0326450893788
-1352.8871361208658 1105.30782903166
-1339.0400039633346 1073.1392583378324
-1457.5733534434748 1145.7730662445956
-1464.3327542711631 1128.9510993699548
-1488.453731476547 1125.3717115929046
-1502.9961064426773 1114.290673037405
-1489.9594279551566 1083.0442756635312
-1485.4279730650685 1058.527154510361
-1464.1721980304835 1022.7393482772542
-1449.8035402868466 992.5314577239989
-1443.3024711585615 968.2571852290016
-1342.0463795693163 882.126700131501
-1219.9687389641608 785.5426633545726
-1203.6246451868863 759.0893975670732
-982.6961678252801 606.904639742941
-974.6730590198888 589.3500046838147
-962.1049781169047 569.4541343099287
-957.9034750519351 554.8602819480116
-954.3833275952801 540.8895118304293
-955.9334016103478 529.9437061478034
-953.845806961969 517.1104103971126
-954.2526488509477 505.76860535322845
-954.5308840349268 494.4651569357555
-956.4657234725449 484.1046579223765
-959.1867705466855 474.1948325406132
-961.8061654031663 464.2767495712628
-967.9424709032681 456.0563265888063
-974.9176692746336 448.17913621242576
-982.7425746979326 440.62005387417213
-991.427521226564 433.35374713339104
-1003.7424211688201 427.53029360052943
-1014.1874576417487 420.74671806464073
-1028.302079827825 415.30209802235447
-1037.7495661515566 407.79999748927924
-1055.4970738656216 403.5169476752005
-1080.8164755111695 401.55291838512824
-1273.6244681795733 459.5614366483541
-1401.540294629591 490.825633529464
-1397.5859108641885 474.6889737016402
-1398.20189360162 460.2341412029793
-1392.0004654717761 443.6842392133833
-1380.8341850123145 425.8191558647607
-1316.7478427538028 392.4934631343642
-1234.8640078716585 355.4375923606625
-1206.364671396375 334.9451889589043
-1178.5574721392388 315.2812789633527
-1092.3838698285288 281.2142971800115
-1028.9779858208524 254.5668963083413
-1024.5227802253255 243.23254880745193
-1026.7715515257823 233.557660926242
-1028.9289619871734 223.8619913786128
-1056.4514818593104 219.43396837606326
-1721.6149011405835 340.6862664838413
-1693.3034477671115 318.51598669456587
-1692.2947366312535 301.8269775387164
-1719.7184328151172 290.0077789231132
-1715.4642819018445 272.67434334566457
-1684.3327186614335 251.46032062053897
-1505.3888513406255 210.2484393743559
-1442.8479724573974 187.65587754071782
-1420.726198859588 171.1667837928435
-1409.3568044706412 156.32465478069346
-1402.8094716881735 142.2166872836914
-1403.092748460537 128.88653621482857
-1404.2460801423736 115.6457798831351
-1402.2823960757112 102.1767177793592
-1405.179810835853 89.07131535638383
-1410.950229408217 76.08186467812362
-1427.5893234440864 63.48010387874076
-1435.1203146449625 50.25616870936347
-1439.5292131490912 36.819077804292476
-1445.8116931783663 23.335549462252814
-1449.9673983810815 9.72335497644787
-1450.9946044970436 -3.9569837588538226
-1449.8956162401264 -17.398333473746735
-1451.671091502941 -30.9037553488288
-1458.3182622367617 -44.596479981625166
-1474.8277664361303 -58.81376836264867
-1487.2023448843731 -73.14496134677952
-1518.4043980355432 -88.82051579629487
-1663.1795476959219 -112.79535507275375
-1662.0604317968898 -128.234632822558
-1661.7942758973386 -143.74903337010676
-1659.392350231416 -159.07868491239734
-1656.8491073664354 -174.376132022264
-1656.1519231100096 -189.86786873775313
-1653.3250295602647 -205.11544707688287
-1652.3402680972554 -220.59156471698932
-1650.2206332874296 -235.92554222134353
-1646.9701223770858 -251.08846249321658
-1645.5546629261225 -266.53114512584693
-1644.9799459538854 -282.1382239427195
-1644.2571032943042 -297.7575830541072
-1643.3858576000594 -313.38781571739094
-1640.4049109273105 -328.6346424307122
-1638.2611627034612 -344.05866182600823
-1638.9024297613462 -360.11501735189466
-1635.4877716530023 -375.31819669914347
-1633.8771772415282 -390.9544342877513
-1631.1467067217006 -406.35135185077274
-1629.2391494837375 -421.98198277830267
-1628.1474763031097 -437.8718938317629
-1625.937704763582 -453.50918428201084
-1623.5777492878235 -469.1431466167712
-1620.109403865954 -484.48583003541285
-1617.4514112623713 -500.09992222091336
-1614.6429737884478 -515.7063769196558
-1616.4326315698668 -532.8691655520289
-1612.3615394024864 -548.1781336898109
-1609.0891824720518 -563.7880832825613
-1605.6657915135706 -579.3844716275188
-1603.0287804765421 -595.3139751122011
-1601.1683141337364 -611.6012016127243
-1597.2816376636672 -627.1741145666596
-1598.8169686333952 -644.9498436389617
-1606.5427327942346 -665.6887018013995
-513.4677450197828 -218.43734759490968
-518.7240306342189 -226.4539247674676
-512.9222653352826 -229.6840214802107
-507.1059248379492 -232.8252155464442
-497.65684383292023 -234.17443452746164
-489.1286199405397 -235.80117292978645
-472.5443139610592 -233.30424630313087
-481.9329929457129 -243.59924119419475
-484.9515545319101 -250.87445018790532
-486.99163583090393 -257.7598623345773
-488.0653456199966 -264.2294805748088
-490.80992381204163 -271.7105420987892
-492.5862399223248 -278.77373663813074
-1564.1871864872694 -904.7471722138956
-1565.0852016447627 -925.0039522037581
-1562.315538935511 -943.2895402794646
-1558.4887196503532 -961.0795548353962
-1558.6960482120298 -981.5450215289167
-1556.9732357774947 -1001.0171542349103
-1553.3493633284638 -1019.4458079991578
-1555.331987452266 -1041.7900022594686
-1549.6006470326317 -1059.182153699754
-1549.4210484049938 -1080.56254551024
-1545.7162991563678 -1099.7136547858001
-1540.1691885685393 -1117.7154694215014
-1540.8500687460103 -1140.469230468501
-1535.6512246636462 -1159.116610263628
-1534.992238712046 -1181.4261835145612
-1529.3285011898472 -1200.1209670064163
-1525.7910347155073 -1220.6873958478404
-1524.3262409398885 -1243.188847754865
-1521.8034121123794 -1265.1305762185655
-1516.7131873190178 -1285.194579591972
-1511.3796478165536 -1305.2741321905946
-1512.5578983634703 -1331.3127371501716
-1506.6793693469072 -1351.4781825780267
-1470.292767192031 -1343.9877896553971
-1280.5197391390525 -1192.7988923851553
-1276.6588929816266 -1211.5040532210066
-1256.6670440747791 -1215.0275471512393
-1247.4073711732492 -1228.8107463489418
-1232.3531706054416 -1236.859597083968
-1213.0626792900127 -1240.4450556609656
-1193.1208406401456 -1243.0573838846508
-1155.4084025370262 -1226.4813179770972
-1120.827186888632 -1212.248908900856
-1094.0063162513204 -1205.626053136799
-1069.4032651949783 -1200.849972473797
-1055.514699553018 -1207.7684873466033
-1019.4565902548146 -1188.7237949103344
-1022.4809565148157 -1215.0212728856015
-964.6145762009841 -1168.2224614261602
-925.3406025758696 -1142.2104750108565
-923.3487487549786 -1161.7586187210386
-876.8013387686617 -1124.5867740345705
-804.9098825251505 -1052.4946940547247
-781.2490562536193 -1041.5632060047192
-765.5667322780839 -1040.755292289718
-761.0830590305127 -1055.155712327217
-734.4555069665348 -1038.5370038118672
-700.2294264986343 -1010.0097773117811
-685.1500276338093 -1008.2313423185129
-681.2516157418248 -1022.9062694348652
-819.2336845402145 -1255.331498097082
-813.4051155962868 -1272.1918557834708
-813.1713390306779 -1298.3745119876062
-842.3214093373786 -1373.2500294454364
-1027.1780879717853 -1710.242724174153
-1008.1273508796004 -1714.5845690453646
-980.6060282719039 -1703.9858618300802
-971.0355428888131 -1724.3929292497774
-886.8617201480084 -1609.8820731147098
-795.4299843450935 -1476.3536635930986
-776.0208312223612 -1473.097644254771
-775.9698406594407 -1506.9491717994213
-877.8347552612913 -1744.5959825860396
-861.0698286675473 -1751.8169853493373
-846.410247634581 -1763.384726229409
-836.813448297246 -1785.644772273834
-846.4265389695049 -1851.717611875014
-822.6989339487441 -1845.9706021710097
-801.5476464119549 -1845.4444913167818
-778.9222326829131 -1841.0000422140859
-756.8348505831473 -1837.2180080063401
-734.8899419734265 -1833.183507777193
-713.8168315156231 -1830.7622814131266
-692.8562959839008 -1828.1069862334286
-672.0108725094767 -1825.2195449394717
-654.3122954208404 -1830.5767998259757
-648.3670509524842 -1869.7756997135189
-638.548959428587 -1899.54500510324
-638.1311606977803 -1959.721822541787
-481.82827856104126 -1528.872300088828
-460.58416834192417 -1511.3775914286866
-443.1053081300733 -1505.1307869773152
-422.50740591545 -1487.1460896450615
-408.36689512917974 -1491.091036443635
-386.7953204596127 -1466.8600410640906
-376.2899768461732 -1484.0373490330715
-582.4231174402521 -2392.11774632253
-341.67431390718804 -1463.6487499451678
-330.1593506350146 -1477.5624532277022
-316.74038827779907 -1483.5648035841336
-302.04015836903096 -1483.5658875602426
-288.699812615136 -1490.2940710463777
-274.3545889323755 -1491.9847718833282
-260.3463171764468 -1495.5078719728162
-245.64728634743213 -1494.952310513664
-354.4173250898734 -2292.7687104625575
-333.20345017056314 -2299.9894479745844
-311.3484659577705 -2303.049746042352
-289.2162978230436 -2303.917952765144
-266.98061052932314 -2303.58033365485
-241.28968332474167 -2270.2132694355055
-220.68401290573567 -2282.3557055042543
-204.38231173326605 -2346.1144197695403
-182.327115828412 -2350.940412437902
-158.90948715831954 -2336.6026138158536
-136.30026626350843 -2322.003065763802
-114.52353770947 -2329.1862010819373
-95.2372391959057 -2402.112792578721
-74.27383848771643 -2464.8812135509293
-52.47646440480096 -2544.4589249354312
-27.772399098510913 -2497.8456104908314
-3.870182023294411 -2395.996874307458
18.701176843274702 -2370.9262464245226
40.96962299065236 -2355.6437527758744
63.32579149175011 -2354.1484329013633
85.43891530403546 -2346.4450114485253
108.05373209336443 -2352.5197960868886
133.6157259229853 -2409.2977893540005
159.03395393338283 -2446.837183283006
182.94731024887713 -2454.1905552896055
206.9309090852615 -2460.3131099242523
138.98285047346903 -1483.5038817860468
153.27929317735195 -1484.1056088712323
266.09537994872903 -2357.0272057763655
130.6193276681018 -1066.0274814654326
140.4814465188964 -1062.755363752147
150.1527356788824 -1058.4021711845396
160.05374094948044 -1055.9388239893808
170.71776041919915 -1058.3191608760812
446.01537370346034 -2607.123949186184
471.4818167211325 -2606.7040293254126
295.0411886864254 -1547.1185141993813
309.33631839634864 -1542.2840341911708
323.3602837556329 -1536.3391965609276
337.0840035730482 -1529.2908077063582
348.9068700727178 -1514.3249307912947
356.73564040852386 -1483.716847266459
366.2017967433807 -1461.82941688212
379.82433926021974 -1457.3158447315177
395.4853235303801 -1460.3973291101538
410.4273505038828 -1460.4240445700566
426.2445650240547 -1463.1785847214462
441.862217631236 -1464.8063969787975
456.0597241900004 -1461.495989721402
471.1550139521427 -1460.9031291731003
486.89041881590435 -1463.1137071551457
502.8535405185514 -1464.0499707277609
518.5453606758408 -1463.8714796462025
533.5940309164689 -1461.6474986022843
550.0553521150174 -1463.0133661759978
566.5917649712217 -1464.197313160626
582.461654406044 -1463.3398173857547
596.8522157911233 -1458.6101029765377
613.5310509826232 -1459.269902889852
631.4664319645677 -1462.4975710413805
647.4938955599796 -1460.9434127345803
662.7215876287191 -1457.3953126351373
680.0539634326027 -1458.220698940873
698.3255236485932 -1460.6513831236111
715.3860156324148 -1460.1708285805391
732.9498383757604 -1460.3905417472913
750.1262743623306 -1459.517582117903
767.3531259932532 -1458.4488952405504
786.5245956240693 -1460.7053297905072
803.8794233259915 -1459.2237226529287
822.7506070011174 -1460.156648678248
842.7117006329534 -1462.5939250579142
862.2872058186357 -1463.9200028285322
882.4809720226723 -1465.8609531664042
904.3626670500955 -1470.103454334435
924.2778162391575 -1470.6731514541816
947.5278522565171 -1476.0443655927663
969.3203961636997 -1478.5945927065502
993.4733988195646 -1484.1855025022655
1021.2071856706257 -1494.4015136283422
1129.320858148337 -1619.046138734503
1148.2809588122643 -1613.025368563429
1117.8599499336726 -1538.828493476218
982.5145912442802 -1325.5810341099805
974.0764154323398 -1288.1770596072902
969.8990780994234 -1257.394042574518
965.2222732363497 -1226.8117065175297
966.307956890938 -1204.2362444509222
968.9502014004156 -1184.0758029814197
975.7802515884074 -1169.3510596095873
982.0459342988016 -1154.9206825263775
985.6760230563284 -1137.307248535707
993.6962393330116 -1124.9750148049645
1002.9099313732547 -1114.0792923095255
1009.9785800493994 -1100.8992995916562
1018.2540906661203 -1089.1462743092466
1027.0877690209468 -1078.0592352591643
1035.8030518487567 -1066.9025437127807
1045.8060104883816 -1057.0992330081292
1057.8460817814419 -1049.314856113098
1071.9818005984253 -1043.4898270638569
1085.378152391566 -1036.8004949415633
1101.6615827420942 -1032.686669377592
1133.4189384901613 -1042.5744625070365
1156.5503692977532 -1043.9134270988332
1183.549429434878 -1048.2231384988477
1206.2018318607 -1048.1799181514077
1196.2358172488925 -1019.9038530816881
1186.612956308321 -992.5516066790817
1222.9656945408312 -1003.5332131904066
1225.352572818151 -986.3265545892691
1259.703786717015 -994.5709475602094
1356.7792308702847 -1050.6217771772288
1388.1172844630148 -1054.124947325992
1420.4418447010314 -1057.726791672751
1453.7630555713476 -1061.4014218267557
1465.3219892666173 -1048.8257566305872
1461.2192605786054 -1025.2137691789521
1547.4411650571 -1064.1004842996383
1553.2486175833874 -1046.6841605638715
1546.3479811397701 -1020.9882081713564
1543.300889508996 -998.2316186340429
1535.7397151334842 -972.947854389805
1532.939137209288 -951.0591998461737
1528.1541850700442 -928.2719357240686
1527.3748070227805 -908.2153923338473
1522.8968218688292 -886.2444752673043
1521.617607082138 -866.4184080556162
1515.7327641843576 -844.2625110580517
1513.0794521137163 -824.2084515407835
1510.0656555404123 -804.5015326009672
1506.023762628677 -784.2808338839869
1501.736280810284 -764.2075260674261
1499.892000530746 -745.6198674551778
1496.032643329746 -726.2611996326207
1492.8465856695668 -707.4694846102668
1492.163325695 -690.0613084725428
1491.2854054479499 -672.7286522052881
1484.721995934554 -653.0578801209847
1480.6790998738581 -634.7522376461083
1479.1925178641434 -617.7365903803465
1480.296615471896 -601.9351544995939
1476.585594946886 -584.3278025178597
1472.6752462047202 -566.8435579733325
1473.2504894004069 -551.2367871264235
1467.0840470950668 -533.2779751303818
1463.5402369750423 -516.4823082691576
1461.7032791492381 -500.44832273109336
1455.898484268779 -483.23452226002223
1454.6602274732245 -467.70463180039894
1455.1688629938392 -452.8350474214841
1448.823761733902 -435.9801686260797
1446.1323467942773 -420.40127920271163
1445.2023513012996 -405.4518020593759
1442.1888972434767 -390.03485058087364
1437.0784759213238 -374.2064323921295
1436.6489916650562 -359.7230528445143
1435.1022716679508 -345.0470545497917
1431.458150530699 -329.9826711802157
1426.681747626217 -314.8018281239854
1426.639606182189 -300.771398361494
1425.4796425361583 -286.5724842251718
1421.2325828524363 -271.85831868565873
1416.8354856598144 -257.2493082111552
1417.2176912995276 -243.5939561393853
1416.481455721628 -229.794006877329
1414.6227239192633 -215.8785514386357
1410.6480475943947 -201.73518735739265
1407.5242285804416 -187.81785314243376
1403.2714479538752 -173.8540863984361
1403.8295807169136 -160.7218351817027
1404.280389332254 -147.44689938026355
1400.6238929257668 -133.79727413318315
1395.8390115195589 -120.14347223257987
1391.9188259924445 -106.66762324067786
1388.8668382623948 -93.34294603781568
1388.6827042994823 -80.25800134240087
1388.3753862338942 -67.18472222079232
1388.9443272140372 -54.16323383943647
1388.3915811621298 -41.10738812088629
1387.7162036401062 -28.066673381279724
1383.9186062596614 -15.009705137564858
1381.9985100141914 -2.0293640764345584
1377.9569068995856 10.897831331366262
1375.7944392797451 23.783625605279017
1372.5120065448916 36.603167760667034
1368.1110428096217 49.32721908205522
1367.5883641290097 62.15357028312306
1366.945438145609 74.97445653627278
1366.1823213896716 87.78875054542945
1364.301784333434 100.52184471351819
1362.3026669847516 113.22739741879063
1359.189577152347 125.81213518744357
1357.9501060237067 138.55146895722132
1356.591235050892 151.2786203767578
1354.1203268768304 163.87232938780704
1353.5157819839017 176.69190111747477
1351.7994703036495 189.37579593700073
1348.9753147484362 201.89502272061574
1346.0353243241611 214.37795052558553
1344.9520017078808 227.15658278369264
1342.7628686962303 239.75795805493152
1340.455671201523 252.3382522402704
1339.011572946936 265.09056474
1335.4879045816035 277.43117473751556
1332.8277722548844 289.9415967157557
1331.0255593035452 302.6482454611036
1329.102155830515 315.34657024720866
1326.086778713686 327.79544737649957
1323.9232915276025 340.4645622538697
1320.7096191673527 352.72524978916067
1317.2930468848833 365.27801552891293
1313.7571689705364 377.7976984822977
1311.0606833569948 390.56866816923485
1308.2400224938356 403.3225056271085
1307.2008090346412 416.66538716238455
1306.0258631936651 430.02493493894315
1301.8743213690318 442.4344599598037
1300.436008266755 455.79621367803
1298.861029509758 469.1705724156744
1297.1490157833964 482.55614269447
1293.4318403304485 495.23638236643006
1291.4515958204265 508.62242936472387
1287.479639879315 521.2649776229257
1283.3839356348274 533.8779577342196
1280.0842872398061 546.85301275732
1278.4853894925675 560.6167218822839
1276.7401266849972 574.3993810167079
1275.7560061172499 588.6183932360283
1273.7124889649347 602.4429395841161
1270.6211877372039 615.845595318581
1268.2855855931125 629.688552680399
1266.6926696048104 643.9958701493655
1267.6030695004436 659.7146793827263
1267.4457461205382 675.0387252898549
1262.720457099133 688.026923327392
1260.4831386904336 702.4466222262821
1258.9541766176262 717.380917767566
1257.2546537349547 732.3494627988739
1253.6652555284666 746.3272921987676
1249.0690133105827 759.7832585595231
1249.426202261804 776.3859640035008
1248.7355103859134 792.5279964147842
1244.4934377769819 806.5513519485474
1240.0972467236288 820.5655480633311
1239.6900784420368 837.367607095221
1237.428139013632 853.1005806921355
1231.707038028722 866.5643498728253
1229.090941331075 882.3289964281417
1227.0925973948292 898.7128336787072
1222.7133181665586 913.0433404708257
1217.5656802782225 926.5170339549236
1216.2253095411036 943.0360525619616
1214.6848730367828 959.6065126996663
1209.8272279799285 973.7181719770881
1207.9064405826089 990.3565170175094
1205.782799097406 1007.0396424177276
1201.931976390452 1022.4693267429305
1201.6788883323134 1041.1857900184846
1198.9350206864908 1057.9961323991142
1198.9596122867215 1077.515590655316
1195.7772575290726 1094.4211942283691
1193.84938428121 1112.7208309595792
1190.9619670922825 1130.3864794572166
1187.1326853676196 1147.3957413777796
1185.943135075695 1167.233858473456
1183.7843207355486 1186.436126380462
1181.3740578906102 1205.6945447927817
1179.404516369826 1225.726717815377
1176.4812573836368 1245.0947156843197
1173.3030252876622 1264.509790729522
1169.8687322739877 1283.9689050937538
1167.5108608256794 1304.9595357152193
1164.2077284997074 1325.2608667358857
1159.3254057446834 1344.0943432642387
1154.196642177817 1362.9475819654444
1153.2957784914458 1387.2003630744227
1148.8875023835708 1407.674147971341
1144.827297385914 1428.9616716903445
1142.9473241409707 1453.434695553603
1139.494721674325 1476.406712012768
1135.7186504477172 1499.434609119456
1130.4247619464368 1520.9092206894998
1127.1909951347363 1545.642086799904
620.8606788424144 867.7678361562708
602.0501927054443 857.8109147494787
600.4831260657661 872.2964033574168
593.106974693496 878.5352107741207
572.9711146224777 865.5334203878413
550.3988161789509 848.0460737181733
530.1701174294232 833.7047718376522
504.3940572536714 809.7546758168056
482.7579196145996 791.3746211810079
480.9957554108433 805.2869571008537
471.44418736747974 806.2855438350713
442.0486619556063 772.45904775804
440.6868315858103 787.0191334820645
425.6399497221129 777.0628244875425
415.06766305762375 774.8289069748773
405.0383361602398 773.3517609991876
392.7945336019052 767.3046685459836
388.75161540221677 777.1957163560328
382.80210446630235 783.4835983070546
396.14569095936184 830.3424543730916
474.9250267058747 1019.8388201124843
484.4207836441721 1066.1038900471033
470.40352406530747 1061.4337118006663
451.35976171117954 1044.6618426591579
416.37270831865914 988.9200006913526
385.12304879489477 939.0980977975224
364.48140050230523 912.930615483936
353.0530035720186 908.8336353088921
343.1465849166348 908.3454305824689
332.9354628763904 906.8130885465227
322.7829352652938 905.1696949752136
312.03601797562453 901.5262189675439
302.34011553952143 900.6056043216413
292.6886491714048 899.5828781419855
281.88062751991663 894.6436786950311
272.9400422195792 895.321022512693
263.16339568101927 893.0319295375923
254.27444869224476 893.5242049000435
245.13453955836474 892.9641972192998
236.02727155003186 892.3116759768682
226.70688428577014 890.5981072388591
217.20144937863316 887.81728434843
207.76772213536188 884.9370450143236
197.96777328482432 880.0072503909547
185.9639737700217 864.2183754466591
169.64380350953257 825.7541885638965
146.03195105369704 745.838232642609
152.4889999029931 819.9409154985407
153.21580852231938 869.6056094683681
144.14878395888022 866.0860973847671
136.09123061839483 868.4009309925749
127.56636620980899 867.6726469193464
118.93146845449682 865.870259225513
110.34221340964166 863.9824048786301
101.7994429158077 862.009787312204
93.30398957828601 859.9531182156242
84.95511830674012 858.8082602499162
76.01327553759819 850.610358473282
65.72269550385946 823.3811555383734
46.41890619584199 660.3705665363816
37.36943338583221 614.8654531264721
29.493901173328993 575.2443913621217
23.332725816175543 558.5128323557009
17.62040217060855 545.7156048963104
12.266713574045374 537.8601377106248
7.090134240805169 531.9527516579337
2.0266047447334983 525.9960958725917
-2.9234110971900966 519.9917823077177
-7.789662354761346 515.9411993244955
-12.554856145865632 510.845745394005
-17.22420443815749 505.70675967547885
-21.536268681195114 494.5312822575448
-25.903010448118795 488.31345880461316
-28.84285134821133 461.09878543117526
-13.010973652539109 180.53175500341464
-12.850265979676005 157.4765717948279
-12.344782711830643 135.43857035496825
-12.224641102132487 121.38598827675315
-12.277943557093291 111.3249841769979
-13.332163558939948 111.20365738067105
-14.513625872777245 112.06406499866516
-15.574748094717851 111.9215226030547
-15.751225831992091 105.83429918882435
-22.38988063076349 141.23630285921593
-28.704749887767434 170.6019851405039
-83.59870156025079 469.61713884550693
-82.0491976964852 437.37047129105906
-31.957327393726665 161.87565976962122
-26.99420539551911 130.23176599840966
-22.70849460748112 104.56253761583065
-22.590435172348055 99.46694043109972
-21.685886491808645 91.46432270051746
-24.71034791308289 99.99199320952853
-28.894456209151553 112.34371544673705
-40.80375978814509 152.64027380462653
-106.42121286092724 383.50818172916365
-134.93411473535642 468.97418338388917
-139.65540773726156 468.63351042124503
-144.97164193720678 470.1565941620199
-148.810699094266 466.8569115211596
-152.91301713511217 464.47670468026365
-157.62700105859352 463.9544466187108
-161.68349827436944 461.4969624881208
-166.72630887351553 461.82609056809804
-171.78979697241044 462.1009258335002
-178.65998475532461 466.99101688065394
-185.6379888210739 471.79183662550463
-190.84799418958355 471.8665522304084
-197.61084186983828 475.5785478503985
-207.9928717687606 487.4822717734296
-220.22211843028236 502.89483846434405
-227.0242166896579 505.3474102401706
-234.72916809502743 509.53235191243385
