-242.9982667261923 514.5025193019625
-252.11252718933147 521.2295786255886
-259.24475590540965 523.3050320181763
-261.9149244485572 516.3734814561129
-267.2420423867281 514.7637232565736
-289.91973323586734 545.7751810777434
-269.7578689930016 496.4430401530015
-255.97798186277794 460.65635000666094
-237.1020183679989 417.3519292944758
-237.01681692488907 408.1752423834567
-230.14583866853053 387.8580835093665
-203.73221194982807 336.0687218621071
-211.10953441308365 340.930732671449
-213.25186462499266 337.2308441319741
-214.2583739804557 331.84084917208605
-208.57821294592821 316.44293179700355
-193.1376181449284 287.07814346847067
-205.46319411885827 299.2555360598637
-210.00234413315522 299.75826170195853
-211.08024519366253 295.320385495115
-212.09319625590098 290.8891130688047
-217.8154577641694 292.88466391906786
-225.40700865432322 297.18795475171913
-231.26344646538345 299.00036509836025
-239.03172949673214 303.0838700653684
-243.7641453404313 303.1501961840848
-245.98307045521446 300.0605423067568
-248.8066864065891 297.7234166124211
-250.31114920051078 293.83724846574444
-252.4201454854375 290.7044377939741
-255.8178300696047 289.0557693914426
-261.88597351299927 290.3390033687321
-268.0008927202365 291.5330538740956
-270.0592749260763 288.25854371796504
-274.84199958903235 287.86433482094014
-276.85175390832245 284.5384092840291
-278.1191607160476 280.4901646093875
-282.1780182922055 279.2571682028659
-284.80349523829943 276.57904674802825
-289.57537081269595 275.94583638585607
-298.0126211367633 278.6619415047487
-304.2671665390087 279.2677771715225
-311.36983991830294 280.3744331947019
-321.518572073769 284.01902720001806
-333.27564872191937 288.80502414082724
-342.1044161313557 290.8015963907767
-351.7688715444658 293.2962001327892
-366.155848521093 299.4309512956174
-1288.7306087697189 1033.5750664659192
-1304.0105817587767 1025.5912454097572
-1320.0466862768903 1018.020503747052
-1342.4373874697371 1015.0619984628656
-1399.4341904042174 1037.375509026357
-1414.9060234122794 1028.1254519326178
-1401.00467570337 997.790508402087
-1518.6796896074911 1059.9603767941965
-1503.9352653263431 1028.5245343246713
-1554.3627982187284 1041.440008600421
-1560.8593343953696 1024.4057488275062
-1551.189757104152 997.0688729747619
-1541.1429859862567 970.0099467249627
-1511.9937933749445 931.6924217764389
-1501.9532809803347 905.898637681064
-1488.9769387902597 878.8564591278756
-1353.5211946317554 781.6325067975523
-1252.061382236338 707.2384994557572
-1242.9791548799146 686.5878097767343
-1041.8006720590336 562.589868107617
-1010.8478351747949 533.5125622911148
-996.3260822386727 513.785303264834
-992.2394340264408 499.78185797694624
-984.387917149238 484.1378198102118
-985.3446936620221 473.0167382578503
-985.2736981352289 461.49728034185625
-984.1635226224454 449.6066733706021
-983.8302502155258 438.18607778072544
-984.2864761935982 427.21087624543134
-986.4653832823401 417.04561811104776
-989.4648578314774 407.2582658664332
-995.1524148415974 398.5670222621751
-1001.6958052359233 390.1672894704976
-1008.0757560415205 381.9257389615379
-1019.1541175592257 375.1278244306546
-1030.193448184404 368.15412440705865
-1037.4121309235818 359.69441281814926
-1052.1456645838819 353.67994076190064
-1063.0538724491546 346.1798149385033
-1084.4048582420635 341.81150276286826
-1105.7667955074658 337.06942008012294
-1130.0123061147776 332.8005228799407
-1434.185708483006 407.6669640565663
-1427.3722535054085 391.16294548805615
-1429.077896878319 377.1211538137847
-1417.0759644897098 359.6383056149034
-1402.9293636122245 341.94327119362737
-1334.0459481566097 311.80347690000553
-1256.9171016934374 281.25326570649605
-1232.142643766313 263.4853039783449
-1211.0661739119055 247.0115835469633
-1124.0180865136765 218.19335734649047
-1050.3089762168654 193.58474753523322
-1050.1244911171982 183.28816971055628
-1041.9458327795876 171.71162323282553
-1045.5012217339543 162.14559923972345
-1074.6981172468907 156.2688605768546
-1740.0398968189209 236.21421946699095
-1700.5284250373693 214.4739509589086
-1734.26776113038 202.0676438814971
-1741.0748080670405 186.170654815194
-1734.797033198013 168.9030893955843
-1696.471741015113 148.97191660561896
-1485.4557436589118 116.28083948247733
-1453.5678156763124 99.94801263654139
-1430.4909674092264 84.76197355309306
-1419.2441823944314 70.61834563030996
-1412.854835364108 56.896521758881676
-1412.330665015027 43.486695186129836
-1410.67953834101 30.070585394956584
-1411.9009414405136 16.725177409855522
-1417.99599253777 3.371223342465786
-1424.964180086532 -10.103735463558394
-1436.8076401760404 -23.511808347261464
-1443.5232468642198 -37.10304249762906
-1447.1115455352478 -50.71661245180281
-1451.5701410366503 -64.44474882284402
-1452.9024291708265 -78.0994962180416
-1451.1120635798015 -91.59573643554577
-1451.1911865597128 -105.20998075949448
-1455.1291558141731 -119.16014392208554
-1463.911996672179 -133.64754393281652
-1480.510027507106 -149.11089313295656
-1496.9453687972286 -164.89561193836903
-1632.364135392142 -195.25196410142655
-1663.198782282968 -214.70633575293576
-1659.1409983107526 -229.9481413806161
-1656.9221749171513 -245.42596901676367
-1654.5589648666275 -260.8824098697993
-1652.051574092812 -276.31611704253226
-1652.3543707431766 -292.2482394915678
-1648.5712325972615 -307.4766512318391
-1645.6291520578357 -322.85243362472727
-1642.543668952256 -338.20008217749097
-1639.3150521540992 -353.51825947325887
-1636.9191009484107 -369.0255505385053
-1634.3764003414624 -384.5188968137766
-1630.7157598112556 -399.7588156666456
-1628.8509710443905 -415.45819781025614
-1625.8683853137823 -430.90137344542575
-1622.7393361179872 -446.32504636795124
-1620.4256047890422 -462.0020122727466
-1617.0013537132334 -477.39147676678425
-1613.4309084032752 -492.7572463282321
-1610.668035359139 -508.39893771754794
-1606.8027960377317 -523.7220394878636
-1602.791751890063 -539.0172539661252
-1599.5799067883647 -554.6107840629558
-1597.158160488071 -570.5276596155187
-1594.5783941997133 -586.4475635139629
-1591.8403411820182 -602.3689302956421
-1587.0798865351765 -617.5649227048855
-1584.0313732873058 -633.4671328818347
-1581.7899145097745 -649.6465703404895
-1579.361008066254 -665.8939902116147
-1577.6841630596532 -682.549398674383
-1575.8337048213596 -699.2311025326233
-1571.078273253648 -714.695081353115
-1565.2649905783053 -729.7085097968213
-1566.527279383006 -748.1231736478137
-546.1831876241623 -267.11032469133266
-518.6359676137178 -259.6473244564301
-509.07703786030294 -260.8152018640396
-499.5419105112966 -261.82795809982514
-491.79534934070773 -263.6310572881186
-484.0589540938372 -265.3128887965687
-470.22745859611126 -263.4523432847817
-461.6804286157207 -264.3391416971849
-473.873950407612 -277.20836770394226
-475.56558736498783 -284.1713780699846
-477.1682915956794 -291.189665846267
-480.3786337943677 -299.3198426330215
-487.6972951430459 -310.2182269147911
-1528.175725108569 -992.1506706085016
-1523.8774888603905 -1009.6441942310918
-1520.2140239665246 -1027.7034209028923
-1517.992317153598 -1046.9170573940664
-1514.7261245640768 -1065.6025373295113
-1512.055542673571 -1084.900472794686
-1511.5774319519433 -1106.0120556366319
-1506.02746176011 -1123.6201691071587
-1503.4638729917342 -1143.6421567119212
-1499.0768909995138 -1162.4876235346471
-1495.2533042513423 -1181.970201031076
-1493.5323894432906 -1203.3640353956962
-1487.6778657110926 -1221.6544388137293
-1485.4461887759971 -1243.1486718212204
-1482.1816150456652 -1264.0576173658474
-1476.3913873247593 -1283.0449997694052
-1472.6215875220403 -1304.0224921235315
-1467.8460277689335 -1324.3704310965884
-1465.0272151753795 -1346.772162912299
-1459.7281453956712 -1367.1846040457426
-1458.5648719897129 -1391.7056133384074
-1453.807709603398 -1413.940289933674
-1448.0479054678385 -1435.5062742705813
-1326.6474036035393 -1340.523280854155
-1227.4046413405904 -1264.1684406816903
-1213.8943722300169 -1274.3863044886716
-1202.3493128165464 -1286.6534614920906
-1192.7078644539627 -1301.0276515392238
-1163.5094487234899 -1293.77191294724
-1143.8216976535498 -1296.577388348629
-1115.6805152246745 -1289.2951516033884
-1083.9016043655422 -1277.0208737737232
-1057.5790827609594 -1270.4076053403048
-1029.5857992803558 -1261.0856758841687
-1023.1183886786846 -1277.8880086875893
-984.3128387905969 -1253.7799788607235
-962.5327896888183 -1250.4457720244654
-943.918995978965 -1250.8021142571124
-891.4876851809819 -1205.0936507884583
-874.0662687359193 -1205.4580697220736
-856.719761567151 -1205.6003691689564
-814.3072870940109 -1169.4138028027512
-742.7973744483605 -1088.7497694661624
-726.2518735390747 -1086.6495369625773
-712.5533040856143 -1088.5167839021474
-706.4411441774428 -1102.008126019616
-667.1757932125714 -1062.9682313931946
-647.5692961208681 -1053.9558846182906
-632.8347333706648 -1052.3802545846627
-756.1287564033942 -1285.0487553940732
-754.2963081038357 -1310.412560829956
-750.5756421104977 -1333.2427406404333
-748.415765414374 -1359.624154713065
-952.8861962824967 -1770.911882882453
-931.7390194740334 -1771.966816729243
-908.3743654055329 -1768.3325513811296
-886.9583756947429 -1767.9900564723048
-881.9068031940075 -1800.6291651753636
-752.1099187655361 -1573.4886939836902
-709.5760614626352 -1521.690774434535
-695.4365516428189 -1528.204502885378
-695.4163978116643 -1567.6801439243432
-780.0054018537729 -1804.6461074346223
-761.5812983701875 -1809.2437442126973
-744.278055580811 -1816.4303388737062
-749.4955595674159 -1880.114998128765
-735.4920605539176 -1897.4394401039926
-714.1756639894757 -1895.9507169135993
-690.2065217780658 -1886.7156535352708
-668.4867325146986 -1882.8514249541363
-646.5783547519131 -1877.7998911402433
-624.8276633254675 -1872.5027079134588
-605.389564652219 -1873.6233546287249
-583.0034955066199 -1864.9994434924272
-563.7300166756085 -1865.6927582801295
-555.7001801460075 -1904.5874382095706
-545.0819288953734 -1936.757519874829
-535.9932328093848 -1976.6171238716274
-531.9997527709374 -2038.7312876030676
-524.1923411122929 -2090.2744770769255
-363.130247022284 -1508.9202840765097
-351.1831673003812 -1523.0362382441438
-333.3997440185663 -1511.6708010305533
-316.68974247377116 -1504.020148472718
-469.70734073540797 -2341.3498273558507
-460.63890982852377 -2415.4694770897
-270.65213266571425 -1496.7259011200083
-255.6799450467143 -1495.298219654163
-243.7831494048644 -1512.4793473189131
-228.88690615208324 -1511.771075325933
-213.18491391116982 -1504.975811260994
-201.03431580414647 -1523.7959849891845
-188.78632965648447 -1544.5050086467293
-176.1611284060825 -1565.1173300550652
-238.70003607351794 -2319.7513428767534
-216.64086708801625 -2322.919657393977
-194.20954798332207 -2321.892041304271
-172.18678712777017 -2325.634474791474
-150.11026543949228 -2329.167857456754
-125.57134968219232 -2288.55758855638
-104.21002962591855 -2286.626613534743
-84.06859536073266 -2338.4893566732508
-62.20299835528235 -2362.1811503344984
-39.37159790531128 -2354.6708638955006
-16.604926741612843 -2334.9409577991273
5.813933234683415 -2328.9927432648524
28.891605013486892 -2386.825145493432
52.79877423340232 -2431.426801168287
79.97674768392955 -2552.7474845409015
104.21230603234527 -2544.867146880446
121.9896857790615 -2411.9169796167375
143.29338350026876 -2379.6896869644675
165.03466824780514 -2362.242061744803
186.92967295873518 -2350.5789281297366
209.23781466695215 -2345.686367977057
231.7644662244077 -2343.5678424563935
259.776202351709 -2391.9348495917952
289.0907506957582 -2442.95446905221
313.4375901619249 -2447.0075351484893
338.1620647119673 -2452.79889473021
218.83859422615038 -1481.9290366536186
232.44386772634954 -1475.8068465610313
390.8817240883279 -2335.5161052267945
188.32481459241987 -1062.4381225317222
196.6836697857439 -1050.7504623075893
207.73685157511292 -1053.7178941717084
217.24239331366059 -1048.7357830013016
556.4911073503988 -2562.2649448173634
588.3959178933618 -2588.979575780085
612.780569650124 -2581.261120742973
379.93574953304636 -1534.6692888784744
393.16486141503754 -1525.1381549710486
407.5406423845816 -1520.3245129921318
420.7874912368749 -1511.5220432460046
431.40605846583827 -1493.9591067760089
438.5732114856884 -1465.7945074829315
446.718863609957 -1442.4084916884774
462.0812842520911 -1442.8117987956496
479.0632482670411 -1447.7995041302615
493.59744285137344 -1445.0226864691729
507.30637969087286 -1441.3272484501706
521.431446948377 -1437.3413812081394
536.9267425225057 -1436.9640472761214
553.5394250928462 -1439.2213536728398
569.8764667122363 -1440.3616950917492
585.1555473062062 -1438.5416175616103
599.6806228883694 -1434.7153552298162
616.1583576206659 -1435.3372002195872
632.70278601082 -1435.7744198077032
647.6638776283637 -1432.3810601985044
663.0386151322616 -1429.739764727656
680.1395537733039 -1430.547513154684
697.754513270781 -1432.057135455934
713.2274282670099 -1428.8861520665762
728.2483040436446 -1424.6594005788033
746.035511242963 -1425.5918125341668
763.4349010536513 -1425.4319176492443
779.4576845578573 -1422.4379487287674
797.4486758781968 -1422.756693655001
815.516901529536 -1422.860563554864
831.6376695871907 -1419.2969338808516
850.3337540751442 -1419.844183944306
868.5941800669044 -1419.309744331343
885.8616938016796 -1416.8592235839167
905.8528132368025 -1418.4215455043577
923.7694252320221 -1416.379556830195
944.5010672942757 -1418.2854909643454
964.2288738820156 -1418.2692546805843
985.752865924581 -1420.4690377905022
1006.2508135233402 -1420.7534269828866
1028.6013279483957 -1423.2059963837971
1052.8708725994047 -1427.7741157591308
1077.3213535634604 -1432.0065297184206
1106.8190443864264 -1442.2467205660473
1264.8180167235541 -1615.8401482112934
1215.9775465926862 -1523.1544918958261
1150.3307213482287 -1412.948417856244
1036.0622017877674 -1247.9820167080468
1036.340060720773 -1224.261115344788
1031.0325596109217 -1194.5944336979608
1026.8759165630788 -1167.7118017656312
1027.2062421233863 -1146.0228340407318
1031.2657081587045 -1128.8631622902421
1036.4557924889052 -1113.1937792748374
1040.7537721023482 -1096.8024370207852
1046.2251699487588 -1081.8677801680253
1053.6133254522908 -1069.0649935478036
1061.5617423416688 -1056.9251000882325
1070.090222184101 -1045.429536786665
1075.608774518332 -1031.0992988937448
1085.3227154722058 -1020.8695329375039
1093.469651315226 -1009.1918160848106
1103.716624940924 -999.4651628891404
1116.867646800799 -992.2916202052929
1132.2429067323021 -986.9295821660163
1144.5761662114382 -978.7652424053105
1166.0496097437217 -978.1678320291023
1196.1072244126944 -984.2400660955437
1220.9353443842092 -985.4328413613038
1241.1874359535775 -982.5185742931194
1266.2322893185703 -982.9876853181082
1221.3756368767529 -929.7669351207893
1266.9872997234697 -945.676573855687
1279.1119482895047 -936.0008673836942
1288.7289694280819 -924.4315244283018
1348.960456208817 -948.4232639412112
1429.5200885319643 -984.9712262211342
1455.357263071849 -982.5839591729638
1484.6120963491956 -982.0014884783255
1519.0199889071444 -984.2145463772315
1510.5388537075235 -958.5370996680102
1562.864839625189 -971.1094135386251
1602.7452810472414 -974.9787505791086
1595.5790063737277 -950.0403330487753
1592.4057909572696 -927.8430885261541
1589.8251295765765 -906.2869619313863
1579.9927948507152 -880.9675182546891
1574.2150725868887 -858.3099121181444
1569.9161503556072 -836.7820987883466
1566.2386941881578 -815.8752066509769
1562.1514119697797 -795.4193649143976
1556.1814022334593 -773.914364347054
1554.4432310162408 -754.7782731026308
1551.579354455564 -735.3166031222573
1547.579522338626 -715.5575602550433
1541.5223956261048 -695.1184818310865
1538.8799349049473 -676.4684367706635
1532.3464336536733 -656.3561588565072
1530.1857489665128 -638.3537997535474
1525.0427421691254 -619.3227224616214
1523.3976765502177 -601.9165383019459
1515.959552810968 -582.4453916387097
1510.1641156112958 -563.8690840256743
1505.093922002688 -545.7960112996124
1503.5909311076487 -529.1978003458009
1500.0163887724023 -512.0310863748425
1495.3029335095093 -494.66568209029447
1493.2529579164573 -478.35092105456584
1489.118340642134 -461.5274288308523
1484.7997885786388 -444.8253453174965
1481.2598417477095 -428.5245398172089
1477.545017957769 -412.3308379301453
1475.588428263796 -396.76540974986784
1473.4700664956165 -381.27413122503316
1467.309391741661 -364.8933390824186
1463.8895431339151 -349.35999413667383
1461.282541645539 -334.1471733861498
1456.5654156163826 -318.5878058405168
1451.685355678215 -303.14786509130283
1450.567304726105 -288.60958830164094
1448.321866186092 -273.9338824009106
1441.9918265197512 -258.6205178446445
1438.4602088788006 -243.95333052114128
1437.7430342622379 -229.84988020534968
1436.888013350331 -215.78192021144744
1429.9541166661975 -200.91596310247522
1426.8345112227762 -186.71978358937068
1426.5529097881588 -172.96183271154743
1425.145049542523 -159.11501426464872
1420.618643831241 -145.00575436542482
1414.93195306207 -131.1814323902439
1411.1145886521144 -117.52283902788453
1408.163222080101 -104.02086320055386
1407.0789367118796 -90.71309641813787
1405.8690770532176 -77.4347350065464
1402.5361837224575 -64.0956578033587
1393.0810597475588 -50.607914130282694
1391.4942949626177 -37.5183566602734
1390.7845641731926 -24.480524046326313
1390.9527297544932 -11.467501407186475
1390.9991402802348 1.54652502326939
1388.9239012613564 14.539480903186174
1385.7276729937928 27.473920346538662
1380.4121111680217 40.29147975248326
1371.9806737881522 52.89641530205708
1369.4280296344914 65.63437857856631
1366.7573061402013 78.32921621196206
1365.9646523287142 91.11294413251592
1364.0553142994252 103.81281005490786
1362.027995605572 116.48493115707241
1359.8830482019491 129.1282123045746
1357.6208342002433 141.74156251938135
1355.2417258220735 154.3238950739899
1353.7385823176703 166.99655907995395
1351.1256531647268 179.52289369378525
1347.4069072834725 191.87398522151824
1342.5868439101448 204.02099538870124
1339.6320951387167 216.4136078767973
1335.577401737685 228.60009616711596
1333.3802029795045 241.08553316683088
1331.0662886944615 253.54986708959788
1325.6942322142359 265.4030946954238
1323.1531432208646 277.7944556407605
1320.4962339116623 290.16150024618474
1319.6730323241025 302.95063584106975
1316.7809182515089 315.2840200972974
1313.7735416466733 327.5898064182662
1311.6191503688183 340.1179271749425
1309.345251578887 352.6343888049222
1307.9149936183342 365.40712837649033
1305.4313259672433 377.79631176522247
1300.7916916577872 390.0063780428115
1298.9032427467705 403.05131929063856
1294.027481510436 415.1793312482671
1290.9370875819232 427.8801653564954
1287.7220184067894 440.5598748301354
1283.4393832331307 452.8844770646936
1281.8581301649 466.19280789191316
1278.2664913181518 478.8107947542339
1274.5506484214004 491.4027315843773
1268.8516478673198 503.2300624012712
1264.8950718975575 515.7484436130397
1261.7373298492514 528.6235999885756
1259.367386324883 541.8807860233034
1255.944222375467 554.7369739630517
1256.9442841911386 569.6411734058782
1252.3324456041828 582.0862871491188
1248.5001782957613 594.925461545774
1245.4352550954823 608.1833813622754
1242.2306308762122 621.4370923214092
1238.8861058257576 634.6851320079035
1236.2870878243257 648.3904969066464
1236.1821259737783 663.5229848490176
1235.0235553125415 678.2313895885164
1231.0804954683022 691.5090843058532
1226.128989189278 704.2753026123233
1222.7703375907302 718.0227722769325
1224.4050324499115 734.8580247308533
1221.5662636944423 749.176123086955
1217.7177058096377 762.9761391797994
1212.874240312521 776.2319738237568
1209.562435108885 790.559115799359
1209.4141540368178 807.1142447110003
1205.753237532118 821.4865368226165
1199.4645635319757 834.1497232697778
1193.8592372556493 847.3465180310585
1191.3504644207262 862.8586621947535
1188.653474943419 878.4002029285596
1182.5734917991404 891.5609550075578
1177.142886869551 905.2953241304297
1174.994471899744 921.1063950516475
1171.3199882091938 935.4199512633961
1166.7067165723947 949.1108668142314
1165.7914385644751 965.9846384750492
1164.6659644852448 982.9187103568913
1159.5373198240416 996.6514957272067
1158.0175802616882 1013.6647788124359
1156.2845558935046 1030.7313063074007
1151.375429009176 1045.160093705235
1148.502675165376 1061.620273514958
1145.4260319378977 1078.1132618417244
1139.9787898935356 1092.5609175660961
1137.2264416286937 1109.7914310628548
1132.8366168414145 1125.6510114344046
1130.361552729312 1143.6550004749593
1127.6531243548768 1161.705397737604
1124.020291610646 1179.0756481445617
1122.2155146588025 1198.66439784415
1116.086989849533 1213.8990201366043
1115.135707921651 1235.0580362550088
1109.2485623855173 1251.0602011276926
1107.1028171520454 1271.581437523372
1102.0769808428602 1289.1246364476503
1099.395789118717 1309.7438294827098
1095.159444973148 1328.875385461747
1090.0376732234488 1347.259021477908
1085.2946241760612 1366.4408434815396
1080.2934799630937 1385.6460576746247
1075.6411455311847 1405.6657234351135
1070.7147594916537 1425.7134718472469
1064.9201730305663 1444.9809774085431
1061.7942937706466 1468.3108927322214
1058.9118178677622 1492.5165868358015
1054.535492939927 1515.147152632359
1049.83613468845 1537.8192645114102
1044.2563028171348 1559.6979752588923
1038.9151565169725 1582.4361906754139
1034.3303699836747 1606.8857102262857
555.5173357309931 880.3871249071849
548.0732507645251 886.2165151905069
540.3508289297528 892.1154531084692
536.0105118097563 904.0429919143465
517.9423631862767 892.6139750289681
499.64395621827754 880.0567691998898
459.2950883963313 827.0211737162515
443.37753523556756 816.3683979971499
426.7639669529137 803.724154489967
418.2593196790584 805.9299854836096
406.13292597116777 800.9120091758507
395.91383822226805 799.3223584412685
387.50247002486725 801.2127281344367
373.96782006030844 792.164168313198
356.03623826601904 772.941910521989
352.02417077211993 783.5559859973001
344.2327244644787 785.9184635875164
338.3908509618041 792.8023915108645
331.68196940756957 797.7988914318671
371.4317025175448 917.6810395583632
424.7070573729935 1078.380691322676
412.7504255852099 1077.660932844477
398.4030722738129 1070.2518357857589
370.9710096280133 1025.99293857978
342.0907477046799 974.7117113971972
316.1439457568532 928.6624820467811
304.25615189711914 922.100425134246
294.34651046508975 921.1129853481737
283.5962776924428 917.1549221799941
273.80603105303015 915.9510125323227
264.06366967645937 914.644399948418
254.3702563428194 913.2358800923715
244.72684308811347 911.7262595056292
234.1338988765187 906.2435199199386
224.87111233966434 905.4954350161695
215.41133742631894 903.6807819734823
206.22843162180695 902.743503987046
196.44173888437862 898.7828676738791
187.15662018338998 896.6763069924008
177.92862830350458 894.474931582788
168.57286459507668 891.1970541480766
159.82445081884197 890.7755861722163
151.22343728424033 890.2474217968505
141.86407032627787 885.7107798544968
131.11565360464988 871.1886623342991
118.28302094844841 839.7101446066428
97.98865724851105 746.5970955278582
98.6656155138596 811.0204043766539
97.68877925046814 871.542255090683
88.84527050588038 866.4568759659866
80.38435686280829 864.2698393278298
72.13908597278026 863.9936066169772
63.8324060457846 862.641538495803
55.5576939827764 861.2098133668219
47.260757405338985 858.7004255323702
39.06168869333241 857.1103689003098
30.93295344338864 856.4415639092191
22.767010391558514 853.6964702034504
14.535105055099278 843.8748311930136
5.782456581441873 742.9774984451977
-1.0225065479510347 616.9991527387695
-6.4250921892093125 578.9643496713421
-11.376691166756745 553.8831744132477
-16.125140228160124 537.7582912913776
-21.003688341236746 532.5859978220083
-25.78604070729895 527.3699651142844
-30.297019984948435 519.1166444837149
-34.7898894018406 512.8212784152074
-14.186342604510669 183.452303565552
-15.83094496747519 182.313963210273
-14.00262569139976 145.32696402851934
-13.162543478900046 124.30505801923776
-13.188535469659728 114.24124707024835
-13.770134631230846 110.14255940479038
-14.675821832775268 109.01660540272127
-15.84702249686139 109.86296863813561
-16.731291806678698 108.72011715630077
-18.402539280352787 112.50487344126508
-22.02475421113216 127.10590152286092
-49.147660407716046 268.5395826995488
-89.35221913131504 463.46540424966935
-90.14904061766525 444.95971781242685
-36.75315344397911 173.1421546357886
-28.404450771725255 127.88349063251533
-23.277140516918966 100.33531147784218
-22.33787122377071 92.3364473498425
-24.67011397782377 97.94072429955368
-26.096085449810037 99.63932117490671
-33.59221489823042 123.51341262482835
-50.769589395672845 179.97624507860692
-125.95667146130842 430.97090031043626
-134.0543872679392 443.1686149246327
-138.51140198427126 442.84375520080624
-144.20400743910795 446.28040987534024
-147.75850062992953 443.0083808367457
-153.216086813539 445.38279124989333
-157.39454597579424 443.92336827100416
-161.90211954318593 443.3640757745534
-167.820348654988 446.5034496813191
-174.53293033736117 451.43577198517823
-178.76732766058637 449.7757692018241
-184.12014948924866 450.85338032674963
-189.89566233908582 452.7920465564738
-195.3283306002212 453.74314679665486
-200.3915223008627 453.7171341154562
-206.2965883878998 455.4577012407557
-210.98851176176765 454.4060385872468
