-205.9135608552865 436.9080057127544
-210.39038039656077 435.8805889651321
-215.38804477681575 435.66499763834645
-219.9487172045507 434.50150954866956
-224.50660096361383 433.2906485533292
-229.5296350374218 432.9158655438582
-234.56556445016295 432.48467715536054
-240.09881828166667 432.8712943355648
-246.15350989373542 434.06157347431105
-256.26394917992417 442.0970349942524
-271.64429655128106 458.5830090083579
-280.6273391169671 463.6941842854304
-289.73088269883897 468.6758107802787
-299.48711936381284 474.3716531741387
-309.9182826284531 480.7646597792211
-320.49655532720556 487.0020102868113
-325.64382598573957 484.7804643314017
-330.2122554480555 481.6802532301985
-356.53292656897713 509.67467297498746
-339.2601706142181 475.3509615376954
-317.25212138599824 435.74314851307054
-297.5089293375182 400.6113290515429
-284.9810235533765 376.25764605449535
-284.2463478693385 368.00681206051473
-284.6189964285548 361.37518851188764
-252.33286015096317 314.22464525882503
-246.42346683192804 300.99248328576857
-249.8987211959152 299.41714904902534
-249.47818509977373 293.2330730994085
-250.27368154997546 288.59501784234163
-242.39432254810555 274.22799345880964
-230.91996876177964 256.32200066919484
-244.8304080856553 266.6497164382731
-237.09139309855075 253.37062047243853
-240.16622733399367 251.8415836357381
-256.4752061287902 263.9023846826599
-261.7733731798314 264.30796638401335
-267.10187963170966 264.6367054987038
-269.5917464178564 262.09977158206414
-271.33396123019776 258.84914812131325
-277.4191772461162 259.68943008156486
-278.3423632999359 255.75286663614645
-279.9961973769399 252.45025144462366
-280.1146381590947 247.81402197817505
-272.61900992732745 236.64292811373792
-287.016889490246 244.43875541195166
-293.91081630734544 245.5716434313006
-302.3979306781386 247.86385682785553
-306.2777538776002 246.25786785337877
-310.15401319756853 244.60067068068815
-312.4440917586333 241.66855303312164
-315.5031770048341 239.31933749669363
-318.5456566607035 236.9338823862075
-323.18705421848495 235.69074649968346
-328.64656052567284 234.9626316132956
-336.5775039485946 235.87408470566197
-345.3785567515767 237.2227909291135
-357.5526443462213 240.65973182280533
-0 0
-383.8613795677832 247.99080885451832
-390.4052849872846 247.0378785813972
-398.6649829124943 247.03690291003215
-1432.0502915805544 868.8250470515046
-1457.3660883114137 865.5108807172148
-1523.3799667079766 885.4137321234655
-1496.8811390003104 851.2525217026574
-1603.5816587332756 892.0486891275813
-1642.6574502806668 893.6310765844141
-1643.0554906551554 873.8933885937954
-1661.860871855303 863.9140250026805
-1651.2010370397943 838.7127847354587
-1641.111369434115 814.234286378364
-1615.4095201866492 782.6091502725612
-1593.7805578911812 753.6793305432197
-1576.292519883389 727.3224125239609
-1517.4156695064607 682.895076813605
-1341.5494409529863 588.6171060024761
-1313.932803012839 561.8020907462198
-1279.4710138704459 532.8695193622294
-1071.2877465397721 434.3714586776358
-1057.6573363770055 417.28881941396145
-1046.5436581033632 401.7304714402815
-1044.686805801883 389.68510079737246
-1036.1146077728934 375.3272166518483
-1034.9123143301429 363.8206998616594
-1033.5853709877433 352.37094216199085
-1031.1852220434664 340.6655806493619
-1028.6565101729636 329.0376636173729
-1028.8664137092323 318.3754116465387
-1028.9668511018508 307.7388817383034
-1033.7620571646207 298.5163465654292
-1039.4380506404552 289.4987718121967
-1046.9674052480534 280.91858669044734
-1055.3953363688101 272.47143698187136
-1063.7567057191848 263.8895053568214
-1068.158425537187 254.24708052191562
-1081.2475370827483 246.54566220578863
-1088.4234594651277 237.3402049505379
-1105.3117831859652 230.05838813280027
-1128.0440407018216 223.64400782741058
-1150.7522346272347 216.81857508162355
-1471.710367765622 262.8566023731891
-1474.1382774242736 248.88017002685402
-1465.5700697859484 233.15310537844175
-1457.826136393225 217.75894022703827
-1433.086371994643 200.1810440656955
-1381.3720713202222 179.61124846868216
-1321.4586111553774 159.08531988622082
-1273.212589965043 141.03439564343014
-1250.6154045217104 126.53106327300985
-1223.8764458617854 112.10461749956661
-1102.2969016630082 90.4297549710963
-1069.1943234394175 77.50805587115508
-1066.8875677278922 67.17081083076377
-1061.48544946683 56.724250283297394
-1080.9575968498027 47.4834056560731
-1112.3411377590742 38.29090295159129
-1723.4646648594971 42.959853127558446
-1748.7917325335325 26.990298671299783
-1755.9689832234035 10.436951536073265
-1749.9890026235907 -6.204087079476594
-1719.858719244462 -22.04508650014242
-1495.6327228765947 -33.14752269391329
-1465.272683860987 -46.17317328081656
-1441.7965835404639 -58.920384342319124
-1430.1970929521015 -71.83505628422687
-1423.4742397568111 -84.8356572955518
-1423.6172323778792 -98.19865414937018
-1419.646924985257 -111.25919458590155
-1418.5456104166574 -124.51646946341337
-1421.301733770395 -138.14985190462173
-1427.9040356177688 -152.2697115860196
-1439.332512769865 -167.10151909419127
-1442.669706038816 -181.1632393116129
-1444.8783546627824 -195.1679795124455
-1446.9509017399007 -209.22974920906555
-1448.8864749530785 -223.3472245138554
-1448.7104948523975 -237.19591502494634
-1444.4608149825085 -250.3776227622342
-1447.960808195709 -264.9405554633523
-1455.2420367158506 -280.3473106257714
-1470.2019969253877 -297.49972812861904
-1483.9887096968357 -314.7483272272001
-1622.5410549818757 -360.00628452612045
-1640.5393530381525 -380.1139712417316
-1640.8049617998502 -396.3623056409271
-1637.030606038839 -411.67316513480876
-1632.1458989787125 -426.6951657178349
-1629.0536351789378 -442.1857683262633
-1624.851716246894 -457.38484912546295
-1620.5079931245493 -472.5440129971446
-1616.0228448976593 -487.6619369695321
-1611.396662994442 -502.7373016699444
-1607.5816460869353 -518.0755265059523
-1603.6206012376313 -533.3863208653348
-1597.6219120335825 -548.0193666196114
-1593.3755087154354 -563.2534848767713
-1588.9838211833296 -578.4560623051884
-1583.5106339819579 -593.2748705836594
-1578.8323665684493 -608.4014778712077
-1574.0095929706472 -623.4924227577894
-1569.0872180566087 -638.436607762566
-1567.6726520426582 -654.983554020663
-1564.247361271644 -670.7713416319299
-1561.5790312957263 -686.9548231270386
-1556.9214590309928 -702.3244053916998
-1552.1128604582098 -717.6668226971578
-1547.1533375476274 -732.980593273272
-1542.0430067868538 -748.2642348928345
-1538.5731204094006 -764.4061441103671
-1539.3927735929005 -782.8147217636857
-1533.7924323443942 -798.0737901241129
-1528.0411989687266 -813.2964368876925
-1522.1392661824516 -828.4811731992154
-1516.0868413630706 -843.6265106347402
-1509.8841465577107 -858.7309613456904
-1505.2606093109566 -874.7979755673922
-1499.608510363169 -890.3428079376824
-1499.782588972112 -909.4878700764012
-1492.9276748556417 -924.5014643850639
-507.14095777676056 -320.6369425772239
-495.7236647298001 -319.93444363940677
-485.1995233817907 -319.5972817626631
-476.3854092765806 -320.207654231414
-468.4273830485717 -321.2472362686824
-461.3112728319497 -322.739693186578
-453.39448165071866 -323.5466643448455
-457.6312871356102 -333.06096294012707
-456.91129343729295 -339.1062811707562
-456.9155133735093 -345.7704638031166
-459.2100774211326 -354.29663390283207
-466.10082217993244 -366.6047238691708
-1435.5671018911428 -1150.976583587983
-1430.954959701683 -1169.389543011718
-1423.818453708312 -1185.8962901028365
-1421.072399541948 -1206.2542166807502
-1417.3133077206535 -1226.0093750693507
-1409.5577490643136 -1242.4926366191253
-1406.825341334135 -1263.615233755946
-1400.1321927149143 -1281.4186836952729
-1395.4228626893776 -1301.2528709992469
-1390.5477443538318 -1321.02269877261
-1382.3171066622624 -1338.273296688263
-1377.4435426271557 -1358.9975301209163
-1370.8907075725604 -1378.3303914124524
-1366.88881351046 -1400.5227493689515
-1360.5141517397199 -1420.5950312865207
-1353.196806443445 -1439.9424999045143
-1346.990589705605 -1460.7482162387007
-1341.1823050127605 -1482.305982151006
-1336.4139934380075 -1505.379233994902
-1330.6718119490965 -1527.7396796850269
-1322.0270883610049 -1547.0841533800688
-1315.7048476713117 -1569.4663914255095
-1295.738480570605 -1575.646467317012
-1121.3242976121132 -1390.117915712441
-1102.5580455485976 -1393.5905984886867
-1088.7309443394556 -1403.1539227175745
-1079.665875222379 -1418.947003196488
-1051.861563310001 -1409.8468894284374
-1023.7364271658414 -1399.5426851988896
-999.9803352722042 -1394.5233339994318
-971.2360481952337 -1381.8182003020897
-948.4952502275287 -1376.9316469221767
-921.4584972227831 -1365.109240279301
-897.4891154223595 -1357.0712168852417
-876.4734078048016 -1352.8999835209688
-856.6888622920937 -1350.1426566199136
-839.6740776142684 -1351.3801994193298
-791.0099763913898 -1300.3027406143897
-768.9702188821326 -1291.3921954512368
-752.7085960231841 -1291.6867923273069
-718.1843093226695 -1259.6472910472678
-651.7007768584924 -1168.5589832961098
-636.3234433589611 -1166.7619617693213
-616.8042518420144 -1156.8377219427161
-615.5530565186427 -1181.2359775297045
-578.504226025617 -1136.2032654725572
-557.5033280566819 -1121.023656844816
-539.0258261084191 -1110.048268674897
-649.7227940791822 -1370.8206632721658
-644.122973809697 -1392.214636688809
-637.4244429906797 -1412.865909942632
-631.1956881043923 -1435.3452557898474
-795.5133831670737 -1856.760204550409
-777.0371051441285 -1862.4009603813117
-752.5055389762549 -1853.0341102662023
-732.9996827069189 -1855.4612540151722
-715.6672541222421 -1863.2864464105164
-614.3360975416728 -1646.0984658450018
-575.1333284458665 -1586.99894597028
-561.9948981907952 -1598.0606166248883
-638.7488344435744 -1873.0832673687987
-619.6394546054778 -1875.2791648968496
-601.4603173638453 -1880.1386881388783
-584.1316744787024 -1887.688053379241
-587.628880782161 -1965.017378668877
-567.7923653652443 -1966.6776120739619
-545.8317954304044 -1960.4317511959505
-523.7827787577573 -1952.9812084802052
-502.17514928449566 -1946.2579786454555
-480.5025828292215 -1938.3307942388076
-459.9521186109249 -1934.059990947882
-440.41503034805214 -1933.4744893697264
-419.22839366884523 -1924.875984042047
-399.4665413302505 -1921.924941915695
-387.37163366872704 -1957.0304589936309
-372.79589901624723 -1982.2492824255653
-364.9689822856818 -2047.7298752446218
-352.2745597088277 -2091.5409712893393
-338.4653111503164 -2133.316955622844
-326.39622100096807 -2191.8306291582585
-311.86461740445515 -2240.3982816479693
-294.89632746811213 -2276.9831259905773
-279.1634847758801 -2329.3311805683165
-171.76043118860184 -1558.564196392919
-246.18878981589538 -2447.650113837553
-137.71706541027189 -1513.7483310956227
-123.95398105800123 -1522.9640214331632
-113.03648123921938 -1573.9462360287455
-96.56136289610514 -1550.9970674361853
-80.7487011663782 -1524.863484794604
-66.43961574779156 -1530.5586488139832
-79.58426733685899 -2349.6526007885623
-57.130399601689525 -2347.3048624840685
-34.69885583085281 -2342.743048096404
-12.391108696231887 -2343.967248155417
9.932571920027629 -2343.9789555401417
32.21406918626192 -2340.778343574304
54.22596165933215 -2328.3686445840403
75.4467800324289 -2298.76222854447
97.50524035876339 -2301.935865332173
122.79280163164353 -2365.815488973612
145.62513485098648 -2369.52934569286
167.19326921560864 -2354.070179652467
188.56058782468557 -2339.4131539168557
211.1012744869179 -2340.499145889611
240.9294569406702 -2414.0068344514425
272.3937917066368 -2489.1399362510097
302.9453788469432 -2544.025962413765
320.6474937592329 -2490.4429695831063
330.6373520756575 -2388.221083026527
349.70282224406435 -2360.2338731817526
370.44923428602675 -2345.931023030493
392.2781191235007 -2339.337914294754
413.3160139593468 -2328.6036314935086
437.1312658677902 -2333.4078632765477
476.3606988246964 -2415.4760368538637
501.16862005557783 -2419.642745173673
526.9474937677405 -2427.464178687689
334.5866853248584 -1473.489989787282
348.60451128503126 -1470.2366798280216
576.6416252164925 -2332.7866246332264
271.6300467822953 -1055.612200424497
277.2779729183979 -1036.554834890207
290.6160101819779 -1046.393011552499
298.354177841761 -1035.8903342363838
757.6495085232569 -2539.3832365821563
782.389377354133 -2533.9634689954414
810.1357310621605 -2537.8290126122324
501.06209037399856 -1519.5186019230034
510.62203794619245 -1501.5529076138735
522.3764254604242 -1489.028834550624
535.9780657476435 -1482.0605632150848
548.4467714727041 -1472.1573077837734
554.3291332511634 -1445.3453608148518
559.0135910986958 -1416.697852390177
573.7266949057577 -1414.0416116764443
588.4402556402522 -1411.2331719251906
601.9715960173949 -1405.514566836029
616.2524025977831 -1401.4970482639126
632.15667440706 -1400.9807061493054
648.9477432081507 -1402.10264481066
664.1034907743596 -1399.416861961192
678.3925940907411 -1394.7704070142997
692.6536360748795 -1389.9783956710435
709.6126683172241 -1390.3851484260429
726.6431175987536 -1390.5936788459683
741.8562592808938 -1387.0754451599807
756.588629070052 -1382.5156947976755
771.7902033266175 -1378.67323251344
789.4717805311902 -1379.0051877150108
805.7151137250603 -1376.5348362882114
820.4433164854466 -1371.3047671594966
837.7534528464441 -1370.1843497295758
854.0577828619083 -1367.161037893123
870.3810568772378 -1363.9504447850231
886.7211767706661 -1360.5519301615961
906.4002401539781 -1361.9598395873538
923.3775585691751 -1358.9786180550561
939.810968824292 -1354.974665031618
957.9857494252416 -1353.2284743893613
975.6276372878266 -1350.4468569181731
992.1173294106286 -1345.8407055380374
1012.2147083887762 -1345.8370570471839
1031.1854747666018 -1343.983823053826
1052.0624713205789 -1344.2520434943872
1070.5436283532042 -1341.1160799096983
1091.5864813171424 -1340.8504591510793
1110.8060075733968 -1337.99514705355
1133.947584273401 -1339.4729844683386
1158.0754505570462 -1342.5312848559972
1182.516410538027 -1345.115585668481
1209.776103631028 -1350.3372834530373
1333.6536821662025 -1460.770980011764
1367.7471472851516 -1470.1468433776708
1296.8693795645636 -1367.9747118817013
1137.3533545628782 -1177.3683989578485
1130.1205646320798 -1148.1064887002726
1121.731935865972 -1118.379838900174
1113.6011069175488 -1089.6130389601667
1112.9648474597911 -1068.7180396712706
1114.2186235629695 -1049.9894565687039
1119.6246490703254 -1035.4060291470928
1122.633853940086 -1018.7979338355715
1126.1772605598378 -1002.8902122355863
1133.286497087241 -990.2962766363057
1139.4995548528689 -977.0065324705425
1147.8589391372113 -965.6188978281211
1155.3337534817083 -953.5239472954349
1162.682769956084 -941.3738770792655
1169.9056135696037 -929.1699819399726
1179.36854839273 -918.7572187809058
1189.5336298188377 -908.8557330676966
1202.017446535574 -900.6431358890703
1214.4515684994726 -892.2759594257659
1233.3253771287114 -888.4303653806087
1264.485900767678 -892.9610331698434
1278.5713857955648 -885.0311923456761
1306.6871378575172 -886.4590931101841
1330.7768301313029 -884.6677502801157
1292.1013230790516 -841.5688747199272
1329.453288876002 -848.2234096609109
1343.2964452732733 -839.4109006417464
1345.1490916263426 -823.1056562172471
1381.9860786494048 -827.9103081972354
1494.078329041193 -876.101561857686
1513.515211116512 -868.5025651769488
1549.507751253199 -869.9165068018046
1576.015940315888 -865.4350096166825
1588.4786694049694 -852.9622012993414
1591.8921516839084 -835.8728237041663
1671.784744547565 -857.7743105841025
1668.191400517498 -836.1180845068885
1658.9500096369998 -811.9691284312468
1650.3050573381272 -788.5012477632489
1644.0852083986115 -766.5375578045043
1638.5091631118062 -745.1763028966019
1630.8490835257887 -723.1785856640772
1624.7568045795572 -702.1861049411522
1618.414593245139 -681.3737626084313
1611.8253139006642 -660.7443964719072
1609.6359358079892 -642.153528492633
1602.578532896488 -621.8545214914337
1596.2180740222404 -602.0995434018613
1585.8727119297776 -581.1443379716375
1579.043909977391 -561.779610134894
1574.8276860477936 -543.5749803452621
1565.667701478936 -523.9137796867589
1561.985681339489 -506.32472909232104
1557.1576908701063 -488.5528894235288
1551.177250029489 -470.62738869614475
1544.998038774534 -452.8587640565693
1537.6602495213788 -434.97696150698704
1533.0178281798771 -418.0637971442311
1528.193858464345 -401.277374084133
1524.1598899766425 -384.86443039905447
1520.9247334286035 -368.79934279378966
1513.626600260633 -351.9240187646159
1510.0507836803965 -336.08872445564157
1504.3552248236265 -319.9364898629976
1498.4900409763832 -303.9220246948181
1494.4210879792138 -288.42609417842755
1488.2264534865915 -272.6738402244004
1483.8389302348567 -257.4063501926018
1481.270091094507 -242.56940703409157
1477.5654547982917 -227.6517664915373
1470.7424968990945 -212.39705227478422
1468.7191744204338 -197.95955821773043
1463.5779158804594 -183.20667058546485
1459.2830018635927 -168.6834919960492
1455.8122591335068 -154.61780672547144
1452.2232740068655 -140.45840107583697
1447.5009628246032 -126.29316142153921
1440.6472277294363 -112.07392754557026
1435.6501340001819 -98.13099788170848
1432.5152839673626 -84.40948524843976
1429.2496827685554 -70.75552491490669
1423.8559285778442 -57.090232559737196
1419.33162055234 -43.563182852829364
1416.6788088176577 -30.16873625100639
1413.8998619863705 -16.827961104148052
1409.9955573371192 -3.5395323965640713
1404.9667416740594 9.667201755248495
1397.8149343003872 22.74663594477084
1391.541664911099 35.71827006515085
1390.1454968921985 48.74933302458973
1389.6264040715316 61.80175650598069
1384.990556569473 74.6334925712366
1380.236610635391 87.38362925473274
1376.3630543432175 100.12363676479737
1368.3856490955875 112.47095335795683
1364.2816409680854 125.04240927552472
1364.0421608598253 137.94920585802035
1359.7047525573591 150.42269068505095
1358.2322082246312 163.18476810426367
1354.6564911133366 175.67524323165844
1352.9470278065064 188.38879995780204
1348.1509326576409 200.64411971032936
1343.2442398153335 212.826013924349
1337.2417385141903 224.76773072562239
1332.118326385233 236.7905498718342
1328.8530560184176 249.10551079916334
1321.549632378394 260.60615718077605
1318.064814221578 272.8023927883282
1315.4448631387904 285.1680417609392
1312.708904291969 297.50854204976736
1308.8840309841553 309.59262496814864
1305.9189951506103 321.87043682951077
1301.8701382531058 333.8714470044408
1298.6774142237675 346.08232226606026
1295.4127395931778 358.1086903437253
1291.938309729193 370.4475723419923
1287.3877631410128 382.4679690049609
1284.6371996954413 395.0231197773806
1278.9052146733256 406.6515115936184
1275.9186031469865 419.14283739966635
1270.9159074831123 430.9718739156618
1267.6915748139807 443.40395932563507
1263.4048909193996 455.47456745787696
1259.0032769801946 467.503741753081
1254.4871334045722 479.49038793533595
1248.926225545747 491.0674934711663
1245.112911032474 503.33173830013806
1241.1791814096614 515.5678807249758
1236.2054304684207 527.382341077502
1232.0352351038202 539.5499786513521
1226.8331676378577 551.2761365991277
1226.060461674858 565.0449046913296
1222.4238240048232 577.5673073377898
1218.6596865704228 590.0716637223645
1216.5597568472342 603.4454059977575
1214.315253118503 616.8326077987011
1211.0385214617247 629.770354602215
1204.9769202495688 641.292150011104
1200.5621959716268 653.7120265099805
1196.0200144192743 666.1059413550663
1192.2194346566882 678.9674658088461
1189.1462860618522 692.3200924032927
1187.645306695293 706.6983978223267
1185.9777631491527 721.1107718760916
1179.8955873649481 732.9170505021178
1174.5403986557621 745.2085962504482
1169.057925164449 757.4645652505425
1164.2823724708385 770.2353907434243
1160.1980456293172 783.5435501093177
1158.435485294992 798.5463207662759
1154.855986978659 812.4356278127807
1148.6794704265153 824.579574219893
1143.1829754622286 837.270377245801
1135.9464923190133 848.7340965155869
1132.0057939143098 862.2597535223554
1131.2613568959578 877.9930195587641
1127.186613435347 891.3020467227446
1121.405770280654 903.3543592529196
1115.4988908842117 915.3749092235889
1113.3024059357424 930.5690479151386
1110.160288282712 945.1497946463545
1103.8228573515983 957.1290924364138
1101.107133985959 972.3806247993773
1099.692294959998 988.9984107194576
1094.3789203256606 1002.2927609969262
1088.1833444597967 1014.8896535290384
1086.1997310950564 1031.5881659698443
1081.1269982853896 1045.5526833108045
1075.8900756313508 1059.5095776622154
1074.0193238622055 1076.9974428802377
1067.7213266683318 1090.250965868693
1061.964272173998 1104.1992051373477
1060.1616191040116 1122.4942500426273
1055.3939521296265 1137.9137075403423
1049.0868087173972 1151.8597431003252
1045.9464692864462 1169.511429352966
1040.5923064717108 1184.9458433666432
1038.3090764903518 1204.165379704031
1032.5317043738248 1219.6238270314682
1024.6414824390697 1232.7687668273663
1022.2875163849238 1252.8436589788623
1014.6519148215889 1266.7322099595017
1011.1748473570068 1286.0876440089664
1004.3751179022389 1301.5247298990764
999.1895506352046 1319.335151468882
993.76324254966 1337.1576637619012
988.6847602739274 1355.7973465094576
982.767749947735 1373.6406188165324
978.906038521066 1394.7612583331218
971.3394635162856 1410.9814480055697
966.3567753369645 1431.3223196612087
958.8765912709741 1448.3524028055317
953.3446019693847 1468.7188532513076
946.9849305263567 1488.259231906858
940.551104717868 1508.8563945631136
933.284312590352 1528.614206355794
927.2707209084546 1550.9410079515967
920.9224410385469 1573.286641903377
915.2328947182268 1597.3821547850391
908.6856422953 1620.6339511087563
901.7849726224738 1643.9005028140493
895.4756520587225 1668.9395904495782
478.07271714079894 911.2011178250461
469.5971728673758 915.5978894880482
461.5292828525615 920.8098180784132
455.1641530480427 929.5432178118766
434.8710679177776 909.3685470083357
416.68469438861064 892.5238738892479
408.3850975475712 896.3518349962033
376.9002175361975 848.0154633148896
352.71184471715026 813.8570848719232
348.2578642926548 824.4643472936345
337.5483278948981 820.2622302260164
318.7640465695917 795.5114597632012
317.1820228822786 813.3416037313632
303.5921522741169 800.354799496804
294.0768172826629 797.5078843101799
284.9778849118343 795.4951949013755
276.9272752992808 796.2162295478009
269.5273260547271 798.7515386587928
263.658762204158 805.9702582062016
264.0231117550464 833.1673280075152
289.41556137349016 943.6141334437863
324.72067791584385 1094.860941550969
312.0686491613566 1089.1749897103798
297.4182806770797 1075.6385853617794
274.547260102552 1030.0387380920106
247.08060598168163 962.8017314835515
231.42814573212848 937.8683347693261
220.41023019535353 930.244769093184
210.8830107154778 928.3492639042569
201.41002138277514 926.3573842133445
191.58546409129187 922.3117748076971
181.65914324225176 917.1831636464393
172.22135631998876 913.9145498498771
163.00781903437462 912.5554508815651
153.50269200368365 909.1319615697284
144.70582780450135 909.5610058700922
135.17600427933527 904.9599150609231
125.88502495467363 901.2507755847765
116.67673840897541 897.4472345014182
107.67159777529635 894.543362298617
98.73216945706726 891.5497511156071
89.85934232398694 888.4673874696249
81.0539924321493 885.297266634665
72.31698293819578 882.0403924870543
63.57691751806814 877.7003905427528
55.05137277062408 875.2704418384468
44.499314654143646 833.813414976823
33.6007394735407 766.2636558697217
28.03900412358248 816.5187164099533
21.451248463338203 863.733664933447
13.156539844759456 857.8991231253901
5.009611904801708 857.9853750435162
-3.1341106796612497 856.9942691466773
-11.219101862197862 852.9262170630034
-19.295062919254534 851.7814863842382
-27.318158643729735 849.5608972924284
-35.38408466601592 849.2631903905574
-43.24236448297098 844.894134145765
-51.08147387297072 841.450939168152
-58.859107867303166 837.9353229343332
-66.176902770307 829.3639837488298
-71.29024524411201 797.8212211598751
-10.436286960023272 105.4849937881595
-12.192772588289012 112.34027014659645
-12.906961979315088 109.24014981894027
-14.070450290721745 110.10459767246928
-14.706811315726657 106.99397039517514
-15.430978137618396 104.87080105404146
-17.045954808751336 108.67122629591518
-18.077093385120975 108.50446393925742
-17.543334518467134 99.46472447040287
-22.330866330527193 119.93886946660838
-30.359274034847523 155.0558431020161
-97.86168397915705 476.045261302708
-103.173366588723 479.0148812163866
-78.00617199956727 346.3236017512724
-29.298443956476834 124.60177037959447
-24.993388878559557 101.9820107291727
-23.973495055083195 93.99080558673758
-24.855742083757065 93.76135710123734
-25.735793843919655 93.52362757733079
-30.180340072138772 105.77876475517218
-39.67484659260846 134.26059193915756
-44.151156598927884 144.40109200063878
-140.13516469697421 443.3814786561927
-144.60609512877912 442.9955724966182
-148.44365428503323 440.6693562099656
-151.9221650975182 437.3655859256446
-155.68873680955377 434.97703069316833
-159.76968366022172 433.49469222023083
-164.19114409347907 432.90907613640354
-168.6156771327767 432.2785599877181
-172.67069347062179 430.6748560298994
-176.7104594677243 429.03311470643587
-181.5136468577147 429.1955218829908
-185.5391198790389 427.47074168241227
-189.54820601534877 425.708207104776
-194.3711973250604 425.72742177410004
-198.3635100835483 423.8819621868027
