-203.95835091980095 423.4394774818183
-209.20255047358754 424.2208067449616
-213.1859543817693 422.23305040502714
-218.06865736761526 421.9846687663968
-221.09575677893858 418.1455085665138
-225.02145459050809 416.0460851564066
-231.83115858603918 419.160248483387
-234.7815225103859 415.21878171357463
-241.68132090131255 418.18553194413215
-247.6404917799272 419.3366032568536
-252.60939143741905 418.6997675633661
-257.06352946371396 417.15505728644627
-265.23918270342847 421.48804960380227
-274.0593433209583 426.5448116417372
-289.5790981096508 441.5064506187891
-300.39712215901835 448.7332938378651
-312.50441638107526 457.44616048484164
-321.94245902653256 461.86800395345574
-333.22955222998206 468.5969115568365
-341.14816532216093 470.2966396832148
-346.15414697934807 467.8688988691169
-351.14459733442436 465.388517007935
-381.12047118510515 495.35056923722556
-371.56953930534434 473.64551878004096
-337.2855481148162 421.7089743328781
-338.71193718769166 415.415723831635
-306.1728084494624 368.3737387031937
-304.455085814365 359.3718140335544
-301.28838699113135 348.9216357067619
-301.25577047301545 342.3170471313251
-255.0555674713333 284.37766702375933
-261.76873880048197 286.39330890718287
-265.13419226800073 284.6486607915007
-258.85183309944443 272.7118048436066
-271.1403116087368 280.32647292169383
-239.37034602852216 242.8638248940866
-252.27509150783888 251.18375386300664
-241.0383054842 235.51971316496093
-252.6275983076352 242.2380989301974
-259.26594978660705 243.96140531085763
-260.8158831420517 240.83204749541045
-275.6338186320447 249.8199312030909
-282.4756129835266 251.1802700643124
-281.8320210534345 245.85913021268183
-287.9510400674583 246.42483341593035
-288.74452381889415 242.3955444404869
-289.48760647339884 238.37350041122983
-293.2923532635198 236.87253010247244
-296.3106495356442 234.69980607526
-297.7345561896084 231.26420832151462
-298.3244823573216 227.21686386849927
-303.67202366908543 226.7692704947529
-313.07207654545454 229.19396782532704
-317.6700987681381 227.96207655801305
-320.636809521722 225.51282974529624
-323.58556848504946 223.02775582471196
-327.34468309657603 221.06663802664167
-337.76751731085807 223.46835178534616
-344.90788431035804 223.51633349836584
-350.39049129561903 222.3769403729054
-355.88222605499374 221.15343356625132
-362.2363150846424 220.36526957281552
-371.184776927006 221.0109983182936
-391.41000556999927 228.05088804846412
-400.50650974293 228.28827314064182
-407.8952597721134 227.3993338940115
-417.9367840666341 227.82634729995485
-1557.648623235241 830.0335936173655
-1529.0897651799162 796.2791533262872
-1604.3142855567135 816.195854656621
-1681.8394449963798 835.6435132604508
-1669.8988311825985 810.0456120583527
-1695.5865394286682 802.7217994475506
-1683.1542778426 777.3722898201063
-1672.2189890757604 753.1531401875995
-1642.6644032561833 721.1724192417562
-1620.9315166041154 693.3613909639633
-1609.8986007682402 670.6433442929721
-1556.8799381772922 631.2882527824122
-1371.1709051788894 540.8940273204216
-1344.4964949293967 515.6832119844186
-1328.6069948802633 495.50726851907604
-1100.037938353591 398.5179220346071
-1077.32303670934 378.86550987832874
-1064.748997686791 363.2279889063808
-1059.5730438166622 350.37260854281044
-1056.1549185010153 338.2569853323261
-1049.737688496283 325.34871346062044
-1047.9615097174803 314.02655007285523
-1046.0656409061528 302.76670047348335
-1044.0510982261922 291.5704105232248
-1042.8845444886929 280.6988187837837
-1043.5422617714116 270.37667779785806
-1046.0389434812778 260.5504341208671
-1049.4156828336309 250.9337056332301
-1058.552329210273 242.61691269057502
-1065.671191888558 233.7218662830253
-1072.7159415714893 224.71428236405683
-1076.7431690555927 215.00732055471747
-1088.5420323412527 206.73713702761597
-1097.3272580265736 197.73186084159852
-1111.953418473031 189.58796150109464
-1128.4969456876756 181.50383900509462
-1143.9966973136848 172.97559520169702
-1471.3235351550054 208.33399842315046
-1486.1059773090465 196.1887463804283
-1471.0114149067306 180.1372177371969
-1472.6405090737803 166.29471138589295
-1466.1817781405462 151.61462148693417
-1421.7443496879757 133.5178045442433
-1339.234990478985 113.07360557067736
-1284.3958942710456 96.28700213258824
-1259.3002692449973 82.50352646691992
-1243.0471682606003 69.7046446035183
-1151.7476755202083 53.72422110926175
-1075.255295009685 40.025623713263705
-1076.5837866005709 29.939112023851678
-1068.8190982660667 19.66558368602903
-1077.9564153714555 9.69363500046183
-1097.999906558041 -0.45298844709626124
-1728.9166776906782 -16.974145133931575
-1751.6807861068344 -33.442840551345945
-1757.289157274723 -49.98817584882909
-1751.7485990036118 -66.22571924020707
-1722.085122128487 -81.233196069796
-1527.559834789943 -86.3767974430778
-1472.8025355907284 -97.10144776222957
-1443.9094842547688 -108.76305107492814
-1431.868852808404 -121.32843177567771
-1424.6984194116235 -134.1469855271506
-1424.3767154817378 -147.5634520925033
-1421.941251056334 -160.7609360023378
-1418.3910296002814 -173.80416321093492
-1420.6697581245728 -187.5804849931562
-1423.804654430019 -201.5547221560797
-1436.6897503824757 -217.09804500717962
-1440.5213578297712 -231.4718506347416
-1441.251836160968 -245.43256663009984
-1445.7837119079343 -260.1354615997502
-1448.2010501609377 -274.5718818684049
-1443.6094065203604 -287.7079793921837
-1441.8354248381568 -301.3960976551817
-1446.7698066884375 -316.57246635596965
-1456.4199931499213 -332.9816865132125
-1467.8341487672853 -350.062725397348
-1486.8190163264874 -369.31451730190093
-1637.2471463523977 -422.96900803833154
-1633.2213255222196 -438.2568902589487
-1630.0161231180625 -453.77465594186907
-1625.7026211273105 -468.99359021184125
-1621.2470282151874 -484.1715331402949
-1617.605200558633 -499.6022569261122
-1611.9111397366812 -514.3991422939911
-1607.0316601528637 -529.4461665422948
-1602.0117215414868 -544.446915726117
-1596.8517626591185 -559.4000787383445
-1591.5522345004874 -574.3043486310241
-1587.0510196445603 -589.5066251070987
-1581.4704584161782 -604.3179536940161
-1575.751672280217 -619.07646321444
-1569.8951610744568 -633.7808637336763
-1567.6464082379932 -649.841318121985
-1564.295679461308 -665.5666962962345
-1559.871315662506 -680.8858043558571
-1555.2971569355589 -696.1801157948768
-1549.6643884104244 -711.0311408739743
-1545.6997857582512 -726.6884974367603
-1541.5777550859505 -742.3334998665771
-1535.5043707990415 -757.0801326524426
-1531.0754663437558 -772.679051327426
-1527.3775260475509 -788.7197809899678
-1523.5133467343842 -804.7583999699515
-1520.362488720496 -821.2684718723958
-1515.2851721169754 -836.8224705171508
-1510.0498232881687 -852.3529381584666
-1502.0577261561516 -866.3593869143518
-1497.3819345945014 -882.3215638020123
-1493.3956608029087 -898.7871829832934
-1489.2322678571682 -915.2547472550992
-1485.7384341562313 -932.2538845566639
-1477.0043177492955 -946.0307845677843
-1469.8165059797564 -960.8201906441502
-1473.2959230596955 -982.7716535877905
-506.76946569175067 -344.8966637161014
-491.21851220878693 -341.0401343880011
-479.0485710369904 -339.2365938212114
-468.5768102943066 -338.4077021204059
-458.967737264849 -338.00682855525935
-446.20857694047675 -335.05507885235016
-442.2792645539113 -338.5824155883636
-448.57156515225296 -350.06363841001547
-449.9921812752853 -357.955355863145
-449.7508603302872 -364.64388604797216
-454.0490728389699 -375.1805424779806
-464.30893072393656 -390.98109525908626
-1403.9664249524287 -1204.7316205721077
-1397.2187005275289 -1221.6856808918421
-1391.7699878340334 -1239.9485073842602
-1386.8423581372263 -1258.8873157182804
-1380.2139555385747 -1276.4832301822696
-1377.0168268128484 -1297.4932210513755
-1369.977313335672 -1315.0525316296585
-1364.5576823176032 -1335.0143563377926
-1358.8816393096326 -1354.9913986247902
-1351.5456649089292 -1373.5549918608576
-1347.4518214705383 -1395.6982441830787
-1338.932100755856 -1413.530979344107
-1333.5984092639164 -1434.9899939751328
-1325.9556564361305 -1454.25774784425
-1320.7333016909297 -1476.4906182582317
-1312.568893250844 -1495.7482744333201
-1305.461931328578 -1516.4993062483936
-1300.013857386525 -1539.5418054093263
-1294.8826474177495 -1563.3870056439641
-1286.2620172283112 -1583.3919360145028
-1279.869883972844 -1606.5021257686958
-1265.1503613230616 -1619.3886387288653
-1118.3386873215723 -1459.876563425779
-1076.1794937332722 -1432.8648565960427
-1060.133106152992 -1439.8131119136292
-1045.2225690128437 -1448.2077824767382
-1030.2483506665096 -1456.4492218916994
-988.4359411361692 -1425.910021800203
-973.1457344012215 -1432.7635463036834
-946.181343446641 -1421.972174591862
-919.5114066470868 -1410.799338334795
-892.064650257772 -1397.563830299167
-866.5440351783259 -1386.4798718686343
-846.5350883889871 -1383.5686987375254
-823.5778532915828 -1375.255801502989
-817.035076139402 -1394.2416162049824
-784.8395512139584 -1368.981694125335
-736.5709593555415 -1313.582590412212
-723.5651506049285 -1319.650890512361
-690.6691967397809 -1288.5728775179252
-639.4071483003634 -1220.6729695960328
-610.0029697174452 -1191.980443185163
-591.9338545291995 -1184.3100573170036
-580.2061450369424 -1188.986891963646
-566.7231082018809 -1189.93651873955
-530.9414254736673 -1142.6728327548487
-514.9554012949521 -1135.7067996085761
-608.0115700187475 -1375.622742878053
-611.891009044348 -1420.8442536220111
-599.1051768568568 -1428.451604732661
-590.7655023918223 -1447.0539454988323
-746.7594234130936 -1880.1274859816672
-727.739084424954 -1884.355546334165
-709.7601420900008 -1891.2008197704395
-678.0194603091487 -1860.292883242338
-676.6120002276406 -1912.8609989092126
-610.6657767606193 -1780.1717077555606
-535.6408252386703 -1611.301618672816
-518.1262482684687 -1609.666484354831
-563.7240278747504 -1810.2572249259683
-572.3976820990791 -1901.7247154958052
-552.3067804070336 -1900.367917093008
-534.1832979154311 -1905.5417088660624
-531.3952297985734 -1967.5017432641125
-517.6640858798672 -1991.8302874969447
-494.79418130210394 -1981.146818928264
-473.34036161011915 -1975.0721257895373
-451.8235738846745 -1967.7948211340736
-431.13205626981926 -1963.2180597316633
-409.9533244135311 -1955.490289365379
-389.9403711037832 -1952.4414221644254
-368.71727438759456 -1942.3121715028672
-348.4312713520616 -1935.893759777118
-335.5146916069009 -1971.6566363634226
-319.88933330833834 -1994.5101690479162
-307.73153204089425 -2042.9530841866547
-295.9351535110902 -2100.2531716239278
-282.03386370782385 -2149.5769117949785
-266.8574549504279 -2195.844051552245
-251.6031505445148 -2248.9697318185663
-234.14009661349047 -2290.0616618680438
-215.08671909521604 -2322.059797522203
-199.2511421950544 -2399.7422741481982
-180.1235938307463 -2452.394032561957
-96.32529010729901 -1507.92653617003
-82.990562084327 -1527.747546751402
-70.75603648541625 -1571.4078348095616
-55.279880763433226 -1558.019619511507
-39.67640938592307 -1529.485463330149
-25.392898228222148 -1547.791717486423
-16.207897642348343 -2357.944296215247
6.24429963134918 -2349.991703968785
28.653128711142838 -2350.825386585542
51.03498091739462 -2349.445770968711
73.42438498736325 -2348.8526687915587
95.72558156731581 -2346.0478710021243
118.03028188512357 -2344.030258456174
137.85317166457904 -2300.8740737080802
159.70639628693027 -2298.4581499311753
187.3588954341139 -2369.6045333138836
210.55246682367803 -2374.6839071157374
231.70803598914299 -2357.6412759489203
252.23614300020296 -2337.4297696753115
274.7354080757865 -2336.9059577889375
306.58784296466615 -2409.5735918511127
337.9501417765021 -2467.9689426071072
372.338978338754 -2538.842193837508
390.646794532733 -2497.6346974530325
396.7278976133825 -2387.2593020564955
414.78204049760586 -2356.778491687465
434.666870867248 -2338.9539780360096
456.5547141644532 -2332.742333172315
477.1551757871977 -2320.4490811520704
501.3562940183582 -2325.571513939784
539.7813700200148 -2392.8738104169465
567.3785402563399 -2408.060961034123
593.6435716326584 -2416.1397537930666
374.99289537773626 -1465.7930714859524
303.0846730287771 -1139.3773215994074
298.4863621918974 -1080.5308378687982
301.3340107198095 -1051.6814222869557
307.64382743685087 -1036.2993174947117
320.7373212272623 -1043.8350304391781
329.15710792454314 -1035.9655391482627
826.7987894973583 -2518.770486107399
853.0131937935015 -2517.4059051361205
878.6255696253264 -2515.9972393467706
542.3425832020957 -1506.3417681408419
552.9746971900541 -1490.7444396232268
565.1412829511744 -1479.753807328875
577.5135910174472 -1469.5982621758005
588.2443171660927 -1455.633409661168
593.7737379380218 -1429.5932107194371
600.819768488978 -1408.1820215415516
613.929768015046 -1401.4243611215668
627.7855003481548 -1396.3689933368676
642.0195367499113 -1392.0847367999656
657.0841685658851 -1389.4637078456133
673.4661398299842 -1389.380926349034
689.0173503670107 -1387.3197507760149
704.1375723361685 -1384.1962574810434
717.4134454768758 -1377.362315532481
732.9752953010037 -1374.8131569338454
750.9488357982764 -1376.4809646388915
766.5850638405639 -1373.5633730907937
780.2515327849535 -1366.9980049680871
795.8787331299905 -1363.7514590831431
813.5646814142675 -1363.7655623879425
829.2418327178293 -1360.1496178254713
844.3956806495866 -1355.5091052812304
861.14738147654 -1353.2336041408735
877.9330363926782 -1350.760742548558
894.7503936574661 -1348.0896606123085
911.0362052817711 -1344.3916961458035
927.902225587294 -1341.3271263007196
945.9467601423383 -1339.6957591095872
961.1221011607144 -1333.7842054322032
978.0481894072927 -1330.12132499149
995.5924241393011 -1327.0556600973562
1013.1676774867001 -1323.7750025197658
1030.1560455567187 -1319.4902507419083
1049.647026087346 -1318.1297814046957
1068.576013573653 -1315.7394511129626
1088.193347942724 -1313.876416369974
1108.5182277619417 -1312.5209860110901
1130.2220287659081 -1312.4108219960222
1151.5757370999472 -1312.3983090977804
1173.9123828004897 -1312.6502647345471
1197.0291355788538 -1313.3355430259785
1221.6236143026665 -1315.1656720649644
1254.607696664356 -1325.3620363774419
1412.8618877297472 -1464.5976533508222
1383.8606819041065 -1407.6951420957243
1266.1546013279174 -1263.8724324614975
1162.2989851614827 -1138.5034339397432
1156.412403350421 -1111.5423308976149
1148.6669311484482 -1083.4229466307268
1141.9630677066787 -1056.908866456305
1142.2653813012123 -1037.3421801318964
1144.5407103812634 -1019.8605602139702
1147.3412975100912 -1003.0872080870438
1149.9278070329115 -986.3523906862491
1155.361781995685 -972.234103857582
1161.403206858373 -958.738020055055
1168.0702217845148 -945.8440447453661
1176.946701353286 -934.7756212982982
1181.7737970398505 -920.5512982066857
1190.410909050014 -909.3546434778457
1197.3412191484776 -896.8779208610484
1206.5601523881073 -886.1273038729746
1217.3058180591856 -876.4511083450443
1227.1590859354085 -866.0742334270041
1240.214466693282 -857.8648358597628
1263.9846097574857 -856.7799637574497
1291.1754515876744 -857.5348116650221
1318.4914718116459 -857.8515248922506
1338.336998196265 -852.8910125326742
1350.5701793793926 -842.8666505273032
1308.1212714726707 -799.3170454336149
1360.2343179431577 -813.6262042791595
1371.30613114037 -802.7705118505728
1382.2938983059648 -791.7781120402981
1451.6457000299604 -813.4007386181344
1523.2773009515813 -834.742633633664
1547.836850776223 -829.2991519223591
1580.400752148921 -827.6409019660188
1605.8094108175899 -822.0657736031008
1600.0539722929864 -800.2176489864712
1651.5381155681139 -806.638613522638
1691.546354633481 -806.564895173464
1686.3640475820887 -784.7141511547723
1676.3686056767453 -760.9660294003965
1667.906008655191 -738.2855452275292
1659.1664545895203 -715.8321562802564
1652.9190925165485 -694.7715261827227
1646.4234871617914 -673.8922027461117
1639.6825006955287 -653.1969817083187
1634.5639019159998 -633.4112807277288
1625.4759852888985 -612.3698402510406
1617.0772622300146 -591.899592818478
1611.2653063393652 -572.6465861132077
1603.3445070120479 -552.9036008512633
1596.1444332872456 -533.6777567841261
1588.7256391980782 -514.6366129169764
1585.8619097689225 -497.2785971103781
1576.1141601847942 -477.988654745048
1570.9433560669247 -460.3324581530042
1565.5807056846138 -442.816049831154
1558.0988491498792 -424.91525776067607
1550.4197891125355 -407.19464329512124
1544.4853456330059 -390.1461484173523
1539.3400281045547 -373.481295214458
1533.0446581265865 -356.7212864261649
1529.4992640761798 -340.7653168830779
1524.8118797470622 -324.6994477701343
1518.9782966147022 -308.5529685702243
1514.9402875320186 -292.92477739584433
1507.7926129056634 -276.85815224968934
1504.41844864052 -261.637404416974
1499.9050990321252 -246.3426351597106
1491.2847001491928 -230.54488305085482
1487.4490503833808 -215.64860888394034
1484.456599365303 -200.97911483733873
1478.343696555667 -186.01052350371478
1474.0678604961522 -171.40578360223628
1470.6429546175614 -157.00414018021817
1463.077850370651 -142.4893110194402
1455.3860078811147 -127.95533620710127
1453.5326279738254 -114.04779443507356
1449.5514019410587 -100.04865381758762
1441.4429584566983 -85.89643482474274
1438.1910595008414 -72.15591709518573
1434.8085634640722 -58.484068002878125
1431.2964734214945 -44.88212529719455
1426.6560451803173 -31.32935924108022
1419.8878977416427 -17.84258520557598
1417.9928546558792 -4.501571377963529
1416.9726216323475 8.808492740097856
1410.8281529203991 22.020965628574647
1403.5613358315945 35.09382507834914
1396.1740262757971 48.03215956866657
1390.6661934317858 60.92239691563715
1390.0327628890554 73.97917338696497
1387.280659470357 86.90438343082205
1382.4137366370594 99.64065815299877
1377.4303010172184 112.29321368460047
1370.339722675112 124.67976763973076
1363.1385062802449 136.94310021341875
1359.8043765305915 149.5194220435894
1357.3473713934682 162.16384730032206
1354.7728911662132 174.7753225176256
1353.071873698808 187.49001201449843
1350.262327009051 200.0416163204612
1343.385321194675 211.93366603416268
1337.390753956226 223.87936758977477
1331.290647139993 235.73123008540563
1325.0862339758066 247.48832806379755
1321.722458316765 259.72821021423056
1318.2457427409133 271.9267580534461
1313.679126934344 283.87171654995836
1310.9554194726495 296.19569233074526
1307.1427994966916 308.26401302122815
1304.1903171659076 320.525531917021
1301.122819598219 332.75878398741094
1297.940577313162 344.96269039415785
1294.6438709494937 357.13617488699003
1290.3153922878614 368.84981825266266
1284.8024763236704 380.63446616480314
1278.2263329720704 392.0541310798469
1274.4091382201386 404.2899311397741
1271.4250623775717 416.80008488265395
1266.4237381868757 428.6489418589297
1261.3121708641079 440.4402429729504
1257.031896143502 452.51167065377683
1252.6360944339317 464.5415104393858
1247.1909443032646 476.17197360610277
1243.499536605476 488.47200785916766
1238.7596201781037 500.3704661710165
1233.9058560676228 512.2229381451276
1230.7784189355662 524.8128080396556
1227.522826796245 537.3897186345829
1223.2268662508347 549.5425676707512
1218.8106283836266 561.6624005032818
1213.370201094412 573.3208134161064
1207.8182595259964 584.9265355201393
1203.0511077528188 596.9229700176693
1199.0563599009765 609.3347567478976
1195.8211486574805 622.1862907711032
1193.332129250624 635.5017146303954
1190.6973881228469 648.8264251072319
1187.9165201395535 662.1588489022358
1183.2516162397405 674.5069404135451
1179.322948605966 687.3298937856044
1174.3978265880728 699.6275758610514
1170.1993065517863 712.4139126559213
1165.0141934237301 724.6557314485653
1158.8577233012663 736.3272215156828
1157.6175864008596 751.2133675963498
1156.1979997848912 766.1430579816127
1151.2849677126408 778.8728542701327
1144.5881912878035 790.4422005210214
1137.7753267312376 801.9546781967332
1130.035042649149 812.8251979269194
1125.4155896739928 825.9877423538067
1122.248252981071 840.3349681412374
1117.3194650287458 853.4829893254332
1111.725054475576 865.6491224805105
1104.6610605930982 876.2556369058813
1100.6073792846632 889.3190634773018
1097.1797554541754 903.0158272264754
1096.659700423725 919.2923917157942
1091.37152309803 931.7366573075711
1085.9478652355501 944.1600679918378
1082.6348053791903 958.5498829907408
1080.635554507131 974.2955395233345
1075.4933184864751 987.377395878065
1069.4722407400247 999.7625349484301
1066.212354683691 1014.8769456046673
1062.7664225844587 1030.0133644895254
1055.574869643213 1041.657666691756
1051.0812715284608 1056.0909812332052
1049.2088719893354 1073.3879740983064
1043.6467707792917 1087.1294393226394
1037.9218598331177 1100.8574898144457
1035.4310156748068 1118.2390673637897
1030.0194545689765 1132.7051351562895
1025.0969372729587 1147.9099569189214
1022.6208970406107 1166.1249937017285
1015.9839806364805 1179.8413245390464
1010.473907537099 1195.0596144907192
1004.1328602101096 1209.504526261173
996.9813494120876 1223.1566493807948
992.7889496103528 1240.6817083892115
985.8901689733586 1255.0842898872102
979.4226764133413 1270.2547858313021
975.7786605467387 1289.3971481361405
969.4835534808318 1305.3649449599063
964.7463747841737 1323.7478734036913
957.4293226227637 1338.8969684714789
953.3630746288497 1358.9329813990926
946.1782106322667 1374.8846474249112
941.02069277683 1394.1320080128048
933.9365741385245 1410.8956288423308
928.259568337332 1430.160541264578
922.3105826357361 1449.4368524217016
915.5597330854777 1467.8727380643218
909.2090626096018 1488.245571291435
901.3211329308353 1507.0355720195444
893.6646847699446 1526.6710291333347
886.7119597488329 1548.0303293018467
879.4356804122037 1569.3928392910184
872.3157960883165 1591.631286414918
866.7438875500237 1617.3991571021272
858.4432553112391 1638.772460535825
850.2721299591794 1661.021765364524
844.4411973195399 1688.6275682546288
452.43360798601987 926.4258364082646
442.83355282870855 928.8376846839836
435.3374455502563 935.6844064650098
426.92500121258865 940.6508615525908
404.29317220195543 913.5360041678051
383.3989983459809 888.8358724012542
368.4304621660947 876.7325672906635
349.17966163453326 853.3214891825899
324.8532653893401 815.692562161678
320.77408479066366 828.0386383054308
311.2043664968644 826.3418434723521
299.9770774953362 819.8431270538023
291.91285131310065 821.6878283376574
281.2334729294021 815.8901480616537
264.3500169495792 790.9962506477241
257.50968331562996 795.3519742847716
250.31166383738156 798.6946043056519
241.62318954469876 797.1870760833034
235.79580722664934 805.184039393686
229.2951501570388 811.2168231209588
246.1024976045552 903.0667531654567
288.8673646111425 1100.7268715092828
276.7817179263137 1096.6097211960864
262.91461861203686 1084.5883566220352
240.92075201764558 1036.365375361051
217.25192272504265 976.1155679899139
200.1492200696893 940.9486116178158
189.09711736546006 932.010343399725
179.3688341004736 928.8395024725406
169.53671394943376 924.5849353213732
159.92935723231946 920.2057382429524
150.48380657021752 916.730944148902
141.42300338771165 915.1368936464092
132.26191513231115 912.4641285034352
123.16343619537852 909.7003726417545
114.00359718520906 905.8543921783637
104.92676847462154 901.9170545329948
95.93385385643639 897.8895787814066
87.21956280640883 895.7637790533054
78.55359889855069 893.5537656459659
69.85854371190918 890.2633227705448
61.23213071171755 886.8887338152983
52.73469009309411 884.4292241105477
44.18845949936532 879.8911182908217
35.69120371621487 874.2717758096093
27.271818678165243 867.5714655900027
18.981246277962722 860.7907482598401
10.364125500983821 817.9343402147875
2.3745874780478857 720.9960896803179
-5.2195930990287485 857.9841233075823
-13.233599665464924 855.8976994009823
-21.18410505839439 852.7369076643012
-29.17912724450175 852.5007791980305
-37.08442886667012 850.1915931927538
-44.948998166329574 847.8092872597252
-52.70985581856166 844.3563649902726
-60.409927310430405 840.8327067154016
-68.12958114219886 838.2358618988981
-75.89621323980778 836.564262215317
-84.03624361523184 838.8008761076977
-8.721027480020851 79.52322729676357
-9.111331471776182 76.4590324213655
-11.742393554479564 91.24755445277269
-12.734417689406776 92.12401753132417
-14.182534189286253 95.95757252020148
-15.23716808523725 96.80820579239256
-17.132674039434928 102.57909865200841
-18.093785735058017 102.41393907947204
-17.22125780426018 92.40902704627513
-27.130504136830773 138.36522592501848
-36.472463340936656 177.28722294018831
-104.53503711084534 484.859181635487
-105.81427021978226 469.21673053915595
-35.29686020205178 149.90040580290906
-27.891888488168306 113.62676866198204
-25.00383486052999 97.85605879181597
-23.617421897445727 88.91691280582144
-26.849491573516115 97.36582974659892
-27.218885142366386 95.18472719720673
-34.08184136447072 115.05836818418317
-48.64913391790389 158.71125281163228
-138.35841356440827 436.6015911514068
-144.0351981770151 440.0259784218518
-148.18864662347784 438.64464548413446
-152.32885071980527 437.22410871129154
-156.11752371753698 434.8233190484433
-160.56804695700987 434.2659349942285
-164.31065195847285 431.79394351123267
-168.38537094416716 430.22129985856725
-172.4450404988742 428.61020520671417
-176.10728632282832 426.0366459637121
-180.90851249053367 426.1937471484799
-184.92954703817924 424.46444212943663
-189.34211843064395 423.6101535470981
-192.92167403420305 420.8921805971699
