-196.93014405168003 419.0316436306267
-200.80691052246215 417.18770917468777
-204.73610766133135 415.27355588778795
-208.19641902146333 412.4296923193568
-212.53942089391919 411.3344072237058
-216.88025597365638 410.19380123156577
-221.6941935007069 409.8874047443653
-227.00560847353978 410.4015761684621
-230.8695789783191 408.2404163019307
-234.7129765318923 406.0428778436329
-239.0440630358276 404.67015695171204
-243.37010339580178 403.2517734283592
-248.74015727746962 403.4901909062718
-255.73460020351703 406.2016916000564
-260.63913503985583 405.4518976224872
-266.6495296391238 406.3176446368457
-272.1427700832655 406.27492254802894
-277.6588165062007 406.1644760640398
-285.48533734084623 409.26656614410035
-302.092284126092 424.4776223447833
-314.89823393225095 433.74543486513994
-325.5248519475273 439.593642770844
-336.28935857254135 445.27908923603036
-347.18962049072024 450.79969767459875
-355.75297077909045 453.007531705436
-361.8884638703742 451.97095008146357
-364.24173639192054 446.2106648996623
-398.50110725851437 478.8798048714709
-400.4163488256809 472.0463405144781
-359.07128025124507 415.29364996196585
-351.73586649147654 399.13140721257474
-316.06348302541767 351.898955238349
-318.0208289851482 347.4244555750201
-319.9219836797738 342.94449165775876
-321.7670196030877 338.4597244809878
-297.1148798606182 306.67857467617523
-278.21699504445843 281.8001129673865
-276.6091931804859 274.9315446580124
-275.6127649342254 268.8170452283698
-278.138048347306 266.2033547150593
-276.99389023207533 260.14300831292974
-261.74807349029066 241.29638626411585
-271.43718276147393 245.51548996858466
-258.7904982156877 229.6594827854407
-276.03725156201307 240.33192827855794
-262.33222428310404 224.06874860783066
-279.0053507302216 233.7777026662424
-284.29636320774074 233.66552562766373
-291.16702740450523 234.7291250621109
-294.16075340487475 232.58213851514148
-297.1398550766522 230.39944992344522
-300.89995584885975 228.78639944313616
-298.2421949578352 222.34116386025465
-300.3338895466576 219.50752786584812
-302.39866234139095 216.65421531587478
-304.4363282567352 213.78148197998206
-307.2704861013175 211.4564928562376
-319.2080654310855 215.24686052006382
-327.0722290438678 216.07349904205205
-329.1032910420579 212.96718955108213
-333.63881807692786 211.44772184213917
-344.12264569264624 213.5523465604943
-349.54763270868926 212.3616078008246
-351.5425442532734 209.04267406425737
-354.3702613938267 206.2079480516475
-359.78285860631837 204.82259312162302
-367.8217350230025 204.81252706967936
-382.9181443878812 208.49387208870618
-398.1160520509051 211.90707656753935
-408.9759797058376 212.74315035659862
-418.9951514301069 212.93910650245016
-431.74116052880873 214.29785417786476
-1556.8231236439271 754.454612079193
-1590.1119077161454 752.0805282277431
-1701.5804085324507 785.1752118467177
-1670.6373183458468 751.794486911282
-1717.0580784639405 753.2174687178468
-1712.1585193959675 731.8177399187643
-1700.5462901228632 707.888631883128
-1676.5876390812496 679.363590781815
-1647.592444240947 649.523007814305
-1635.804068830766 627.4145745810426
-1611.694475672895 600.7003554897171
-1435.8395947970034 519.7053569217626
-1358.6194779515035 477.2348626523259
-1350.7777861614181 460.1395140746538
-1118.6294340119146 369.25897329947657
-1101.1246897445437 351.93808778673326
-1085.3046843547274 335.57375063864197
-1075.981992121383 321.5458795109961
-1071.295995482312 309.11145249498895
-1062.6180706755729 295.72256571611655
-1061.5107034233204 284.5980086327508
-1060.288258418875 273.5211309187438
-1057.0102917467495 262.0119141211926
-1054.582781985369 250.82096391649574
-1053.0135337725037 239.92185747018604
-1055.2410642259092 229.9267195681496
-1057.3737237004302 219.91091020657967
-1063.3350660915987 210.65264588885532
-1072.1637550055118 201.85609342420324
-1077.9672766647936 192.38386221273421
-1083.6872110961767 182.81966115981692
-1095.2479328924317 174.10619028298677
-1102.7837832598498 164.59929337361388
-1114.1988809211734 155.51801745780097
-1127.5233521173795 146.49262926846515
-1147.7256689743604 138.06443704791192
-1167.8678322659384 129.26610676607228
-1488.4130464520383 150.47459304268833
-1491.7645680410662 136.53744371875086
-1486.0155175118712 121.81494864722478
-1471.145540966546 106.56358333994385
-1458.1174351035174 91.73083149704674
-1397.0098513000212 74.59541119058503
-1299.7486067318773 57.04874493399143
-1277.2446920346927 43.93172736420564
-1254.6109541284345 31.246660316571454
-1221.8547502587905 18.840628174989767
-1093.980721776786 6.4946424645789005
-1076.993231900347 -3.818172448340738
-1073.9117816677629 -13.765362151833116
-1071.737647264165 -23.71529963277431
-1097.4576725895959 -34.50589622408382
-1740.5546779626839 -70.94655046031299
-1742.8152467247944 -87.29270177737617
-1756.9009292403468 -104.39887372192157
-1751.8626335069778 -120.47121366532616
-1727.7354183459288 -134.97897685572562
-1535.1350905794814 -134.31773401724553
-1468.1261013112437 -142.23484330025377
-1445.8563704595815 -153.67288635750103
-1432.4430644168153 -165.743377557487
-1423.89265208758 -178.19852785867135
-1422.172509180617 -191.4428220929359
-1420.3291775860125 -204.67053353582975
-1417.3744108290527 -217.72868328953732
-1416.2735976687359 -231.0716264417943
-1419.9741537444193 -245.26394496097606
-1432.3867416421467 -261.15938115984653
-1435.7865441732733 -275.6102312523414
-1440.0211979181845 -290.34453593322024
-1442.14858178366 -304.76789210705715
-1442.1789545199417 -318.8241884483801
-1440.123605315135 -332.4575182096768
-1437.9393255617053 -346.08018724444184
-1439.5062064839824 -360.6631135756663
-1442.8612058307947 -375.8091812456222
-1456.6769692383837 -393.92030576053986
-1471.2419464875466 -412.5907595857369
-1603.7008800038313 -465.87926276551264
-1628.0253966352955 -489.421401157008
-1620.535072397015 -503.66167129453174
-1617.6816383156884 -519.3333390571711
-1610.8796954191987 -533.7373950606697
-1604.8962098924408 -548.3832195398385
-1599.7229595786332 -563.2960612297754
-1595.351242052768 -578.5010064647169
-1588.024327190203 -592.6244479028041
-1583.373652316049 -607.7366840592529
-1576.7187204564857 -622.0796384403386
-1571.8098413561786 -637.0477396678087
-1567.618249109295 -652.5159193916331
-1564.1941977022839 -668.3543310808335
-1560.6107277155165 -684.1857617191735
-1555.0435723035264 -699.1884497311772
-1550.2403729650594 -714.5654525858032
-1545.2853804198312 -729.9137572759794
-1540.1787114577787 -745.2318677916668
-1534.0244552687097 -760.07431915408
-1527.7271989052435 -774.8668309620293
-1523.0624693527798 -790.5293887320147
-1518.2381228374031 -806.1724395953751
-1513.254116516662 -821.7943653039836
-1508.110423880269 -837.3935451050929
-1502.8070347931805 -852.968355905498
-1496.4789388093805 -868.0154294135278
-1493.4417638773455 -885.0580195144967
-1485.0833711928408 -899.0124474146658
-1479.1463137205733 -914.4655174509529
-1476.432264414848 -932.021334838878
-1471.8374287845609 -948.5228427554352
-1466.2271588177557 -964.4702788293749
-1458.7864245634487 -979.2809441163396
-1450.371713713747 -993.4716362629827
-1443.4584390110308 -1008.7362067695589
-1449.4146784514744 -1033.2459000109359
-495.79637149977236 -360.49266013007775
-481.9545082904589 -357.379143121842
-471.40600187759014 -356.45109256921273
-461.70978550720287 -355.96779905897773
-452.8507686748517 -355.952498671657
-444.81343219851954 -356.42812814896223
-433.7094274311482 -354.25433315253264
-439.59332700490205 -365.98047332168045
-441.48229592494954 -374.6123094411544
-444.7604235964881 -384.6195075685481
-447.88918244821986 -394.72050902615285
-453.84312782365197 -407.5860833336245
-1370.6685215533112 -1254.3650999700446
-1364.7060072213724 -1272.608939876622
-1359.3727949235843 -1291.40644431629
-1350.695721227635 -1307.6777388398714
-1346.8151027450665 -1328.8164203597864
-1338.4237056222805 -1345.743654723411
-1330.5306922952354 -1363.3462791456766
-1325.1906202535838 -1383.8084477238613
-1317.527539989431 -1402.104554364402
-1312.3479388518078 -1423.3196715395356
-1304.8715854278205 -1442.3366963171557
-1296.488575249947 -1460.5911043979293
-1290.5035481218085 -1481.8318367092209
-1284.8816683714158 -1503.8494267323065
-1277.673336621689 -1524.359486763539
-1268.9212251633617 -1543.3220416782472
-1262.4353210350434 -1565.3683464932933
-1254.4045016385694 -1585.860443503429
-1248.550192201139 -1609.500362707166
-1235.0949383845748 -1623.6195654083513
-1233.4419030852994 -1653.659599710084
-1222.475801884343 -1671.7038953735894
-1067.9524808976112 -1489.7538382379275
-1033.6989721943416 -1471.1459597485089
-1016.9091922858725 -1476.7344699181688
-1001.2250753471665 -1483.795251541149
-980.5351543809854 -1483.1840111810325
-945.2704419559028 -1459.6522844720562
-928.7509881578248 -1464.3010626219814
-904.8418961840962 -1456.8754726845973
-879.598455647241 -1446.566817268732
-855.654715908437 -1437.6313877846615
-833.9726616514354 -1431.8305065956724
-810.0019250748293 -1421.4052488207124
-783.3825166760882 -1405.4155373291696
-774.8470567696265 -1421.5389683773874
-752.4383851488878 -1412.032746275572
-696.5600820346443 -1337.4857203409274
-687.0592623018331 -1350.2498176579254
-660.4668532926779 -1328.9242023914187
-601.1607625566871 -1238.8441135034957
-575.2966188288156 -1214.6480150085176
-555.6167572724452 -1201.7761934062653
-550.722051939531 -1221.5994521558662
-535.4424208135474 -1218.5493071654212
-499.0195456166377 -1165.6772679831088
-481.3542301977957 -1154.685717011641
-570.3429856959601 -1405.7019167189815
-567.9434814987554 -1438.9750525367258
-557.7959374502237 -1453.6549426064034
-548.4679978429198 -1471.0822055011674
-693.4013591302285 -1915.3494603221502
-673.4716344666493 -1917.148913769825
-648.4117582216447 -1903.597434280661
-625.238714660465 -1894.4924253450395
-617.8199488331817 -1933.7007293849183
-524.6754839803372 -1697.776380007096
-485.8770766800936 -1626.9995286897924
-473.1301539755054 -1641.1617401703936
-533.5467624942265 -1919.216468309901
-514.2099960643479 -1920.3468644876382
-495.64852318061133 -1924.1885410398013
-478.0213862168349 -1931.73382077328
-477.1552152029009 -2010.143999967334
-456.88127507350407 -2009.7214982397957
-435.3844658921449 -2003.2324794840492
-413.44370691883694 -1993.5797704654838
-391.72655401751695 -1983.6920897350883
-370.7886215002973 -1976.5213882389205
-350.37300875344516 -1971.1019138383124
-329.43188887552776 -1961.528901288967
-309.01753833810733 -1953.7124048844694
-289.8098012276173 -1952.6101195867057
-276.00920970385516 -1989.9497270430359
-261.011462617831 -2023.2333074517385
-246.4708887203881 -2065.3455161336524
-232.89597459723697 -2123.2652837119535
-216.84578074215676 -2167.1783284663784
-200.16006905019478 -2212.966323005802
-182.46034466248972 -2256.6355981029915
-164.3021650730885 -2305.1520120270366
-145.91364763822043 -2364.502105609743
-126.65301410792522 -2416.683474106069
-105.97686867826522 -2475.7328012742305
-50.15660975758007 -1510.1673134118703
-36.655889544797894 -1551.5670613162938
-22.54902488189832 -1605.8416925328834
-6.928248883329841 -1552.9845457593617
7.862002669974775 -1535.979879071994
34.804192241954546 -2367.7442151132764
57.43605184912346 -2365.302750167087
79.88892850488521 -2358.6474427311814
101.91561808824466 -2344.7861750679294
124.7969596662518 -2351.691033885629
147.19434622886422 -2348.39153984983
169.53998139062548 -2344.8789296486216
191.83183919754524 -2341.153891881114
210.32832651495343 -2296.3880323380495
233.324567006901 -2304.2169269474266
261.8932840880763 -2360.516237552617
285.9314773448612 -2369.8126909659727
306.55150705081354 -2351.099141577163
326.9782159258812 -2333.199787054235
350.50042558584806 -2337.871992146734
384.5524094958753 -2407.4807256447384
421.9753554424232 -2488.475999361706
454.8022960033025 -2534.5176802599194
463.80551917665815 -2449.4761563202183
472.59068327637607 -2371.3671259592784
490.36972487944263 -2343.2399648609744
509.1530935543412 -2321.8294785199114
531.1483472919716 -2315.8707721220126
552.610434572052 -2307.758806201828
579.0516851038903 -2319.8233005938932
620.6107123408016 -2388.695531818118
648.1579664235504 -2400.0181771315165
412.76812930373774 -1472.2307806288702
421.269128551309 -1449.0042516602982
330.74543749702093 -1098.2788605699848
326.37549695088506 -1047.3242262976937
333.94026457992567 -1036.5350450864116
345.43328027535625 -1038.0326819894483
353.0957774925318 -1029.109990193927
886.3293437403208 -2504.809233140291
909.5985114817697 -2494.3246677026928
938.7251068958923 -2499.5389922310264
962.9871146390275 -2491.3644488591385
590.3860154967407 -1484.9405216054556
603.0706881435586 -1475.5140613027227
615.2418884668358 -1465.0591860657923
626.4762984143429 -1452.6704538624936
633.077475072577 -1430.1429685719295
636.8240717744976 -1402.1608686625616
647.2713934978984 -1389.650583117673
660.5539696341581 -1383.3862270532245
674.2154409911831 -1377.893152290505
689.1765462193703 -1374.9471583086893
706.4261303769977 -1376.2888949347011
721.4385693303382 -1372.9994139410967
735.9790399460796 -1368.6675464699406
749.0565369166643 -1361.5543707477914
765.4980190917163 -1360.4167680408302
781.4874164121796 -1358.2217852727208
797.5047352612129 -1355.8448278604535
811.4870325045076 -1349.8569539314262
826.9979492107537 -1346.2816911780415
843.5777071986209 -1344.2267858949685
860.1936475034028 -1341.9772311014788
873.5574476179669 -1334.512040302066
889.0798105863555 -1330.2394861105763
907.4182960861556 -1329.921815720044
924.1172661293633 -1326.9123100045426
940.8414836960325 -1323.7043863932188
955.2402046256714 -1317.059281682759
973.7617076631115 -1315.886445210612
989.9377834357546 -1311.2864618100446
1006.1147582385977 -1306.4968783944676
1022.2904797855634 -1301.5172587944435
1041.5888043670886 -1300.249500141084
1058.4254200767327 -1295.6329071675325
1077.188889268367 -1293.1175881708446
1094.058596108233 -1288.0744498210042
1113.1530227327466 -1286.1925781083287
1133.8175412282342 -1285.4002424160194
1155.2336626490885 -1285.0755560208793
1173.3658598233503 -1280.7738125840212
1194.9311091842026 -1279.89868517153
1217.2724032159435 -1279.4545307938386
1241.798648090972 -1280.8560097057882
1270.6750141295843 -1286.176118759317
1306.1455529432367 -1297.4069502382847
1497.3281715154699 -1459.5510771419204
1399.7246688081275 -1338.932355098635
1247.496256455164 -1171.0141289200365
1196.6869581950323 -1102.3018298478514
1188.469544656907 -1074.2179208256603
1175.3420154565442 -1042.4069007362473
1171.5294883285615 -1019.4742066264449
1173.474560661612 -1001.9014200409321
1175.193212149639 -984.3830119000496
1176.6866451012174 -966.921682061397
1180.2917622505101 -951.4028357975318
1183.7094160313204 -935.9022483137811
1190.891473185424 -923.4860578775678
1197.9447930933916 -911.0177126161879
1203.2657459909371 -897.3029279596014
1207.6276687400741 -882.9787164441813
1215.890670355496 -871.5651884641004
1224.8640165425563 -860.6492554921756
1233.7395287914685 -849.6415568328829
1244.1740676186078 -839.6617708728722
1254.5298426491008 -829.5606511297547
1269.001927508308 -822.0572413039126
1302.0195207352144 -826.1411305730047
1323.3330654875415 -822.2855938099281
1346.396910120491 -819.1406231032583
1365.2216948952264 -813.074857431593
1356.4042151472545 -790.6121711248575
1356.8413869544615 -773.838129486712
1387.648471599002 -774.1787385797634
1386.1003833602974 -756.2848188668318
1409.043687651147 -751.6680692236813
1517.0286680500874 -791.2932580997883
1550.2740130876061 -790.0952375158632
1581.8393776129317 -787.4472575564242
1611.6921427476807 -783.3980067662857
1632.5728504689544 -774.5675489663074
1618.0376059161001 -749.0282410171828
1701.5995875245903 -768.2758903780228
1715.1881436111137 -754.9871734114836
1705.7014095559598 -731.6547692995733
1695.0056867583069 -708.1841016691923
1685.8729153286447 -685.7350168697063
1676.4686751673 -663.5222537208515
1668.6631350870398 -642.2673443368355
1663.4167035838104 -622.27073708987
1654.1828794333244 -601.0648895000236
1646.5843150204134 -580.7547619509938
1637.804663009491 -560.3185574513553
1629.736289186971 -540.415236375772
1623.3434359128648 -521.3262789066116
1614.8264807131793 -501.8131496757414
1608.9600625914015 -483.3709931159227
1600.0090910998708 -464.24875702339307
1594.693538984696 -446.4174243020376
1587.2537741342187 -428.2072588089544
1578.6454046207843 -409.9264403154305
1570.8046523051078 -392.08894947017984
1566.6587133530556 -375.36845348929916
1558.4392088964282 -357.8662210579189
1552.9599964917215 -341.1967896924468
1547.3057046327363 -324.6629889762485
1542.458992695137 -308.4627300889081
1536.4625946563135 -292.1963299255977
1528.3290822185584 -275.7158255250846
1524.9510164764863 -260.25640692849663
1518.455911266385 -244.40876731445653
1511.7982730229528 -228.7071963992765
1508.940757448595 -213.71427306209642
1500.978336606398 -198.14144704803766
1495.8350116322154 -183.10275250593617
1491.5358198565357 -168.29111112857882
1485.0745562213197 -153.63125484109887
1478.4800778713798 -139.00237169717266
1472.7390189643895 -124.5944702617549
1468.8527748973306 -110.45598977154548
1460.8399697720854 -96.13835195328123
1456.6822774881884 -82.20548918305165
1452.3921939644642 -68.35872227514248
1444.973095657464 -54.48626272818743
1441.4206523581054 -40.87178679155094
1437.7402950092592 -27.328448669621693
1435.9329493914697 -13.876773829490636
1427.99992612807 -0.4593236615707935
1421.9421488961964 12.826737405405812
1417.760949834306 26.03630397975024
1412.4577757911077 39.141175343075716
1406.0346075178984 52.11221029652558
1398.4939594433154 64.92030037329292
1391.835774119163 77.64778092199603
1388.0560152872733 90.45163583273124
1386.1532277926754 103.34035552458292
1383.1343623747903 116.11776616040429
1378.0065750564168 128.66187897463703
1371.7707162776123 141.01809090753738
1365.4246932957014 153.26906712816944
1360.9552745140572 165.65548820478972
1356.3738548888807 177.97181173960644
1353.6618392393673 190.49573482651414
1348.856494889751 202.68733604676711
1345.9166948831767 215.12147832038025
1340.8904849914863 227.18430240511057
1335.7566159817013 239.17203611859267
1328.5507400067102 250.71284615596207
1321.2462420317897 262.13997771586367
1317.7606956786394 274.2676592756578
1314.163952691592 286.3531132116623
1311.4315397151968 298.6173414928011
1307.6117499702734 310.62438947976835
1302.7114365195482 322.3459526055434
1299.6432835494577 334.50162260411173
1295.4956411591863 346.36980777421803
1291.2648072995548 358.09942394486416
1285.863406452436 369.8638938130313
1282.2719501713118 382.12909573056686
1275.6967709013015 393.4752199465578
1270.927532774243 405.3383851011095
1265.0983719885357 416.8334309912736
1257.2722633012672 427.6101681827845
1253.130541009872 439.59964420857455
1246.9936537026588 450.86896946373895
1242.6302411455035 462.75920713765134
1239.087207367137 474.9651487626326
1232.6334192716636 486.0451148758177
1229.7881590395586 498.54797551097676
1224.0470073983943 509.8871675959647
1219.120922413699 521.5555354256837
1215.9148073689173 533.9805064054386
1210.7589630216114 545.5700994948609
1207.3081555081144 557.9489382045591
1205.5385748258052 571.16787777935
1201.8271467398874 583.5302128930953
1197.9893818049989 595.873678796502
1192.2431753215799 607.289231667347
1189.0482571978741 620.0364844545024
1184.8361265739536 632.3071667830679
1178.742521403239 643.5954227897639
1173.4144493426006 655.3125438094418
1167.101626661596 666.4906548811143
1165.0003375200927 680.1288213111325
1161.027106683353 692.7626271288617
1161.1876558697577 707.9853302545874
1156.9186901282012 720.6303798980774
1151.6701578209663 732.7215348170344
1144.6189460610594 743.6884215301927
1139.9632238146303 756.2458914600165
1134.34382685244 768.2213759599255
1126.9543246081794 779.0211487802638
1124.364757469725 793.2086057022115
1119.9833706198547 806.2488756798296
1113.0372640788103 817.5017117853374
1109.1793955884132 831.0938986673663
1103.8099124643868 843.1634937219251
1096.9426973777875 853.7076306731384
1089.9750015900543 864.1964452072002
1084.4631659880124 875.8856327256755
1079.6011700691506 888.1809013851407
1078.4377150512407 903.6708995840571
1072.518107255155 915.3168356420741
1067.2306971916837 927.5853809605628
1063.3065563826754 941.1584176713379
1062.1951423854234 957.4139540934268
1056.455972198161 969.6683859994811
1049.8512903986039 981.2141805173765
1043.848462016006 993.4089733573072
1042.0196160091584 1009.7505235711076
1037.8447301882777 1024.0323803573895
1031.3801291096684 1036.1944939429682
1028.2754523395624 1051.8985664577494
1022.8931410031843 1065.46638712286
1018.0353360330107 1079.7499963362607
1010.9643806952242 1091.8310404845256
1009.1401303102488 1109.7910602439606
1004.4091349228048 1124.822781456538
996.8513804705054 1136.8514965702634
993.7254438404456 1154.1398278649383
988.431192788711 1169.172689179099
979.7526351158612 1180.356206398529
977.2697517993522 1199.2300997798682
970.7771102247409 1213.4693248136523
962.2538077256681 1225.3291841450007
957.8687662365165 1242.6779255577583
950.2317635644713 1256.0591528718521
945.4114244840899 1273.4179355007388
938.5881079209429 1288.366548645759
931.5715626902177 1303.2952173574895
926.6581481562946 1321.4767029560326
919.2249393847281 1336.3792541090806
914.3941320647849 1355.3997090325379
909.294238812406 1374.440972636718
903.3802932231999 1392.6607791619485
894.5279208045025 1406.6658447908565
887.7921128483466 1425.0846165629146
880.1390936165806 1442.7249134494712
874.2841804659541 1463.780096799712
867.102045901221 1483.1244189190322
858.6405225734705 1500.725642146078
850.9018651780608 1520.0427677655973
843.3564688794945 1540.2226677981046
835.979233114795 1561.2750308004029
827.8173265328389 1581.437154581877
819.3505874693363 1601.582222308194
811.4728149265213 1623.4952635087136
805.0106988716893 1648.9944738240072
797.7111966277187 1673.6107213969362
788.7552105048607 1695.5132609040347
781.1115704664013 1721.0359422404613
411.6232543875557 929.9759655213663
404.878823719361 938.380060585063
394.52498999557207 938.4423436040137
381.55331232442205 931.9152696754476
360.2237567522389 903.8627357465866
341.261584967172 880.1571056497207
323.1285749478438 857.1137171065318
303.7379295422726 829.1153539510491
295.9617520645794 831.9228577908317
291.7493868160605 845.0552025119144
273.66522681129356 817.405250554658
264.45708368889524 815.1757177975585
256.8131423857921 817.6160528621823
242.75085674156344 798.9349294850219
236.6686686441108 805.9701863482445
227.20286737832484 801.4161572211202
219.95312015955565 804.4728863871524
211.13788905719392 801.6618936961343
206.3246833089015 814.2666179191442
203.42255901004367 835.5951546567305
223.33661320367085 956.2660493830751
247.55551409505915 1106.6491166766143
234.8825786686472 1098.1617249922558
219.79059003070927 1076.7976116865939
199.586209163866 1026.7820338862566
179.70052467652187 972.5372596620567
164.64355042303575 940.7005375272714
153.9556811704839 931.361180335176
144.22792366885838 926.845351735752
134.74372745001676 923.2188949067689
125.34098331707071 919.4964045068963
116.14635462527735 916.6711647626205
107.13265725991634 914.747830688015
97.73795747771516 908.7592044475172
88.56356819719966 903.6705674017385
79.75848832733521 901.4785541208056
71.00275044250303 899.2010951003116
62.29718059892286 896.8389271711087
53.58272636505344 893.3945888773268
44.98936507727959 890.8647243156187
36.32559843735336 885.2550202614883
27.866532267936826 882.5601715347005
19.48374687188751 880.7845273435678
11.11166022538241 876.9296043623089
2.8109262082185693 871.9954694227786
-5.370698659777363 862.9832881324562
-13.475823691386392 859.8944133879686
-20.87009729294834 830.7378882890697
-25.019319141532748 723.5675736720754
-37.309133870765294 847.1788645438538
-45.41740675698877 848.7857557496297
-53.37077012985545 847.3208134442032
-61.300514448097594 845.7814415842893
-68.96082269298043 841.1779864770043
-76.72189277806258 838.4973173293707
-84.33796423839875 834.7503266175597
-7.584232048846199 68.58191761848931
-10.737089669694912 89.35723197047304
-11.966769364525975 92.2268747761532
-12.975515521891431 93.10013961826886
-13.559653688717775 90.99525147963514
-14.575381080576307 91.85073906265522
-15.110325127219031 89.73671530956398
-16.308081164992586 91.55897819829585
-18.280176235508847 97.29766264817845
-20.537797075850868 103.99134046290186
-37.950417558571736 183.10861751192937
-108.17924776875479 498.394673278303
-113.95419633599457 502.2344483778643
-43.31612884608967 182.94182950268362
-28.74232061835667 116.50699123001843
-24.11542959111034 93.95448927877901
-23.964626345915974 89.85931606739854
-24.80616667901161 89.63065376696241
-25.64552589188579 89.394110553932
-29.33022482588293 98.73569725111156
-35.835736834297855 116.61818025309324
-104.12391663347061 327.8630964059634
-147.07965870023858 448.4992463724118
-148.7146401100873 439.52241787754946
-153.48816863334898 439.99702509173926
-156.93076438581383 436.6563124349449
-160.67128704693886 434.2277484439245
-164.38009422344854 431.76751223672466
-168.42147024649964 430.20716911740027
-172.07477340311922 427.6812742665561
-176.84138894723117 427.89732781966995
-180.4553311851606 425.2997454112264
-184.43535345592065 423.58895216422917
-188.39915896557483 421.8409142094494
-192.34639919044932 420.0557852458032
-196.27672706339797 418.23372223349037
