-199.93949406232193 415.38560243959193
-203.78232534111075 413.5139222306423
-207.234833511233 410.6747177262944
-209.73402695826977 406.0303411518255
-213.09865760707703 403.1438479327965
-215.951821385708 399.350486215048
-219.72029915857613 397.2895545287666
-223.961333094802 396.06353187133897
-230.20053519498506 398.2558393745689
-233.9580191414483 396.0601536123139
-238.2112894719016 394.68516765661957
-242.9842417452811 394.1163004285293
-248.3004915824436 394.3385168607257
-253.10173615767536 393.65405009217227
-257.3634082329538 392.077895452827
-262.1744962570243 391.28702190639484
-266.99355604790463 390.4400607377455
-271.2477030336359 388.71671381479916
-278.9730011389076 391.83550711433884
-285.6058936271799 393.22420261909105
-290.50388477918796 392.11158224184135
-295.4062807704784 390.9413373913703
-304.58516611382163 395.25798737459525
-318.1966813879896 404.93934354872243
-331.39249069530536 413.61699325675914
-341.6170144944348 418.20786148506244
-354.51719078937316 425.7153525946782
-365.0005385887732 429.9658205368253
-374.28676892978734 432.5429627263631
-382.33101942110005 433.48240055211284
-382.4037355528235 425.38380673839265
-404.6507407156029 441.6545913248428
-438.1580341911401 469.23505524817267
-377.0872522263535 396.25017881179366
-367.59146432670303 379.0257449753911
-347.9633147174957 352.06040903630884
-338.5047232677254 336.07075493925475
-335.93874621251604 327.2707728978602
-333.23707236743246 318.54992324592166
-333.31842195640047 312.646492998874
-287.6984546123539 264.7840614796581
-280.4945101914232 253.39066626944566
-288.86428610433654 256.03402940513985
-292.7810336271018 254.6041365497542
-295.1749077194353 251.82488727848732
-281.43830157444955 235.5450751064203
-272.8319719359475 223.9904352635227
-271.04302758541473 218.2651534197159
-277.01810347710466 218.79207103080347
-276.7023897521254 214.3263574679113
-284.2905314181187 215.93492942551853
-290.3292899073274 216.22419712397374
-297.20619328361795 217.00801522953185
-304.93659599055576 218.26285168505555
-306.1677360233138 214.7959902287713
-312.30479258883844 214.72474595640486
-313.49144294217086 211.20396587667483
-313.8049230958693 207.12911490371303
-317.4285580193628 205.2391545337975
-318.5097940991396 201.69410269743562
-327.20130973207034 202.88987877569883
-333.3788409528969 202.3821840106067
-336.9965791053627 200.2431164142304
-339.7390390562105 197.5509689704474
-344.1990180212925 195.81377886445568
-346.03480644367494 192.5510652515026
-355.7451150296064 193.57275927302402
-361.9735126307335 192.54915256569737
-366.4394315117127 190.50234390519407
-370.0071803500474 187.93532528348013
-375.35063434178693 186.20660917168908
-381.5941380005219 184.82941823107774
-397.78948435279216 188.05192404849177
-413.17050516962297 190.56530024607983
-421.3374951948279 189.52233415338776
-435.93188492724823 191.15279674589232
-1589.0321721816845 678.9409074224039
-1731.0977470067937 720.3649008023659
-1702.610489105351 689.7003134611706
-1746.2686783462445 688.2402945388046
-1744.2930954392093 668.4800649257254
-1724.1787139498417 642.5011769345402
-1723.5804187325873 623.8265305047539
-1682.214428995245 590.9683704566618
-1665.9431962763565 567.6559404961047
-1652.2324580540628 545.6444854963987
-1530.6267514249344 489.5209370622999
-1395.7015578954222 431.900638212415
-1375.7621830021312 411.55123110156063
-1348.8402383728085 389.6742374681517
-1141.4959227626216 318.13842634348765
-1110.6438541157233 298.2787778487972
-1099.8534986725633 284.28556322423725
-1089.8696823938858 270.7638738802694
-1085.5661359537728 258.8477631164595
-1081.135367237841 247.03707759666085
-1072.6712558495005 234.47894761418436
-1072.877508855299 223.9416240729889
-1071.0190158478442 213.03114254097966
-1068.0679203469215 201.9898946130771
-1068.9414304375887 191.7295446561171
-1069.7164968279226 181.4707040108596
-1075.330463986611 172.0040500172604
-1080.8606685749637 162.44757655219922
-1086.3059151129464 152.802024825013
-1091.665014682038 143.06815061104916
-1101.9002999583727 133.84965054735153
-1108.082828610365 124.00582622946585
-1113.1824510556683 113.95538891028646
-1130.1393182700515 104.9291251278835
-1144.0338969062536 95.34381327328794
-1166.8226080221682 86.16844787012018
-1491.9122528014498 96.0355660206302
-1498.742734945956 82.28738935411421
-1483.468751447465 67.4200524984944
-1483.039356649286 53.38788841368127
-1468.4822584076185 38.99816331650177
-1428.7906465950628 24.459930549010696
-1333.9606101202828 10.251372957962538
-1292.998024331802 -2.2603260951828683
-1269.920616233394 -14.19959384620602
-1238.7408546115673 -25.339595817691393
-1150.4917740947894 -34.20055175321262
-1084.1756719863922 -42.286076583842885
-1078.7431794781332 -52.08793266590491
-1073.222555131697 -61.792775925602214
-1086.572781884058 -72.66766590953023
-1112.7748567185379 -84.78277097994331
-1711.7523743533607 -146.38240637328218
-1760.099243788908 -166.95703643067728
-1753.5037851642928 -182.73881748139306
-1744.7801863513014 -198.18703619540324
-1659.4972384522594 -204.09045928049994
-1478.1010013438424 -195.69984626036495
-1455.4325207689221 -206.43686077883746
-1433.682497530025 -216.9204837632197
-1423.7126641102566 -228.92411417776813
-1418.5731757823194 -241.60121057408787
-1417.2580770901877 -254.91085289297476
-1412.8704655263657 -267.65845333803827
-1413.2722598593805 -281.3228030429807
-1413.541885019149 -295.0175237108994
-1423.4485354776714 -310.8750019645724
-1428.3068309962684 -325.82909098083456
-1431.0638476708566 -340.43687210624455
-1432.7016250264228 -354.8831549209503
-1434.1941417771848 -369.3889057511128
-1432.6423074613456 -383.17752918436076
-1429.0307023029463 -396.4344231717874
-1428.1796977888312 -410.48599345629697
-1430.0662094769573 -425.41113820891815
-1441.3563285185323 -443.3462915595175
-1452.4355568456974 -461.5267632655002
-1510.8100723960436 -495.532970796759
-1614.1425566822375 -546.0401145587473
-1609.0142499254382 -560.971606711854
-1602.806657386477 -575.517001519146
-1597.4057356829096 -590.3422021229229
-1591.8676912457506 -605.1167272253541
-1584.3301773876187 -619.1113704487396
-1579.4541485510983 -634.1360994492627
-1574.4310950088695 -649.1345985765757
-1569.2331107698417 -664.1712460379518
-1563.8915246140111 -679.167357313692
-1558.4066409219643 -694.121561061404
-1553.6884308172332 -709.4478556910886
-1547.0082639124332 -723.8987715051321
-1541.997197521588 -739.1512990150046
-1536.8360456405399 -754.3732291246478
-1530.6314055270939 -769.1141010371304
-1523.396098658336 -783.3475132995325
-1516.9134519306174 -797.9784328864648
-1509.409700167243 -812.0827279538912
-1504.4033540169771 -827.5624136114873
-1500.9826510556593 -843.9994557047564
-1497.3858576838056 -860.4444161063129
-1491.8878053121298 -875.8828553870414
-1487.0894287883448 -891.8077319612978
-1480.4179521308004 -906.6745209880157
-1472.7505133636864 -920.9641281760099
-1466.6310200274413 -936.2656947113179
-1458.6783337388968 -950.4412231593891
-1458.0831706988884 -969.5331182196287
-1452.2930044225388 -985.3273716411999
-1445.5125488613885 -1000.5285958353475
-1437.7577698301561 -1015.1121097164664
-1429.0450772755237 -1029.0535297614952
-1421.809363763008 -1044.1044646565929
-1419.2197949610834 -1062.7060617078555
-1411.6373166029566 -1077.7087205613602
-480.5924896446422 -374.04793663000527
-477.8685498637057 -379.132759137428
-469.64855931559185 -379.7976181241649
-458.37142122580883 -377.7984121240217
-451.00156178077566 -378.8384764926884
-443.652469919293 -379.7742565452677
-431.8039395465449 -376.6621268352896
-428.2743615510191 -380.6705547295022
-435.8255741702599 -394.7151743968849
-437.2719268987753 -403.5074496787291
-438.59179407704215 -412.36056815399
-439.8047907499662 -421.25140478505045
-436.470671903194 -426.13771549626347
-1326.1845510332448 -1319.8013246700243
-1317.0093361944867 -1335.9874282254898
-1310.4262354981493 -1354.9937569295842
-1303.599458447342 -1373.9957976412436
-1295.1658750589552 -1391.5266278741385
-1289.8871249632416 -1412.7137731522487
-1281.6520916931588 -1430.9468599003076
-1272.525753739788 -1448.399877819998
-1267.7520225788494 -1471.1114197256566
-1258.1406760209645 -1488.517060480501
-1250.2265168848376 -1508.1825673564877
-1240.789066852797 -1526.2802794960578
-1232.3660264312466 -1545.8987602356306
-1224.9123127901455 -1567.07077886581
-1216.5573630473757 -1587.447064445053
-1210.9273531903953 -1611.8036311211438
-1201.976896094114 -1632.1705000568904
-1192.7470027209517 -1652.512810086562
-1183.8148023355416 -1673.6434846678853
-1175.15648712257 -1695.5754866043978
-1165.062737658065 -1715.8393914701617
-1086.5699786356506 -1633.6491916956104
-989.0208438132917 -1518.2825068157917
-969.6123151657862 -1520.0858391152929
-948.6711637427402 -1519.1129066277447
-936.7042841421071 -1532.3841176643089
-905.5755786890858 -1513.8126935925486
-879.9407055298159 -1503.4188886506947
-859.0602422445432 -1500.4854215202315
-831.4775916415545 -1485.0754238751513
-804.7497271312257 -1470.154371718228
-779.7997897892071 -1457.5051587712162
-759.3361076383949 -1452.4908521696693
-734.9471562805385 -1439.20418199613
-729.625507002596 -1463.1717669266327
-704.2164999327539 -1446.7066465674586
-652.1599795105865 -1372.9848364511356
-633.5316136751936 -1367.3648724733662
-611.3511524798514 -1352.222529157667
-558.987440657188 -1268.277982615612
-532.7394090885267 -1240.4389231252007
-514.016537315711 -1228.825048314839
-506.87639547245453 -1244.7539193402251
-483.641176737375 -1220.6802251876154
-458.0324834421327 -1188.8154794213576
-441.83892971920477 -1179.990830551063
-525.311267571457 -1444.4435164320096
-519.9234539273573 -1472.9302773913798
-503.0293670031343 -1469.2754867391022
-496.32922318268555 -1495.8052353882413
-622.5532885946305 -1937.434489953147
-605.9500620586142 -1948.9755058212409
-581.124684735286 -1933.560213903698
-555.8101599174895 -1914.9702520228595
-545.1910673467787 -1947.11342763725
-479.04792700896553 -1775.509527890068
-428.77652187500104 -1651.2379278252959
-414.56520306432793 -1661.0477694540373
-445.8643562394188 -1861.3438628676886
-447.225244959179 -1948.3302030896104
-427.88740209143396 -1948.573162889052
-409.6112609160782 -1953.5185217782657
-402.8398963193454 -2016.1488084795276
-386.5189134953571 -2034.6115426563294
-365.27373425470216 -2027.3566778106967
-343.6969495916494 -2016.925483710639
-322.50946955095833 -2007.2559981352551
-301.53626000812034 -1997.3672381162946
-281.1992635085554 -1990.2328944629182
-261.4161906624341 -1985.8677134339896
-240.89337159176785 -1974.358473915806
-221.50588513795378 -1970.5897956828182
-205.68908627562726 -2000.4531985995316
-188.9546120671522 -2026.2085664063688
-173.00157079038755 -2066.7719894811953
-157.48005195275013 -2123.1676884403078
-140.51793190908654 -2173.4623785131394
-122.17613812837112 -2215.6339930755794
-103.8718302120301 -2265.6201453218946
-84.1320626108999 -2319.474681051905
-63.291978633999285 -2370.1550846812943
-41.387764727440796 -2414.645326529523
-18.72211305073395 -2469.929044017847
3.0534081799930344 -1542.996978836474
17.84832268664018 -1546.8970351569214
33.793906152719615 -1601.643522106883
48.09038489849533 -1568.2628334817841
62.234334593580364 -1546.7484887976113
117.66372315110837 -2362.0711776435146
140.88872468241962 -2371.819210491677
163.27823748072356 -2366.3736427633717
184.87122795058823 -2351.7448052618383
207.07850845824302 -2346.88186565381
229.50197381037503 -2344.795266972608
251.904469776203 -2342.4944264836085
273.5854334597551 -2334.020353509934
290.8466172496252 -2291.6169499361035
314.3626129714133 -2300.62168718931
346.1887149083077 -2364.794573249468
368.77704563836414 -2361.3774561916694
389.20309917741554 -2344.9200301056526
409.3484218304419 -2328.2890433846324
432.8628838052001 -2331.1522309415673
468.37058681490333 -2394.62502146091
506.74067102957986 -2465.462003828997
543.5568063638963 -2522.0915919639956
546.5181853274802 -2423.1330696241916
555.2072272485996 -2356.4774420331128
572.9340469936875 -2331.640533571896
592.4682710563906 -2315.400904334161
611.7446362044413 -2299.001848645428
634.4910553397873 -2295.941005490734
658.6126319014097 -2297.4615124305997
705.6007324288614 -2375.41819610692
731.2131502465493 -2378.12348899432
461.497952427036 -1451.3954112872389
465.3625301098474 -1416.5164014474951
375.1396628811774 -1106.116735852684
363.9327469555082 -1041.2309809515937
369.5197725700039 -1025.4536253189672
381.4501953821637 -1027.4783445128705
391.3113025201644 -1023.7633830724619
973.1945730462523 -2474.5046621482293
997.6906922252642 -2466.887569924311
1019.4434498128231 -2452.564179105968
1050.437674709657 -2460.1231049584835
642.0161876463876 -1464.4508236195568
654.8356492497787 -1455.4745866801043
667.5419687752429 -1446.3874722644941
678.4231721898063 -1433.5752507057034
684.319284414842 -1410.790954386212
687.6154234078065 -1383.549792920986
694.0811278129908 -1363.5070179554805
709.4695237676682 -1361.2046116748497
723.9361954297912 -1356.967348518983
738.8660031856472 -1353.4552188145965
754.77017580913 -1351.527277456528
769.7134086947443 -1347.6814417641572
783.1394527248553 -1341.082248628254
798.0473707378763 -1336.9253509670473
814.5099197290958 -1335.1665029736562
829.954143206042 -1331.5168493771023
844.8661323124395 -1326.8497346992308
859.7649007543943 -1322.0186516954996
875.2018960347208 -1317.8564569698895
891.7604956947665 -1315.1745961347583
907.7789271534583 -1311.473377318852
921.500229438538 -1304.318338115631
938.0919835823217 -1301.076258463963
954.7062020170429 -1297.6351828731345
971.3405869712379 -1293.9943833349396
986.168842025755 -1287.77133646373
1002.8138036178747 -1283.7466554088662
1019.4721389568837 -1279.5204405911913
1035.5108665426087 -1274.3159911388445
1052.8195540905585 -1270.460934670782
1070.1493648441167 -1266.3902782806465
1086.844987850433 -1261.3456989994427
1103.111667524184 -1256.4746909397
1123.5392928561143 -1255.7406011626695
1140.6809665889073 -1251.0379420552345
1160.5557178505835 -1249.0538121971836
1179.1181353265854 -1245.3535333165264
1200.4902026833242 -1244.2926799034667
1219.8424357089254 -1240.7999162007209
1242.065284906015 -1239.878553742801
1263.6632782678928 -1237.9483507631658
1288.2173394559343 -1238.4930707618328
1316.5289203743691 -1242.1157763340332
1353.0924833350932 -1252.7875843661886
1537.9974007706692 -1397.3718170990373
1430.8879953371697 -1275.7149151750073
1264.437676522426 -1106.1633523989883
1233.8023423035638 -1059.059856724935
1219.9892872630576 -1027.4488498039095
1208.7767633933347 -998.7405750645831
1204.902793629747 -976.6320995662752
1204.6349019817894 -957.7973443935437
1205.6973530560776 -940.2844744190812
1210.5092168310819 -925.8744169524292
1212.7571584509642 -909.6571192630457
1216.4189153486209 -894.6647541856585
1219.9064201587528 -879.684219510306
1226.48649720521 -867.026454136951
1231.292635683221 -853.1837113495938
1237.60175375737 -840.4510093376543
1242.9479306796843 -827.1211771071339
1251.5038383096535 -815.9498407967272
1260.8022601344403 -805.2289493304911
1272.552971377218 -795.9961903420224
1284.2411277286226 -786.6134538960769
1300.153049644521 -779.6525171511036
1330.7078758115726 -781.0669300726105
1349.2621691502945 -775.0016767077617
1374.7932160607436 -772.5753122339321
1397.7671793072411 -768.2915543278335
1376.7390980867665 -739.9719290616615
1394.2552981519173 -732.5825302143837
1412.5515277699076 -725.5633545011078
1408.6122476318023 -706.8150647953692
1443.9571026970032 -707.5675837479248
1553.4110830618563 -743.1002671380157
1576.6668919243764 -736.0173312562192
1607.2066149175066 -731.8762852869395
1630.4949100833846 -723.9767594282124
1655.6113088798486 -716.4964716655306
1643.8720254816556 -693.0662045135655
1725.2725566737877 -708.2793270936912
1743.0251348447357 -696.4139424936081
1729.015596044871 -671.9598712970884
1716.572450162371 -648.5399165383377
1705.7204014576498 -626.104553609981
1694.5992554382854 -603.9324163083228
1686.0483028050614 -583.0069644594067
1678.202695779245 -562.6150654570802
1670.1235280431163 -542.4236361708571
1660.8599199869427 -522.1353523569978
1654.2336530262023 -502.94335784021087
1644.5156924246144 -483.07777569371905
1638.4196863039003 -464.53194888169804
1630.191810482029 -445.61716869676906
1621.7539515643016 -426.8994267805628
1613.1090991732021 -408.38099143400467
1604.2602669439946 -390.0640920474261
1596.18436903555 -372.1779951133373
1587.9147890211054 -354.4793686634777
1581.410329461057 -337.38756627041164
1573.7456408687435 -320.25092950158296
1565.8993025539469 -303.28925840039676
1560.8244553938323 -287.0470683434108
1552.6276940305404 -270.4130982948251
1548.203926364314 -254.60872410450094
1539.667817476496 -238.30025561707393
1533.931643316727 -222.60663429386958
1531.0099228812342 -207.44545316588062
1521.9860889586753 -191.60987713652858
1515.7805988959153 -176.30988631027026
1509.4225862809049 -161.14420878537607
1500.8989104482598 -146.17270817504476
1497.2190960027638 -131.69653968372396
1493.4002287674766 -117.30198940021592
1484.4554240644084 -102.64547708378554
1478.3626333627262 -88.3454824924611
1473.1315553639306 -74.2187347712617
1466.7669165964369 -60.15656554509673
1461.2682143586514 -46.25154813709768
1457.6377472074478 -32.499198697764925
1449.8785464106043 -18.76700983837393
1441.9906862064233 -5.182749649414186
1438.976171602117 8.281157003413574
1436.8360952303447 21.703350967452216
1430.5721960052263 34.98845547869451
1419.188859916718 47.98937265985311
1413.682848527941 61.03936252883475
1411.0531767957439 74.14804282406372
1404.3097855311266 86.96566139299648
1396.453121321658 99.5925697579804
1388.483713986409 112.08022124580404
1385.3832907134808 124.87649022889491
1382.165138250839 137.62460028657404
1377.8357764122393 150.2150899160328
1372.3990144522463 162.61901835425866
1366.851101586159 174.9344622786013
1361.1932166817817 187.1604308060446
1354.437184945581 199.15047586357937
1350.5402491917214 211.4947642689137
1347.5175277186163 223.9475663880012
1343.3952010053463 236.18919093769955
1338.178701213976 248.1909821433414
1330.892501688083 259.73284149378566
1323.5078855546935 271.16024206093306
1316.0263552928309 282.47235647876664
1311.376600123033 294.32535169392855
1309.5413263102557 306.8004476619558
1305.6444067016832 318.79253951215617
1301.637805179887 330.7386039253457
1297.5220415523156 342.6376390385496
1293.2976447650292 354.48864868318225
1288.9933232093945 366.1914973365737
1279.6758447352995 376.8099420145357
1275.0563528162627 388.74194157936
1267.4646747975094 399.71777311053364
1260.7308136250588 410.89392253511977
1254.8471466114859 422.29686079938114
1249.8055369359743 433.9529004905726
1244.6558416982198 445.551159494054
1240.3369323338375 457.4366560395937
1234.9696538156793 468.9253183123952
1229.4961632442376 480.353187319184
1224.8450451450376 492.09208018789616
1219.1575458438895 503.40428922676506
1214.286403108007 515.0432323863878
1209.3041497476756 526.6350476402525
1204.2112416531045 538.1786743046296
1199.0081448397218 549.6730561051804
1194.6003356598221 561.5425522980784
1190.0750785618425 573.3779795091752
1186.3293187616105 585.6208222447467
1182.45806978406 597.8443887857069
1178.4613584407816 610.0473970618244
1175.2228508068565 622.6967568097691
1170.9708284575227 634.8632285000473
1167.4679300117664 647.4902566016276
1163.8303684089033 660.1082286785982
1157.462789612586 671.2107647097525
1155.290455540951 684.8014043034535
1149.542376661078 696.3392307348486
1143.6791993590746 707.8297033562426
1136.8560579221955 718.7372980203583
1130.768986785148 730.1215642102966
1124.5680696112115 741.4550942645908
1121.5719808361323 754.9703913421471
1117.595664196718 767.9296395951237
1112.655016198083 780.3075130544646
1107.5796030036145 792.6609760864703
1102.3694410489063 804.988580938588
1095.4207250766563 816.0940111730589
1087.5641783640287 826.5350312838378
1080.6443777695683 837.1957529723993
1073.7981403295437 847.5739223364612
1068.41107500748 859.1500304378515
1065.22294079949 872.59904102313
1061.878413871659 886.0605138213812
1057.6150388871577 898.885103625439
1051.6939793186414 910.3959434580765
1043.4006384673196 919.8891822638149
1038.7420316362013 932.6473029566412
1037.6275741573183 948.7702658433171
1032.6463277429184 961.5417628990771
1026.067223324171 972.9244848495827
1019.3664415108367 984.2667615649397
1016.8225322592793 999.773943394119
1014.0807537024658 1015.3153327760981
1006.938867739356 1026.6051415397176
1000.369207257854 1038.5689429066772
994.352359390994 1051.2242317286848
991.5908668740873 1067.5188769908923
985.245633551626 1080.1551006996428
979.4197140060161 1093.508584244483
974.7531593540792 1108.3466417728891
969.244105512323 1122.4325654263675
961.6193766439412 1134.2209548685466
957.0591043565726 1149.8060144077326
952.2948630234487 1165.4010013120596
944.1975495331864 1177.1032186921952
939.6778389564867 1193.4682898904632
931.8812031756643 1205.8911323862849
923.9363312262761 1218.2703541661551
920.0225834273906 1236.2198210607974
913.4998621786614 1250.9672265089787
904.4554533349458 1262.445774254355
900.4528493191727 1281.2262353515023
892.7781422841277 1295.0969804071437
885.4857398314933 1309.761812145656
880.2106945147494 1327.734210322933
871.9572208162477 1341.5254768607285
864.6004686413374 1356.962427492073
858.6242079435959 1374.9201684218733
853.1443494141342 1394.7651125055909
844.6721266425759 1410.4130595230279
838.0042140672145 1429.4747067386643
830.0575581828906 1446.7993814290417
822.3489631610177 1464.9717344672556
814.8536380648554 1484.0022063772242
807.0734971806299 1503.0197504186788
799.008134894585 1522.0206964336185
790.2006898661318 1540.1116419711557
783.364790393961 1562.6399473874412
773.976840449139 1580.6833492032388
766.4758835846511 1603.1979665291271
756.5062062010251 1621.1783862300078
748.3383932543937 1643.662267371686
739.8152560946635 1666.1339642566522
731.333567579101 1689.5064998194073
721.7011652622797 1711.022041955938
712.4894258958731 1734.354005959155
380.2288066066817 950.7902264045726
370.5848405794538 952.4446839227467
358.82009405699245 948.3902889111271
351.99531223433405 957.3396994615097
335.95437316990666 940.8164853721554
305.84614892648443 882.5044663835071
298.84439574253173 889.1209294203354
277.80856075506443 852.8958925749378
262.591846894512 832.5710311706318
253.61771772021763 831.1672835587239
244.12723279595414 827.7505023902976
234.17533283226703 822.305851549712
225.93621569687812 822.5337843739755
220.27173005452102 832.3469018016395
206.29970510697186 810.1459323311921
197.754662415376 808.1566020846335
189.72220166540325 808.0256717426942
181.4901128030975 806.8397232131788
172.66598582038472 802.6378120551477
167.75839721872794 816.953560591178
165.86111530294224 847.9304749980768
195.38303358982972 1050.9930876010724
194.1386626316282 1101.0150678676487
182.29586414619286 1093.914630085544
167.96731845388265 1069.8953126037202
149.14996096734674 1012.0688164069867
131.9818688944756 957.9508266519327
119.78763710675025 934.3526753835414
109.93449609622525 926.500624159568
100.56519165677945 921.5289698251679
91.69570530665473 920.4438590312367
82.76577447734464 918.2776413346703
73.48273937677772 911.0413201461746
64.69828886818372 908.6996926474275
55.84113226749557 904.2774839323846
47.125150592471506 900.7681278673424
38.48013610153126 897.175166355828
29.940340001799864 894.4990643039134
21.454292723679856 891.7419544485538
12.993462584897845 886.9048257451612
4.630765219731407 882.9878572287842
-3.661265063548582 879.9923835682525
-11.923673393300843 878.9191237041152
-20.1432508624713 876.7686407740023
-28.258698140024478 872.5425181499357
-36.21291093922076 866.2433982901734
-43.99999896944101 858.8736811025758
-51.4094886696751 847.442071456641
-55.88033004718576 797.0435299993454
-55.83881134364586 701.7820367804585
-74.76409884043765 839.6781106618043
-82.75583266787635 839.9330164718175
-90.65155845225436 839.1175692059948
-98.65601862297544 839.2210614548846
-9.204422740958123 72.41739157140178
-12.187091522604256 89.17104238607772
-13.31463521831376 91.03142583197979
-14.32420061633564 91.8902458191454
-15.67770293306216 94.71119063100545
-16.395166836728787 93.5745612033304
-17.820000172403326 96.36621603993562
-18.343361814259488 94.23121073907078
-19.61661752983848 96.01660438011768
-18.423509270614254 86.04983617738962
-153.406728883882 685.0331200264313
-128.41089414364544 549.1872561023512
-122.66737953539163 503.26604693533636
-29.51033606695121 116.31483166482079
-27.540826221654957 104.42941583207579
-25.351042660737704 92.59224933013269
-24.034190476591487 84.65434240566115
-24.545673034773422 83.46562127768533
-29.40389589711363 96.62510494727394
-37.51194204258641 119.23864392131286
-73.55079293602185 226.3499080151844
-152.29858672367914 454.1433039052431
-151.6524965242448 438.51741162462855
-157.10508753313204 440.8423657853303
-161.23648480826037 439.34814892824534
-165.3536733850517 437.8152152427661
-168.73211826169643 434.379410500683
-172.80233352956355 432.77633198540036
-176.4777987300128 430.20993312034193
-180.12034218214734 427.6127480936299
-183.33288611742623 424.06727398828457
-187.3056549308455 422.3275880533108
-190.84793090851855 419.6404023303015
-194.35629853124306 416.9240089287667
-197.39951902849785 413.2764569719859
