-199.6879082623621 407.7263043927905
-203.459733889507 405.85728610634925
-205.92056983996662 401.24521045961836
-208.31247240744426 396.6231383057446
-214.4221801286749 399.03900645032945
-216.26117662641323 393.48710713841604
-221.9338495685614 394.91058027821833
-225.16190910886533 391.92615973732995
-227.34075469332376 387.191401319128
-232.53707677300832 387.5958048352227
-235.67105234608795 384.5258835060229
-0 0
-243.98150220097196 381.6831494626886
-249.76773066682776 382.70756553476053
-255.59498497878917 383.6563614143424
-259.7754955085093 382.0480230721113
-263.9484012273093 380.394849451918
-269.26888773747385 380.32915493901294
-273.44054972829434 378.5753105582669
-279.38258245192446 379.1917359628156
-284.15902328463164 378.1304662228689
-288.3319872434277 376.2189058676555
-295.5730474750354 378.2017630925594
-301.00749155183206 377.7346820582851
-307.7205360921356 378.75067216728297
-311.29001785041834 375.8224644518821
-316.76707730454024 375.15279385330376
-328.1302732983904 381.23421114207946
-344.91209268832944 393.1471077311357
-354.61524062047255 396.5753788621834
-367.1079618760541 402.81105288610144
-380.43018275517926 409.5776801155806
-388.41279376184195 410.3175619469886
-398.52597480880604 413.1017397720456
-403.1174522960785 410.0259987541264
-415.47201717708174 414.6709574383124
-455.098527815797 445.7065514213295
-412.4280416647528 396.3421633495192
-400.1531399284772 377.3293847626773
-388.2908462131091 359.26483093549206
-358.3543064282054 325.32782091969915
-353.8892998830523 315.3384902422841
-353.10111230495176 308.67556509870656
-353.7368660201818 303.3582529258434
-358.1298823484187 301.275600354738
-320.09310880480655 264.1314098998343
-307.0386958330176 248.4999783926745
-307.8163166232207 244.3319774825087
-310.12084880031523 241.4002053424396
-311.60255408793313 237.83996360131897
-306.63968289168696 229.48007511783163
-283.80881653164573 208.22237069754698
-289.0192035205798 207.8554786295749
-289.34375734659227 203.9514405062056
-292.9115332713082 202.33347146888798
-294.81822576646607 199.54501686565123
-298.365218448084 197.84386879665263
-306.0994657039551 198.81679279113524
-314.7222713589901 200.19713262341745
-321.70059634500325 200.3739661514671
-321.0260218305398 195.75058954613087
-328.02115041128036 195.770592487381
-326.4099160310913 190.63201912736469
-318.65315699559596 182.0691229636153
-331.7145374946001 185.37924806931204
-333.4586098149892 182.22336716309138
-342.2289249475832 182.82057578188912
-348.3805682357753 181.87902483716562
-354.5447576219829 180.8369841674247
-357.13978922875435 177.91057008969685
-362.4089602609095 176.26328466985555
-362.25837728956384 171.95891394031315
-366.59598060080856 169.7745181331156
-372.7472262676616 168.34638490257134
-377.073512766068 166.01074052680428
-381.3887887733972 163.60804319458435
-386.6148788471743 161.5237922226468
-403.87764555634317 164.25238938860164
-424.0151591499673 167.7711083918441
-434.92106823454463 167.33100252410662
-451.47599521772764 168.79995776706335
-1764.152928156928 641.0097082535775
-1725.780147268521 608.7551915949805
-1774.005155796246 607.067300394558
-1763.5006668386172 585.0037590133521
-1748.9312799990994 561.9683067938189
-1716.8982790945304 533.9141309632482
-1697.9025959828853 510.5445862552841
-1686.303799908629 489.8116928103276
-1639.8025942999054 459.6264262717059
-1459.6639873214513 394.36663666801445
-1401.3693856506084 364.51041817928376
-1394.0642157067152 348.6458984213366
-1313.6585293270696 315.43980143006826
-1136.2821672222456 261.5699456220397
-1121.1134875658838 246.99908501421834
-1111.644157511601 233.9727913034397
-1103.01046556768 221.34342738868392
-1095.220762543137 209.08486624916148
-1090.2508562628338 197.52739156420182
-1082.2042004290688 185.57496752978284
-1081.9273108889827 175.06939753290632
-1081.5487137873633 164.58547841440878
-1081.0687921343738 154.12419236812323
-1080.4879384031196 143.68651629633305
-1081.7914929832104 133.51840962637564
-1084.9865158910623 123.56480216701522
-1089.0844241536174 113.66669286111646
-1093.0918584703686 103.70240568952808
-1098.0043104322972 93.75784912259675
-1107.811694315395 84.10856043265683
-1112.5449153952118 73.95141126619043
-1126.1701198182716 64.22508254957742
-1141.707373103503 54.34403556139922
-1159.15559892451 44.25265508374191
-1167.5172139518143 33.5790876319357
-1501.7188680014142 29.05927543059015
-1499.9258480713765 14.914767425659734
-1486.9997844599468 0.8006347931432064
-1487.9415110034424 -13.193173719502658
-1470.7544641069194 -26.875756911534314
-1402.4678454818902 -38.63861267417855
-1313.1055504422322 -48.474873881244875
-1281.6277144315445 -59.32454467566993
-1268.0366879388844 -70.59007041351042
-1219.4220235611672 -79.33428296763371
-1109.9273320672526 -82.64573509910254
-1081.203508219788 -90.68612800876728
-1078.3163922709016 -100.61191857760589
-1072.3540763290916 -110.18500342778279
-1095.1265766743218 -122.88930409755379
-1692.512521867217 -205.97660867844593
-1755.950512356507 -230.38836375763452
-1755.698668033344 -247.0853841609061
-1746.3878743673217 -262.4602679698164
-1732.00637506591 -276.8933309616645
-1489.7564102252768 -252.48136206994894
-1460.7520099199098 -261.6477890503636
-1437.6046701682776 -271.40709701545705
-1425.1938811566777 -282.89821687943885
-1415.6317667145952 -294.79264079775425
-1412.8117776941235 -308.024156209819
-1407.9180951550882 -320.7844094323601
-1404.8552690328595 -333.94261942826677
-1404.5815266037011 -347.792661112359
-1411.9184960927807 -363.6621514415545
-1419.0805365047952 -379.6991320944294
-1421.2473706377925 -394.56420447775184
-1423.2597655564343 -409.5029178751281
-1424.1581506401724 -424.22819562726414
-1422.0381523276276 -438.1226920905
-1418.8297848465231 -451.71123700033047
-1415.4915456564067 -465.2780718830798
-1416.7587165385514 -480.4276627256559
-1422.5857450746607 -497.2914617308167
-1436.6880382319428 -517.3552752231797
-1472.1036301580366 -545.7205347753835
-1594.9398311385814 -608.2893514172619
-1587.3170153717624 -622.4545708011796
-1581.4239612159506 -637.2780044000037
-1576.316463236935 -652.4280862502784
-1571.1198363737965 -667.406517613347
-1564.8736925326648 -681.9232555201374
-1559.4064226404942 -696.7895012323136
-1554.7071256646768 -712.0293206093966
-1548.0485697729805 -726.3921982123908
-1542.158648591329 -741.1259694376969
-1535.231255316516 -755.3714269809755
-1528.172275266186 -769.5521406037203
-1523.6491439488523 -785.0409455206332
-1516.3159815052127 -799.1131610928976
-1508.852853540105 -813.1168835806342
-1503.8880433685895 -828.498493066219
-1497.0247767128144 -842.8765140327189
-1491.7577079214304 -858.1957474009064
-1487.1972223889948 -873.9962366729384
-1482.4717417708507 -889.7856679284627
-1476.728466963063 -905.0397973906571
-1469.9818534398876 -919.7333040384223
-1463.0896036812626 -934.3793724177593
-1456.0520186353992 -948.9765640034419
-1448.0367298448534 -962.9696926800048
-1443.197159913435 -979.1414390259434
-1439.004202414333 -995.8749446762325
-1432.990715826992 -1011.4611254782088
-1426.0000854243026 -1026.4369227428842
-1417.2424447540957 -1040.1864509728214
-1408.3523746729688 -1053.86175030362
-1400.9206477328612 -1068.6745710251278
-1396.4928556932812 -1085.8953467059453
-1391.0820986523115 -1102.5042380005082
-1382.3714084718074 -1116.5922662456835
-1371.9748168936276 -1129.3423315406615
-1372.186826656316 -1150.9927509549611
-473.5885967165608 -404.7750499475465
-465.29615582669646 -405.2017859942113
-456.2887788992622 -404.8463291801226
-443.6191235392696 -401.0063256736112
-435.4740295384909 -401.0316316670164
-423.720393485704 -397.51984622697785
-420.0220180286793 -401.42559008004935
-423.44689588253794 -412.2786998711467
-425.159170690234 -421.9486693639316
-427.42760096727136 -432.3998680982258
-428.1419897906983 -441.49681378019204
-428.7209373627978 -450.6465997505851
-1279.3029668296851 -1370.769462404516
-1272.1999210900694 -1389.5910768202355
-1265.5213800555487 -1409.1457116360607
-1255.9403447905488 -1425.6976714322702
-1249.4270637913353 -1445.9782198448781
-1241.9934041979286 -1465.5010692349701
-1233.0214720055924 -1483.475328265746
-1226.3460085488118 -1504.5120362816633
-1217.5070008825028 -1523.2126256048737
-1210.8892561367538 -1545.0295173143388
-1200.3088932108594 -1562.100688457348
-1193.1223229333052 -1583.9028134700163
-1183.2516151619952 -1602.4916895935933
-1173.133863722529 -1621.0360692432018
-1165.082990566942 -1642.795673567346
-1155.0103667454036 -1662.0851520637107
-1146.9257646127649 -1684.6380295088393
-1135.7403445771834 -1703.0275598767334
-1128.1353915650952 -1727.2172817275393
-1119.0929902862188 -1749.731373409144
-1107.0686715816682 -1767.9917862938166
-992.371956427157 -1619.0734696414913
-925.9030862406553 -1543.6008146182191
-916.1459803126116 -1561.0177906600052
-898.1737417256783 -1564.512681212426
-880.7083734947263 -1568.6789859165813
-845.4419279769721 -1540.2197721164925
-830.1865226183738 -1547.3610883251563
-806.0499370924844 -1537.523820600254
-774.4297586207266 -1512.2366048216936
-751.8673206911573 -1503.4814704799992
-732.6150468541128 -1500.7248892195219
-710.4744043118021 -1491.4188281022168
-686.0513271115918 -1476.3866622834357
-678.0776499686204 -1496.549264345492
-653.6622649585368 -1478.9910896855586
-605.5034704064846 -1406.1744370190008
-588.5740836112415 -1403.5898788824275
-563.4359054327891 -1380.4423133434925
-506.68804960096367 -1276.0862903391649
-486.5619170358017 -1260.3406289136462
-472.0516732593307 -1258.3732426323543
-462.4154056106044 -1269.398673645904
-431.94731124722665 -1221.8991448995664
-413.1309379834435 -1205.1551054038314
-395.9351369495989 -1191.9611433803966
-477.0013986311746 -1483.1836250794786
-462.52617769355936 -1486.7140057684887
-453.2098794177118 -1507.3409717771833
-443.5415189478389 -1527.9240560215826
-551.6070705020009 -1970.239995475729
-531.995545918613 -1972.5186283335215
-507.36740790085884 -1955.2437989672703
-488.9241510069286 -1960.967662803789
-473.20962717298687 -1978.1882237923678
-393.5540554453221 -1717.4863042954782
-366.44122827764585 -1672.3231823479487
-354.5570318926455 -1695.3210053365933
-390.5202071218484 -1960.483350561669
-372.3483057771496 -1967.0690733131073
-353.5564094357143 -1970.533396151135
-337.40748666706793 -1989.5929704190785
-328.6579693418677 -2056.9085879513655
-307.82378820321867 -2052.0403298707897
-286.14026665435483 -2040.0303301174165
-265.1025739843135 -2030.7694663025864
-244.2678736906102 -2021.2939434636091
-223.5278432760296 -2010.6129173165996
-203.317095866314 -2002.7059590784884
-183.2777421827946 -1994.5972699320475
-163.2477974905266 -1984.296136320003
-144.6633832573487 -1990.750739179704
-127.85920929253234 -2026.9713916577825
-110.43001392094487 -2064.0480159205163
-93.00679598813463 -2116.957896581796
-74.96735506075565 -2163.7016651274257
-55.55693432560316 -2213.3028322053765
-35.1915083290279 -2261.7262340392854
-13.859215050682687 -2301.9582798474385
8.244370175614579 -2343.9855013119018
31.331126480628438 -2399.795483059641
55.39279297519987 -2451.374234686823
50.821801225879085 -1581.1834632705204
64.69220386433456 -1551.6519966665126
81.84279950759301 -1596.9041161474786
97.13046766630204 -1597.049051297713
108.98737278459602 -1548.168515560729
122.15358321745424 -1527.1222944175547
212.56575868038715 -2372.4965328186745
234.39421869768367 -2362.400336573186
255.83305891432465 -2350.116049467885
277.7651766945908 -2343.5969164119974
300.1049082504571 -2340.8410975638617
322.14410468007634 -2335.8910881759602
344.2622628289094 -2331.7230741217786
361.35461039672504 -2295.7349249303657
382.24463322519114 -2286.266178810013
415.36246491200404 -2346.521472891783
439.74437773342913 -2353.2660032924114
460.04537861423694 -2338.1717750447
479.4914417659814 -2319.9674474598087
501.59662876944986 -2315.2887124518884
537.8030819849357 -2372.8162265560104
569.8534816988413 -2407.476481587247
618.427200199101 -2505.8149967732857
631.8466406044545 -2459.1239949943283
629.72192880661 -2357.3396641935337
644.4254443985453 -2323.281482432066
662.4077773408649 -2302.614152766011
683.4822831837054 -2293.316587079505
702.3765589684762 -2277.137714195521
726.7977207741616 -2278.9096237186513
769.7784947502885 -2336.4590878121494
801.6866447032586 -2357.4135241201175
508.71263280827594 -1450.3725236025648
424.30124074520705 -1174.7210124544797
406.9870211828444 -1093.7324008132496
394.2379701038197 -1029.0677445768183
400.82049323553423 -1016.8539384800666
413.21519050199583 -1019.4376912486606
422.235523192476 -1013.5685289877424
1040.9722277375618 -2432.6308435681517
1070.3633093711553 -2436.235494764828
1092.5210041070252 -2423.08932059571
1121.2414646858322 -2424.2645437058163
687.3087268504348 -1449.2835174648314
699.4725683147532 -1439.0059507087394
711.5024280500342 -1428.6288163406568
722.4887284940563 -1416.3721393754686
729.6017312221453 -1396.945708965688
731.2224202729427 -1367.813866024972
735.2306512885949 -1344.046089018434
753.5000891805847 -1346.5090477248384
767.4141160147545 -1340.932725583686
781.2905014197843 -1335.2131486737321
795.6410921318434 -1330.2087251673129
809.4460183677903 -1324.1983021241685
824.268317234347 -1319.7415433347765
841.2310797144347 -1318.4939402676398
857.6997858509164 -1316.2036610461514
871.9859695898774 -1310.3879077732674
885.1155327889678 -1302.7645580133433
900.4587146715653 -1298.2966160211743
917.5309672307257 -1296.1022043699522
932.8870761529051 -1291.2670921025144
947.0480360593506 -1284.6462615818125
961.1677891030423 -1277.8722476017585
978.288531269326 -1274.9119771917217
994.8244670377806 -1270.952508862151
1008.878697062707 -1263.6664016317973
1026.041695068827 -1260.1045353383538
1043.229082279939 -1256.3288112135917
1059.792112090993 -1251.5752790582403
1074.3992461093371 -1244.348126514316
1092.2690761410809 -1240.7083723848684
1109.735281191556 -1237.227386408294
1126.0448306420026 -1231.9026095371437
1143.0335580312865 -1227.1117655757107
1161.4081819338005 -1223.5603928442702
1179.816500567898 -1219.7713002803923
1199.6595934391328 -1217.167966991185
1217.4314317370388 -1212.181797016728
1236.6455052088102 -1208.3662087491718
1255.8947973020333 -1204.2957519271108
1278.8174870677376 -1203.3959592626845
1301.8333077021105 -1202.1705531900961
1327.161203630799 -1202.6321713546702
1354.853584445471 -1204.7160514890052
1391.7432848155872 -1214.273292620207
1582.3827054116719 -1354.6047296588176
1466.4068677945888 -1231.6151582717966
1272.6362741837324 -1048.6171434950643
1259.110737308977 -1017.7431656332773
1248.2534515844923 -989.7031477202656
1235.4031282179028 -960.7310293674393
1233.2520866609916 -940.5797630963098
1231.63306869477 -921.1536159064375
1232.9842541580465 -904.2072931570094
1238.9978199638506 -890.8200728120274
1240.7819561327478 -874.5193750485988
1242.3696533736304 -858.2643208104862
1243.7619318396753 -842.0571577431303
1250.7929816854971 -829.769797574185
1254.3491237721335 -815.2449176119289
1261.1172918869509 -802.8749442495532
1268.612380504752 -790.9789049210264
1276.848766539211 -779.5339809060893
1286.6987570356566 -769.0301090613401
1296.463886178931 -758.409778308418
1307.0107024000465 -748.1704510415641
1323.5868088267862 -741.2199130485666
1355.0569490210448 -742.1897768830945
1369.9109998753531 -733.6619469622981
1396.2410180462596 -730.9493960084683
1419.0784115393333 -725.9837890084065
1388.181903766768 -694.0136901059457
1414.4460172340325 -690.5204300603881
1428.1279513299626 -680.5692871633892
1427.239307885142 -663.6745874504621
1463.498350481207 -663.7933248676028
1581.280486750218 -699.2803602440111
1602.5093385835542 -690.6437719638828
1631.091152699622 -684.7646687622093
1665.2568694445033 -680.6765448933082
1672.541923434066 -665.284536386857
1663.8298176732442 -643.6818607211322
1755.0128921492385 -659.96571758688
1756.472650534416 -641.6415104438016
1740.7784283067303 -617.332538865359
1729.5116375904804 -595.0046179981254
1717.9798659064743 -572.9451809204548
1709.0419323367635 -552.0794087036952
1699.8643630867343 -531.434047749794
1687.5788686591416 -510.1436680535514
1679.8439174374448 -490.5348234819002
1671.8902050064787 -471.11797079223675
1663.7206714925296 -451.89548265992414
1655.3382822274364 -432.86969331696173
1645.7762121917588 -413.7990567700065
1636.9748456869559 -395.182685081428
1626.995503950196 -376.54432690700236
1618.763995074832 -358.56258623756185
1612.2956614138232 -341.18426134006063
1603.6838333276144 -323.56477361364387
1593.9019760543556 -305.95014419022664
1586.8829991884288 -289.0870922174442
1579.6885430027744 -272.38411683828286
1572.3210069781492 -255.84302025894482
1564.7828089064883 -239.4655736232675
1558.0662614312778 -223.3954453196421
1552.1777076193548 -207.60627150817206
1544.1458320737995 -191.70198039956026
1540.9203816533918 -176.53718419971773
1532.5740021964396 -160.9283312272497
1524.0711209337314 -145.4930181685685
1519.3767335787365 -130.84090132527143
1508.5727363205158 -115.66027507503205
1500.6119233335035 -100.89527020293663
1497.4993030702756 -86.57850370639719
1491.2539918367136 -72.18401368077959
1483.8717722578733 -57.87541357327794
1480.3512827221844 -43.830123691168176
1471.6992367418231 -29.754942001882096
1461.9142406383446 -15.83518294218186
1458.9984716195127 -2.1118266799801813
1453.9542080194653 11.539539960023914
1444.7832572494347 25.026777094021156
1438.4869379652137 38.42303089897788
1435.0650021745823 51.81157721654017
1427.5228640107916 64.95746859620508
1418.8624974482789 77.911573818224
1411.0833584335344 90.7730992747156
1408.174851129503 103.8633171355599
1401.1588769182038 116.57530456026245
1393.0331214009627 129.07254812658994
1385.7916444420205 141.52921322002973
1382.4148910142032 154.3051169021577
1377.9278257195483 166.90987720263277
1374.3177650377777 179.57360803182416
1370.5915482282098 192.18430717776934
1361.8050266483567 204.0001700863715
1352.9180503487435 215.66814563248465
1348.8626738491248 228.02080408723614
1345.6791792266297 240.49230049202126
1341.397779902797 252.73898803280713
1336.024281799297 264.73216359685676
1326.62783550501 275.8325326412612
1320.0726359758753 287.418224452981
1314.3922331313993 299.12715938853404
1309.5815249376692 310.9858992654316
1304.6641702909187 322.78073480167365
1301.5778162638035 335.00923600693284
1298.3768482666894 347.2082370639527
1291.2071983237665 358.3070903525209
1284.9049568271519 369.5784787037999
1277.5892932084707 380.33484967733403
1270.0810223628562 391.32492462622656
1264.385310758927 402.81358708098674
1256.6864078995663 413.6040040914556
1251.7375941475937 425.2493332124038
1246.6810476707647 436.8379165989649
1241.517400439812 448.3687593991928
1237.184554620666 460.18950206199264
1232.7391639814919 471.9683819772384
1227.251192281803 483.33788496546885
1222.58547269118 495.02097123706176
1216.8852546567607 506.2749025963568
1211.0816656583588 517.4651670462229
1207.0069748399235 529.394146820473
1200.9909941601188 540.4716754338655
1196.689506567641 552.3207626650436
1191.3672437343096 563.7092251834399
1185.93660401288 575.0464079206108
1180.398081420488 586.3312795500773
1175.6434940369134 598.0161995537228
1169.8863621937803 609.2018545219663
1164.905311569984 620.8023961584222
1158.9313417817589 631.8845978783878
1153.7253184368753 643.3963705195503
1148.4050517777712 654.8662741745787
1143.8347908665573 666.7967990349528
1139.141263540753 678.6996255331048
1135.1787433630102 691.093496291766
1133.6306843708883 705.0577788045399
1127.698626029999 716.3740704757901
1123.331620826104 728.7297644890032
1118.8312835913098 741.0671756712894
1113.3691675642888 752.8247450218428
1106.9613808625966 763.9774219692449
1100.4420605500252 775.0763003552711
1092.9996150626284 785.5366582616921
1085.4577410425134 795.9255570786028
1077.8171245626277 806.2420517434879
1070.078460678373 816.485203780328
1063.8208225372784 827.8823935415636
1062.366677335922 842.6820532598477
1056.2480856696084 853.5244469371031
1050.792192342277 864.9605589346319
1045.9818943176115 877.0101919360692
1039.5184091305368 887.7446012670072
1032.9461636298429 898.4337610766806
1030.0082106711916 912.3919585079266
1026.9017396485658 926.3702375976623
1021.4168843638926 938.3371187032723
1015.0690014515806 949.5972421464226
1007.1526694216503 959.4396804785822
999.1412615257062 969.2165596587896
995.3039538555443 983.1434480479035
992.706038318256 998.4982330913126
987.1167491071476 1011.0239975550218
981.3817273202499 1023.5301193818982
976.8719213618392 1037.471083575262
972.8686208807428 1052.1481105365353
968.0069433891164 1066.0968800022165
960.310054029372 1077.0578443751776
953.8112874998102 1089.4714442508139
949.7736571263914 1104.8886822792422
941.6646897835218 1115.7363541692562
933.4369880894427 1126.5275803399177
930.1391561676978 1143.467161821293
925.3625529653701 1158.875811107218
916.6814318248427 1169.568789147332
909.7115618903329 1182.5772169981337
904.3885428092879 1197.949232494972
896.4801914936068 1210.1071300755095
889.601514157938 1223.8374671531772
884.2892174147408 1239.9845079532347
875.8908266200065 1252.038042490292
870.7411191737204 1268.9881415443158
864.7974564178278 1285.1172551068073
855.8788380661441 1297.0687778797803
849.530349105046 1313.161903936243
841.3534844619581 1326.7122198064362
833.5284549547645 1341.0709581452888
826.5523694691366 1357.1043366392123
819.0561676116072 1373.2982175395798
812.667804491027 1392.1620019034185
804.0126544359711 1407.5527171324077
796.1152392977749 1424.6489131564474
788.4466184706499 1442.5976326828618
780.9817687469986 1461.409072397188
772.3064150331866 1478.4339015656358
764.2889231104662 1497.2052103872215
755.9863019763814 1515.9553790346454
746.0847210598045 1531.983547235777
738.0951373488 1552.4743373795445
728.9440063357403 1571.1348241405638
720.7438208459293 1592.4924943975122
710.9947688669408 1611.0888984298306
702.1447674501737 1632.3975390640421
691.024100782409 1649.069341215785
682.2962754008596 1672.1566291989857
673.5640182035992 1696.1534462958891
662.9990659923909 1716.4009550490287
653.5187348828844 1740.3431452323057
645.7027410625208 1769.8937737006556
336.89092875925024 951.0969993222194
327.9378432419484 954.2210283628312
318.6396833337438 956.3120579627612
304.10913674553007 942.1346150884642
285.69855858511295 914.4070940354678
271.8862060929052 899.8210327261785
255.29115030134355 874.4983868354572
237.2983919572295 842.2080937479247
227.27589461072347 836.6807442082644
218.89678972439188 836.8447857568065
207.1193241600829 823.3483986499704
198.90285933241987 823.3144311557933
190.7053672811279 823.1989206079962
182.52765335822082 823.0022209930792
172.50448385433776 813.9202682389403
163.262740416296 807.6640871004239
154.72070367112698 804.2527611736942
147.155673903627 805.671277654832
139.74807176929883 808.0040076860776
133.37927508860722 816.1733694361988
136.51991350801444 887.5620052794984
159.17633802894522 1103.5795818207653
148.29509321111397 1101.0583841602165
135.86068429778763 1085.531148545327
120.858346176998 1045.0345736669965
104.30467705393126 982.4787704295067
90.08947843780102 931.6543811278971
80.74765792196145 925.484098048215
71.68459060007063 921.2151320242739
62.77688123468516 917.8556875579332
53.87955942600441 913.4122799021588
45.1701000841627 910.8807068208146
36.43248868521293 906.2679922452309
27.846909462052867 903.5709986677373
19.315077645533254 900.7929438975124
10.825687280672986 896.9346712525395
2.407600463767725 891.9967508124718
-5.916999874654223 886.9802642181411
-14.163424734686155 882.8864011863501
-22.35906522575915 879.7159042567266
-30.53131563253264 877.4689958999957
-38.57515624862273 873.1483020199915
-46.594219716333974 869.7528262035289
-54.55305400518046 866.2839974850672
-62.37879333176367 861.7452559442803
-70.04275326782083 856.1395988474445
-77.4254277500123 848.4746921020849
-83.46824621374068 828.8076084797981
-84.54962529325795 767.3560847890434
-83.77436632832627 700.0048968016491
-12.68458331237904 98.18401777372586
-14.016235236449347 101.03239653594542
-14.522208366202916 97.92908385239079
-14.971295733356396 94.8254201365034
-15.52873695057954 92.70845877653078
-16.39671680985167 92.55888762219179
-16.895953769238798 90.43520744835911
-18.128281778876858 92.23538041199613
-18.78967534526856 91.08209538882714
-22.37782455005031 103.61096934401863
-183.10484682632008 810.5761007263351
-188.92319420761189 801.0224882551007
-196.24865347855123 798.2295822680687
-23.551924693270827 92.03426993920526
-23.90681395295594 89.87471416710459
-24.223022417264364 87.71684664289243
-24.77590316886349 86.52256712654277
-25.59275663534536 86.28447605336655
-26.99415214542282 87.95064382908043
-31.756116832892545 100.0827110129201
-43.912573028907936 133.9876334964568
-156.6786971947521 463.2200188305285
-159.73346136508744 457.941285887534
-163.3790568693599 454.52863911581903
-167.66874506766442 452.96378655189926
-168.02755155476356 441.0790653822864
-170.7306471389579 435.74653885890206
-175.96323089473515 436.89580150544606
-179.32096577356802 433.3647323375944
-182.62773217815646 429.8093896594903
-187.08262038053994 428.98029459585996
-190.312928593935 425.3668877686647
-193.90871798440998 422.6398101097938
-197.04440988139484 418.977923683925
