-204.98975048958226 434.0267298153638
-204.6509288065385 423.1051847219804
-208.19190812626547 420.2584078763263
-210.34038318583984 414.70703297778067
-213.7849950913418 411.8154633738211
-215.7864970528501 406.2464617564814
-217.7020768817802 400.6766847738454
-0 0
-223.7457503131254 393.8868355464759
-0 0
-228.5906881014847 385.2924828144065
-230.66253629553293 380.55196011807897
-231.6126097288684 374.106400659736
-235.13375788996404 371.90336903629117
-238.63395311585973 369.66719684102037
-242.11288350168707 367.3980833408069
-245.570239037503 365.0962307379571
-249.0057116359146 362.76184415218165
-252.41899515953236 360.3951316023178
-255.22839957223286 357.1826760241832
-259.7668207562334 356.37367864953063
-262.5226797294396 353.10316145239216
-265.8441855311588 350.6092825629048
-269.75368813744393 348.87526099774783
-273.03496147134615 346.3133116331807
-275.66539221200685 342.9410904756099
-279.5242268960177 341.09706327991694
-282.7316407237627 338.4432291147943
-287.21052163257093 337.28195365828054
-290.3815793458429 334.555732840754
-292.2015837011873 330.3017324848873
-302.0028206937009 334.9556631750661
-305.8278700819221 332.8262517908631
-311.69016184522235 332.844172262185
-313.4374556071861 328.44019459026816
-318.6154483441105 327.61745386423087
-323.8056524133052 326.7260312022808
-328.29663197859793 325.0620270525443
-332.78492391201195 323.34222492102145
-337.26987379278654 321.56652846930115
-342.48106195911816 320.41804287423435
-348.3833933767214 319.93438580327773
-352.1219860155103 317.3107419620281
-361.8351157757327 319.94429045001283
-373.13909778196637 323.73324467292537
-392.16048460850334 333.8190442614438
-404.4954671178125 337.8052946316009
-420.0335780172003 344.1232240609002
-434.1664041799454 348.9248249715922
-444.49918360035747 350.3947427953446
-458.0619700371174 354.1471891822875
-447.82842318992664 339.54926503119395
-475.8818127070059 353.8156304273373
-492.12002926295065 358.7462568421204
-479.20292451977855 342.469790100808
-443.9108346834117 310.9777658461723
-444.3448626867472 305.08792667671355
-441.3888520854622 296.98464818013406
-395.7405099884229 260.89355828403075
-395.65833606665996 255.5298047214101
-398.8909080008308 252.32923634464703
-391.8969847689165 242.77098947162452
-402.7147391495922 244.25773042357514
-411.8747100478093 244.54084162575597
-349.3107395020022 202.97292250091965
-341.6430741670228 194.23956824938153
-341.70821279746536 190.04340900636916
-351.3879522675722 191.11909114790805
-342.57602341065797 182.1693393086233
-339.8388480763248 176.63113354716552
-327.22046575237437 166.1799229534037
-318.91587797773445 158.2044966923848
-321.29071140621124 155.63186937157403
-320.9331784391577 151.7461530877794
-323.2551842542622 149.13780826049114
-333.7637459251153 150.19241627337604
-336.07828449842924 147.44621625729457
-341.1290707656323 145.8490900848415
-343.40980470872637 143.01645370346168
-348.44752139331973 141.2810137097408
-357.2035331299649 140.93131631922708
-349.1590795099535 134.02961312994228
-353.2204141465315 131.7738176959018
-353.5093008247697 128.09049234967634
-358.4770056944765 126.0723458507942
-370.0629602621294 126.23155485863906
-376.93568440523586 124.61336132998112
-384.7627353185473 123.18131964786505
-394.50621555210427 122.20411568665196
-398.51696228541095 119.33243804937683
-400.58712225940565 115.84022392903078
-400.7003372973338 111.78210809339251
-404.6355854714996 108.77059791201273
-407.5813102063835 105.44418225036299
-423.1159685167925 105.20873151072892
-443.5446814723156 105.84949474429288
-459.1473489262529 104.99862843863147
-467.9339357800576 102.36616504189703
-1821.6823220897488 380.5187477453651
-1807.5420024879418 359.7789727622798
-1773.5227623185153 335.62182816095714
-1752.0073110763985 314.43661036025617
-1741.0969524310326 295.529020969803
-1693.4518371046615 271.0089950663012
-1533.7594120728957 230.61453960625568
-1448.7279942717903 203.85337528045883
-1433.7333127511506 187.9488970640987
-1419.5616336869348 172.46671610511083
-1170.691076783779 131.02061951782986
-1156.954528385703 118.42811848465482
-1143.08587137568 106.10697743929309
-1133.0752004633637 94.39062503717409
-1125.9380211108053 83.09375799110391
-1113.69954225311 71.61933806740734
-1112.3294155103088 60.985829423685956
-1107.8610338297556 50.24867880517202
-1103.2895032562808 39.60141417310099
-1098.6161234481954 29.04502194283462
-1097.841626502898 18.648407907157644
-1096.9688342437007 8.269020378276497
-1099.9979957429273 -2.09984798096092
-1105.9308673654596 -12.365945507010911
-1111.7659841083935 -22.81220242536227
-1115.5028129226757 -33.30877304251482
-1120.1394385854826 -43.916262652915975
-1127.6712658768101 -54.75870812749903
-1136.0959088875604 -65.80338751878853
-1144.4118348433753 -77.01007901839051
-1158.5991935150107 -88.83641587978907
-1175.6531289029833 -101.19150409310805
-1503.163150528927 -143.52889218534008
-1498.7742098419144 -157.24143192156936
-1500.2216534230472 -171.5662863170331
-1477.7139131074669 -182.98248825671263
-1463.0554228616566 -195.0508385911194
-1399.7938068373733 -199.9332347053256
-1313.8363057817928 -200.1878158371568
-1282.2961071975799 -207.64800376100985
-1264.5321798153316 -216.9040483981019
-1250.6444987037576 -226.55978871376772
-1128.6372100983729 -215.35795314165023
-1078.5339150062014 -216.25122931765233
-1073.5324253375131 -225.69256024281563
-1067.472265226292 -234.84455065563952
-1090.573012035549 -250.6222364829388
-1684.305722239034 -403.6560838546176
-1733.827735880728 -432.67815092827306
-1725.841432454774 -447.83964766694567
-1716.7579382394115 -462.6296374984694
-1657.4687289791707 -463.2908508228631
-1453.2815622964204 -420.8820508043501
-1429.173652355224 -428.400130034561
-1407.9192833866848 -436.3935052998881
-1393.3082656277707 -446.16261265746283
-1386.2342666675866 -458.2079854351937
-1381.896560650243 -471.12832186467983
-1375.5515321515547 -483.3445793587743
-1371.9199602956826 -496.50440334632736
-1370.973776683367 -510.6857190548264
-1378.2862408126718 -528.1127137141027
-1380.7396708853246 -543.8878204588566
-1380.2723272951146 -558.542122407369
-1380.5108173142398 -573.7725013264137
-1379.6647487967468 -588.6638947035985
-1375.9122039139709 -602.3865927463854
-1370.1989463463867 -615.2713608085882
-1367.998494325125 -629.7746577341698
-1371.0725954368613 -646.8507849898838
-1382.0491044184673 -667.9560412004016
-1392.7487453604567 -689.3235323829251
-1510.2115043583358 -765.1863904329012
-1537.586992246296 -797.2767657940302
-1529.1544114831825 -811.2014459069475
-1522.3538863890508 -825.9919155755415
-1514.5359126364613 -840.2410185979029
-1505.7147197858244 -853.9228200606282
-1498.5005655872974 -868.5160072989729
-1490.2846043267639 -882.5394031467494
-1482.7930340697972 -897.0026856783013
-1475.1611783102733 -911.4030381813781
-1466.5438011639544 -925.2055335262429
-1458.6379970627252 -939.4680375216825
-1451.429181727545 -954.2129376767582
-1441.5807261233176 -967.2336894824168
-1433.2660623772954 -981.2835443629344
-1423.9947848509878 -994.6898273920312
-1415.4125051409605 -1008.5888360925825
-1406.694696299004 -1022.414314944902
-1398.645340512743 -1036.7604407296767
-1392.0459392250893 -1052.2514448015452
-1386.0707297901572 -1068.320144909278
-1378.3436268978044 -1083.133346449183
-1371.2408065527463 -1098.5206645505461
-1361.6466728139612 -1111.9722741213777
-1351.1521911812704 -1124.700740759982
-1342.8263389269016 -1139.2710052854736
-1336.6151111985682 -1155.7460986374294
-1329.4622710635306 -1171.5434562228577
-1322.1303212564655 -1187.3080533771658
-1313.8815282557453 -1202.3628111798648
-1303.272296285362 -1215.3210776313722
-1292.6729031193338 -1228.0414347818373
-1284.6587192842298 -1243.6221190405881
-1277.8893232865778 -1260.564904092674
-1268.0933108773552 -1274.6542099362114
-1256.0493850910557 -1286.5239765400333
-1250.812570528046 -1305.500637077218
-454.1547451846714 -483.02429279100045
-436.02957167590364 -472.5750867577849
-424.8540682240727 -469.241963930609
-413.11624661129406 -464.9935126276457
-404.7821311009472 -464.33546746008494
-396.49728276703047 -463.5621908205646
-385.04902937454415 -458.8444670884912
-387.70812670477125 -470.93779683422844
-387.6600008280936 -480.0090871618604
-388.09610621443665 -489.90449308124613
-389.6070420009786 -501.42930989646754
-394.57159068266327 -517.7975085167491
-1137.3276497839274 -1522.0005969239853
-1129.464635021269 -1541.5027208008007
-1120.1679759058734 -1559.3664437055643
-1107.7559631125218 -1573.1028975208994
-1098.0246595159674 -1590.8585251664724
-1089.1774641709535 -1610.2262112952117
-1077.300240025186 -1625.3997024860305
-1067.412047670843 -1643.8465623309062
-1056.7349993391601 -1661.4066754324979
-1046.8790939524001 -1680.608271622332
-1037.2756914300296 -1700.6243382853115
-1025.8498354188193 -1718.0317561591175
-1015.7016076306583 -1737.964109024262
-1005.2686637883928 -1757.8566248716359
-995.0391071592782 -1778.5784141340707
-984.9881529458754 -1800.1395330796645
-972.7320940119877 -1818.1408837818517
-961.6144302574418 -1838.7285518859644
-950.650102819782 -1860.1573540990391
-939.3672020644775 -1881.541458402008
-922.5066639670422 -1892.090498611628
-804.963942987982 -1691.201363081653
-773.2361236064917 -1664.1306730993233
-759.0736432652433 -1675.0308069107357
-738.7121857915308 -1672.0909982901942
-718.4751208762756 -1668.9165649252275
-690.2445346795502 -1646.1432144090656
-665.9128862305029 -1631.319719721478
-640.0795057826516 -1611.5378451271433
-617.9248086596222 -1599.8105921773895
-593.2391018105969 -1580.3200207815366
-576.1730084155247 -1580.2369013453026
-552.4894332305439 -1561.118645769306
-538.6365734976004 -1569.1244825350104
-530.363950611146 -1594.0872246813028
-476.5835515311673 -1479.1159922095155
-458.66823953813235 -1471.1575191117336
-436.04121765454624 -1446.716646930677
-394.63511509291 -1355.731214487446
-369.5960860942107 -1316.088041562509
-353.70474336405596 -1306.9846802934483
-345.0773932551823 -1324.7953021747203
-323.5140745419924 -1292.1155689694472
-303.0696457629924 -1261.0938862024088
-287.9565544680053 -1250.2679803701744
-340.0004227162416 -1542.9840286123433
-326.59056084951294 -1552.0098600086278
-313.6298946227574 -1563.8610197837013
-301.22300406842874 -1579.5343306873679
-367.04728595915043 -2029.068823344842
-348.2977768023152 -2035.4148615637464
-327.07117241351966 -2026.779082232705
-304.39041093696517 -2007.0491966390923
-289.4228786880381 -2038.5571851905281
-239.12455819198806 -1807.2488610231537
-210.77562520512953 -1718.1195056861984
-195.59895193338446 -1729.9774709523133
-207.38764372538776 -2004.2992204833167
-189.02856940873636 -2013.1448531954393
-170.01608877604542 -2015.843131187865
-151.1186058960597 -2020.3561980383636
-136.6448442814186 -2093.5453629026783
-117.17189106861781 -2093.72389486852
-96.42941895793221 -2079.7657000632153
-76.07523395147226 -2068.6015949861467
-55.94366469798634 -2057.2394868804554
-36.03662629209594 -2045.6826150616532
-16.355992208154692 -2033.934237265032
3.0948745179646964 -2020.9976303181847
22.34098598885199 -2011.875960476949
41.51613097274199 -2007.5707735641736
61.820705728918696 -2043.064903605164
82.64927967432044 -2074.3541396225755
105.02056463281018 -2124.405724197759
128.0627713192101 -2169.2231159108655
152.04087751200404 -2214.787477742589
177.29293147974437 -2265.0720113160464
202.47036862145896 -2303.1173981867037
228.87764477407964 -2345.861041008753
257.29432157328904 -2399.2433457417656
286.1727312888242 -2447.325308958066
198.26626585157655 -1565.4949657617146
218.64842798237655 -1603.158402947393
242.51699501944736 -1659.3717205999194
255.92511073064688 -1641.1652377800067
267.044747395208 -1611.0171019851493
410.4492555042507 -2337.233494680411
437.3635043449212 -2357.778014374366
455.8859151997843 -2332.873128209602
477.79431952205005 -2326.4431194921704
499.83197707223775 -2320.7852108060447
521.8051156656358 -2314.9186640711964
543.9409820114051 -2309.8175703047345
566.2655314587049 -2305.475948233204
578.1486207542174 -2260.2285663888056
599.7583794800423 -2254.590624979061
640.7541822301365 -2319.1097597902926
665.1289566482403 -2320.5601631993995
683.041471222022 -2299.70766589818
699.4405720193661 -2274.90283005961
723.3063771788147 -2274.774029377964
766.8976589728102 -2334.248697260432
804.8747517058322 -2375.3401091352107
856.7337436024179 -2450.555710971082
862.9787198464492 -2394.2206934809046
853.2512312419184 -2297.6865183014306
865.6765779275048 -2264.151068817566
881.929656630267 -2241.7584795771418
900.4577235720599 -2225.7531058182135
920.2954667370785 -2213.29285317221
945.0833749054649 -2212.612350701608
996.4508188391569 -2272.1018387464005
1030.1681514362008 -2288.8542067520425
506.7890851441266 -1097.6546921408294
501.06669028328173 -1058.3823372905265
489.39812260424526 -1008.5288680010306
491.0653101242576 -987.6557402215443
505.5371866987158 -992.6873389263851
512.2908276962021 -982.4571786385095
1132.904326173817 -2122.584223944164
1271.669582232164 -2328.361113235117
1298.89068174692 -2324.747727576268
1330.6247069065419 -2328.63949321699
815.2112700106237 -1395.3087777433589
826.5475659841777 -1383.9664451010478
836.1783094563139 -1369.9747569918145
846.675009761984 -1357.6234484733034
856.4743765925853 -1344.3539869544563
855.734456040409 -1315.0967799919615
858.9396119522445 -1292.6433162397614
870.2142136065778 -1282.6641113078222
883.6538643338597 -1275.8761099918115
895.3116047712449 -1266.4983736120382
908.6259811184349 -1259.447429008675
924.8517200982277 -1256.2839232559452
941.1003163950779 -1252.9242572801775
954.9365330757663 -1246.1926888716832
968.730168181492 -1239.31063953113
981.2328032575579 -1230.7145021536533
996.8141208592444 -1225.8717748833326
1012.3927378026582 -1220.842718962782
1026.6750916696305 -1214.0997719072168
1039.8462856731169 -1206.801020123791
1055.1259325816613 -1201.4617207359038
1071.0638130620098 -1196.6863867985915
1086.3310268708753 -1190.9781274472127
1101.5853719959573 -1185.08804238526
1115.4493740662 -1177.563881025281
1132.741660019678 -1173.4808612226552
1150.0554346499841 -1169.1759907011588
1164.556299697114 -1161.823405185042
1179.0203734553033 -1154.3010694690174
1197.772433269854 -1150.7659180297328
1212.1961403969951 -1142.8632976898978
1228.0449947376953 -1136.1489739024958
1246.8360579030948 -1131.9257240263914
1261.922291173149 -1124.122827381559
1279.9834787022546 -1118.768203985649
1299.5732750311877 -1114.4744514006202
1318.4297391344985 -1109.2664346160207
1337.3026421133582 -1103.8014510756143
1359.2975525762063 -1100.5958220710888
1376.6512133199506 -1093.3414091054576
1400.2993923536278 -1090.7734007455722
1422.430828230572 -1086.6418632186453
1451.0102993732391 -1086.9857915873522
1480.5267554796044 -1087.4785176310547
1662.7392817878817 -1197.3717387676725
1637.9972161863038 -1156.2828891607446
1349.4792681450256 -933.695188402921
1341.6601764219272 -909.7191715048568
1329.3460056840513 -883.2073353249837
1316.6532902785514 -857.0094008811486
1309.4892608352807 -834.8933319634732
1304.5714505248848 -814.5780076060228
1304.5073106473455 -797.55982626235
1308.5292665545612 -783.1833492677065
1308.9450349533888 -766.7802132755329
1309.168507476283 -750.4390841582826
1313.5619879938815 -736.6076999988269
1317.8112945517933 -722.7602589736979
1322.7977933393072 -709.3708465511249
1326.661303424106 -695.6822449919588
1332.2840616000678 -682.6625661382249
1338.6735447539563 -670.0463719593422
1344.94356097272 -657.3703809862591
1355.6062212127688 -646.7888163915931
1366.1885827712515 -636.064270577651
1383.0624536997454 -628.09175218756
1416.3653760704356 -627.1444183510317
1431.4082215942951 -617.6985536264893
1453.7730621587455 -611.1242784749958
1473.3635150709993 -603.0455641637943
1445.5499813329095 -575.7788216567405
1470.5065968609915 -569.6835512706199
1481.437680881949 -557.8811680484582
1483.824343953308 -542.8308357965074
1508.6751046698375 -535.8175328873208
1626.1783629311687 -560.3069979346184
1645.6261873777967 -549.6721308347518
1672.628443283592 -541.1821234286174
1696.7522892185534 -531.333858352353
1724.6659713171516 -522.2368115909352
1709.3670794314344 -500.02518712165687
1757.321904840316 -496.0803591842796
1800.526321124985 -489.9601687240777
1786.6948585011694 -468.11374964370157
1770.6735639803528 -446.08421830537316
1759.2571485141243 -425.57524058849134
1746.6385119477366 -405.0961720147407
1734.767667559263 -385.1105550241315
1723.654732018885 -365.59316841115384
1712.3291703495966 -346.32038976915925
1701.7765978944024 -327.48345127495173
1692.0058945972619 -309.0567142906296
1683.025436764663 -291.01439690007635
1671.882264570061 -272.84738117871814
1661.5357063947843 -255.06880713875051
1651.0035994349462 -237.51024115362125
1641.2802899480926 -220.30662683610973
1631.3803460612487 -203.30805809185304
1623.293670917772 -186.74490075582773
1610.0384076070661 -170.1097470167515
1601.6054177928372 -154.08142554062434
1592.018058421769 -138.13942832870384
1584.2675946973607 -122.54463836430881
1572.374668229376 -106.835868090073
1565.319067451239 -91.65269812495012
1555.1213186469024 -76.463614156796
1549.773382099068 -61.67223149211166
1544.2853241775088 -46.98763167011951
1533.6597839341084 -32.305837602265804
1525.8954567349692 -17.86211397286454
1516.995813033238 -3.564160437648876
1507.9629856109493 10.565700512136992
1500.7990730022523 24.55895917135666
1492.506263883614 38.39338833933764
1484.0866598206283 52.07481293726259
1476.5414108192613 65.64649370580034
1463.8799632159712 78.81277367791594
1457.0904914585706 92.12654178368477
1452.1753059508112 105.46506903552545
1441.15851700245 118.22913715027593
1433.0184071975034 131.06961750585094
1428.7445804087283 144.1697747542358
1422.363397007147 156.98205902041474
1410.9034985454296 169.09263080414505
1402.3175788146218 181.38745311486292
1397.587689368685 194.08670878012202
1390.764857213226 206.41974697367326
1378.8952853787519 217.86186440093311
1371.86543574892 229.92656696742588
1368.6695841608682 242.5769349977776
1363.3912364401672 254.82020406190708
1352.1165593985127 265.8285345863533
1342.7147513929847 277.0525155844566
1337.1316212171298 288.96890410777735
1333.3941374758879 301.2458699217854
1329.5440604799542 313.4782149408094
1323.6396532805124 325.1877431014963
1313.7573854845418 335.8236621871975
1307.658511155178 347.33012855700105
1299.5615487446612 358.11140867665404
1292.2228667415739 369.45373549361886
1286.7040974619172 381.25656135299914
1280.1219398731905 392.6943073884566
1272.4858292906208 403.738546902028
1263.8057353886186 414.36103001951454
1255.0393588992251 424.8543369365811
1247.1324595089488 435.547504227909
1241.9588630713104 447.14447602382165
1236.6776197515296 458.68231359590385
1231.2893875596142 470.1600196561491
1225.7948337255682 481.5766040950357
1218.3402354814984 492.181948680452
1209.8716449814794 502.30528831559104
1203.1609643529691 513.096183826418
1196.354750033867 523.8046506775245
1190.3661229489821 534.8396893793583
1184.2759536687233 545.8080849181661
1178.0849692055885 556.7089053822178
1171.7939050999012 567.5412266705599
1165.4035053369005 578.3041325707999
1158.9145222631291 588.9967148360195
1154.101893124911 600.5412727577484
1148.2917240270335 611.5775637897641
1142.3760216600829 622.5576480423979
1137.22877730582 633.9674345481081
1131.0989410746397 644.8404341384222
1124.8651516698892 655.654169939212
1118.5279820053684 666.4076481186262
1113.7962910159588 678.1399723649193
1107.2440681026 688.7863047793595
1101.434095188673 699.9056607542971
1095.5126123714358 710.9768745431261
1090.3135822765953 722.5512385313432
1083.3366864010618 732.9704113383893
1078.7287136809282 745.0270882862516
1071.536883680354 755.3341690355306
1065.0583568162608 766.1557913217432
1057.6646030500813 776.3308492227488
1050.1736450623544 786.4345587628052
1042.8367378474825 796.1378889335825
1038.7307893120183 808.0187790733773
1032.1437317887853 818.0270881389687
1024.6824700348536 827.3541174148294
1018.6815539307273 837.8835788349589
1012.5738055725878 848.3721402004236
1005.5988094308107 858.1695837486529
998.529327130639 867.9102389418122
992.8633469447767 878.9188667298113
987.8223579723604 890.5655445220897
984.124778541018 903.5454721604177
978.8117382284319 915.1653299301912
972.6444059000811 926.0733554483026
965.6416010742123 936.2485237771175
957.8225123974742 945.6701511333592
950.6171036014009 955.7359061688974
946.10277115498 968.6101106290744
940.0483070697076 980.0373362149918
935.9211323491955 993.6179517411105
930.2665003208408 1005.7356702338915
921.7794110936989 1014.8712811404969
913.2030776187136 1023.9356127353467
905.8557035588706 1034.4324261786576
902.3046097758605 1049.4295551285145
896.6203667125022 1062.154375783642
888.8649322883131 1072.55215824131
879.1012357347327 1080.569302418714
872.3853512808068 1092.4045948597357
866.1437566875896 1104.9936618601525
859.1355196275782 1116.7663851111615
851.9847359219015 1128.5025519493022
844.0962228007533 1139.3970188891583
837.8438652581998 1152.6676266162763
832.5810917447267 1167.546455465117
823.104577129276 1176.6880874338942
816.3593231991943 1189.8766555512186
811.1169346541144 1205.5282320697897
802.3532091311407 1216.1736421239198
794.006023851797 1227.5986453589219
787.659212884255 1242.3501778317398
780.8548141996858 1257.245305873589
770.5992403483945 1267.0697734436242
761.7627587300868 1279.3898934304302
755.2803894170041 1295.9751283732642
746.5720006618053 1309.0757227249421
739.633084499704 1325.6194402291533
730.5330677995698 1338.6360359901228
722.1953513583065 1353.3624327860043
715.0329484540478 1370.7092626173908
705.3375034063722 1383.5852002274619
695.9090752327942 1397.294370921402
687.1601605073389 1412.746231214767
679.0403128685772 1429.9626755616193
670.2372378254665 1446.242733787136
659.5404696525486 1458.8376773618427
651.8934627440755 1478.6787728345662
642.3527818573865 1494.8283860162935
632.9524971593169 1511.8505668020848
623.2892117234201 1528.8268569557501
614.1006277566934 1547.6128130087432
603.1738551877628 1562.6280108899662
593.0733426125872 1580.3822354994797
583.7203538643811 1600.9017922672338
573.3669420740969 1619.4981783677927
562.3909847991202 1637.0941879490854
551.4512707652552 1655.574370413901
540.214231717718 1673.9921098528619
529.2764561407472 1694.2524702579283
516.8491091717921 1710.6244469047917
505.8425918352243 1732.6708493783296
494.46786699182996 1754.6596617328814
482.2006456256181 1774.6558926615146
471.3738278619202 1801.3469167283688
240.66175735334886 956.1788109697881
233.8068052969608 967.1397922724663
223.60529663498636 964.4172703331166
212.60852806077327 957.6839843057999
198.22905683139274 934.2003216803859
183.11843183921098 904.6527731238921
173.4987447174089 900.4372191227345
157.75880852108884 861.6775257217786
144.50552771088587 833.567125348042
137.77271540853488 841.8002606847772
128.91875230151052 837.131384733019
117.5932211875523 814.5556054258882
111.11212801994392 824.547206051224
103.95621515575654 830.5191781834361
94.28584203879157 815.5680106472029
85.22314307151537 803.4930092321974
76.49267131346299 792.3161434902929
69.97490274777797 803.9605170563036
62.00727855928113 799.5993355460419
54.807268958482396 805.1367357594066
47.44984214048461 809.6107166291977
49.24289746908258 1001.7904656408192
43.48822689124576 1095.1368746060264
32.6796576548581 1079.5054608363782
22.35719646026663 1072.7670556865721
11.57128178521865 1013.933974890795
1.8945200937832358 953.9981188627231
-6.844760162207355 919.9745372880284
-15.364126596127575 910.870431847438
-23.843932426199302 906.6865317663293
-32.24623980107115 902.4240577570457
-40.57032423565239 898.0840989525502
-48.76093245999219 892.6692396770666
-56.85309116291952 887.1802105689807
-64.91948937585308 882.6156920762164
-72.90491679172044 877.97828737822
-80.90086162045132 874.2648629500493
-88.83330470866542 870.4789738842273
-96.70159290345987 866.6214871152997
-104.38482473595231 861.7005328795176
-111.98392350155179 856.7120875050139
-119.77620587466038 853.6378977682932
-13.493449232254669 89.994037734822
-14.498706389261375 90.85035780357715
-15.187500114016807 89.72368606051994
-16.03253911156043 89.5765465377868
-17.80341485871274 94.33471481574833
-18.28820361794144 92.20380473943965
-18.949187886849057 91.0490432592726
-20.441865958789645 93.79834815242153
-18.434194952905987 80.9270069657729
-32.60509280228299 137.17837994142704
-199.98324209792054 807.6080131350881
-205.5599615092482 797.9480573472915
-213.81711854250167 798.8812426250737
-17.394144255827374 62.629415976899125
-24.897183181084635 86.48774635546654
-26.279260880280688 88.16688974658315
-26.811124286342494 86.96070155249609
-27.929854521694562 87.65799008873621
-28.1264632292322 85.49211698288123
-29.570603291208478 87.11819225049365
-30.38710497651121 86.83676554977441
-275.7212516719477 764.8181426825952
-282.8886803660267 762.1961653805193
-282.8963415879161 740.822961250644
-273.0253953495744 695.3172897995623
-233.88597512031845 579.5880870428737
-215.19334017315228 519.1683988313637
-205.56968003493822 483.07981395451947
-202.89216533863748 464.63294033484
-202.7484373039586 452.6688316758762
-205.3195771861253 447.11058053250173
-207.37854845522202 440.6394644611455
