-209.31551086851985 441.9366661749741
-211.65848172657084 436.3779177653274
-214.43369641690325 431.6737076090961
-214.41917307534058 421.60813348142034
-217.46606858161522 417.79122659009516
-218.10977137709642 409.5413625384263
-221.00926796689527 405.7079041289892
-223.8559120156851 401.85635574870014
-226.15475367396843 397.1184047493476
-229.8933723834296 394.96586856863183
-0 0
-232.6353427273843 382.8639409948558
-236.2391142378209 380.65086484090614
-239.286517719522 377.559217127148
-241.21011955697122 372.76491012877227
-243.06467557927738 367.9681555318893
-247.64540800119585 367.3156025762059
-249.96809627634363 363.3138462046012
-254.53569301823617 362.5749315379184
-256.20014656368994 357.7170458627095
-260.15540950809384 356.0901050347735
-263.50521675988176 353.61843948008107
-266.83154287573586 351.1152627365469
-270.134091444387 348.5807978640182
-273.4125681734006 346.01527071044944
-276.66668091540015 343.41890989177654
-278.62676944605556 339.24640506283123
-282.4587051275893 337.3678702805671
-285.63078559043436 334.68650155480026
-288.7774132922838 331.9753086785484
-292.5617130800005 329.98279355095997
-298.3453864667893 330.1742424447766
-301.44885310520255 327.34322806735753
-305.8941111646834 325.941394662857
-308.95728447782705 323.03931087111835
-311.9929263891879 320.10844081828077
-317.8195651949614 319.9870684563451
-319.403268157948 315.56703295816874
-326.67571996420037 316.7143413012289
-330.37537374478427 314.30576263090387
-336.982527029493 314.5850862275849
-341.3594069430874 312.79826612605075
-345.7993934534403 310.8822598464454
-352.4835151077401 310.89447016196925
-359.9548733864664 311.4618582191613
-365.1811800449409 309.97371782295426
-372.71691456044715 310.33385506666906
-381.0664736257713 311.2110902240139
-401.1731378385635 321.33489302713593
-416.78635331311057 327.3975193735575
-430.96517835114247 331.9714069747091
-447.6612418228291 338.1130174507373
-459.68952038795743 340.3961586820417
-470.991373671177 341.8934423579044
-486.43630791719147 346.1050683533705
-502.00247407517725 350.05359021498555
-512.7323268335476 350.35205296937545
-471.1611361262455 315.43015677678244
-455.73625043326535 298.8803607482901
-444.2482679703371 285.3550006664602
-428.31358309508767 269.4132040866733
-406.1576554807276 250.12988404906466
-406.79993316444956 245.23216423911316
-408.24726966806634 240.85299833834145
-409.64820578007146 236.46849156107078
-413.6150766365895 233.55420865167088
-406.18323509186115 224.30153706631145
-348.45719274683194 188.13182830929273
-344.03575494080405 181.54999124844653
-345.7429379581058 178.27737055525978
-348.31209919391483 175.43854067772125
-346.3717554391603 170.36022726562248
-343.46523928747865 164.9018781008726
-330.5256822261248 154.84758115306414
-326.52289547209114 149.21058518926145
-329.750883093326 146.91955315468263
-328.3783380284402 142.58915496516363
-330.6375346616168 139.85642878640994
-339.34691156912055 139.759341757535
-344.3706584791473 138.02119249824824
-348.45992839187534 135.8369548581281
-352.5095359972539 133.66385835745103
-352.8181472811133 129.98213319192246
-360.6213004792513 129.00107612207557
-360.879138093363 125.26071885867276
-368.68069684130177 124.07878052516537
-372.6885936282584 121.52041877557404
-376.68080163816455 118.89732409617027
-379.7000314915124 115.91758315865859
-388.45124225518913 114.58897150424364
-398.1723205407735 113.37902431744374
-402.1185542367955 110.40683103191273
-404.1103662998672 106.85884076194708
-404.132658289358 102.7900506079116
-407.02851243351705 99.4423957181155
-408.92338319776536 95.82101373964655
-419.56772093494317 94.14312268805224
-436.0825617187891 93.53074021292936
-460.45948803345556 94.2181504805097
-473.1076081273096 92.15851090407223
-476.9070347484489 88.23083478830836
-1820.2580819663356 319.0055094136103
-1779.7811239409773 294.61016761712636
-1754.8187500851404 273.47240144048374
-1737.5341854056726 253.99006781101897
-1698.2421621559788 231.88263987583582
-1551.5508864894996 196.94122634341431
-1456.0099275083985 170.85400491937003
-1437.674127916375 154.94870738373464
-1427.1312154601505 140.18735270784333
-1183.3539154914117 104.96433056588691
-1167.3457335235053 92.43883612675617
-1147.2176972816567 79.94720160064065
-1132.9488544188212 68.20478920926895
-1124.5541695284812 57.04313978128955
-1115.051362058614 46.00499941560362
-1114.4367090975359 35.437570682173956
-1109.7229984384428 24.796506544111537
-1101.9083920871935 14.208991794493883
-1099.993463855106 3.792027959480284
-1098.980220899238 -6.593487109390261
-1098.8718466104617 -16.78287004399509
-1100.667075508855 -27.073767576462494
-1106.3634609518292 -37.535213742431836
-1111.9599323608272 -48.10518500229062
-1114.4591039247703 -58.62512839387417
-1118.8546852943389 -69.31950082701135
-1129.1320952400836 -80.52770640431056
-1132.3194972735914 -91.37043336923128
-1149.3460649601327 -103.53561204077648
-1164.2524962735554 -115.82799713711155
-1178.0341270059864 -128.29885271990403
-1499.5346110053492 -177.47098466238415
-1496.8233554063713 -191.31346714231114
-1485.0680657229648 -203.89664089889348
-1466.2833445118679 -215.26066432836947
-1442.4772722626533 -225.5201077635769
-1366.323906855473 -226.68035105671694
-1290.280663929268 -226.44162225670374
-1272.3812900518317 -235.54586119487777
-1251.4810032601627 -243.76279141603322
-1211.9248518215463 -247.80466811043564
-1083.423762195906 -232.07100531791744
-1074.3828215029584 -240.62949291253133
-1071.1195277383772 -250.4055855956811
-1068.7389990272136 -260.3784782932523
-1118.6095661512438 -283.5994332062849
-1729.9623470004462 -455.79740890082724
-1721.7804351076518 -470.8472504756776
-1715.3927678362236 -486.32977705994927
-1699.2712539887182 -498.9170325491102
-1496.483148164324 -454.5703325781332
-1437.7985866011659 -451.42466078814243
-1409.7472935576807 -457.09579773477975
-1393.0972272420352 -466.0913166435879
-1381.1296782030524 -476.4470715480716
-1376.628778302204 -489.29971055599583
-1371.0691876055514 -501.7661634652675
-1366.332728664304 -514.5239300370365
-1364.2751185728316 -528.3203581569486
-1367.6534580916275 -544.3418214412821
-1374.5809390384018 -561.9183588674654
-1373.9101673110872 -576.6028547962804
-1374.0032342718348 -591.7187779769522
-1373.0187984187578 -606.4819693846725
-1370.9672988315951 -620.8652555381076
-1366.0455271463875 -633.9996985514646
-1360.9979595285706 -647.0962479871653
-1361.2194042408548 -662.7803056203255
-1367.5312083328042 -681.6468251490797
-1381.6260078341197 -704.7769678957685
-1419.343710261373 -740.7188617427529
-1527.9669302829814 -815.5618063406371
-1520.3220139841624 -829.7258425498994
-1513.4190970873535 -844.305416642165
-1505.5076973120267 -858.3330200651953
-1497.466281959053 -872.2864978868638
-1489.2955454847036 -886.1646450854486
-1481.850778737602 -900.4855743179688
-1473.4186651904627 -914.2173904867242
-1466.548879715128 -928.9404627888179
-1457.8529983166889 -942.5288511759418
-1450.7006076010466 -957.1372665955256
-1439.254755362829 -968.9018263815398
-1431.8373278540705 -983.3671067122974
-1422.6371636460035 -996.6305737901355
-1413.3141405558838 -1009.8079718960352
-1405.4854932690453 -1024.075938693156
-1398.3162857991217 -1038.8818820582774
-1391.790198263842 -1054.2466713329927
-1385.8905119915003 -1070.190865580499
-1378.2428005856143 -1084.8791557744682
-1369.6615877476443 -1098.8917758581154
-1360.1646888674231 -1112.2054752419563
-1349.7703367106262 -1124.797332027456
-1342.3083869586808 -1139.8812193822585
-1334.682393727327 -1154.923334197683
-1328.3926521665708 -1171.2446207645369
-1322.6583430420799 -1188.2166921825244
-1313.0345650955346 -1201.8070689026506
-1303.272296285362 -1215.3210776313722
-1292.6729031193338 -1228.0414347818373
-1283.7663941054745 -1243.1061279574753
-1274.689814623912 -1258.1124260152812
-1266.8534352944214 -1274.4769019023936
-1256.0276876109817 -1287.942330989478
-1244.3688645470647 -1300.5945290311845
-1238.7423765730637 -1319.7034987004158
-434.2119396599477 -471.53047776018246
-431.0322709292422 -477.1374869129236
-420.4894458038656 -474.4940736906605
-411.3490111770483 -473.20290679967786
-401.6231240088018 -471.02002745256027
-393.25992055571743 -470.22934285783447
-384.31456753430865 -468.5491576995068
-384.83912647435426 -478.4295629812773
-383.3517066310117 -486.00665532798075
-383.5897810769915 -495.97165226785467
-383.67210941805774 -505.98489350443845
-385.38752325896223 -518.4519813023409
-1118.8868795382396 -1535.6080720018313
-1111.7340205603343 -1556.7968613562768
-1103.131221945421 -1576.349424197948
-1091.4283515493355 -1591.7550544711019
-1082.3196339697272 -1611.230961074059
-1070.1897040751633 -1626.5002297237816
-1059.4915833595282 -1644.2060651847505
-1049.0861382900919 -1662.7008974700116
-1035.7960860858475 -1676.892205256271
-1025.9520828958596 -1696.9712206167926
-1013.7818548128822 -1713.5715190362355
-1004.3935009547245 -1735.286343875244
-992.2190414949954 -1752.6258510288935
-982.2263446993675 -1774.2647513205347
-970.9584328582762 -1794.1125164441053
-958.465516166721 -1812.1379236468897
-946.6347096335784 -1831.8642762270763
-935.8659142783052 -1854.2071056093037
-925.6403237837017 -1878.3040198502488
-912.0050784515291 -1896.065066625779
-896.4153552029644 -1910.1150517590147
-783.3040025436555 -1710.1449761932727
-747.5148892729136 -1673.6518426229823
-732.44579297042 -1682.4827370169157
-716.1050576469214 -1688.416283507269
-685.2117693194069 -1659.0689651687683
-662.0256755262842 -1646.9204610253548
-637.3105606188856 -1629.8267543894478
-614.4003546371633 -1616.1538306181526
-592.1530627908993 -1603.1331043389246
-568.1821504913636 -1584.1900276996473
-557.1133119891641 -1600.8278350917267
-532.671210276295 -1578.5491382097637
-514.2948886568687 -1573.0625440526576
-496.07036514306907 -1567.3704708290322
-453.4120054177612 -1481.1544664021521
-442.2154614431504 -1494.9670516973347
-411.3035335272591 -1440.428201372075
-369.25352377294854 -1341.0938949906754
-351.67909544145715 -1326.1620616762789
-336.6452134478188 -1319.7401260334068
-326.2863817312326 -1331.6073734764088
-299.48871386456955 -1274.279212051953
-281.7108428690927 -1251.6900578857312
-315.91912343485666 -1468.4001864097374
-320.5116552652607 -1561.4442925827111
-304.7659402604677 -1559.4995099893918
-291.82335216810014 -1572.145073181662
-279.3613819072207 -1588.624001549419
-333.3078544324488 -2006.5048901444616
-316.936936545347 -2026.3642264541809
-296.15497756664536 -2018.388522872269
-279.0834239177605 -2035.9610611439352
-258.7978571779514 -2030.5744677603184
-206.92214437840127 -1755.8494315190708
-186.53401066756203 -1722.9318218850897
-177.29775527089322 -1796.2712785033063
-180.0996626383299 -2019.9871562753956
-160.74293569541973 -2018.6100932631884
-141.70818553341297 -2021.0380476757057
-123.67044662550009 -2040.255283201455
-107.82282427554911 -2101.2354076983484
-87.25527139727086 -2093.182151083223
-66.59606490701515 -2076.932585362101
-46.391864500579125 -2066.479323610125
-26.38185685003698 -2054.830649379443
-6.596745727754157 -2041.9893444741094
12.958310583239097 -2031.9586812203706
32.28805520262372 -2019.7419343795464
51.43544711059621 -2009.3417814748523
71.23063503357115 -2022.746201734838
92.22874529986147 -2056.933362688352
114.32530653514804 -2098.8886879216925
136.91644315004507 -2135.615575798964
160.95926515607331 -2182.071519212974
185.82391288033094 -2227.2616535561874
211.66410405993537 -2273.1668014143847
238.60765979494948 -2320.766120204097
266.7085626581166 -2370.040409487746
294.4426989376577 -2408.065509292118
325.68056291903395 -2466.5920155017006
231.41115833018085 -1631.6718039484178
253.5236397878163 -1671.8871864060498
272.1253624109277 -1685.1696612307976
283.5741113983217 -1654.879670352093
304.6327045066146 -1680.6138507536423
448.28255932854245 -2344.5280435520176
470.9842790404435 -2341.0932935055694
491.59496786475773 -2327.654481999003
513.0712253413027 -2318.9184801813913
535.1012792521733 -2312.907828025727
556.8284682002219 -2305.715953234872
579.1991381333644 -2301.229531877593
594.693594268111 -2270.4071284543825
611.7512021453163 -2247.220831755028
645.2779621255128 -2283.581693654761
680.1210805276431 -2321.4211844949446
700.6506802196548 -2309.0382466099895
716.512103421472 -2282.164412493223
735.6267719379215 -2266.614711945591
768.8110297536796 -2293.575941740122
809.6398167163007 -2343.058763067541
866.8865605645502 -2433.186530275179
894.5676099826624 -2436.999136472951
876.4392613301702 -2318.899571175739
884.4124196665806 -2274.074464906438
897.5521201037421 -2244.1678171868693
914.7643918146337 -2225.3184283306523
934.4219775628611 -2212.794515504662
956.3107157949696 -2205.6032768509644
986.6847028456094 -2217.381856417715
1038.9632564013261 -2276.084214577297
499.3816702072394 -1066.9123429134318
506.52174317027504 -1055.7825172334242
498.0548951483443 -1013.2039880590542
496.91714058009836 -986.9642118120083
508.6126239608555 -986.6170476672564
518.4798885532683 -982.5983946484904
1141.6772821734064 -2114.4696695316165
1246.4322153327237 -2256.6547659269368
1312.1944888478515 -2323.008743728126
1333.3228761932774 -2308.637283728149
1361.9220756497548 -2306.9913870359082
836.8460698271408 -1387.1152278793813
843.7603684889901 -1368.843468248771
853.5995440237647 -1355.644429207903
863.2638477834946 -1342.3827803983613
865.0683683270454 -1317.358234543658
866.4746009951183 -1292.4232146748025
876.5207313825065 -1280.7870265804054
889.2869583453696 -1273.1762272823196
900.8268526172316 -1263.8097094118768
913.445365926475 -1255.956433745792
927.1877480000304 -1249.5834825887512
943.9091740634 -1247.0491053358526
958.8330045226439 -1241.934084176
972.5076736367072 -1235.076040054911
985.5125224060218 -1227.2901320311023
999.0907869586507 -1220.1420406716359
1014.5449405964333 -1215.149193930597
1029.3463134217695 -1209.210555298378
1043.7899577683768 -1203.3916752503692
1057.0901693592025 -1195.732567861281
1073.0161367492447 -1190.9010749326437
1089.6210317071136 -1186.6115654507691
1104.8735059447204 -1180.6538594615365
1118.7299373073083 -1173.0662075826692
1134.6321733123516 -1167.4732679100152
1152.639134268253 -1163.815718296214
1166.4153479424288 -1155.6985922308388
1180.8577487090743 -1148.1219348630777
1199.6018673992648 -1144.5170858192535
1214.732408973407 -1137.2427949165753
1229.8321227556626 -1129.7844705244893
1249.355557715098 -1126.1592651159056
1265.1740130473684 -1118.9529555390686
1281.722567997958 -1112.2033351346865
1300.5402169442257 -1107.1852347781137
1320.1441212269497 -1102.5513589805803
1340.5491541506578 -1098.2790926289892
1360.2107813475784 -1093.0926906286631
1380.6784845821035 -1088.2513139032112
1401.9662620162467 -1083.7317934656126
1424.0876747607888 -1079.5106736824835
1448.6610067694658 -1076.7573020257062
1478.1570369440885 -1077.1688698308508
1592.413117964867 -1137.5717391590786
1712.8469246082814 -1199.3483284100382
1385.210332819227 -950.5747386980397
1356.779246104144 -912.3459197810171
1341.9492869607723 -884.093383769766
1327.5491426432625 -856.7457463373474
1317.8261057844168 -832.9557940929872
1313.7259640711775 -813.1107497292452
1311.0801277510932 -794.4544660433203
1312.500512411011 -778.4718395169047
1314.601390458513 -763.0355065162722
1314.7891197322135 -746.6415275309771
1318.281873011738 -732.2546710596414
1320.7417462399824 -717.3912738101587
1325.6884813189515 -703.953869581134
1330.3834784257745 -690.7103592184908
1336.8538134121475 -678.1024122987614
1343.2046671805733 -665.4338600224107
1350.335695921214 -653.141262148527
1358.2585713071524 -641.2001664618105
1366.9844908601042 -629.5858970370456
1383.8218506347587 -621.551354037453
1410.7049574570271 -617.666190596642
1432.1176439036667 -610.9730387012269
1450.7580794320222 -602.7785621293368
1474.932703719374 -596.5354302127048
1473.0618690356162 -579.6358598234731
1471.003993889913 -562.8252392705259
1489.3813567261461 -553.7726737900527
1496.431135369355 -540.3469784288454
1505.2474711989028 -527.4988629839011
1610.5292331484393 -547.3541716058257
1646.0258128746443 -542.1144006115004
1674.8954518415053 -534.124728317871
1699.9367811837808 -524.4577580497087
1726.8598365483247 -514.9360202163887
1716.2753643736044 -494.1607771204138
1748.812792291116 -485.673570949614
1808.3891998107877 -483.85173556338486
1794.4826056486045 -461.9969459039693
1781.2967962087398 -440.6889195526477
1766.8970887601774 -419.4409108930717
1753.2315920934057 -398.72670400366
1741.2882353383898 -378.73378707492674
1731.0831946582355 -359.40920017695333
1720.6696279194716 -340.3116682622968
1710.0509184283771 -321.4433953004232
1700.2149628403156 -302.9819798831347
1688.2117185139748 -284.4032233855517
1676.0104758342345 -266.07871935557483
1666.5821799536122 -248.45288780987445
1654.9906400205357 -230.75307461530855
1647.1813537540186 -213.8097000724678
1634.2362468025717 -196.43800456287497
1624.0930440913357 -179.66019073277917
1612.7551500927245 -163.28449359750633
1604.252041990039 -147.29693062243226
1592.6019785515512 -131.2361913257332
1584.7823610806465 -115.69731201567039
1574.8162280763459 -100.1890602181225
1565.698140810411 -84.93133616529946
1556.4332917093795 -69.85276271347894
1549.0229719373842 -55.02574315966959
1541.4721594644607 -40.34329679107304
1532.7830504595327 -25.789924853895112
1525.9572874362013 -11.417395515177889
1517.9973741464723 2.8234879873664442
1506.9054483064926 16.881050447423185
1499.683469805424 30.81380197839458
1489.3346371382609 44.52346145847756
1481.859102159424 58.16013537867471
1473.2605506888149 71.61249740157034
1462.5440344344931 84.79355718494298
1455.701650195037 98.04950596227343
1450.733893409556 111.33809102347192
1440.6636987830473 124.11328296660633
1430.4822073976272 136.71011052154088
1425.1645328666436 149.64977199782524
1419.7302858997195 162.50204706126286
1410.2110049063315 174.7739157914443
1400.5870356710273 186.88219687879442
1396.8002212501492 199.67509087398577
1388.9425084258794 211.81054810284132
1376.044881080144 223.01678244726887
1369.9591180212685 235.18506532173282
1367.7022746348484 247.97275648478313
1362.379322113414 260.17606092374217
1354.0066248435257 271.711353976686
1341.6235248453495 282.28942166071306
1335.9980557445103 294.1652512566502
1332.2171548424185 306.40896257056755
1327.351757602937 318.37448325579425
1318.4984451128596 329.3066203934736
1309.5572286110564 340.1012569699341
1304.3919074295582 351.79930618504443
1295.2957088719409 362.2623725670889
1290.8081475590561 374.36656660973034
1285.2499214402615 386.1303399602281
1277.6751082688422 397.2282941964261
1270.9579771468348 408.52272926585806
1264.1419555359298 419.72504839930076
1252.4982125163338 429.2134989063007
1245.503591804695 440.1838284189959
1240.2932081493714 451.7441287040044
1234.975720257609 463.2450435506023
1228.618895208868 474.3254266173601
1220.3044707016231 484.58848395894785
1214.683963800463 495.8698096133656
1207.1150516280375 506.31438072904905
1199.4577392641497 516.6595897874488
1193.5424181773692 527.7134601384715
1186.6147877303572 538.2883479508353
1178.687555469883 548.3572253380378
1174.2869527056143 560.0456701960674
1167.9736182517513 570.8218873413252
1162.4558579664924 581.976269515679
1155.9417036915438 592.6211080164888
1151.1012821422971 604.1240255529984
1145.2655070985288 615.1153698700349
1139.324783772692 626.050347081853
1133.279656552707 636.927955143891
1127.1306793937156 647.7471972687036
1120.8784157673192 658.507082017304
1114.5234386099442 669.2066233900154
1109.7710477015244 680.8907560566972
1102.354996058101 690.9518526393456
1096.5324778664358 702.011769833024
1089.7621635218297 712.4762641353192
1084.5554155865384 723.9858772945167
1078.401662246934 734.8978533531376
1071.3173735275311 745.1872819486873
1068.21205814459 758.3027092358958
1060.9041911322925 768.4935245257025
1053.499106425401 778.6139176516702
1046.7959539617545 789.2649940098066
1039.4329483437236 798.9368848022189
1031.4137001694505 807.6421107785076
1024.8855336828876 817.5149190366759
1021.3676012361699 829.8579535951151
1015.3989752826451 840.2909740054063
1008.5605242537216 850.0392161053857
1002.3876025504451 860.3836901366569
996.1100544083146 870.6857983834723
988.981178732776 880.2796306358161
984.7240455967407 892.5018509916875
979.5918490442141 904.040269725933
974.331491260502 915.5583788803892
968.220371612104 926.3634880517038
961.277208075886 936.4347971075348
954.9410678340346 947.1602593880267
946.3786831617967 955.715641839634
941.2256743544859 967.7779858706972
936.6226493643558 980.5478125505637
931.1814900827875 992.5835141322867
925.5992846242475 1004.6004003100345
919.2049810974295 1015.8554044378925
910.0258399384559 1024.0864078017576
903.4029919200491 1035.2482959125814
898.6048092347582 1048.6517042470125
892.9943499881408 1061.2869974183507
885.955098946982 1072.3640065993652
876.2687701577291 1080.2934982893587
869.6261812194342 1092.0468419155397
863.4586413351864 1104.555645815816
857.1360920442787 1117.041503130059
848.8536586915459 1127.106235510201
840.4593470273904 1137.112169486499
835.4762853900976 1151.915090859897
829.7146183690411 1165.9050784968374
822.0510639150348 1177.4243280636592
814.2471456225873 1188.899737507528
808.5334720536345 1203.6501254803634
801.5196189796338 1216.7231814964086
791.6227455162501 1225.566982576356
784.3065107544844 1238.5553266560705
778.0604123466367 1254.2718982497304
769.3180337838527 1266.6782396863646
760.9216570524287 1279.8903202339588
753.8529579962812 1295.6491491604727
743.5859329269512 1306.173403631063
736.1064380324818 1321.8609275892575
728.8751070860413 1338.400940776086
719.9870089508013 1352.273162841768
714.1331945767744 1372.3056439450984
703.4326640235848 1383.4328632733439
695.254539064381 1399.8536087428483
686.3925623397287 1415.3424498561121
676.8721225195092 1429.8839567447194
667.5575150274607 1445.2788534156175
658.0124558376616 1460.6243897602453
649.4434520178046 1478.6643306143546
640.1988816214947 1495.7521158168513
631.0742634781541 1513.719020814466
619.7869555973735 1527.0128125432805
611.2435120045451 1547.6683653264836
600.9310209964315 1564.5631684288705
590.7036979251624 1582.3369240643847
580.535189255255 1600.9959069392917
569.7349752707378 1618.6593396861651
558.6529740870486 1636.2603260311896
547.9177596892017 1655.6938511141382
536.865409783909 1675.0691125376156
525.7923018986006 1695.3369739565555
513.8099815873845 1713.627819224808
501.8073726352677 1732.8027472187623
490.8340550420095 1756.7179427588874
478.93399045164205 1778.647304214657
467.66729533059805 1804.3789238622144
238.8579483635676 958.692276230255
230.50874335107835 963.8188207535204
220.52008277620297 962.0498391935714
209.29996641477123 954.3178317828791
198.04038220822497 945.4818914261765
186.96616486578506 936.5194355673459
168.61772855189605 888.1351595438608
154.8761434636184 859.1521286628094
142.41159085915007 834.9418774914611
135.34125615612012 841.1817546654727
125.77317880182272 831.5420058506273
117.8010842778581 831.6988063854373
108.0043902797605 817.8997809513688
99.32909693688804 810.9394123494691
91.46785897807565 809.8509929449781
83.6359277270646 808.6866090107052
75.64702142243655 805.455478688868
67.22158545459162 796.1672302029085
60.09901309964549 801.7506524003885
52.811901288921376 806.272226411309
46.11657870132104 822.7084910032745
46.61378897601078 999.9140736469809
40.656974789178726 1093.2442592581917
30.11599732887381 1084.5819594225636
19.576572994850086 1066.820396219428
9.115028517066362 1019.9592718609567
-0.45932365218296056 965.9998907980179
-9.145697918978845 924.9547860352823
-17.580583510290243 910.8303481348421
-26.008796721393626 905.6266021341827
-34.41685485271903 902.3438812903021
-42.76543461575841 898.9833800477767
-51.053819221167686 895.5459270986231
-58.949751301400525 887.043362424579
-66.91729938952798 881.4635982514606
-74.87015174944209 876.8092497100014
-82.93025787117129 874.074694937121
-90.84171985686979 870.2716713380058
-98.68896929103322 866.397418821336
-106.22632527751206 860.4678772726128
-113.92457704129363 856.456181451195
-121.9803021147745 855.3460153037415
-13.092817468368953 86.00917468933167
-14.700686741865713 90.8178936626342
-15.892940678081407 92.64671843407615
-16.942549240134657 93.47700265437277
-17.633987524122464 92.331156626564
-18.48931743263333 92.16368667146145
-19.55858598011493 92.96484128130619
-20.85953341512225 94.73056458030533
-19.056550497953964 82.83627154283883
-22.39900555961101 93.35033235045559
-202.914514429349 812.031218509425
-207.5016517229427 798.4785936593734
-214.7191313114213 795.5323341315981
-26.69266457031203 95.33363340467417
-25.913573182293476 89.31677739890709
-26.74994055032509 89.06986404252604
-26.397549183942413 84.9951139600468
-27.498915353958836 85.69603056359031
-28.930178895997443 87.33295339701723
-29.424465920508172 86.11156023027833
-30.23062422001977 85.83186680521375
-28.30584976903401 78.02421975805255
-284.41505940501173 761.6279104547335
-282.220520514845 734.6567755083526
-268.8931325349013 680.8233862578223
-230.89190167391337 568.9331505031183
-213.13348146381284 511.361045719279
-206.11837725985197 481.75846080350817
-204.1953252227669 465.1540273470374
-203.21115138621954 451.364850151501
-206.59646130035395 447.6236166448005
-208.21933050054744 440.24278575111686
