-210.90416828555706 434.5209221657542
-209.13924699068892 420.9047105559257
-213.56831320728924 419.7970647751044
-215.68584193060994 414.2084228871788
-217.71685713733092 408.6176331464943
-220.61864174159794 404.78193501698223
-222.98054055014836 400.0545944442629
-224.7777271306534 394.4502166129175
-226.99226665333953 389.7120871612519
-231.18324141764228 388.4048260354551
-0 0
-236.38549043290965 380.5599820170176
-237.83526730047896 374.9271737659325
-241.37430945821228 372.65861419477636
-244.89171493196199 370.35664967390915
-246.7088767445575 365.53485488450855
-251.86035660073082 365.6533341471847
-253.5858940208755 360.7979966042402
-255.8249696710801 356.75563750667055
-259.19116269264276 354.3175710884742
-262.5341219355525 351.84774380337933
-265.2479587914416 348.55059942133755
-269.1491425495187 346.81369503648335
-272.4206109531176 344.2499248045382
-276.2956042514189 342.4335542427805
-278.8899977150906 339.03004169907535
-282.08733616055974 336.37439673351975
-285.9091820202372 334.44871002370286
-289.71979212604566 332.48073936762245
-292.19056881058964 328.9751837116959
-295.9632330868854 326.9354135922842
-302.43583413531434 327.7934810683041
-306.2107680356694 325.6439244619888
-308.58824419696174 322.0082227885436
-313.7192133886413 321.21839167583806
-310.39731917927725 311.8549410323939
-325.44212156337153 320.83707004074785
-329.1838698411351 318.4367752575299
-335.0851532025518 318.0596486560695
-337.34965339674494 314.19136104147753
-341.7856019486735 312.3325188010095
-346.15567670268143 310.4855028604535
-351.32539047688635 309.1835539065157
-358.7719050898938 309.77204541108654
-366.26048631042806 310.2470888947207
-370.71319393099424 308.0515019367395
-382.13302744978523 311.4857128859391
-402.24163662128694 321.60016444061176
-415.49166765875543 325.8077256698286
-432.8197289616613 332.8409263019709
-446.3243106953518 336.5644212960114
-459.13285632216775 339.4672594602426
-472.0352167394727 342.15749905229177
-486.6588602576462 345.7920671917284
-500.57167132656326 348.60866579207567
-532.7515470568501 363.59426440543973
-477.9743690956117 319.63338762972177
-455.04183966367106 298.11562212588234
-445.21355120489784 285.702456803444
-436.88582674076815 274.5665208889015
-401.1350813422697 246.8433643356261
-407.7319442581456 245.62300712977284
-408.31125355561545 240.74451233588258
-407.9687563450146 235.37734352800845
-418.88267891603374 236.42821596443815
-398.3354372177268 219.89515560048713
-346.7156304361632 187.14772670608076
-346.6992206786374 182.9307256335728
-337.7461795150185 174.14797794694277
-348.3071920381666 175.44828290549825
-345.4625368544077 169.94303642726004
-345.24965818026124 165.8061323546653
-334.1237954829157 156.59594277020955
-308.3046125642619 140.95838347398984
-316.01583586879633 140.8899978002199
-324.66985701386824 141.08679579108158
-331.51340256898834 140.3526412901869
-337.4470462953844 139.1204188698435
-339.6742943416795 136.29883991979565
-346.53600689120884 135.2656494750093
-352.47307172692825 133.7599854492504
-358.3890903223889 132.21671580360243
-359.6167094362905 128.84029763321183
-359.8679843933871 125.1240736574738
-365.766744557507 123.33162034046008
-370.71265610261054 121.12855404630089
-373.74229692049323 118.23999108843783
-378.66266439307094 115.89040769080299
-388.3662015786533 114.87686221066795
-395.1987421107054 112.86697583490118
-399.1350360948318 109.94190721275184
-404.01756024255957 107.20919277585178
-405.0079711276792 103.40475483768141
-406.93376059944825 99.82942694612116
-410.77483770242975 96.68522488230829
-421.4210920020371 95.0171732678394
-430.1163675226195 92.7357018043586
-453.49745551035005 93.32233304862294
-473.000315900568 92.70761111129387
-1820.690025621704 339.10445382158923
-1817.890071786276 320.9231791268568
-1773.4824155095405 295.9123550621787
-1754.4538726082535 275.80356939296854
-1740.1523073914186 256.80916471247997
-1677.1100365533453 231.41072855863186
-1514.5641335905095 194.4851800041052
-1448.8015623252104 172.2063674897932
-1435.445909121785 156.9427984506848
-1426.9078945838519 142.44248093275942
-1223.0198593081195 110.48268524048441
-1157.222812750005 93.57543294565654
-1145.0847028613423 81.76199161561226
-1131.8298065332563 70.12338442268617
-1126.4475033172635 59.16098604911676
-1114.965208021467 48.0477356557674
-1114.3683425725685 37.52595198081567
-1111.672864504511 26.971138728931265
-1102.8783499948845 16.381242705027002
-1099.9836806782823 5.99184791685723
-1098.9913927272469 -4.349564509951054
-1099.9017928349535 -14.698507354657584
-1100.7179736067985 -24.918719448302493
-1106.431362846894 -35.47730695479551
-1111.04383253072 -46.10425355050788
-1116.552536075599 -56.87208615084049
-1118.9618893709378 -67.56693078290103
-1127.2539870201756 -78.7302276582361
-1134.4373986330036 -89.97660019573786
-1146.4886558203161 -101.80747553753001
-1163.3925575634116 -114.36239332081136
-1176.1831267565074 -126.81582051655039
-1500.7008116468246 -176.11948762860422
-1498.9754161703258 -190.24642366414886
-1490.1813544421927 -203.409761006772
-1474.346465105241 -215.4123971169738
-1441.6213985756317 -224.51891494669252
-1364.4615067202608 -225.68517159679718
-1289.384220395119 -225.7638859429715
-1271.467064983315 -234.99043100244546
-1249.5655233406953 -243.13577046229622
-1211.9491048696866 -247.68602545473877
-1085.3794007558265 -232.48990604953823
-1076.3108661987842 -241.17197039130198
-1071.070480263888 -250.61529543761793
-1062.8334155376276 -259.2703816802462
-1094.2675266178546 -277.8841128773702
-1724.9046641164923 -455.36787294359175
-1724.3968596867055 -472.65153157757624
-1714.0972049072552 -487.23174376177025
-1703.6763869939218 -501.6600127569833
-1498.951788267528 -456.76310758376667
-1435.4484026019097 -452.23100675166637
-1412.1069960123352 -459.54198046861717
-1393.4966865433537 -468.04592145717316
-1382.41204819095 -478.8589865675519
-1376.898676360393 -491.52216128776706
-1371.2694859727105 -504.1239895503272
-1365.5251432396674 -516.6634138201448
-1362.4620738216174 -530.2274015907676
-1363.9067664150944 -545.6366304850886
-1372.5808392037056 -564.1611825097957
-1373.7404618877802 -579.584457497221
-1374.7606504980427 -595.0102132251166
-1373.7845505916619 -609.6925524849927
-1369.9234319336215 -623.1651391398661
-1364.1177238015327 -635.773415306527
-1360.9033440755545 -649.619956654637
-1362.041581771024 -665.6566153255646
-1371.9427259955748 -686.2427825397009
-1379.7982465970492 -706.1563556944799
-1443.2169555037501 -755.4904495402218
-1526.9963715462757 -817.3775634824514
-1519.3927647342582 -831.4262603942622
-1512.5326932839664 -845.8923405180773
-1504.666710336053 -859.8064263579798
-1496.6727325668705 -873.6473725656232
-1489.4103848446034 -887.9260698487517
-1481.1577089629914 -901.6251112183502
-1472.7790380587437 -915.2474556395999
-1464.2750848654348 -928.7919443246286
-1456.4860459991662 -942.8008261609207
-1448.5630872532454 -956.7449933223306
-1440.5067402053846 -970.6231665393407
-1430.6693121100848 -983.3012353223486
-1423.1772093840123 -997.6024412008699
-1413.915807225203 -1010.6859502727357
-1405.3422624024727 -1024.2724859652826
-1400.651635594176 -1040.7689444383702
-1391.790198263842 -1054.2466713329927
-1384.3822859659629 -1068.8716884189864
-1376.8227920499796 -1083.4495831794382
-1370.6721985704294 -1099.2300596627194
-1361.2500371808994 -1112.4577907835424
-1353.237304610883 -1126.8849974196444
-1344.3115335795073 -1140.6118974853423
-1334.4910261364407 -1153.61592445723
-1327.5467382190047 -1169.1794805948664
-1322.6615333254813 -1186.716254317386
-1313.8746082178668 -1200.888635086679
-1303.4748278638071 -1213.6368374128308
-1292.9515973836894 -1226.2953016394401
-1282.9641974777976 -1239.6204531993453
-1276.756343984646 -1257.4407493377016
-1269.6187826532644 -1274.5466436086372
-1258.7757510742358 -1288.0545828913826
-1246.4062346141638 -1300.0278836682476
-1240.0890236671914 -1318.438171997516
-426.54885623291096 -462.2738076577511
-429.492578756952 -474.4851154595931
-420.28978564323893 -473.33444421884224
-410.4918701765248 -471.29759655548753
-402.72042234983275 -471.3981983656411
-394.3426025126397 -470.6271473720553
-383.4770879510909 -466.6490362323181
-385.2738721583304 -478.07953672179536
-384.4065593102053 -486.4479387964242
-384.0266107555022 -495.633495873354
-384.71558849892915 -506.44833494239333
-389.41322417488493 -522.9353122879739
-1120.1750151461547 -1534.66867285493
-1114.1818156963393 -1557.5056602053196
-1103.2614493309766 -1573.8164360623869
-1089.2998800659057 -1585.938766563326
-1081.3481175727773 -1607.0641706608392
-1070.8901483224943 -1624.841620043574
-1059.6483759509708 -1641.72510468241
-1049.7840118761758 -1661.077520288912
-1037.0152825124371 -1676.138509740663
-1028.198129865624 -1697.9498242706802
-1016.5091744316017 -1715.4431200994056
-1006.5854715952586 -1736.3279322677936
-994.8750562144477 -1754.5690703196326
-983.8772560921997 -1774.4933206254916
-972.5889289026399 -1794.3666780722428
-961.0100519066772 -1814.1854040131416
-949.1406473402953 -1833.9457548047722
-937.4319046941887 -1854.536444522303
-926.3008533882668 -1876.863268597947
-913.9600627939877 -1897.3436704028109
-893.2302566041909 -1900.5629978211223
-769.6033087282367 -1679.0234504599841
-749.1036706540395 -1675.1324397230937
-731.189117846111 -1677.576369034634
-718.7676050848496 -1692.7179711578033
-688.5476881649365 -1665.2645679058692
-661.5275300921327 -1643.8872610158528
-636.7982165345825 -1626.8057755670698
-614.5871024479286 -1615.0129081541916
-592.3106935791996 -1602.0087522456697
-573.377660392496 -1597.1997553727674
-553.2736558028942 -1588.3992765657194
-531.1487471059538 -1572.7304309536887
-509.68231903833686 -1557.7371195614821
-493.3796900546348 -1557.733122663055
-454.570315529862 -1483.9372723397314
-440.4796413520563 -1488.1806629419573
-412.61388389425923 -1444.2138978758287
-367.8288354322574 -1335.262875925392
-351.5617641765166 -1325.1586040806947
-336.50870067007395 -1318.7429220182903
-327.08434047482945 -1334.5005935615563
-300.4575073484094 -1278.1605088086474
-283.9330245512792 -1261.4400649928489
-273.64232995256225 -1271.896566257702
-318.66942061364506 -1552.6347929779765
-304.5087550004345 -1558.5308524787326
-292.4541796351991 -1576.09630188447
-280.9591896139001 -1598.4964603562626
-332.76986577133187 -2004.5668401015043
-317.1450964683162 -2029.368125251331
-295.4235027852604 -2015.4637069424216
-276.7071334833782 -2021.1464969861565
-258.54072549840504 -2031.6152916481897
-207.37160978104745 -1762.844864262541
-186.13643459449787 -1722.9748192345844
-172.9265584753307 -1756.5082992613152
-179.54878990561895 -2020.0361957260636
-160.15009284131517 -2018.657214031872
-141.1418641022945 -2022.080110727003
-122.68480237952694 -2035.3057360664752
-106.67676216291919 -2101.2939033877283
-86.89905128027007 -2095.198691028273
-66.31127373448277 -2078.942715655174
-46.13176652715095 -2066.4851463577193
-26.222189777246655 -2055.832774513357
-6.517451151339933 -2043.9896092765466
12.964687704589116 -2032.9586608863256
32.187374604528124 -2018.7434143337948
51.266842939887134 -2009.3460903525247
71.08124297901118 -2025.7533060312549
91.83892387074874 -2055.94980776824
113.93918868998584 -2099.911155568413
136.88866736208465 -2143.633712355689
160.83131778682895 -2189.0998805945223
185.6560012423621 -2234.299856599981
211.08276345749124 -2276.233746119047
237.7358183762822 -2321.8608228446765
264.7237970736725 -2362.2130114075017
294.55986467290404 -2419.1327962978553
323.68339826522373 -2461.8119460445137
235.48688412987497 -1667.4537257155903
253.81515579020237 -1680.9455275799974
270.20030674796124 -1680.4153636030908
286.09393593701986 -1676.7680995951898
298.3902630245043 -1653.2886169487065
448.09665468459906 -2353.7258523584414
468.62688685196684 -2339.526627529474
489.54398423682636 -2328.0867010267325
511.36087797300155 -2321.3442339469348
532.6446932939995 -2312.4486222845558
554.7402848554568 -2307.2477579051815
578.4865471400973 -2308.625849889481
593.47825691265 -2275.8926948720414
608.943616594639 -2246.9471893679747
638.8037804536746 -2270.861230916168
676.1761537390845 -2318.406955026364
697.7438529270619 -2309.918291997035
714.1399097779591 -2285.00332368737
733.5053029363851 -2270.455013992614
762.7862220818449 -2286.100868160044
805.1300459725476 -2338.2674374571106
864.5539527429409 -2437.199717461939
893.7837975006382 -2444.741197616905
875.6666135695209 -2325.6037886707372
881.7244531235992 -2275.1180164474745
895.4110927584384 -2246.0995024631343
914.3103619357453 -2230.9095817753187
932.2243545922917 -2213.7212454834926
952.6712990000635 -2202.8203276848367
982.7329422213022 -2213.6666335004156
1037.961677572438 -2278.739027596405
1062.3622553051441 -2274.0902441422522
502.7819153665151 -1049.812528778533
495.6689569919807 -1009.9194448442321
495.92265266432076 -986.3451335989769
508.5874127749914 -987.7549511730329
518.0607211237808 -982.8194591219225
1139.0092238355955 -2111.364248067451
1156.8402629480333 -2095.9381207522147
1310.6589276529266 -2321.579026301642
1338.4189438117107 -2318.396801853804
1363.697053631586 -2310.588528041402
835.2285837441915 -1384.5873800149532
843.254773193816 -1367.9804046424956
853.1709155932451 -1354.732589401238
864.5335912209281 -1343.9440723670928
866.9827001500978 -1319.6901142466916
866.8179868833805 -1292.192933588264
876.9416117949863 -1280.4988908634054
889.2124946628642 -1272.0083094600623
901.9819770004158 -1264.2141880102522
914.6837320233175 -1256.29203228067
927.9128224609472 -1249.0451528718083
943.5031478140814 -1244.8477055708138
959.7098725883951 -1241.2566054029144
973.457376154765 -1234.3276456475728
987.1601875309891 -1227.2488599113801
1002.0851566791152 -1221.5667557540164
1016.9918256767866 -1215.710749523338
1031.8782268112734 -1209.6806706866164
1044.7735929672679 -1201.2127785859861
1058.519172717617 -1194.4677312465212
1075.0430290316397 -1190.4194578930894
1091.5836475703475 -1186.1657305608755
1107.4545864349902 -1180.9764345591764
1119.8695800105606 -1171.978294921442
1135.70112384532 -1166.4334345758773
1154.3439779820626 -1163.5338329831873
1168.0552402877902 -1155.4635241478775
1181.716440684251 -1147.2380981368012
1199.6698798690966 -1142.9965788815239
1216.916695401168 -1137.8355577384198
1229.7507986156768 -1128.3944227547852
1246.9734632985185 -1122.827316121806
1265.698101219867 -1118.3601014737708
1283.6924223349693 -1112.9846202170893
1303.2199907457734 -1108.6652586423847
1319.7078558137327 -1101.5135838034498
1338.4968115363326 -1096.0503115765587
1356.5190870659646 -1089.7045317083534
1378.4667015131358 -1086.2110995655933
1398.093493928012 -1080.5663247742657
1420.9226079348898 -1077.0645023672032
1447.0182368936244 -1075.6148112113679
1475.634740902932 -1075.5361971781037
1544.2427265226079 -1103.5027873014285
1712.6036823662616 -1199.695639379222
1378.3692828724093 -946.4048393968623
1356.492097685823 -912.7728024628667
1345.7958521112287 -887.3429576213538
1329.7035519821418 -858.9397323712972
1318.2691098308023 -834.1262219028388
1314.1380008116685 -814.3447149842083
1313.172491940063 -796.7898131953775
1313.7135126804299 -780.3465938932815
1314.062174165143 -763.9637441844849
1316.8272390686573 -749.126840025651
1316.808562780225 -732.8466476614861
1320.992516037501 -719.0234854112298
1325.0332287872543 -705.1864594627607
1330.7050838904954 -692.2600520815784
1337.9578467501183 -680.3453537136763
1344.3111801709226 -667.7038646491883
1350.5450757484573 -655.0030521849451
1359.3704899063182 -643.5276770830112
1366.2836673032027 -631.1053323023909
1381.2890372962547 -622.3066731485252
1408.1515707237406 -618.508814705386
1429.5474224172965 -611.8980038046078
1448.1733976420842 -603.7837446982002
1469.5520022079693 -596.5005555794132
1479.7595963353538 -584.4591833938713
1468.3997816807419 -564.0310994616783
1483.956222046948 -554.0125730054777
1491.9325760263996 -541.023279158329
1503.5687272746864 -529.2608830827947
1583.2527002359484 -540.5921634611237
1647.138124450936 -545.1247554278318
1670.2964576561906 -535.3743956720206
1699.146396598635 -527.0128299442762
1725.111397285884 -517.2926318384445
1716.4632469158876 -497.1145964332255
1753.8183241075758 -490.06355304643307
1808.5708915962985 -487.03216533466207
1793.7210119789338 -464.94508405323523
1782.4984883506097 -444.14878028403047
1765.209266245298 -422.20995530865537
1750.5908840742616 -401.3073094227111
1741.5976103038065 -382.0036175012878
1730.4395845788258 -362.4953022077123
1719.0698374579968 -343.231545668717
1708.474436890815 -324.4011382387744
1699.6463329584246 -306.15574935150295
1688.6555408868182 -287.7698111898601
1679.445036604587 -269.93586094518304
1668.0718597680561 -252.0025211182191
1656.5110556563363 -234.30775166078203
1646.7489533090534 -217.1149114536751
1634.8257562664314 -199.88433317268917
1626.700112168904 -183.34597096657217
1617.414107308571 -166.8760182866871
1605.9486751773509 -150.65806548642453
1595.3341799583584 -134.57285854358642
1586.554684929543 -118.84961812356671
1575.625735814546 -103.1723831210205
1568.537054288271 -87.93468783519384
1559.3040199714512 -72.74595040875101
1552.9228513580379 -57.84995877285836
1545.4004331583471 -43.05230765003124
1536.7379199850766 -28.382481920019014
1527.936966089912 -13.879036564382893
1519.9999312906132 0.45703012095887185
1509.929187703824 14.623546767789401
1503.7265735460821 28.677378041922044
1493.3953107386226 42.50230421862785
1483.9371663715585 56.17371503781591
1477.3513952319952 69.81300026554926
1465.6488551952714 83.05078726171257
1457.8202270908503 96.33890950587863
1452.8633720482733 109.71336363689079
1444.7950030031036 122.74933522126176
1435.6149578821194 135.54959500168286
1429.3065477068155 148.4984602022002
1421.8883405482075 161.22824508461588
1410.3874855984616 173.34399460970377
1402.7507022614116 185.7833881301461
1396.9853156399636 198.3759760815583
1391.107468019529 210.87677069865939
1379.194845646836 222.32988494847075
1373.1049498504617 234.58856898016404
1368.8749721395857 247.10789273078313
1361.5839710156756 259.0078953877355
1356.1517817859929 271.1850747343539
1345.7176941593934 282.2567760503288
1337.1493950726642 293.58558421150104
1333.3608933137864 305.8965972047771
1328.486637636653 317.92963627328
1320.593201745749 329.1725922717617
1312.6061731798732 340.2955100057724
1305.4927097908146 351.55765484915287
1298.283808098317 362.7163542352791
1291.983173970524 373.90437036366757
1286.4586505844968 385.5815611985555
1279.8739025176767 396.89141292571804
1272.2383490818029 407.8058154632041
1263.5619331728578 418.2968336438493
1252.9088127603081 428.01344243791584
1245.0152735369118 438.56238856040613
1239.854698361886 450.0236959871742
1235.5255189343882 461.77666903158996
1230.1515850459164 473.12902871100545
1224.6735458677206 484.4210008368588
1217.2393398623794 494.89836278916766
1208.7940902904102 504.89290674258797
1202.107206398187 515.5601461765121
1194.4116418255692 525.7431215637043
1187.5427214485992 536.2380858671403
1180.5823518485288 546.6500804937256
1176.2417230346935 558.2646406431053
1169.0889918712278 568.5340175271098
1163.6376669300173 579.6096790959118
1158.0814168335346 590.6330772864261
1152.4207425885966 601.6032181193414
1146.6561546179414 612.51911241756
1140.7881727142035 623.3797758953916
1134.8173259930427 634.1842292473065
1128.7441528454353 644.9314982362395
1122.5692008891265 655.6206137814369
1117.151713863036 666.7631125166425
1109.9161968581325 676.8205345229852
1104.2880851547843 687.8581430681619
1098.5503588303354 698.8498473304129
1091.0261710003006 708.7050826630374
1086.747532105369 720.6911970205338
1079.8550837770001 730.9781105073997
1072.8652649650544 741.199111731432
1067.4133358582624 752.5056613952723
1062.6550796176266 764.3593276482309
1053.7366081255716 773.2322812040478
1046.3467348187205 783.2033647362618
1040.4522026237457 794.3174516875454
1033.831808252103 804.5444625663563
1028.8663160301073 815.7224428312827
1023.783017532442 826.8762501197912
1017.037469311051 836.733999558625
1010.963757609708 847.1796036258545
1004.7841767397722 857.583674152778
999.2537055294035 868.6011927149054
991.359678902351 877.6001293565467
986.3555643595923 889.2056571214953
983.4323502399384 902.8210301613221
976.6906004612739 913.041330373711
970.5686193190527 923.9028927290508
963.611855415909 934.0322221968092
956.5511506725503 944.1111672610488
949.3868485134104 954.1386753872703
942.8182044681613 964.8289140171083
938.2109112444325 977.6427190041828
933.448644835673 990.4517289875592
927.8518711949301 1002.5202766628048
921.4403122863794 1013.8282649904666
912.9023071470044 1022.8638118565327
904.2761863327887 1031.8277854523146
899.4761484813613 1045.2672664506126
895.15202668623 1059.4677197156764
887.4519591459601 1069.8266309117553
878.3746554617775 1078.5819230092834
868.5870946480869 1086.479387292182
863.0499546681946 1099.7948789420814
859.1733131248602 1115.4753327680764
851.465059263495 1126.3885887443164
842.4379364561513 1135.6470944882049
836.8438901468004 1149.6853063008025
831.064479667949 1163.714668909111
823.3780646761163 1175.2759516854812
815.5502948803246 1186.7930386215685
809.8168634502973 1201.5813113025363
801.6768423764424 1213.0252430998032
792.8520664829283 1223.580647392623
785.5103324611432 1236.6076651860058
779.583136534252 1252.1482073745974
770.5429826842297 1263.5915130437095
762.2846181185251 1276.7502343762833
755.3609993672711 1292.4545487694636
746.2239723721563 1304.66807390122
738.389399331203 1319.4412055697312
731.3037872131857 1335.9355414119543
723.0299414941246 1350.648623329918
715.9356085174315 1367.981068749409
705.8475941417909 1379.9562217129376
695.5980080633648 1391.8618506081266
687.8192342316501 1409.0878968400043
678.9182309308467 1424.4837786755347
670.2108830840587 1440.7422990235575
660.4318992620684 1455.1404421694483
650.8467120878859 1470.3953745045544
641.0336627920086 1485.5974700999802
632.5432601424061 1504.4311297126287
622.2404543975962 1519.5330917459721
613.1913703051446 1538.2887711295625
602.3991942554454 1553.2775704169524
593.497153254143 1573.8122915644128
583.231051054591 1591.4982064349797
573.0210416074775 1610.0707704554734
564.1467028526133 1633.3164107607947
552.0286594765713 1648.001322546951
541.5375385311675 1668.3084530031024
529.5151834226293 1684.7461739160885
518.6870329572705 1705.8876756228658
507.2274844985268 1726.0131166851822
495.70954506799774 1747.0340714847202
483.8424899259879 1767.9890963866887
470.8617586657114 1785.9726213540434
242.19395648419842 954.7602251049894
234.91513609866516 963.783626563424
224.75602645862122 961.0690550478314
216.85433639147234 968.0073330239882
202.34886813154753 944.5691798729629
187.90042821626358 918.9871756864427
175.66885834374514 902.0540184535542
161.9509660097428 875.1410655480128
148.47164366287853 846.0716110519506
139.3512038981277 840.5267645781081
130.34848859229692 834.8857835187421
121.17460239464732 827.1715153065289
112.83581340513723 824.3130953789349
104.94051475367594 824.3473105210167
94.94979461444747 806.4294987800696
86.38184777629074 798.3402635310046
78.95684179223494 800.1136276393472
71.50608467075062 801.8178595261267
63.633011007370186 798.4684338846064
56.52989851569148 805.0176212815504
49.127071316468886 808.5088316548351
44.48203967261217 866.8594742785962
45.85436831399379 1095.040354008255
35.376278810717125 1090.4263014516416
24.6900550803902 1072.7158995652703
14.095952531060535 1036.9041923544537
4.095197615861594 980.9914522341604
-4.898227310565156 933.9871558909223
-13.445748683338785 916.90141882448
-21.936752087881512 910.7358447474409
-30.346311789726585 905.4916351688516
-38.70195133475129 901.1693286851714
-46.97887670387277 896.7703079070149
-55.114668845134965 891.2975784091927
-63.080446767626405 884.7541224744854
-71.24992305144822 882.1272291824818
-79.19573961197821 877.4332081858491
-87.25802455991517 874.6582402000802
-95.05780445513098 869.8212539436882
-102.65625144107325 863.9222731473401
-110.15206160218857 857.9577631356847
-117.81803849141694 853.9103640347944
-125.70958924416007 851.7735022716217
-24.695168565851606 157.0705212619611
-15.638244843687534 93.70403031998613
-16.172335253621917 91.58305286702588
-17.400544390759716 93.39283192464612
-18.27941768084343 93.224797609055
-19.34451094325922 94.03079227766894
-20.01079232108698 92.86855329271759
-20.657079090566807 91.70215419196033
-21.741058942720947 92.47878868177898
-22.36545768529336 91.30052739457396
-205.4930310600344 806.2236750342672
-212.24199647153486 801.3702857816585
-217.59315292096744 791.6402085555738
-226.0696167609567 793.4214065536385
-24.903065962137866 84.402827592951
-27.733381716671655 90.86176059573896
-28.58035504163714 90.5989144840818
-28.49563242683292 87.47570481336419
-28.992366751141127 86.25800061540568
-30.123741748188838 86.92847740003516
-31.270132262169795 87.58526604575913
-33.12140993538263 90.10533948602789
-286.54667507120064 757.621939363981
-278.7449209544574 716.7023573577062
-259.81295670508746 649.9978673258554
-218.7724317165843 532.8363943283271
-210.53016286388828 499.4407377502407
-204.86075732320694 473.590614464605
-203.5947904538089 458.8607210255304
-205.3848257738939 451.47876289126515
-207.05500007758076 444.1038470255274
-209.4676118948689 438.54226656852654
