-209.9692901587521 440.5188953838754
-211.4130269755702 433.1610924644858
-211.03944993695805 422.1923146746115
-214.57748335485635 419.2821289264501
-216.6873483398328 413.68537932763826
-219.18291531079726 408.9680300902014
-222.57005968104 405.994542492357
-225.43155985597355 402.12138940984306
-227.74245564059942 397.36302532921906
-229.4780598728352 391.734374336743
-230.61396581013562 385.25082579187495
-234.25642990962552 383.04689666670936
-236.28844910211274 378.26415217532616
-238.78878744560748 374.32060454943763
-241.78146495920797 371.2017284471872
-244.18281275548614 367.22711495043393
-247.09219840221022 364.0679132919609
-252.2412518933052 364.17489046239604
-254.52858357015361 360.1335865283483
-257.9318186580828 357.7040353752441
-261.3118645004916 355.2423249998186
-264.66841721586053 352.74867672104904
-266.7857502047201 348.6350003767618
-270.69462327433286 346.87810673256246
-273.9714472491038 344.29586999008797
-277.85369366981666 342.4592310247158
-280.4509089681057 339.0387701413561
-283.652964179211 336.3643796723239
-286.82951769663936 333.65974851323205
-290.6393300336079 331.6772223677947
-293.7711273032902 328.9065593188346
-300.24246007213225 329.80367670757414
-304.03623181220973 327.6750978414934
-307.8165704967784 325.50416115251403
-310.1951157236656 321.8508819021344
-314.6343528780793 320.3220629132378
-320.4873154313668 320.15134022458125
-326.365073143673 319.8981697852068
-327.9420754507396 315.4029092273269
-334.55434811358066 315.7109249904049
-339.73408450911575 314.5627947211065
-343.3761195277889 312.0718515631258
-347.7950617460415 310.1525350937296
-353.7133604521928 309.4945211754437
-360.4086426819552 309.4036365011742
-369.4278839889212 311.14632977341734
-373.8860606745355 308.9242846285762
-383.7731145425686 311.05336608739105
-407.03997844449685 323.60231140692355
-419.5352952910847 327.1301514764763
-438.4873295524562 335.31009800176867
-451.22901943870676 338.36130395833277
-462.4549929817158 340.0167340974282
-474.5627667681822 342.07481695869967
-495.7332675698474 350.28206837422056
-501.47921031554364 347.30188830655493
-513.832213987063 348.73694365402855
-450.48181187237816 299.57826552034663
-453.2855519109273 295.31882504981974
-447.6192773759261 285.6536058261014
-428.24370344454917 267.6421686881517
-404.3054892960992 247.41275497645995
-411.76666451623134 246.67430752548466
-410.62285234790033 240.75895233547283
-406.80227081081705 233.39432825834186
-418.57649554544867 234.93343179907575
-396.22727404729085 217.50390180650345
-345.39346461123904 185.38434293069298
-345.3544603344708 181.19132630202375
-341.707799579895 175.19069526166717
-347.81454871934574 174.20114723835164
-344.05123867981655 168.278772169528
-343.8172943937112 164.16658635601863
-317.2501189766871 147.8254443905984
-333.1953074610865 151.44928882603597
-330.9511116421948 146.68115660436928
-335.0730154064989 144.74485948176587
-339.187576322321 142.74378469337884
-340.5179766988236 139.54034378967043
-341.8181231182579 136.32450516290714
-347.74942044802197 134.9049316298884
-349.92091870037143 132.02784045756425
-357.72582716925365 131.12296738585985
-357.0651928701973 127.06473956440011
-360.14097556715814 124.33614807261641
-366.04179568762316 122.51287201670014
-371.93990610982144 120.5889971888697
-374.0174264789556 117.36679551755267
-380.85174977437094 115.56792242573165
-388.64459187668564 113.93147591866119
-392.59099981418734 111.0689284403913
-400.3768149966864 109.19434973069416
-404.29283988276114 106.16637706699821
-404.30887524701535 102.0947275646172
-408.1714939552802 98.9749034973748
-418.8291481681216 97.37630432895705
-424.6115936816784 94.49864819723746
-437.22352755294213 92.97627091985186
-455.7238859446321 92.41612294142178
-475.23303997796876 91.70364067635686
-1819.7224723063557 333.33185233824304
-1811.9541565347322 314.23420344785444
-1772.408694191931 290.14379323510195
-1755.305476089274 270.3306967604819
-1742.9365308603462 251.58149652250108
-1682.8009483781057 226.68252719993205
-1508.245282093786 188.6694703491687
-1445.3907893552541 166.94449990040124
-1433.9767774659663 151.90326424512114
-1420.4179362857324 136.90100904588303
-1180.5561968791067 102.52836685688405
-1157.5441545630754 89.51273784694007
-1144.3707477482615 77.61824333289854
-1133.0737558979167 66.09738039731961
-1125.6575178225253 54.992295547932
-1115.1356170364531 43.91532325656704
-1115.5009478832114 33.37117426248309
-1108.7680450074479 22.6808811636966
-1102.9332787526723 12.131884432361456
-1098.998687746527 1.6983319498207674
-1098.9656318451703 -8.69137636659725
-1098.8378067036915 -18.88053385422545
-1100.6135914726574 -29.16714359786791
-1110.2877822694322 -39.774873264735255
-1114.8640756380416 -50.33977405327517
-1117.3424156107164 -60.884532331365605
-1121.7167224479301 -71.60722436090616
-1128.9797822943967 -82.6356531437657
-1138.1272418469782 -93.9701088952762
-1152.1396364191296 -105.93988008297751
-1172.990820073653 -118.88454913460848
-1195.6867648149466 -132.44682120144114
-1503.1783705818311 -180.69528553603962
-1488.5381263903046 -193.01618140052824
-1481.7235463204133 -206.18276426427667
-1460.9454388971985 -217.18062658872708
-1429.2277397290072 -226.0908401265144
-1349.1486039288914 -226.32287669770264
-1285.9347036859212 -228.052489256754
-1267.0444334992073 -236.89534300756705
-1244.1775950920733 -244.63464977575254
-1197.773339542937 -247.11945912889945
-1082.0356967532703 -233.7685841845839
-1074.9342730455458 -242.73505851451293
-1068.7334595588534 -251.81896755281278
-1067.312858238567 -262.000501218262
-1099.7068926832874 -280.837586844904
-1730.1390953504708 -459.0410773992392
-1721.9320850614445 -474.07372257481876
-1710.7106339423071 -488.17018233061856
-1682.1142692227052 -496.99857673575366
-1460.3241815479828 -446.2984257043871
-1431.3112032885565 -452.0500407484384
-1407.0735464665424 -458.8507762160449
-1392.3130708698095 -468.42855664987053
-1380.331507378507 -478.754561062533
-1374.8708794271959 -491.25356477392506
-1370.235766468678 -504.03764173918006
-1365.4817851743035 -516.7779932980868
-1364.3370447969862 -530.9241265893144
-1370.4749747784663 -548.064178272912
-1374.5846859424123 -564.5466687286358
-1374.807770189815 -579.6271172277123
-1374.868803686807 -594.7602648536704
-1372.9386807563687 -609.1333014069762
-1369.9495756400947 -623.1076634126114
-1363.1935619746414 -635.3891032988284
-1359.937329340655 -649.3223084615274
-1361.9298520182376 -665.885183933072
-1373.5680363640924 -687.4640714094746
-1380.4709702173213 -707.0367037058593
-1450.017803178331 -759.748228340078
-1527.5118519224238 -818.533165019309
-1517.208345587667 -831.2513675652715
-1510.2905882430118 -845.8033690312292
-1504.1012384702437 -860.7952511673604
-1496.0370025674063 -874.7355525809675
-1489.5606417615895 -889.6258171359469
-1480.3753796393312 -902.9090404673696
-1472.7696673561054 -917.155661224302
-1465.026941919142 -931.3388531845145
-1456.308838222864 -944.9129947852194
-1447.4649677602165 -958.4055337418057
-1439.3247210698833 -972.3751062820885
-1431.04976999707 -986.2761052521413
-1421.0045269967527 -998.9570232270933
-1412.4726549609159 -1012.7018312354637
-1406.2297226099845 -1028.144915490149
-1399.0197397259997 -1042.9615370937684
-1392.4517537944391 -1058.3379013126153
-1384.9280458853536 -1073.069572637383
-1377.2505851929216 -1087.752649082389
-1368.640662108496 -1101.758475358015
-1359.1161305420735 -1115.0638294287646
-1349.4624371634427 -1128.2872553941668
-1340.4414646254388 -1142.0760394618253
-1332.7908690107947 -1157.105656144438
-1327.972425078369 -1174.7417751282517
-1320.7123583162434 -1190.3792952629624
-1311.0663560605872 -1203.9539069275095
-1301.2819880834734 -1217.4519240978361
-1291.385666369119 -1230.8448564690786
-1281.004693850588 -1244.517165141872
-1274.743581781152 -1262.3251564901016
-1267.5548278045367 -1279.4161787742921
-1255.2765120081679 -1291.4650124570187
-1243.5737780157563 -1304.1197255741583
-1239.25855917526 -1324.7015601677454
-432.7405461836979 -471.5247816272596
-430.89333774180756 -478.6093725468867
-419.0206290199507 -474.45833584807514
-408.576736430763 -471.6365660628815
-400.81560060916485 -471.7073820795202
-393.09068404396817 -471.67331291673185
-383.5047406365377 -469.21222693926245
-384.63430543475283 -479.87649565562725
-384.35874370182324 -489.03206044180394
-385.16378310515535 -499.8098240172204
-387.60592408485974 -513.0405906108423
-387.44915529858537 -523.1483078997893
-1117.3433942114143 -1539.203605574037
-1110.1266486167067 -1560.3986106219907
-1099.1749163831303 -1576.6732391951537
-1088.5772334580802 -1593.706248590609
-1079.4223869386667 -1613.1733665591034
-1067.2536498762563 -1628.4282750019447
-1055.9719544874738 -1645.2805934964117
-1045.5294545847025 -1663.75874440852
-1034.829818901473 -1682.1867452552183
-1025.420475344781 -1703.1314831050724
-1013.1668279194924 -1719.7409627044283
-1003.1857991699111 -1740.6031289021132
-990.4428424950987 -1757.0748349886037
-980.8553214217776 -1779.5917617359835
-968.5557710391658 -1797.68287481044
-957.8632250765781 -1819.239962744304
-945.4743990841733 -1838.087908854313
-932.8124484183262 -1856.8642750820018
-921.6389928216594 -1879.1568766100072
-909.6924316952249 -1900.5022177615128
-881.7664772433899 -1888.2647800586078
-772.5735110685737 -1695.2578476429999
-748.3321552090443 -1684.2351336675608
-730.3305331116973 -1686.6716670427543
-706.520848688139 -1675.0976957685161
-679.9583446037357 -1655.825066123758
-656.0525780115987 -1641.7731313687452
-630.664224220069 -1622.7580338081518
-606.4034407146371 -1605.2821767805963
-585.6322879943826 -1595.9432393598665
-566.4357236703808 -1590.1240740740993
-543.1567195454417 -1571.7982625046493
-525.3592997016426 -1568.347412474991
-507.36791167752534 -1563.749916770577
-481.123152383675 -1532.2390519238163
-451.16541086825305 -1486.0211209925922
-433.3862554622816 -1477.7605873673792
-404.9127432580062 -1430.8090964021985
-362.8968008233694 -1330.3935177052554
-347.2088564186205 -1322.1705676744107
-332.93393246131825 -1318.618594065715
-320.4069852413803 -1321.7183375471984
-296.53313103523556 -1275.9969052464194
-278.98453176376887 -1254.3494852059973
-325.67972260433436 -1532.7823453720896
-314.49624452570305 -1552.4651726139396
-300.6974148140428 -1560.2890965215875
-288.75736115785645 -1578.8110040081274
-276.6631942855589 -1598.2307333197266
-326.45400567415123 -1998.5126424867321
-311.2720490082834 -2026.2304191542937
-289.0402249503968 -2008.3069357945822
-272.49908470058466 -2029.7901982316655
-242.09864378442077 -1942.9751019191533
-199.43588017272185 -1734.5723766103656
-181.81536772428328 -1725.4472382716556
-168.96296168303337 -1763.926165569097
-174.55248337871677 -2024.4889307048143
-154.79977331588879 -2019.074547950459
-135.56745823329845 -2019.4547442981145
-118.75727397480344 -2061.5823315788466
-101.47084435003353 -2100.550563006492
-80.8555499081944 -2088.4353904416203
-60.33594890411489 -2071.1213323390402
-40.35078411613359 -2063.60553745652
-20.45518510253913 -2049.8979451188347
-0.8265420402539432 -2037.999832391616
18.618269774917067 -2030.9146609423522
37.81493190164469 -2017.6456653548644
56.75928507423426 -2004.1964433552569
77.26771318220901 -2038.5361661004672
98.15401951807716 -2066.6704595683477
120.44091603120489 -2109.564643651757
143.29157685705252 -2148.2263670297457
167.42593531382215 -2193.6199662166396
192.09958950141 -2234.7587672304567
217.9565687438123 -2279.6041178549895
244.7940163350631 -2325.1494338142115
273.0940372439127 -2375.3527415568874
302.3770872098459 -2425.2224840476983
332.50611163122727 -2473.753359922505
240.1586459357525 -1665.7769432857167
260.3540631287146 -1691.075622736124
276.20687508458184 -1686.532170507284
289.60177260803783 -1668.0467059714733
432.07392219231383 -2354.686417712845
454.9743586599035 -2352.4060731434124
474.68223481154706 -2334.223805883728
496.79641019780365 -2328.594925446368
517.756323710896 -2317.876914173265
539.4660236323699 -2310.866809088373
561.5622940257027 -2305.5968402842223
584.098977560918 -2302.05416626375
597.431916506843 -2263.4831797782285
616.1630226530631 -2247.0520976414946
652.6966104532123 -2293.9512058243276
683.1116253228183 -2316.3729206129174
702.6257460236627 -2301.1199579823497
719.5013041375764 -2278.077890096018
740.6548767961245 -2269.1847332198668
780.2278014704236 -2315.0580074401223
815.7695702147411 -2348.3432475495692
875.6210276405071 -2444.9328857769865
894.4681857104476 -2424.2488867176694
873.9375388543659 -2300.5986564764344
885.3469834308885 -2265.1235548927184
900.2609465507502 -2239.8495994408972
920.1180988980122 -2227.4385926620535
937.0860230574808 -2208.4091073418244
959.7655225618016 -2203.011380293273
1002.8350709853701 -2243.0271555203626
1045.5053692726103 -2279.689128548483
505.54616802198296 -1075.066077968368
502.3470894768829 -1042.2554397527051
494.1400165487498 -1000.6406168276407
498.72445993003583 -986.0521857728901
511.352771641355 -987.4524509740731
522.6482438609526 -986.0501068348719
1145.161019886495 -2111.4474273664787
1288.0462697361997 -2321.629127793382
1313.1560105859608 -2314.420508866521
1344.2667825907752 -2317.3234166216516
1367.9019633182218 -2306.9391450036464
837.9862176073373 -1382.9201347511535
848.0179869845612 -1369.7395715064424
856.2710595838674 -1353.9585933547307
865.3853820477342 -1339.825787383605
863.8471613930678 -1309.7820741455957
867.958513926929 -1289.0166865102085
878.5497004439859 -1278.1828600985787
891.3103907089711 -1270.5391719322238
903.4230827512467 -1261.9551234303992
916.6328166527961 -1254.8706225883054
932.1797779055896 -1250.8560515358615
945.3127068289012 -1243.474119677533
961.453502203899 -1239.9065138549183
975.130902152152 -1233.0059706538043
988.1363051110844 -1225.1786165785843
1002.3514811666678 -1218.7598238385556
1019.10429318828 -1215.2458350495244
1031.981949859851 -1206.961994084097
1046.4128650162647 -1201.1116167652583
1061.6882457928525 -1195.6667883425112
1077.6247218153476 -1190.7816587991247
1092.2072213936071 -1184.2315590861679
1105.3920296198532 -1176.0546164413036
1119.903056009428 -1169.178406035941
1138.5735253557675 -1166.4263060129172
1155.8806765108002 -1162.0072554286978
1168.9339132800355 -1153.1511203583955
1184.7967381475466 -1146.9340387637528
1204.271042674974 -1143.963397917316
1218.6735885569371 -1135.9536454247407
1234.5077031729993 -1129.1234347078828
1252.5537195987881 -1124.0988299608005
1269.1131978089766 -1117.511830428239
1287.1728285121505 -1112.0193836170438
1306.0040347411732 -1106.9315521927165
1324.8531384603457 -1101.5866563787763
1342.9420352647007 -1095.3518566739656
1363.3731558921565 -1090.7472841096885
1384.62282802523 -1086.4711796046013
1405.912279190668 -1081.8903194043753
1428.0358734491178 -1077.605931749828
1455.0260864489394 -1076.5681993041983
1486.9792204785979 -1078.638863505697
1650.308903333688 -1173.5013947914847
1676.0801491226243 -1168.162802745012
1456.6449103408204 -994.9279396912036
1355.44224640294 -907.1589258041568
1343.0386212331875 -880.6152746097804
1325.208101249533 -851.1453979095506
1317.1007983655995 -828.4814342788258
1313.7938602614802 -809.1938536217624
1310.2411367435634 -790.0431403315484
1314.1957496370023 -775.6065572415162
1316.2629458570898 -760.1656775753667
1318.1561981601883 -744.755152551413
1319.0010168255492 -728.8932141357658
1322.3037068364379 -714.5081573268537
1327.2211142979706 -701.059992983235
1331.8872073969094 -687.8062712511874
1337.4277692197097 -674.752519165354
1346.4287324819811 -663.4234457320346
1351.7301343321244 -650.2504470882407
1360.52371990379 -638.7364147902904
1370.1293148515986 -627.5306052968962
1388.7749332403464 -620.2783123753977
1417.4902216522105 -617.1203055485752
1437.061568824749 -609.5695591209841
1455.6911964492667 -601.3219940930999
1480.7866973311145 -595.3879046531008
1471.4403663741155 -575.5547308508627
1481.481336450648 -563.416408838438
1495.1758555929055 -552.5261630475275
1499.3837089845317 -538.049712602645
1516.6728823403528 -528.1471082694733
1635.2838459308455 -552.1981014433344
1653.7294618895537 -541.0904424201991
1681.6430303445782 -532.703218024356
1703.8068551120668 -522.0787301481724
1731.6714752066694 -512.7864096829765
1714.3208255489908 -490.09499802489984
1782.4969905628018 -491.4320691962976
1805.420042604236 -479.4606029309595
1791.456888592038 -457.6933649465927
1778.2164753408113 -436.471266896805
1763.7632163303326 -415.3111083514146
1751.9970690657678 -395.123107379155
1740.0083438019444 -375.1945675241243
1727.8008934399732 -355.5278788337573
1717.3412717847316 -336.5099645252733
1707.660900889411 -317.9044629657857
1697.7834401067619 -299.5119204626906
1685.7392707698934 -281.00553550453003
1674.4862170722179 -262.90855603265027
1660.0749987059571 -244.61193485072724
1650.4223111699923 -227.29319125812248
1641.5835378678805 -210.30570177998734
1630.585994677911 -193.2700544839983
1621.4024914628021 -176.67756133198534
1612.0250874714563 -160.54630909069
1600.508079074047 -144.30138190157578
1591.8196237894128 -128.52737186658797
1581.9795260359235 -112.85734004996984
1571.986523394032 -97.3825973546829
1565.8378922833313 -82.31461042667434
1554.5501904161354 -67.15434071716474
1548.1140733467826 -52.38144619646386
1541.538220804778 -37.734782337258004
1529.825002530757 -23.14004390162247
1523.974579772569 -8.802284193417636
1512.9903413630132 5.4061948015978585
1505.8742643475125 19.46021520534036
1498.6282609945783 33.38166185746755
1487.256187556882 47.04288016021857
1480.7564305897051 60.69920318452042
1473.1331119644256 74.18783211556382
1463.3911795575902 87.41999538460757
1457.5218548217954 100.75238318190587
1448.540792606792 113.74784461292911
1439.4448338659636 126.58424173880653
1431.2314603096147 139.35747923957322
1426.8830515419445 152.4131136823486
1418.4426582132785 164.93764082479282
1406.9168545935825 176.94339281391782
1399.2553102773345 189.2843803927849
1394.4555385458277 201.92758855308992
1386.5770431772432 214.0399573300596
1375.6339972162525 225.5373709672868
1369.5242895333804 237.704060499794
1366.2585540062178 250.31692632508685
1358.9491744995191 262.13191550644007
1350.558639832501 273.63362434793066
1340.115966054818 284.58601076820685
1335.4444470251267 296.6683820526777
1331.6384481141813 308.9142979922662
1325.7763320388879 320.64484621698296
1317.8720523935854 331.80454113818183
1308.9080009175411 342.5913675708222
1301.7879581352486 353.76420403152736
1294.6018070381235 364.73437075990665
1288.1766310771925 376.25120218627137
1282.6070044518867 387.9681328807275
1277.8856153390766 399.91168288694604
1269.2473375215848 410.5693561316634
1259.5740341371766 420.781716008905
1250.7673911996076 431.1727416149218
1244.704350860574 442.4387855384704
1238.540388769732 453.6283780652627
1234.1477504123545 465.446377311205
1229.6423490991403 477.22184914560233
1221.309586335953 487.47091638774003
1212.8935806627403 497.604423198907
1205.3172749935425 508.01010482286773
1198.5708570658908 518.7136980959111
1190.8162092040643 528.9288760285847
1184.7960015340734 539.8726097412905
1178.6754670620437 550.7496194697488
1172.4553309380726 561.558987956648
1167.9317636659016 573.180944746296
1162.3995948161844 584.3185620628277
1155.8720862002554 594.9451406164013
1150.1324328573728 605.9664899064809
1144.2876929616932 616.9324725903198
1138.3384005417777 627.8420867160685
1133.1560877168856 639.1856388172076
1126.9945945288957 649.9878336574077
1121.591566326258 661.2385033751522
1115.2198067530649 671.9291500044156
1108.7461505619221 682.5584030792671
1103.0177108956254 693.657645709016
1096.336917961553 704.1692710666687
1091.228334310862 715.7134359484537
1084.3372572985488 726.1113636586753
1078.1726587161547 737.0072713324732
1072.718881642567 748.4238110639722
1067.9598285481898 760.3833274127735
1061.4518659640116 771.1445624793822
1053.2289265414597 780.6598672253648
1046.5164377095068 791.2947273954275
1039.9266479050182 801.5744300918238
1032.608607018413 810.9799410043955
1026.7671247598648 821.5681782495963
1021.5934863065816 832.748910978552
1015.531941137207 843.2644167342153
1008.6000331186227 853.0925935636255
1001.5733158814745 862.8643537162653
994.4522429656059 872.5787852455934
988.7285716395655 883.567661033146
983.6267328338 895.1974365773754
979.1284223779542 907.4869324082074
975.214986299298 920.4546325035578
968.2625764468133 930.6538470626869
961.2052450665993 940.8025706047251
954.043337000968 950.8997376821899
946.0753714700228 960.2319467180096
940.7979079755956 972.3725090461692
935.3777149505041 984.4960794101586
930.496851230996 997.3322464701529
925.4596991297662 1010.16055421237
916.2532147272776 1018.5185548147513
908.9573195231345 1029.0411028162666
900.2353453245677 1038.0040091581325
897.2602831338743 1053.7456924279784
891.5076094073739 1066.4493341780233
883.6947856449299 1076.8159201200367
873.8850476079788 1084.7921107600298
866.4843063921642 1095.8165662080903
860.7945352295559 1109.1657983002058
853.7216585572119 1120.91049139096
845.3089284218424 1131.0158334569487
839.1484073506158 1144.2862187586309
832.2322696682605 1156.7257450765137
826.8890582969136 1171.5846044007421
817.9291019485925 1181.5079281094854
810.5421101598874 1193.8469280680656
803.5524131402384 1206.9811594786804
796.9373473412957 1220.923775021446
787.9791323615352 1231.4758978407829
781.5513756137573 1246.2016077971668
774.1505145724732 1260.2110858055387
764.9390419838196 1271.6620077870048
757.1034052820665 1285.635420214572
749.0732892062946 1299.5727018515213
740.8486916267233 1313.4714371142495
733.8790376074069 1329.955848199641
724.766074364947 1342.9036218022588
715.9418428502848 1356.6809785856578
708.757105320369 1373.964834214432
699.0610613963853 1386.7669712101451
690.5129404413206 1402.1985876055792
681.7373729616934 1417.5906159068948
672.3093866921085 1432.034946698467
663.9204533016948 1449.1534189614542
653.6381703176623 1462.587140071927
645.1601556431509 1480.5382040226132
636.4036725473601 1498.457328577705
626.6039714801923 1514.4928071553363
616.5601250033346 1530.4749629627636
607.3672966310916 1549.1936505753695
596.8095476731054 1565.0697632393974
587.3984169101569 1584.6334275823672
577.3349753929745 1603.2156206162645
566.3155254321073 1619.858859794444
556.3202778840857 1640.2230788569505
545.6815958909789 1659.5904904240306
534.4261201707817 1677.9480689458794
523.1698586023972 1697.1945377740137
511.3150056829569 1715.4174316951073
499.44206408538713 1734.5266283981139
488.32764927117154 1757.4163157764558
476.8292249074899 1780.2479856115897
465.9457330158873 1806.8897514470239
239.69708008668601 966.727112373454
228.3531952533592 959.1927951238902
219.39603837329406 961.2811130705232
207.6454941723641 950.5852664279595
196.52239054704486 941.7127746896475
182.2656045447949 916.0432573846721
164.5995257806082 869.5585064346153
152.10821542319542 846.4414278618284
142.63244117809654 838.9618505769954
135.6858401984574 846.1904943744279
124.59190252116791 826.66369088412
116.11316650928127 822.847940122103
108.10851028227671 821.9206470241193
99.52619902112747 815.952532754453
90.17188548197278 801.9464016183538
82.4209949291392 800.7694921729291
74.97931484517075 802.5048924120954
67.01032470784183 798.1920924079301
59.72338807209402 801.778720668733
52.56959822432707 808.2922969709242
45.74264238951706 822.7293666007217
46.535263914126695 1007.9263213213765
40.24881309303924 1095.260714644966
29.6731132450309 1085.5945404939855
19.121526662504117 1066.82864941756
8.627486130904373 1012.9632601842285
-0.8525260994962457 959.999621457868
-9.479655570887582 920.9512126764682
-17.904221067927914 908.8236566396974
-26.363420237550983 905.6163481703377
-34.76388272528868 902.3305782571388
-43.056989116950014 897.9683155257667
-51.32842132055837 894.5285871143186
-59.40563143978043 889.0174188131754
-67.3076945901545 882.4367820127164
-75.26212989129957 877.7793639658119
-83.22973961016804 874.0462290087542
-91.13381292782886 870.2411321819002
-98.86020155263763 865.3714003530345
-106.38025283254048 859.441238135153
-114.06189717523529 855.4290640449307
-121.81900437331173 852.3386241239424
-129.37730636679467 848.1895499222285
-136.7083012467259 842.9868565821382
-144.29164883868611 839.6927533779325
-152.00377569009143 837.3146673598619
-17.659166285052986 92.32634426921088
-20.09014840557652 100.0019296665915
-20.820817742064417 98.83063061901272
-21.100679448716644 95.70141757990059
-22.221586445893752 96.47383632792712
-23.12522652042819 96.26122738869937
-24.02683327398065 96.04015453353007
-24.170984175898777 92.90728455814673
-26.60616414276383 98.4688378605552
-224.5447132495159 801.1265017159853
-228.70002435028582 787.4619348655392
-235.21016749722133 782.4098523829625
-243.1300610386526 782.0797743320953
-28.133890615884837 87.5927177270658
-30.842298157223503 93.02017331945221
-31.389571063621865 91.78068875554287
-31.58387758341563 89.59608628057264
-34.47035877905012 94.9357380844725
-33.25850099483067 88.98804476769251
-34.0914629918257 88.67227385759868
-35.65661539089495 90.20867906618405
-219.3818038221043 540.1487055911175
-213.27292562918058 511.3029035645798
-205.85614244255407 480.78295375218005
-203.51775072410027 463.26722864908436
-203.33423449650977 451.30941612348215
-206.71852402160667 447.5672595558442
-208.76718195445983 441.08985902964656
