-210.78566324522416 434.578421197223
-209.46918814516476 421.8573920388329
-213.44795167573204 419.858275999693
-215.56128894030957 414.2732560887709
-218.52817575515027 410.4515031049663
-220.9638759509125 405.73262812442107
-222.8434556600269 400.13097139498916
-226.1214306485953 397.1373800102837
-225.84184565021476 388.0675981749888
-227.96702757744157 383.33671143983327
-232.61927945447675 382.8737008806952
-235.17387596106522 378.9581085891282
-238.21062796280523 375.8732455570175
-239.03705541681833 369.40666769517975
-243.06982159385436 367.9647562339793
-245.41951304531497 363.9921188935283
-249.41648325592746 362.4795413264667
-252.83211971449782 360.10542795225103
-255.64282941215285 356.8861776115025
-259.5952988188448 355.2608630726929
-262.9422370059526 352.7908445500045
-266.87082400944234 351.08540740469584
-268.95266657170066 346.9660835643329
-272.8408628996292 345.19250213784443
-276.0920256509209 342.59771361170993
-278.0488830931778 338.4269767773195
-281.8779446786809 336.5498838266365
-285.0469986406155 333.8700474226116
-288.8470471081932 331.9147230492755
-292.6355427581563 329.91732163473813
-297.75325991571515 329.36149776433274
-300.85364741813015 326.5319017113143
-305.29618734528526 325.1311089275102
-0 0
-315.5778292385569 323.5964055626704
-317.9180006428292 319.8892696969782
-325.909082365989 321.78761634245507
-326.7820036392498 316.6046779463584
-331.93473946031753 315.56826320054927
-337.8281208143243 315.14466644235364
-342.26760685431026 313.2872249202372
-345.90154552760424 310.7685968717154
-351.8203086526682 310.13460048750005
-358.5140170849354 310.0704751401246
-365.23752882163893 309.9073208884593
-368.91527404266765 307.08552648736713
-379.5434291717664 309.91415807048304
-398.84282924379653 319.4454531853658
-410.4907289601977 322.4614107730187
-432.52863968369576 333.21911087656974
-446.8255082164144 337.5603134361962
-459.6347693406574 340.4700850488347
-472.53792311887844 343.16746817624903
-483.08814173898116 343.9111037916311
-503.53492817062016 351.35249552580154
-513.4328071435044 351.09934854502507
-483.4943648271781 323.97098509027563
-450.5845746448195 295.794761772664
-452.5156177034228 290.98731198196555
-437.47261985242443 275.51171822529824
-400.9001567205442 247.22472437327767
-404.0721169744251 243.9461503770997
-408.07875329538575 241.13840654048397
-406.87409716952163 235.27317962846223
-419.52140302283846 237.3305551456642
-405.99330974220936 224.6451255749086
-352.68625174918594 190.82297510286807
-349.1680389465959 184.679940919929
-347.3424372401421 179.53894087934785
-348.1291237005269 175.80134593200142
-349.77313195813394 172.50726407950998
-340.5740956331227 163.99172352189186
-335.77164663657453 157.7922726719002
-335.42816565019433 153.78213709188003
-309.4774952061061 138.36430161336617
-323.60398183099664 141.03000724357915
-334.1254070311487 141.8774554898318
-339.1462230706267 140.24563942215352
-341.38266516946305 137.41133840332932
-349.1826585610295 136.73503925567684
-350.457844038818 133.43275291945193
-352.6177717257021 130.52473736116318
-357.5974750664405 128.54588996193726
-344.63118166957895 120.22623931999897
-363.7478539182787 123.05892397484463
-366.7929365304518 120.24533966590127
-370.77027314361516 117.68774172788355
-376.6436383842125 115.6527979112592
-383.46985340467853 113.8018959850597
-394.1394142819761 112.93414943878058
-399.0426432716893 110.27678291799825
-401.9977850301804 107.02233799926461
-404.92686440618434 103.72190936429774
-403.9451880677431 99.4197416860236
-412.65088404405356 97.44356262812377
-422.3299059246028 95.53245815803183
-429.07662345414013 92.81299049806584
-450.49928760953213 93.00748283500653
-468.03713003145276 92.03393348065127
-474.78235787229715 88.71703699528044
-1819.6796130359337 322.2888547582655
-1778.2562901055128 297.680309560741
-1755.3025839582515 276.84262451704456
-1737.0623540115757 257.1971583741985
-1696.8173685408096 234.90384802774616
-1561.0971210622697 201.1262752876734
-1451.7129096926642 173.12893412615588
-1436.3827847485106 157.57377852331084
-1422.8799210871 142.52273561494817
-1185.140971446708 107.42847759487915
-1166.1671106527222 94.62700477073906
-1149.05385494942 82.33613074390446
-1132.8121597665204 70.4387016143224
-1125.437285203801 59.32888902632692
-1118.9533910549203 48.407733335638625
-1115.3625124415896 37.71559147070148
-1108.6707307332495 27.022413204648636
-1105.8766369416905 16.51859154215397
-1100.983328630962 6.058884112358471
-1099.9915062331647 -4.322755474653113
-1100.9017035557126 -14.71186963407091
-1102.717461297274 -24.963985060379336
-1107.432833834876 -35.44740532755719
-1112.0481284942807 -46.02129846459826
-1114.5646369680157 -56.583301603525236
-1118.9769801456562 -67.31655000152685
-1128.273553135064 -78.48432516100102
-1133.4706386002604 -89.51710133330948
-1146.528433720681 -101.35852539378268
-1165.4341143483 -114.03650780865473
-1190.166905190126 -127.7174138093852
-1504.772093774614 -175.74397798264494
-1503.0606757239573 -189.82519614698435
-1485.3630505062422 -201.7364820521826
-1475.4923266994304 -214.48401770551928
-1443.7732086227063 -223.69604838551584
-1401.1594840576504 -230.54739260138868
-1305.3484702691105 -227.35516525052424
-1275.6240370486119 -234.50440529721752
-1253.7368401250508 -242.6374573582015
-1234.7507775193544 -250.97911748858675
-1107.155997327951 -235.85927495171904
-1076.5934380343028 -239.90741793758622
-1071.3780965306514 -249.29696001828512
-1064.137933904526 -258.13844662391216
-1088.8222227875258 -274.9457531296523
-1725.539809547686 -452.9551475214028
-1726.0472905679514 -470.4059424826959
-1716.7557691848847 -485.18617969848975
-1700.6211834772243 -497.8670407935486
-1559.984691420556 -472.59682873831593
-1442.885340220116 -451.91359238009215
-1416.70757908725 -458.3237233187298
-1398.1263951658827 -466.81750517783047
-1384.2391946773996 -476.6317781252775
-1377.8310415221033 -488.90246575172455
-1372.2538821130388 -501.4382145645602
-1366.5628517502057 -513.9124168730947
-1365.421940026127 -528.1277550889438
-1366.9220491442425 -543.4750330634381
-1374.7341273838385 -561.5434791769877
-1375.0016487606435 -576.5860438004996
-1375.1286197085205 -591.6335684006945
-1374.1795533649022 -606.3287516800091
-1371.2536854475018 -620.2324807252871
-1365.4661180048056 -632.8722466508437
-1359.5620443590947 -645.4580137686098
-1360.7368757384788 -661.4863226140684
-1367.1027096075418 -680.264052691098
-1380.3657459096412 -702.8452230180695
-1412.8384859261057 -735.8915767190363
-1521.6013232449834 -810.4970160951335
-1520.1974086287041 -827.8652298524032
-1513.359354043802 -842.3582762270016
-1505.5139553184488 -856.3011913698358
-1498.4047315766584 -870.6734522131029
-1491.1583774010608 -884.9873973716436
-1483.775363927871 -899.2417191171203
-1475.405796777169 -912.9089411525816
-1466.9103429969691 -926.4982706991498
-1459.1302402594285 -940.5503399395817
-1450.3801581124005 -953.9881534661992
-1441.506324608293 -967.344569486122
-1433.3346751743147 -981.1833207627116
-1424.2103679756417 -994.381128014147
-1415.7791448150867 -1008.0741109197587
-1407.216407328137 -1021.6961304353124
-1400.1302449784062 -1036.435862509933
-1394.4880819270763 -1052.3364430463023
-1385.5008134954749 -1065.782105218218
-1379.5318850693736 -1081.6195163165928
-1371.8258132558242 -1096.188824101485
-1363.1926729085797 -1110.0764552625924
-1353.6503331133279 -1123.2594427211268
-1344.744323618055 -1137.00646616324
-1336.4573491105184 -1151.3373762752974
-1330.2748736879075 -1167.5910073457324
-1324.6512184926692 -1184.4948920725183
-1315.1320725914484 -1198.0269745048822
-1304.7428318667762 -1210.8039241315105
-1295.6830737589437 -1224.8650425147157
-1286.4313760050425 -1238.9069032133823
-1277.384870885101 -1253.9489190688168
-1270.9956600777984 -1271.7602101274445
-1260.8816394558773 -1285.993192549268
-1249.2249744171108 -1298.7074202038614
-1238.126713999895 -1312.0435358934635
-1233.6809164046726 -1332.6242518050342
-434.97443830829906 -478.9637126321573
-425.0548396042826 -477.12617128908107
-413.2365391165823 -472.88430164147906
-404.792790938939 -472.2571295426512
-395.7556412590004 -470.74671789793433
-385.5124452698335 -467.56406463935366
-385.4268568067305 -476.6708907119084
-383.95940587357484 -484.2511483117117
-384.8370747274284 -495.0044706012621
-385.54374727970566 -505.81816785631815
-387.27549793780423 -518.2920882060865
-1123.8663835207178 -1534.4472464024507
-1114.9793411632998 -1553.24340294078
-1105.259765958847 -1571.1912199832948
-1093.0284312863173 -1585.801011602582
-1084.5358374676703 -1606.121420456218
-1072.9956857392713 -1622.2531425104132
-1061.2458805836304 -1638.3104653710404
-1050.8936660573734 -1656.8242220104382
-1040.2839956920686 -1675.2889924747144
-1030.4556332515147 -1695.4106251584658
-1018.2923178249675 -1712.0586308472778
-1008.4192782799637 -1732.9499586523891
-997.2499624312254 -1752.0697795552892
-987.265783459426 -1773.7548513845552
-974.5677241024189 -1791.0161225231423
-963.5076724020068 -1811.7276189379206
-950.756907685003 -1829.7282045400214
-940.0125447375503 -1852.1083704081775
-928.0385096734286 -1872.6570760721572
-917.0633592566043 -1895.84566753441
-898.4729885418918 -1903.6205737647936
-772.3495729689562 -1677.7619429271456
-755.9408359914984 -1683.0265750963276
-735.9383473299721 -1680.9579854741253
-716.435761784855 -1679.5820311124296
-690.5043209786028 -1662.2887182165073
-664.2164475786601 -1642.8026390184505
-640.5573158780736 -1628.5534455691277
-617.943222471266 -1615.873192364372
-598.762704198003 -1611.3485731093365
-572.2567189009937 -1585.9124337972348
-556.863374386098 -1590.3232948892273
-531.1492577160452 -1564.2840106667632
-515.9807916739416 -1568.299978519267
-505.6400368938123 -1587.4142978724942
-455.8199632571619 -1479.3688387607194
-440.06025269431933 -1477.8738017837018
-418.29181079705705 -1455.0697443834501
-375.62346868859953 -1354.8959405689961
-355.01962051189776 -1329.4123021288722
-337.1730202362293 -1312.37927232366
-328.3089069871632 -1330.0801711148447
-304.16146692570635 -1284.4788056007785
-285.77548156972307 -1259.9985611633026
-282.50491194238083 -1302.7202212019386
-322.2227647667842 -1557.007543291313
-307.25184814300127 -1559.0116426161512
-295.2167188574223 -1576.5985820452388
-285.321569385183 -1607.8807797979227
-333.8994614293194 -1991.198671568764
-317.3448149433851 -2009.09140370182
-299.600785456194 -2020.9127564924793
-278.77849957399786 -2011.7762172208097
-261.48100994326444 -2028.2141606445437
-215.70466122146283 -1808.1793326789614
-189.1734625122688 -1724.6560239888763
-173.80833310276117 -1736.322453734916
-183.30464761264946 -2024.7193400971903
-163.5336146050803 -2019.3892039164211
-144.45029453049005 -2021.8464611364668
-125.64408406039387 -2029.113738591463
-110.21952384764072 -2103.1138001931326
-90.41334323375037 -2097.051841840181
-69.81339288624748 -2081.829745722188
-49.608797801110796 -2070.4057494077647
-29.614781842330224 -2057.786909448214
-9.87156073122811 -2045.9761856602167
9.638251003452037 -2032.9771528764397
28.941396512207906 -2022.79296903265
48.05060136072051 -2012.4264308811078
67.5324947126423 -2018.8708136376351
88.60373438213709 -2059.094553014392
110.4505206621736 -2099.096158465699
133.13259152076566 -2139.8625453694367
156.31788135129955 -2176.3935122054195
180.61987274854653 -2217.656750168587
206.36021812568094 -2265.62142918342
232.93406788442726 -2312.2970656943744
260.52905446999245 -2359.661122232803
289.8857026110207 -2413.6543413301156
319.9123110835639 -2464.3216334758686
236.49007679728643 -1694.5776593524456
252.54122583382295 -1691.2489258693854
269.0217618580009 -1690.730993282733
285.3488902319638 -1689.0663133350881
299.20473330368543 -1673.4624368561938
442.7614935527348 -2346.5946091787887
465.38262655425643 -2343.232811929165
485.529831944332 -2327.9056643885096
507.34837405318166 -2321.200901978455
528.8602467471011 -2313.3170641765896
550.96431862093 -2308.1523605703705
572.7765016352786 -2301.8060472538627
593.5147267130425 -2291.3815197768226
605.5262384225211 -2248.906172916485
631.3181752437065 -2258.420324387592
672.3817657589286 -2319.510241640443
694.2509191985763 -2312.0146325644077
712.4773208724976 -2292.8534770548135
729.4834362815589 -2270.7000938456954
754.9501475103293 -2275.0075329049205
801.3029887443195 -2339.5816977035493
847.919359332168 -2402.7768852038107
890.1584571663468 -2447.1276879507595
878.9427767871109 -2345.7375375633487
882.7745146278024 -2288.649854460845
893.704662354612 -2252.1591809829138
911.1926957444305 -2233.2648457408714
928.4001210550348 -2214.2434859845466
949.6769959376093 -2205.2017148975096
975.718132885874 -2206.930702391379
1034.105584176347 -2279.3934809012894
1058.5362317736683 -2274.7707677967032
504.23935013808136 -1056.8744853445585
497.26036267241574 -1016.9346742612809
496.27916933788106 -990.6417041904216
505.7945881190885 -985.8173434411883
518.5183866870477 -987.0986185115758
528.4722012509861 -982.9410625795106
1204.5179593543476 -2189.5518915049347
1306.4625814339504 -2321.6484495532345
1337.734164712739 -2324.5626049991233
1359.040066773081 -2309.850665498837
835.4304573093599 -1389.135324941337
843.5309919236769 -1372.507364520955
853.5164033951677 -1359.2405045227931
864.4046652735548 -1347.592510610427
868.5720118681595 -1325.8233895203757
866.8408651835957 -1295.7885299877273
874.7652157252955 -1280.7758653867106
887.6285809325674 -1273.1140963447215
900.4254501004002 -1265.3232823320259
913.154530044334 -1257.403994052632
926.4099115305938 -1250.160260053837
943.8319614406489 -1248.361417444122
958.2510558857148 -1242.383159051149
971.4056318092923 -1234.67084621335
985.1262911651071 -1227.6001753239045
998.1673209490691 -1219.60567372793
1014.3494979292321 -1215.3123450581397
1029.8929839387245 -1210.0584455445905
1044.773534486108 -1203.8622270166154
1057.8779968115039 -1196.370822053965
1072.4050107747203 -1190.1056645799447
1089.6127342931518 -1186.6191846022891
1104.115962128956 -1179.993195815997
1118.5904839906334 -1173.1991856141058
1133.731243772551 -1166.9543551030367
1151.6670270799868 -1163.370989296512
1165.3738088941625 -1155.3289079493823
1179.0308231056822 -1147.1317789019438
1196.2526057627545 -1142.2327710260374
1214.215392083725 -1137.7947888907588
1228.5191798412282 -1129.73520116983
1247.2327078901517 -1125.52679771252
1264.4774068027248 -1119.7400982752456
1280.2130531449927 -1112.416531051735
1300.4879209149858 -1108.788603636517
1315.4374303203488 -1100.3860081408695
1337.300410007917 -1097.5097327097635
1356.1085220414766 -1091.8107328866492
1376.4962336138387 -1087.0943468011026
1396.9139473482924 -1082.0907650025538
1418.1543305195212 -1077.4039608376834
1441.8345115462002 -1074.2053999651696
1470.4232293050877 -1074.1957580999833
1531.6563381989129 -1097.034576326151
1721.9333206170909 -1209.033349146581
1580.8062004903902 -1087.9396842155984
1358.8118073714386 -916.4886644950741
1347.3298905837928 -890.4645787112843
1336.3203781548164 -865.2813686473141
1321.5807378167387 -838.2418227646272
1316.6467047989613 -817.8884121578182
1313.1569116153862 -798.7414634766001
1312.00230260635 -781.2675328948694
1315.8199347947243 -766.9073602442523
1315.1406321660636 -750.0674087212741
1317.754895176426 -735.2571225350803
1321.9629922528436 -721.4221005166864
1326.027709436226 -707.5729741922847
1330.8357865243606 -694.1736881401415
1335.4331438481966 -680.8959673193272
1343.5867077213477 -669.1604881002088
1349.8389555732685 -656.4570008895236
1355.9710964555293 -643.6951029619455
1364.7047351405035 -632.1368411072781
1375.1633472742196 -621.2944296495538
1401.0960011843435 -617.1636699168561
1426.1523824990077 -612.2037094729207
1442.9348091051781 -603.3532436911261
1463.3809412855442 -595.7484542004578
1486.59979507487 -588.915995098923
1463.1614549990552 -563.7220561633615
1487.1435767111338 -556.9093124080583
1497.0293745320105 -544.5659296984134
1499.2707139052789 -529.4216905510725
1575.1506462302887 -539.5604152273442
1644.7055827806785 -546.1067166498405
1670.7272885999348 -537.3037568522207
1700.5467100911578 -529.2465274313469
1718.8695284261462 -517.2161484796057
1724.6320901631052 -501.25856958224523
1745.6521062394193 -489.55870330521054
1804.2523225131895 -487.682844383275
1793.2878359406754 -466.61304896799567
1784.0279903744408 -446.2792058347935
1765.7941273245362 -424.06025504187403
1753.1489012288337 -403.5714684168514
1742.2289075983724 -383.78956933270365
1732.071586504132 -364.4557850069865
1720.7252940148148 -345.1513617786102
1709.1702401157993 -326.09368332198807
1700.362090126807 -307.8193666090492
1689.3910317692444 -289.4027328441254
1678.2250583238806 -271.2206732788034
1666.8676208884244 -253.27521480350862
1656.3122165802217 -235.70923021195642
1647.557502517979 -218.62816812277404
1636.643878734498 -201.48899275369422
1626.5482768252266 -184.6881240277404
1614.2931349329217 -167.8888754755353
1606.8204325914803 -152.06609551944263
1597.217284130985 -136.0365659418103
1586.4586004732087 -120.12538859286963
1576.5408024407534 -104.49448903873169
1569.4654704844475 -89.23080721943448
1561.2443234787302 -74.06188227044917
1551.878204644367 -59.01726823376244
1545.3668612257193 -44.24097902814534
1533.716395614449 -29.496064541270794
1527.9260490728172 -15.032916042157268
1520.9998476912926 -0.6806783855586745
1509.939611989901 13.504374986886091
1504.747055473269 27.591648093705878
1495.4250557508958 41.47170881975103
1483.9772393712738 55.10492743859934
1476.4018938334386 68.712792732035
1464.7087056017433 81.95979340179922
1457.8872357146493 95.31950451139915
1452.9389738741147 108.70758114149446
1442.8858434025087 121.59129454295294
1432.7196604066064 134.29584760661288
1428.411194465472 147.43628971770693
1422.9888360884102 160.39567440474104
1411.4937307679238 172.53825083977065
1403.86264955877 185.00178694766657
1396.1224861102878 197.33728430590372
1390.2525712189126 209.84229368552602
1381.3091997408635 221.77893207258356
1372.2648536834147 233.5662033455103
1368.0425651674427 246.0884797996111
1362.7237832925514 258.3658074297669
1357.2953198932075 270.56499144567005
1345.8852194139006 281.4568815346262
1337.321607890101 292.8001316089782
1332.5633957409395 304.8996496084841
1328.6687154581057 317.167849194882
1320.7794309332362 328.4245648907475
1313.7644681245274 339.81159823272344
1306.6524584278077 351.09593117062195
1299.4447112330727 362.2767484236272
1293.147648756409 373.4771191328471
1286.6553041878065 384.92483448770025
1279.1072053554756 395.9870669702549
1272.4178754329228 407.24531952960115
1260.883095441192 416.84267971338784
1253.0673496810018 427.54908158412593
1247.049012292527 438.80834192188377
1241.8701514608385 450.3326847016924
1236.5849831971577 461.79820195761374
1230.2607280786483 472.8451553599701
1223.8383988615294 483.8135730547957
1218.2453397549086 495.07907667911707
1207.9348370233772 504.3554594780423
1202.1540671712569 515.4508694178379
1194.4410500480421 525.6763053059651
1187.5539701298214 536.2131740538451
1180.5747068262199 546.6665908963022
1174.4076150013927 557.4645762976697
1168.1420195072938 568.1947045348287
1162.67370611613 579.3020396185248
1157.9905430261329 590.8112238795416
1151.4207506771677 601.3578426444835
1145.6371307934048 612.3043071442949
1138.872041503918 622.7154029576418
1134.6310265271827 634.5174809584614
1127.6640349716386 644.8060361313961
1123.1940676388178 656.5333856103333
1115.1689062895784 666.1826404559828
1109.6226669604405 677.3016587663134
1103.9657039248048 688.3754241384643
1097.3549060874175 698.8656595411417
1091.4827422368683 709.8376035397717
1084.6679630388885 720.2078935675921
1080.237963513498 732.1959725266253
1075.6777562764437 744.164877330337
1069.3534579680386 754.9597220592622
1060.4868609584178 763.9480464891324
1054.7693474477605 775.2048914220196
1046.533141801285 784.6224462195379
1039.8020050501918 795.1684037319396
1033.1732459413715 805.3899948912764
1028.9817015154854 817.185816045712
1022.3287521223343 827.0845921572901
1016.3525776203268 837.5657812760247
1010.2703221627377 848.0064128042889
1004.0822315515312 858.4054241921456
997.0343757748312 868.1050935936804
990.6413622844956 878.4108898067686
985.6277546672866 890.0123197066001
981.221202622249 902.271550878419
975.9432934910676 913.8400778526886
970.5361689218506 925.3867001499951
963.5648516583544 935.5168500078518
956.4895761605288 945.5964735003255
949.3106872310187 955.6245178462988
942.7268564106495 966.3157218021937
937.4107652703549 978.409963744875
931.9527617261078 990.4867742232001
928.3886691616087 1004.7479678866422
920.6105676975153 1014.5817772085495
912.0651732268228 1023.6103359124144
904.0901995977609 1033.3198493164064
898.6206902730294 1046.002798759747
894.2849522076564 1060.1997096089726
886.5764123808523 1070.5523177359885
878.1227841621562 1080.076097289123
870.1931075627659 1090.3159888538075
865.2334101533729 1104.4365739843847
859.4795494992194 1117.7633488322201
849.9408821627555 1126.2865962215822
841.5085555207236 1136.335932277698
837.078698428844 1151.9875227782081
830.1121398107279 1164.3941924188966
822.4162688399532 1175.9491828932787
814.0133993539993 1186.6352369924577
808.2753499244404 1201.4137333593799
801.7855239812269 1215.3501444168874
792.3938691986232 1225.0685515743332
784.498372412722 1237.2498954058515
778.0306281474665 1251.936237060202
770.0288900191485 1265.075692808884
761.7517542262825 1278.232476873116
755.3111131087053 1294.7996456651078
745.156343685953 1305.2781402691849
737.797325710101 1320.9179028898893
730.2105828860265 1336.5333907692877
720.9822423777068 1349.4756782454485
713.8902644405673 1366.793580002839
704.7183840030328 1380.53323004126
694.905371536554 1393.3253477237986
687.1041217034186 1410.549157575933
677.3230997716122 1424.1356741953257
668.6109147650477 1440.383089548418
659.6537358058541 1456.5912085541984
650.4515443460705 1472.7568667155524
640.608922021837 1487.9584029891494
632.0859057105158 1506.7924235946093
622.131667820242 1522.8188296364094
613.0412293269212 1541.577585185169
602.2106843385149 1556.5677921852737
592.9135554750358 1576.1692535175123
582.9587770924725 1594.7924831183675
572.7071895995681 1613.3661937021504
562.4845599568827 1632.8319325056427
551.313901093605 1650.3493516407218
539.5565436621309 1666.8481443105054
529.0338510493763 1688.041523317441
517.2912334367307 1706.3114545151204
505.25289440651056 1724.5081944409087
493.4635484249247 1744.5522996963668
483.1854141167473 1771.2785934417059
470.92530840542906 1792.1602478303248
245.0891006451489 969.500558403631
234.12656393365637 963.9754934958769
225.10427671579757 966.1221789216195
214.31987673710387 960.3764836955311
200.5326724707524 939.8444803645643
187.74707682855438 922.0802758666584
175.69220475512554 906.1243011796356
161.59726448579963 877.2401747017212
147.77940333402907 846.1927959692391
138.50662367777448 839.6528539803717
130.13747508307515 837.9547944722328
120.22687400771567 825.2887366045492
111.64509643656545 820.438524474363
104.79690744824549 828.3976147897118
94.9046530900895 811.4691040463892
86.62223178085604 806.3607064839554
78.24953937505775 799.1783340328935
70.9005390741891 801.871631596348
62.87818852603127 796.5220231780694
55.725269418193825 802.0665149152343
48.114015618297174 801.557260275947
45.97348302984176 908.8379607268309
45.02455942776878 1094.0739413075953
34.4716883783972 1086.4532676099523
23.910146642501683 1071.7333179889174
13.280636613728795 1029.9143773591736
3.4056507300780865 977.9940703005846
-5.526396058886528 931.9836151706747
-14.036973098075421 914.8923233836013
-22.47385347598468 907.7218328926214
-30.879494789633736 903.472443852903
-39.207150449560125 899.1455940800831
-47.456110303078276 894.7423749856167
-55.625677832132354 890.263884455455
-63.64341889416026 884.7138041375089
-71.56164705946544 879.0921059082128
-79.4702414239519 874.3960662811897
-87.49657478962497 871.6193833320158
-95.36845636141236 867.7752344537389
-102.93857155056568 861.8744981069628
-110.53404747707478 856.9003584713545
-118.31957982904288 853.8410139066165
-125.91076196963924 849.7220016100706
-133.746693656479 847.5115467862133
-141.05666893131635 842.2701562741024
-148.45433584768446 837.9512576325802
-155.599540761607 832.5850004142382
-164.00760020088737 834.0272819736449
-16.56724062701099 80.30894432133147
-20.90993966630878 96.76659766237174
-21.59576441491382 95.59091462757087
-21.80240586901012 92.46434501105252
-23.384064936734063 95.16924664530346
-24.02746620981807 93.97702308296455
-24.65059192085363 92.78118515060878
-26.050908432569734 94.4740714155893
-23.912022494770234 83.64935851642619
-235.02938738285263 793.9428109545681
-239.24052242739353 781.1868998061013
-245.94944780678233 777.003133277813
-254.15452296314177 777.514937771216
-30.68149769771877 90.96507955817374
-31.20440607609483 89.72895319481988
-32.718785358988725 91.31528395965499
-33.22723747943932 90.06636824855848
-33.36028347792097 87.88112133031049
-34.90992201884743 89.42760952098625
-36.1190609555165 90.02451574816541
-40.77183245456167 98.92753751255083
-197.18586625685094 465.99756882255866
-200.74892906307602 462.2941352429512
-201.81860260661733 453.0841551432938
-205.22615667266464 449.35311795665433
