-207.50597171265352 442.78919555877536
-209.43893653125613 436.3385518890767
-211.79872426904944 430.7450526680523
-210.47363874524757 418.00101362716214
-214.42462668807377 415.9880761147851
-217.42321844243284 412.16882958580715
-219.41890545434705 406.5702201701648
-222.29468986062244 402.72207644946616
-225.11733867190378 398.8560941358166
-225.88776672264902 391.5082589742573
-229.07911586192404 388.48907150127036
-232.749651806445 386.30117730079286
-234.30262555832877 380.67214194957
-235.7700150636773 375.04866350498224
-239.3129068127918 372.79797831105793
-242.8343149629527 370.5138262959609
-245.22180635467583 366.53412622585347
-248.11969275012754 363.3684329569401
-251.5513634616248 361.00126251939554
-253.801540758388 356.9716766196841
-258.3466520347662 356.1699136401437
-260.5200705067007 352.09841360503697
-263.84440453391665 349.6142591430489
-267.14505272049564 347.0987191087913
-270.4217187606396 344.55201932733115
-273.67410850147513 341.9743884210086
-276.9019299694612 339.36605778891266
-280.1048933965996 336.7272615861085
-283.92947542737676 334.82092674074994
-287.7430210629489 332.87227855375306
-290.8839712502846 330.13105771748224
-294.66698731047103 328.1042008103077
-299.7880454923472 327.5105002589664
-304.2419675280362 326.1178087665091
-306.6291263351475 322.49585870665715
-310.3668050066443 320.29431207869993
-315.49555533221263 319.4738714912673
-323.47392235512007 321.4041405399031
-327.22063041380557 319.0229757111416
-332.3963931483911 317.98213443830485
-335.3942593382272 314.81850454343055
-339.7696815104216 313.0504169080544
-343.4601383335381 310.4901502075498
-349.3768969352166 309.8786599427573
-355.3125960747379 309.18272763954684
-358.22392355261263 305.80487339898946
-364.9365066665856 305.60979385809793
-375.5407512525465 308.48848300815547
-390.124988066261 314.33023030930343
-409.5600438115293 323.642658673263
-425.2527647411378 329.5513405829485
-441.0929481611733 335.19100686397377
-453.06745209034017 337.5720424685186
-466.74081071817284 340.93550065979156
-476.4522374719326 341.15870999871765
-498.48715490775453 349.8450462590149
-502.600980422277 345.676517106045
-480.1440259944161 323.57798797488283
-458.9850203644831 303.03919066849267
-457.6350493479497 295.96479792079947
-453.6582377261201 287.3381341611849
-412.16721500767113 255.6231344632566
-405.16631378041984 246.0005247506321
-406.61755945629426 241.6426293968161
-408.8871373706573 237.7820617557793
-410.2508872183557 233.40567588760985
-404.57795098010604 225.1348075725717
-379.46145603158016 206.47760989122563
-345.2016983177853 183.62131542529787
-347.8119753300739 180.80605580840498
-344.15859044495784 174.78805629372897
-347.5897075464344 172.41054262365802
-343.80636180813195 166.49680351362863
-340.846781647823 161.09770774384504
-313.2972740981745 144.46389875208723
-328.3314516870905 147.6430080736901
-326.9669557036387 143.3234449693936
-331.0681472075424 141.3997238489702
-339.7785302233573 141.33134966897862
-340.17447976795665 137.73279680090738
-343.3240825853671 135.23895266126564
-350.16590513367424 134.19701517513224
-355.15906216796566 132.29905729056085
-356.3857950924416 128.9579972561929
-356.63761296226966 125.27415144623555
-361.5845367473135 123.20967001510357
-369.37243449398625 122.0041172911219
-374.3116507978186 119.7488541782841
-376.3749491671629 116.52423627475753
-385.116620812864 115.27874207190462
-389.06415516715623 112.49036920584346
-393.95624653739594 109.90666865193623
-401.73088099328464 108.01990213085439
-405.63184504529636 104.99431548969058
-405.6295335493263 100.9389989674753
-407.5321755775596 97.3577211577034
-415.25185953224275 95.08886977461944
-427.8483829115903 93.75372653893383
-447.30694579002073 93.62422895812524
-459.9344743198063 91.76752874608445
-470.6006113184092 89.30881606392227
-1826.6238260416555 328.90940718827716
-1801.0440031428848 306.8704918089265
-1757.4419784147487 282.48485358626493
-1749.140731533239 264.3249918024494
-1730.7530266601964 244.94481155266394
-1598.145779227309 210.88875820663668
-1476.9745136682886 180.8045518628398
-1446.8092797682918 163.33679308825972
-1431.3694909740002 147.9945279692184
-1342.094806288089 126.03781549414563
-1175.8150466032478 99.29237725728224
-1151.7656418596614 86.37653750644459
-1138.5559876729465 74.64089317580131
-1129.2224377643795 63.38521948744711
-1120.7776875905968 52.35814166941869
-1119.22134255802 41.756273332554294
-1113.5664508014463 31.07667371953036
-1108.8100398046606 20.525487287442505
-1100.954230615699 10.039028309238976
-1098.999959133967 -0.29970575377646985
-1098.9499394893298 -10.489542239689001
-1099.8036702865672 -20.7818869257712
-1102.5601243434041 -31.147587512631286
-1109.2158016346948 -41.71696781768404
-1114.7707129111052 -52.36656982910277
-1117.2276775083128 -62.95487756624874
-1120.5816840707184 -73.65927860923037
-1130.813171262631 -84.95629287434532
-1139.933967873349 -96.36674160996841
-1154.9130690729592 -108.51637150438782
-1174.7367245574626 -121.46862959630346
-1460.7266721425756 -164.85626858350486
-1499.818210413071 -183.4838840697821
-1490.1059353300363 -196.4517790558219
-1478.3026604477454 -208.97426662897468
-1461.4523287859843 -220.54725272835196
-1425.7561636606943 -228.8129405945825
-1323.9847567817437 -225.19627840971782
-1284.4208128538241 -230.8423174115214
-1262.5558978415622 -239.1183908140205
-1241.630970036018 -247.20140421813315
-1134.5251991804716 -236.92524649034652
-1077.5526212561463 -235.5617719919947
-1072.378631688217 -244.9572825994515
-1065.1778741631597 -253.8131131231241
-1080.2284676332247 -268.0959860101888
-1687.6795178798416 -435.64532010439973
-1726.9976912274622 -463.0582841230844
-1718.7394838523248 -478.1114793090039
-1707.4684835636533 -492.2198468538607
-1629.9659516270108 -486.42779169847364
-1460.0414434455927 -450.6251029639941
-1421.4666903644081 -453.31716069927944
-1398.1697082879746 -460.3319094152827
-1386.2300082067025 -470.8103273583168
-1379.880235129347 -483.08853919274276
-1375.3036135312711 -495.96771125530734
-1368.731811495852 -508.10749669659805
-1365.7901647915246 -521.5948866301699
-1363.646619567175 -535.4371082984593
-1374.3890646836958 -554.4174409935855
-1375.5809074341007 -569.99839219315
-1373.8401117397173 -584.4761307145068
-1373.781273567362 -599.7716335369961
-1372.6431043868515 -614.7087993344713
-1369.5275287570914 -628.8428642963952
-1362.648018201488 -641.26934940909
-1361.0605967859458 -656.2278962957039
-1362.898517082845 -672.9841247261203
-1374.3577758769275 -694.795440317958
-1381.0849578906852 -714.5833325008947
-1505.1052436453983 -796.785545520955
-1525.684511886462 -826.1427057051152
-1514.347986308008 -838.5172486984876
-1507.2651876013465 -853.2148933563443
-1498.3086544903722 -866.8518765505734
-1491.8114907281188 -881.922602120814
-1484.3072272648963 -896.4307307813558
-1476.6619500450588 -910.8756695011259
-1468.0300574767693 -924.7230668393394
-1459.2683149280965 -938.488670707811
-1450.3774973914146 -952.1712635133538
-1443.8506536240466 -967.4395536825097
-1434.6882412452035 -980.9758663865001
-1426.2190655044162 -994.9975764752946
-1416.798255740794 -1008.366849182302
-1407.2521275446388 -1021.6469299719388
-1399.9925342454826 -1036.6218712997095
-1392.5755296725677 -1051.5504715215372
-1385.0013448517839 -1066.431092363098
-1377.2702277196538 -1081.2620958107489
-1369.3824431387309 -1096.0418442848797
-1361.338272911232 -1110.7687008135692
-1352.36918737283 -1124.801574076313
-1343.2564265316362 -1138.7638792047537
-1334.0005254809487 -1152.6541536890206
-1328.3544478212339 -1169.7753891040559
-1319.5269212961905 -1184.2202936846663
-1310.544990381545 -1198.6024479308544
-1302.8721355693096 -1214.283821170762
-1292.2825647728314 -1227.0003149079273
-1280.6944080012279 -1239.0907284433954
-1271.129491903934 -1253.177886340182
-1264.9401627764537 -1270.7381258918294
-1257.1349539258174 -1286.8615728266707
-1245.6778290822538 -1299.340889117603
-1235.4675754568125 -1313.1751101794707
-1233.2473835997532 -1335.7488127804431
-441.7937369126274 -487.6292587866074
-425.8963671587388 -479.0545735518958
-414.1444130528228 -474.7466746983415
-404.4624659691631 -472.54006562633776
-398.07449463244825 -474.0228862862224
-386.6076033488942 -469.2531950161065
-381.5520019558888 -472.0879894717228
-383.9323162441605 -484.27262625859197
-383.0474183026586 -492.5958539529825
-384.4653129074967 -504.1254042110362
-387.4965364625068 -518.1268514848088
-1123.584757727734 -1532.1740410938664
-1113.806139283821 -1549.1610258761577
-1105.5353627920033 -1568.5511026473935
-1094.1559871034171 -1583.8079668589078
-1084.829732029499 -1602.3012989150343
-1074.6991964216381 -1619.9251949428667
-1061.607916343782 -1633.3072680779367
-1052.1193249149233 -1652.4908248279523
-1041.8342888261996 -1670.7909248694186
-1030.2555067760559 -1687.3359448425238
-1020.5097056251308 -1707.243667648209
-1008.4602257372791 -1723.663822532084
-999.1730174400095 -1745.2146805536065
-988.5918492726018 -1764.9972112022663
-977.2461311227718 -1783.8570568309487
-966.5771614610497 -1804.421677696735
-955.6074364807142 -1824.9423079491467
-943.8813090864202 -1844.5248912273605
-931.8710325502857 -1864.04731128093
-920.0154402536692 -1884.4045716604614
-908.2892859121441 -1905.6053035970506
-826.4563555172954 -1776.1336921597624
-753.7185155867126 -1660.98898228187
-743.9336337333586 -1681.8096647957168
-727.8829326113349 -1688.818355067567
-704.7994945208984 -1679.0767321725016
-670.999275506173 -1642.2046073099998
-652.0043983283978 -1640.1570853306775
-626.2594077697087 -1620.1753467387207
-604.4714825089305 -1609.2157179301523
-585.0059454887659 -1603.6262169666581
-566.3695681585789 -1599.698256629626
-540.0672561881986 -1572.862472943312
-524.1161773822886 -1575.0880078923137
-510.93191560548564 -1585.718946602994
-474.67708896754436 -1522.7300027284214
-448.32521737137336 -1487.924897119781
-430.7820233417151 -1480.604892726489
-396.9364964123619 -1414.3558314002453
-358.912129748103 -1327.3308114858485
-343.9884262995357 -1321.978805644012
-330.4123913392903 -1321.3143651869723
-315.01355361586883 -1312.7324407655592
-293.31031194445774 -1275.7155093934716
-278.5701799474328 -1266.7310901860958
-325.46332672704585 -1550.2030908741485
-313.6270708999746 -1567.9410258038095
-296.6256179555068 -1560.0503975104502
-285.1259166714091 -1581.5031494253462
-337.4380984180592 -1979.4442476958031
-321.26833278639754 -1999.3528098733973
-306.0928917877568 -2028.0306066716569
-283.2693346888285 -2006.0993205783577
-269.2359482240084 -2047.3731961183626
-225.78067394848733 -1853.2976251189032
-193.51730431100677 -1725.1802957755463
-177.89454852153375 -1734.9033199594494
-187.82606723582757 -2021.292004750111
-168.1522850394945 -2018.0063946965074
-148.85233324563154 -2018.5190073138601
-129.55787597419672 -2018.8471355635263
-114.77834973132326 -2091.853467724963
-95.06277428104892 -2097.847246332771
-74.5641989141261 -2084.6669230935418
-54.351756768428096 -2072.2873561685856
-34.398779361715995 -2060.7129164389744
-14.664220572180778 -2047.947499482106
4.826250412217114 -2035.994279782475
24.11135021004616 -2025.8565207810373
43.18223016032431 -2014.5372409063034
62.22530890857282 -2009.0365877532527
82.94870605636918 -2047.320324757114
103.85731035572975 -2074.4017593237995
126.42040830443868 -2120.234392788717
149.52115967547422 -2160.8330390868473
173.4855290507921 -2202.1770526481214
198.77944374443615 -2249.233365559175
224.88815570400254 -2295.0079122791826
251.8870200738684 -2340.4847637013804
279.6562177597761 -2384.6579209329575
310.0528905406477 -2442.398658095641
337.78411686635496 -2472.0289016095294
245.7615078250414 -1679.1099669978623
265.14672310072586 -1698.4281601613143
281.9764055279941 -1699.7700746646624
294.7025147915108 -1677.307195410417
437.6448526411311 -2358.7428819090737
458.7627720479108 -2347.594666671169
478.9035258593811 -2332.340543942812
500.26862465486977 -2323.75994956147
521.9532836938397 -2316.9354262994075
543.5533404908464 -2309.9088220190083
565.5435631391736 -2304.623500312328
587.7299840422776 -2300.097707893659
599.6097981115205 -2256.6996011894585
620.0263905300535 -2247.0265407970314
657.6486732953954 -2297.7376313480195
687.1942747301174 -2317.2511794749717
705.7266536881193 -2299.1248096339114
722.4635661855681 -2276.0910341052772
743.1885296611638 -2266.251488555513
785.6363303098814 -2322.7310555673944
821.4085719607945 -2353.79203794841
878.8375757046906 -2442.7158073606315
893.559683553917 -2410.724391531936
876.7303978914001 -2297.3952227279456
887.4160072624039 -2260.016997735737
903.4563612071371 -2237.484212993325
921.0628590902538 -2219.471155389159
941.1521406015056 -2207.766438788579
965.1112862351922 -2205.0417694867942
1012.8693388656171 -2254.9677830039896
1049.5367377251193 -2277.8359546212528
500.6500221668297 -1059.6855926662176
499.46877382160034 -1031.4295632650574
496.4587969284814 -1000.6086462510331
501.0589152142557 -985.9898394427365
513.2713292881996 -986.4565588664939
522.7182116855116 -981.4834034115405
1149.8893376217377 -2110.0150499993692
1294.7478475030723 -2322.479065866076
1321.938215684915 -2318.6289815129508
1343.63382241679 -2304.9668438521294
831.296185363738 -1395.1066812970605
837.8903076167409 -1375.9581506724408
848.4202555988725 -1363.605173754318
859.3268955971517 -1352.0211856710537
866.8225898333842 -1335.321159030495
863.0270509798452 -1301.9325286961039
869.3211626347753 -1284.4772151328036
882.1812174475209 -1276.8947879848245
894.3994682918426 -1268.3665050446853
907.1193875153525 -1260.53298917314
919.7712799960697 -1252.5720707785208
934.7522091108891 -1247.685580409709
950.3310540800336 -1243.4210419850278
965.9138381261106 -1238.971935645229
979.0089159203453 -1231.206945459808
993.3035517108083 -1224.857973055935
1007.5662859720582 -1218.347725147658
1022.4400027005195 -1212.4406958188765
1036.8963475424362 -1206.700859555986
1050.2092779354164 -1199.1232099072936
1065.4690925963218 -1193.639649442817
1080.7185479371688 -1187.9745031542461
1096.635445492639 -1182.860811629653
1111.1780877180572 -1176.0983196039526
1125.6904238635957 -1169.1663994580917
1144.372651291137 -1166.347819038941
1159.5659198788203 -1159.7443155521762
1173.3086746248152 -1151.5566655836608
1190.6012225832842 -1146.6811800946193
1207.9056148079924 -1141.5813706062854
1221.5530272376122 -1132.8566553834714
1238.1014870093286 -1126.6679670006106
1256.8791268547373 -1122.2655035582593
1271.9222883251948 -1114.3135521304584
1290.7186366011654 -1109.4365241555863
1310.2998781104823 -1104.9480663921065
1327.5989251344827 -1098.2759644013731
1347.2175542259074 -1093.2656866405184
1367.6413644370189 -1088.6051158619682
1388.0962193519308 -1083.6557967458468
1409.3724947924104 -1079.024638700441
1432.2833461312932 -1075.2885270451584
1460.88535410701 -1075.36504599863
1495.2908671322089 -1079.0927776011695
1671.9445010998613 -1182.7533915579932
1648.5115369748303 -1142.9985618804963
1360.6264183432004 -924.5110868489107
1356.800670569315 -903.3227221445596
1342.6463693898115 -875.7338218684704
1326.4089295990998 -847.41686995231
1319.0840622563244 -825.3200813631966
1316.577943458639 -806.5720791090035
1312.1212240156124 -786.9167004758326
1314.3111831093631 -771.4675067387259
1316.3268967676472 -756.0472874404458
1318.169108996249 -740.6579508032268
1318.9621974130507 -724.8197857366592
1324.8596702609 -711.8727794460042
1329.6326716344 -698.6279113536535
1335.2307604944872 -685.6820080980057
1340.7030615917035 -672.6925751326775
1347.8451806752182 -660.5409668828938
1353.9751630480635 -647.8829044271583
1365.422593443109 -637.7069399928891
1377.7077041743235 -627.7877681658945
1396.3230196065554 -620.5368844128698
1422.2630016085632 -616.1720167740501
1441.793091260617 -608.6523490410217
1462.2307971779028 -601.2005453960228
1482.6541426515944 -593.4186492503128
1461.1259086240832 -568.9772219935059
1482.2913757627505 -561.2818163270324
1495.931705345856 -550.4764599336097
1492.5488616266846 -533.40687627447
1529.603894917945 -530.5402196364122
1639.7149597627465 -551.5748822510461
1656.2202317527087 -539.9060510246238
1686.9540945632236 -532.4912044685569
1715.7793563857724 -523.9629759824868
1729.245316329279 -510.41124199340703
1709.909273824589 -487.33384377515443
1804.0738069077506 -495.94223376253854
1798.974791121431 -476.45639979918803
1787.8556911460664 -455.6281681773206
1773.5916841150336 -434.3368946313435
1758.1137871926128 -413.1245711444048
1746.2981438265922 -393.1193112374393
1736.2185349768006 -373.7929892373749
1723.972217117185 -354.2877285597937
1714.4583042018376 -335.6213985331678
1700.8145487996833 -316.43304282474935
1691.8872018437694 -298.3985526728642
1681.7858716781486 -280.394867684432
1671.4968247446463 -262.60686371183243
1663.0018040086138 -245.3283511217072
1650.3682266687651 -227.68556476464525
1641.5187553702797 -210.81075818754587
1629.5198963755306 -193.7676632368783
1620.3118313023808 -177.45300600870317
1610.9681850823051 -161.06677699831283
1601.4605516950974 -144.87270745186802
1590.79498710046 -128.79172728109234
1581.9645181192848 -113.06751704897029
1571.9817548728 -97.45954210354432
1564.8421463133643 -82.2074030813717
1554.5581622427753 -66.96954684306132
1548.124663565097 -52.06751445435884
1541.5489757398755 -37.29283302915492
1532.8331467137828 -22.617345899174577
1524.9784089526456 -8.114938586207481
1512.9872112368025 6.220822605050366
1505.8618620039683 20.39736654426895
1499.6040477208405 34.46302452297097
1487.21855220659 48.21802539024274
1480.7028100223047 61.993454429086604
1471.0639947211187 75.49651273498824
1459.3066727591333 88.70194383816094
1453.4173405635206 102.11285006924166
1447.4052960020363 115.42057487838805
1436.291754112659 128.17955011616044
1430.0429755911139 141.2306197767073
1425.6645989166266 154.3905806579344
1418.186079303865 167.12942430563083
1406.626701742092 179.23538140156268
1398.92898194335 191.68125489714038
1393.1009899692294 204.28810965583088
1385.183979097022 216.4932887018455
1374.2016798120558 228.07617850561263
1370.019323335532 240.6824748236806
1364.738351911434 253.0478824690359
1359.346265960739 265.33512624339045
1347.96630964781 276.3382493511615
1340.411266312264 287.99068933413963
1333.7324330097188 299.7445531414647
1329.8721287757605 312.0835162347204
1322.9837431975511 323.6634289427768
1315.9955728564241 335.14124219840824
1307.9422322959238 346.26018682019384
1299.854093008346 357.0480876428974
1293.5095916125717 368.5891159628531
1288.0224894506637 380.324948786317
1282.429349198603 391.98975026656944
1274.8240338003345 402.9797548823557
1268.076635466349 414.1710354241883
1256.4940499566176 423.67287194676186
1247.6796737688512 433.9774552486024
1242.548717045836 445.5027337376812
1238.2495551084658 457.31612619028283
1233.8380815524738 469.08803918977856
1226.5207994694888 479.7246381714477
1219.1130838415554 490.26450902174514
1209.7677278201063 499.94304148070444
1203.1105561121658 510.66034677804697
1197.2758942694525 521.695728371704
1190.4273414419665 532.2581561116857
1182.5773880610466 542.3206811903018
1177.3588858430792 553.5585370368192
1171.1327235815913 564.3120978291745
1165.705301882157 575.4399613893958
1160.172148467536 586.5156314372375
1153.6456623090842 597.0784586931892
1147.9069783821794 608.0382956537318
1142.9433642855925 619.419458877045
1136.9923978996069 630.2763577340512
1130.9383041141066 641.0760893119543
1124.781632047053 651.8176740543075
1119.383342382088 663.0097531692167
1113.0183058528091 673.6402978122247
1106.5523164203207 684.2097419832767
1099.140467894702 694.1831399826817
1093.319833859905 705.1614998626553
1086.554540943622 715.5419132062042
1081.3504812885774 726.9732709095722
1075.2025453965866 737.8045041694319
1071.4036574228228 750.3054063919562
1063.3958079900156 759.8936475252716
1057.7267060406118 771.1648431616145
1050.3344347077555 781.2032867744092
1043.0460245626928 790.9083326428939
1036.6103714612573 800.9612586005358
1030.8638048218093 811.5810593577839
1024.2296436623735 821.5367533125022
1017.499611776775 831.4388372178149
1013.748430129747 843.8454363267442
1006.804575664133 853.6653597410199
1000.5227313036971 864.0823248652815
992.6328772190581 873.1345664121965
987.6404333330371 884.7838009625464
983.2567530471763 897.0881548583307
978.7307290882328 909.385594749783
974.0621279199255 921.6745471977117
967.0904414895194 931.8718141351882
959.2999900845363 941.3179744506149
952.1250418557031 951.4062773974512
945.5467813699736 962.1550208988588
940.9348885944181 975.0212999857029
936.1669321042496 987.8828246480032
930.5613901287095 1000.005749584333
924.1380239616557 1011.3698199314861
914.913488134395 1019.7221725694475
906.9355307177698 1029.4911088113765
900.1638617616742 1040.711786220522
897.1467178102272 1056.4675890543622
890.715374885077 1068.41336613847
881.607422027181 1077.2336577672404
873.0389569472404 1086.756173045488
866.8468422500697 1099.3527878170332
860.4976176150567 1111.9261891325393
852.7815781468438 1122.881819237171
843.7422092324955 1132.1850928004076
838.1455547954811 1146.260018048512
832.3624348160918 1160.3261511777744
825.8170698387215 1173.5634482902865
818.5315440203324 1185.9540933120854
810.528247947603 1197.4806717767888
804.0418170085137 1211.4589371917018
794.6409841360389 1221.2267219199337
786.7421881209951 1233.4527674096762
781.100995479744 1250.0228937345719
772.5565353201579 1262.3614378355012
763.3356939313481 1273.7910418786698
756.4988375560133 1289.4706312190287
747.9417943689823 1302.531025440894
739.206789336353 1315.5433564117302
731.7391531453675 1331.1344078469688
723.5712576267983 1345.8189458973943
715.6582483126559 1361.3512668015044
707.5182729345769 1376.8521683404044
697.3562407200128 1388.744135371542
688.7954567922114 1404.1569779417146
680.0076798651345 1419.5300473482191
671.8401287211879 1436.672141248621
662.9966572579876 1452.8745411991824
653.9092574713659 1469.035970626059
644.1798001052288 1484.23596006039
635.0027268018055 1501.2233467922993
625.5646936986196 1518.1675842929042
615.8657174030621 1535.0652813895608
605.9058550885569 1551.9130435592724
595.6852045576311 1568.7074733904767
586.242727798661 1588.259570757622
576.8247862681275 1608.7119586634299
565.4325514431267 1624.4032842150116
554.7575364442283 1642.8633770823217
544.4094963494093 1663.165145222982
533.1265214453877 1681.5088795874794
521.8420388870646 1700.7415695661089
510.52957908302403 1720.8673827117855
499.43804761643355 1742.851295031531
488.2473740205364 1765.7402135540922
476.1581741684286 1786.6377341734917
464.2186982086393 1809.3990715796988
238.76016867601646 967.9889368447349
227.6602494868162 961.4129241920979
220.02400082878424 969.3427871807244
206.1041404733741 948.8741135049115
190.35043943486545 917.4615578905492
176.55850519879772 892.7077317028044
169.9380395685389 903.1511848564456
149.0990904417922 835.8052771007312
140.85834822856722 835.2053195079158
134.05506341176056 843.4128526253728
123.86123484450151 829.8068416823251
114.90475040434588 823.0175565165757
107.11903316423675 824.0670559693301
97.6504179917668 811.1432646986802
88.43588209080275 798.1153392579431
81.18895856853239 801.9004632786772
73.14778034068092 797.6530588114306
65.52181585429216 797.312292421957
58.2712225144834 801.8855682868145
50.93999027858079 806.3926570786829
45.88742536059927 854.7691759731252
48.448212008392744 1095.9296376835466
37.84240390432895 1089.3428993970363
27.163340225909923 1074.6567605276446
16.686288115243983 1054.868033352483
6.28677898425041 987.97999798073
-2.9021506764346605 938.9955151764311
-11.49051008833209 915.9279273927125
-19.994951703726674 908.7800624498568
-28.396733233745017 902.5533920725419
-36.84616719258664 900.2462773948115
-45.15384728317768 895.8627852944486
-53.38195782740824 891.403032628066
-61.39137805202968 884.8729279963721
-69.43941943948248 880.2653957914667
-77.493920370572 876.5812525405728
-85.48499329505667 872.8237599431767
-93.41197375803898 868.9937877560618
-101.39048156633085 866.0854289547582
-108.69407971493345 858.143692533438
-116.53181560875885 855.0960974948525
-124.32166790864294 851.977184488184
-131.90924995936976 847.7994749792881
-139.91821917315815 846.5145550688494
-147.22510426301437 841.2138661926256
-154.26263442908692 834.8676779100972
-160.85198310242728 827.5117156463807
-167.69903816169858 821.0487394787481
-174.22857186903855 813.5529514078818
-16.83848550113347 75.13631216680865
-20.742013527312587 88.60456463880843
-21.819296067279183 89.37515493205265
-22.666678396233877 89.16401567045814
-23.512018376591246 88.9448424129181
-24.61997070803129 89.68197724367857
-25.196266809806605 88.48247362528377
-25.469044734004637 86.32107367460897
-26.87143435342643 87.98821520970574
-27.705423988869974 87.72918261101576
-25.43507843341679 77.95547950648456
-260.46222653841767 773.3145728270288
-266.4782350348787 767.028910962746
-274.75838908518534 767.2892724568185
-30.798287389400752 83.50129037254382
-31.589509401402864 83.20518551015124
-32.01408862425853 81.97010509666387
-32.79072157138506 81.66252860907444
-35.0900545010249 85.0452119470291
-35.50556727840693 83.78755690577522
-38.2937612448796 88.03174342088289
-55.4308367376436 124.1910718955461
-65.764228310508 143.6630302991113
-207.74744487879136 442.6759527536294
