-207.13818607595718 440.75250636741947
-211.21590804414484 438.8129899958379
-209.17585276425976 424.2339715538405
-211.836757328418 419.5535582551779
-215.34615330205253 416.63777344116187
-217.4166543899861 411.0413584955477
-219.87648034368382 406.32294224135757
-221.78226349303827 400.7201362545992
-225.57179987707087 398.5992512539615
-227.33807767079705 392.9801501869359
-227.4914698834759 384.781277000656
-230.61255372187063 381.7510315190744
-234.74699496650874 380.398275961122
-236.21043726217312 374.7714361159519
-239.75328741371717 372.5149140293789
-242.17627753895758 368.5534569060149
-244.54579866536307 364.5796927355112
-247.9916391239816 362.2445954387738
-251.4151840045027 359.87693070268074
-254.23567875948729 356.6626131874531
-258.1941578942758 355.0447532766338
-262.1447609905986 353.38382006705103
-264.8802825469364 350.08489815736857
-268.187773706902 347.55764706611694
-272.0895388799029 345.7850240136519
-274.7301269282235 342.40963385687934
-277.96440080222084 339.78933456873295
-281.1736844103034 337.13848667147914
-284.35768922325474 334.45732848842
-287.5161289845372 331.74610106789044
-290.64871973602794 329.00504816158656
-294.42432603909117 326.9775469912681
-300.2160412980602 327.11821799973393
-304.67041603457386 325.7175733566116
-307.7450750023912 322.8141397333342
-310.79206628601565 319.88168364829653
-0 0
-318.2225891177378 315.3385225043135
-323.3491088831475 314.39839978039714
-326.31560325279145 311.3183693163107
-334.36311362821374 312.9941025719914
-339.45986635256736 311.91024211445375
-343.8680089801676 310.03837246382164
-349.019843267749 308.7736209674588
-357.1988689629526 310.061232680881
-362.38737240678273 308.62824290739786
-367.58036817550516 307.124849095543
-377.4173661660656 309.3543788542033
-395.901015190384 318.3180581921537
-412.23001754107213 325.102157233826
-429.5117514555389 332.2177830303419
-444.57265850681165 337.2227028362501
-458.1601258268557 340.7789593010692
-471.8530991589881 344.10848988953785
-482.39458017753464 344.8832686799116
-502.0000241374416 351.8024669697586
-508.5884713979065 349.3232983371433
-472.0358576171692 317.7155160259309
-458.31118886796673 302.2446925231789
-456.09787550395254 294.6586634748434
-438.57217079740406 277.51657788689425
-399.5150148590028 247.56363404630088
-403.53894783643085 244.8271177363046
-407.54662292602364 242.0366710678229
-407.214508694357 236.67983418283328
-409.425677392071 232.8338778873122
-401.98777276147507 223.61983487666888
-373.3312387001515 203.09797195100322
-351.38962132227397 186.8939111554705
-350.4725277003976 182.19222630862723
-346.8235439570626 176.1659142883874
-349.36322820922754 173.3359015761801
-346.4805934662172 167.85767289968584
-337.198042026892 159.45682943427167
-325.9729346993875 150.40826388024306
-320.9917762417513 144.45857394133952
-326.00109281860966 143.03596569070407
-327.33385435449316 139.9590932859722
-331.4069942131963 138.02320162412727
-335.47246042162413 136.02289622950187
-345.1107051854609 136.16020404800324
-348.22549908345627 133.67124518039697
-357.9115701424409 133.50396233135783
-361.0435798045019 130.78047821425886
-360.38233311926706 126.68296639846109
-365.3550891873861 124.54581006552216
-368.4203381156017 121.6982105981257
-370.5118075615766 118.49894707318396
-377.3522641471685 116.74874193328824
-383.2342884235636 114.59267069269683
-395.834299909399 114.27688749364826
-398.8282971312124 111.04949080215252
-401.7965203360535 107.7754900050997
-403.77008039166435 104.2051926753599
-405.7119783164708 100.60711033786598
-413.4589314487414 98.37028009142281
-421.1993731176618 95.99525032671511
-427.9543112718939 93.26900591192616
-451.33864987463556 93.88515926034901
-467.9047219242211 92.70475285020345
-477.60852331877487 89.92273601964773
-1819.2566330966406 324.667988772954
-1787.7451012969514 301.55671570826144
-1755.9618093056777 279.0736896590774
-1741.718769412729 259.8782951217915
-1704.4916568391754 237.80073962383437
-1572.7967475691137 204.22142599643718
-1456.5155370956093 175.07566992328924
-1440.221383641459 159.2588022744149
-1424.7547340102285 143.86781403581085
-1273.691633372609 116.40714358069079
-1166.1026594664552 95.41796259227478
-1143.0185821778887 82.61065788413134
-1133.7711139846258 71.12707708081965
-1129.4024603489922 60.092283678048176
-1116.934547292329 48.79771577522742
-1113.3498920930685 38.052828756252154
-1109.6622513019445 27.380431616394397
-1102.8730238295257 16.73598844163233
-1098.9822848774259 6.239994037870536
-1098.9919902672134 -4.195870411394038
-1098.9058460038336 -14.385465532907485
-1100.7226585847836 -24.710906054734355
-1108.4392472230445 -35.26237677199697
-1113.0565910845403 -45.836939724008694
-1114.5764822149868 -56.349492395808774
-1118.9915459068955 -67.07399040534389
-1126.2958768524393 -78.09351948270053
-1129.5036085685742 -88.94154389580369
-1140.575683011706 -100.55899423910648
-1161.4809056793263 -113.36271760297667
-1192.1876544293627 -127.63070408884523
-1495.8780023908332 -174.31294261531613
-1503.1110621000696 -189.4258033964766
-1490.372706862739 -202.0029570046738
-1480.5004569202335 -214.7891921372666
-1457.6728199433408 -225.421715898067
-1389.3857759455477 -228.1910725689952
-1303.4463314830355 -226.62008062706315
-1275.696126693707 -234.11192267518874
-1253.8131270195938 -242.2429411011759
-1227.9712677090238 -249.18981857430177
-1107.2334521516339 -235.49539790912178
-1075.6977676992426 -239.32887950865108
-1071.4634509425136 -248.9298561730987
-1065.200018409898 -258.0017844503271
-1087.9505511890782 -274.3129566159448
-1716.031163702979 -449.79222447725783
-1727.1864143855069 -470.02881822515565
-1716.9388508015113 -484.53790626573823
-1705.611663707489 -498.6159369945681
-1556.3409942822532 -470.82768558839854
-1437.3388962803035 -449.54743602841177
-1415.9417689945556 -457.4416977239492
-1396.421553484837 -465.6080379063429
-1384.4390438489038 -476.05097822264065
-1378.0394540049328 -488.31471737577886
-1372.4711443190006 -500.84324694628094
-1365.852954930737 -512.958775640864
-1364.7253245851787 -527.1563225798193
-1368.0983389506564 -543.2227305263052
-1375.040197348513 -560.7935945388134
-1374.3693671553651 -575.5074653077588
-1374.4620935647101 -590.652142427092
-1373.4764162971833 -605.4449057308569
-1371.4227766262584 -619.8585062340627
-1365.590001978333 -632.6048897193383
-1360.5421764757307 -645.7251629220297
-1361.6640089955297 -661.8663963416046
-1370.660009305953 -682.09393699798
-1381.1781855911042 -703.4534950138961
-1417.133611299055 -738.4689077588162
-1524.0333314364652 -812.3123812122215
-1518.1575551317014 -827.4289321727485
-1512.132249257227 -842.5064158546686
-1505.0886437794409 -857.0485250942114
-1497.9052538326218 -871.5324724533382
-1489.7229313618675 -885.4459824148533
-1481.4113750102938 -899.2826796898241
-1472.971305807737 -913.0413639408949
-1466.093477231965 -927.7903405500007
-1459.068542263023 -942.4903124056276
-1449.3921081026062 -955.4886273367584
-1442.0894136639663 -970.0629479566353
-1432.1673047689683 -982.8864691055571
-1423.7698958744277 -996.7563812696266
-1414.4244683229754 -1009.9739716494026
-1404.9563390534252 -1023.1039465047512
-1397.7749019190219 -1037.9336797528385
-1390.438891423935 -1052.7182382840049
-1384.5317542404214 -1068.6780719655203
-1376.8758225871354 -1083.3821897996106
-1369.0658900853316 -1098.0362419359656
-1360.3279933520444 -1112.005733124969
-1350.680203744277 -1125.2675180655128
-1341.6656289355453 -1139.0932095895346
-1334.7792987150217 -1154.8113368519705
-1328.46635894094 -1171.1610193146805
-1322.7081935450583 -1188.1611989661876
-1313.059775732501 -1201.7795244358733
-1303.272296285362 -1215.3210776313722
-1292.6729031193338 -1228.0414347818373
-1281.6372515071719 -1240.9923269501476
-1274.7425976467239 -1258.0589452584813
-1268.3436929942436 -1275.8155338612728
-1256.8339956162663 -1288.5527957609074
-1245.196665727271 -1301.1864830460263
-1238.2239915421198 -1318.8185420176274
-444.4437617579534 -482.4994742322935
-434.46468912599363 -480.77482661080927
-423.8958909244549 -478.1561184983024
-412.10448567033876 -473.8711775265358
-401.7318024421176 -470.92733930682704
-394.6617317981286 -471.6641998860015
-384.442330203169 -468.44433473781874
-384.3526149284833 -477.5375036556155
-384.12417094346625 -486.67095793461385
-384.3682789116553 -496.6336941514258
-385.66600472569615 -508.23787029197194
-387.37389513475813 -520.7134196159394
-1121.8556819038938 -1538.393912162925
-1113.550053845355 -1557.9574055734022
-1102.104398957219 -1573.406143943498
-1090.4651762928838 -1588.7777375367928
-1081.9808797892306 -1609.0489040953737
-1071.0084468019027 -1625.9612255152263
-1060.353721558186 -1643.6502015872188
-1049.4587691561655 -1661.283025809036
-1037.2716995902438 -1677.155753419809
-1027.9844091138837 -1698.0792250713093
-1015.843526318658 -1714.6751674986358
-1005.9868508076248 -1735.5190739378688
-993.8517961008414 -1752.8501383139208
-983.4171526023829 -1773.6050022390616
-972.2001888434686 -1793.4399328699926
-961.1622769297644 -1814.1047592151867
-949.8183843502421 -1834.72096972545
-938.6197053668496 -1856.1769982135454
-927.097924398537 -1877.5850016912482
-914.3845898343269 -1897.1391150554853
-897.1266004967183 -1907.571194655969
-775.5250382285935 -1689.5093711135605
-751.6380947877532 -1679.4761607310288
-728.8128777583859 -1670.9759989938634
-717.9495592396254 -1689.806033362299
-692.6497135308665 -1674.3895527461966
-659.8672363891418 -1639.1657116777903
-635.8409565498249 -1623.9588289035544
-614.2991567782921 -1614.0525226836578
-594.0446241810122 -1606.698473417349
-571.9592983533629 -1593.4589925778225
-547.5497728945659 -1572.3912509942013
-530.3110912933096 -1570.9023351091241
-512.5290123792306 -1567.3273466221312
-496.67385707146695 -1569.2772475575348
-451.2702238869154 -1474.4894658942305
-439.4755005489194 -1486.3920359102026
-414.3242195645699 -1452.0452613752127
-370.77243259501176 -1347.936127280361
-352.7979145208388 -1332.072682517642
-334.9128425136116 -1315.0218203206564
-325.9373036342305 -1332.7223544683445
-299.30373057127815 -1276.3770120407669
-283.6300817687161 -1263.5580622653918
-320.44760176407715 -1494.0205268079992
-319.02986496820705 -1559.7063650759292
-303.9702463757246 -1561.692379861758
-291.08214411707604 -1575.333356904565
-279.6848661074022 -1598.7199178312894
-329.2954100297448 -1993.9923602996432
-314.2822556901229 -2022.7297554933848
-292.266044058907 -2006.8294794252342
-276.37288362210677 -2033.3032310008268
-253.2386360869114 -2006.0793087993407
-205.05934154269767 -1759.088305471353
-184.2568502539863 -1723.1768374529875
-168.70919652688917 -1733.8111797445683
-177.17564753850183 -2020.245725133285
-157.61600948495365 -2017.853610536215
-138.59666001861697 -2022.256157323222
-120.33192266303143 -2040.4549072175591
-104.48376792747939 -2103.4065565742817
-83.76478959952573 -2091.3231362042898
-63.25707836565843 -2078.0374255620713
-43.05388614647016 -2066.5515630846685
-23.065859295399374 -2053.8704842650045
-3.325305266723367 -2040.9972911164982
16.189855100834713 -2030.9354713017874
35.45880428249059 -2017.688448001538
54.58358717342229 -2008.258357884085
74.92767387622284 -2036.6221651763242
96.14581412034673 -2071.7702532923713
118.1015354094883 -2107.6937698190222
140.9522860020401 -2146.376819915552
165.0821782130191 -2191.791932286558
190.09675823455927 -2236.937241522147
216.08726600322393 -2282.7954997045294
242.87161741055962 -2327.3618922411656
270.41782617755797 -2370.6265415044613
300.1682261436053 -2424.4892319855335
330.4475665539818 -2474.029184500165
242.36657387404037 -1690.7165474639914
259.94981202124296 -1697.2080294501675
276.2319825977244 -1694.6341468854362
291.80729732795714 -1687.9625295681635
307.99923771192647 -1685.083223336127
453.60082020720955 -2353.6897195482984
474.1901065922007 -2339.425729278465
494.5475011493248 -2324.984251367514
516.6284282196907 -2319.1530926515507
538.4161973647824 -2312.1384038191245
560.3530745461724 -2305.8910277475497
583.2014648887687 -2303.3132768582727
598.4094196951805 -2271.4988810078858
614.9090511657706 -2246.3588001017138
650.6570854389184 -2290.3725367651728
682.5032191706708 -2317.59473502631
702.6801498068445 -2304.23991959766
719.6551576930923 -2281.1752352692524
739.6625489758158 -2268.456592849552
773.5332650490816 -2297.264087531624
813.8175773199004 -2344.786760207667
873.4062133349105 -2440.4150439029777
899.2683709177138 -2438.4661976469965
875.8263303525639 -2306.299468642605
887.4200808221163 -2270.7552928824516
901.3954280031568 -2242.6268709651645
919.1127257351575 -2224.6080098281786
938.1299851196438 -2210.1387130719686
960.5501854031368 -2203.760273106401
999.677344422394 -2234.5803201157464
1044.073252808379 -2274.8450590688876
497.82326615479377 -1057.7017517594331
506.23878203519405 -1049.26035642424
494.15158421018367 -999.519490466577
498.77593829906147 -984.9053575719298
512.8326806459525 -988.9381384401588
521.8551763532464 -983.0748572277301
1147.0702433592821 -2111.548923610267
1287.3215841097908 -2316.3124010126653
1317.9493623679105 -2318.598386576256
1339.694329546411 -2304.945791853074
1368.9607296221702 -2303.9849219889297
840.3487416885692 -1383.8262146463471
848.8790938308954 -1368.0293432733226
857.7191062947364 -1353.0417342776084
867.9802136518579 -1340.5295031101982
868.1521605921348 -1312.9310058259755
869.5532303842739 -1287.9414503494613
880.7699458042991 -1277.868656227193
893.5996412809423 -1270.153014838201
905.1958595846819 -1260.6841221300238
919.0567804594843 -1254.3363322057794
933.4779528489506 -1248.6392239333713
949.0872474041026 -1244.370683042197
965.3145508147387 -1240.7061771367703
977.8290036347229 -1232.1442446607966
990.8971471266086 -1224.2335740439191
1005.8132441104138 -1218.498961005747
1021.9983909521666 -1214.12037660653
1036.2380401267385 -1207.2662192715807
1050.0204637534673 -1200.6173519064905
1063.2783622042991 -1192.9137120798566
1079.8460303691584 -1188.767660519065
1095.0708001721077 -1182.9471427796002
1108.2227447482053 -1174.7626773194468
1125.4756421369514 -1170.760683895909
1142.051128379745 -1165.8229797728945
1158.6329505060928 -1160.6763915930856
1171.653048866906 -1151.8151470964792
1188.207268926214 -1146.2828996678384
1207.6654953712161 -1143.2904492253028
1220.5782303264311 -1133.9068672749088
1236.3772172004194 -1127.07602972814
1254.391344455867 -1122.047839868783
1271.6682001932033 -1116.1200601267676
1290.4595878865744 -1111.2709174776476
1309.2717064143537 -1106.1661714149668
1328.1014019544812 -1100.8050082219563
1346.1696169925851 -1094.5557830855566
1365.0190442326318 -1088.686827734327
1385.4518496373605 -1083.7915723682377
1411.4664608786243 -1082.8681497831449
1431.9914632284463 -1077.3413800837939
1460.5839461460328 -1077.4597608544289
1490.1143414480546 -1077.7199308776055
1674.7735821534989 -1187.409974912093
1657.9630973920662 -1152.18026700951
1358.7970799628808 -925.4223335776742
1349.9856753794738 -900.9260104305048
1339.9979404204078 -876.1315652737695
1326.2961658111317 -849.4489275728655
1318.142523718764 -826.8230083665594
1316.49857672347 -808.6139359948464
1311.201408927706 -788.4483909717861
1312.5367866257895 -772.5129019984372
1318.0215844536558 -759.1179769405246
1319.0145918078601 -743.2338169095538
1318.9500534192114 -726.9159212628786
1323.9775897578463 -713.5119773479657
1328.8697958815972 -700.0778996608894
1333.525712228604 -686.8108726754363
1339.0751579964626 -673.7052183535087
1347.1886416329544 -661.8789646567983
1352.4930772100704 -648.6620661784025
1360.3852350664122 -636.675751237082
1370.9005669940004 -625.8439385466062
1393.2088651770766 -620.1564786342251
1420.1178256309179 -616.0920071915507
1436.019430018257 -606.9013071414826
1457.421955846902 -599.7476491120169
1480.6729823055102 -592.98610394385
1471.3120411558104 -573.1333854783916
1484.1539153933281 -562.0108143289184
1496.9163961698741 -550.696198350594
1495.4710101886917 -534.1446037218892
1538.2561000788833 -533.0592561527324
1642.7669122401985 -551.9111088289525
1659.329480065606 -540.0469207256025
1692.0281030104225 -533.0261706735903
1716.1306958981072 -522.8110888229885
1731.5560222329666 -509.6457022959639
1712.2550659626088 -486.39756278725605
1802.622564028885 -493.67285893993414
1802.3810095169292 -475.30905370372966
1787.4140461697607 -453.3067698094133
1771.2221652587398 -431.39429910018634
1757.6987974912936 -410.51179921856107
1744.9162575337334 -390.14260750970203
1734.8408430420966 -370.6794427979348
1722.5948050428315 -351.0429284851776
1712.0972713833087 -332.05260625664346
1703.3627241521888 -313.65495368132525
1691.4789304134433 -294.9373288808892
1683.3415974635273 -277.1228360293312
1671.0666874803599 -258.8766617395578
1659.5881184784357 -241.0316929476408
1649.9045503993736 -223.6961657504239
1640.0425574708943 -206.56575147959273
1630.9984567951585 -189.75782969830573
1620.7897336217884 -173.03363657454742
1609.3856354077163 -156.73824212138422
1598.8356264559454 -140.53341088589735
1589.1211481808512 -124.61932596661524
1581.2449739768715 -109.03821473631712
1569.2241364436886 -93.37884986740684
1561.0447519610486 -78.15550124506976
1552.7186135898362 -63.09442932349032
1547.24659164122 -48.29062698523858
1535.6354102040777 -33.46471167294744
1528.8828926774481 -18.9235429621048
1521.9933106853448 -4.512452666090278
1511.9685769955815 9.747931983560937
1504.8107442533583 23.86679659388756
1497.5216997864295 37.8517987520122
1485.1063361198028 51.52834576051851
1479.560445208211 65.28314464914361
1468.8947942069167 78.67072868494148
1461.103154352109 92.05200889886774
1454.1877552454 105.36589815658995
1446.1550402242892 118.4761563939535
1436.0132819644116 131.26253853175058
1429.7395278881215 144.27017153331258
1424.3425301985574 157.28113894415742
1412.870334561985 169.48869494660903
1405.2622680770953 182.00812596919403
1398.5346891691863 194.5372025871846
1393.6744364436431 207.25000652230057
1382.7728641139672 218.9502369719106
1373.7476543051841 230.7951088974906
1369.5454651810433 243.36437455395904
1365.2285436237153 255.87501573047268
1356.873186231881 267.55215656941243
1346.4609930153974 278.689422633852
1336.937340779167 289.86642929171603
1333.1747127340027 302.2154617596683
1328.3250171178893 314.2891167361019
1320.4535569019356 325.5801039145773
1314.4249090522299 337.2479183968929
1309.2601028993554 349.0887895019968
1300.1339127580484 359.795509833638
1290.9744576451624 370.18096886222986
1286.4264996544055 382.19217808180514
1280.8111206847252 393.8564118182389
1274.1374591653557 405.14532596545064
1263.5650365616846 415.09444513130813
1255.7604301666336 425.8423910647125
1247.8660930724361 436.47933944246944
1240.8241624631685 447.34371332072664
1236.5011246879512 459.1578907581047
1232.0656042633007 470.9302992920586
1225.656718852153 481.9280107366393
1219.1502976618115 492.84637739473794
1211.6237768333654 503.30092729107014
1204.0089889980088 513.6568449967277
1196.3071299046132 523.9134002288803
1189.4315419330524 534.4797536434485
1182.4633901898894 544.9626875857036
1177.2119530348396 556.2158013144708
1170.053344608589 566.5467066096622
1164.5966114795312 577.6804761547633
1159.0339367465679 588.7616949749305
1152.4786219559862 599.3279786013926
1147.5927961728898 610.7624531453189
1140.837128522377 621.2017757418419
1135.734085926346 632.5409757992339
1129.6494847138267 643.3444191766846
1124.3263226165416 654.5924841239506
1118.0319211009337 665.2861214540368
1112.4902611064904 676.4387769364002
1105.13858286202 686.4908685989392
1100.229582775785 698.0715330000371
1092.6823563435378 707.989596064472
1087.5481307192508 719.4824969164041
1079.8077959781285 729.2627261452873
1076.0965751000467 741.7985987166256
1068.9726274286272 752.0282719474961
1063.3761522056623 763.3558534001559
1056.853936676237 774.0541043957719
1050.2243095208828 784.6973299886938
1042.692386307797 794.6782918488157
1036.0690521481033 804.9254121848375
1029.5048420887406 814.9164252338011
1022.0661365588248 824.2267967614968
1017.6339989767697 836.0083995550211
1011.5381440564712 846.4936993969831
1004.5746199580041 856.2884052328582
997.5165654182775 866.026386270143
991.862719020849 877.0315539457908
984.6048959369698 886.6669041398517
980.9387848747735 899.6221986636406
976.3874222372737 911.9010920581529
971.6936764093962 924.1711958430601
964.702377661877 934.3437924733709
956.8943759387968 943.7632930437064
948.9948004093933 953.1179721293349
941.0041850510866 962.4069428866047
937.0786317431946 975.9572930873063
932.9842272892604 989.5152508321748
927.3617422233438 1001.611301384167
920.2508677602361 1012.206668811529
912.357936464295 1022.009293387596
906.3402334811362 1034.0079212333721
900.1796147287007 1045.981195446117
893.8760475288774 1057.9275077500122
887.4295166464485 1069.8452472131894
879.5771712528938 1080.1819290336039
870.3614149898502 1088.901743637536
864.1460163596811 1101.4770367146534
857.163660085805 1113.2364797419757
850.6416427831332 1125.7574319378098
842.1758604357656 1135.8414590510763
837.1266547194487 1150.7162829986482
831.2954582958694 1164.7784600586758
823.5570561007959 1176.3714444624159
815.1104101013382 1187.0952023087398
808.2123902638921 1200.25069557319
801.6933852613729 1214.212796847472
792.8135712796002 1224.7969795826925
784.3432466406449 1236.1640956803478
778.900079709293 1252.5732177517039
770.3738572585219 1264.8656529658108
761.5524228918885 1277.1871073525188
755.0877021580534 1293.7722218573372
745.4027638305729 1305.1374332512814
737.5219771584251 1319.9262605192487
729.4290010676954 1334.6813598763504
721.5951043763758 1350.282009559502
713.0693286860409 1364.9659821721707
704.3312562402256 1379.6080898150265
694.9345998871017 1393.3107700293406
687.0942584145608 1410.553962120466
676.8438385377269 1423.2562728593593
668.9412490028398 1441.3322328257702
659.1088665883825 1455.7401904133092
650.6803677627521 1473.7489810032541
640.7857221554922 1488.9710065282213
631.822489714256 1506.9028971673254
621.4448459863853 1522.0191534264468
612.6854898719388 1541.7190050396287
602.1685247432266 1557.6562739605185
593.1652910564773 1578.2113095165314
582.113901210298 1594.0365133891153
571.4859592736416 1611.6773245141492
562.2047392776254 1633.9858723788823
550.023134966352 1648.671753564604
539.4606329640324 1668.9811938670985
528.8638087039717 1690.1905430581278
516.1782449369447 1705.6037111397875
504.6532232319149 1725.7256804839058
493.339157653823 1747.7049166050363
482.44472345133397 1772.516879697896
470.6207332938029 1795.3417851189236
243.75224398047854 966.7439389799562
234.67655184919104 968.987056679383
224.2226714078548 965.3005716494346
213.20733334753243 958.575314206888
199.21871423522362 937.0570441005522
186.84545664691137 921.2430598546765
174.59702645090027 904.2991088984351
163.58489314057064 892.1261024856228
147.42952524306966 848.283876474499
136.99821176612076 834.8338097926347
128.05478990631826 829.1700493759098
119.23040529353489 823.4124789275053
110.39205505559474 816.571854879044
102.9395914390434 819.5605166882815
94.05737615709718 810.56104643046
84.93046942558833 797.4903230529818
77.50626726120409 799.2507607348489
69.9692805664881 799.9458105253182
62.11511304947656 796.581893298392
54.945668095141734 802.1202986819237
47.67730418648918 807.593879784579
46.84746632117234 944.8393063898679
43.875135191595305 1093.119834470091
33.262851104366035 1083.4895397448047
22.81477548266239 1072.7574217965941
12.169499444909269 1027.927965999204
2.3448643576472397 971.9971716065558
-6.508458431150261 927.9771764266889
-15.024915896873145 913.8764970729316
-23.48305204357694 907.6962852555466
-31.82603054193892 901.4383527340866
-40.142547076804604 897.1023218753736
-48.38016639348552 892.689957095821
-56.53819172419832 888.2023603191774
-64.54301010768653 882.6433027255342
-72.6127422208091 879.005909915954
-80.52794288444852 874.2992910981908
-88.66419895210907 872.5065385566924
-96.55287775731152 868.6504140313189
-104.4966053142814 865.7161541046761
-111.74767701371803 857.7513956164909
-119.27355278821757 852.6985514267491
-127.15772592345274 850.5474194528933
-134.85478377448652 847.335935325026
-142.50262578126228 844.0550939633298
-149.74910624366618 838.736672132096
-156.723016699044 832.3742523869604
-163.78466069862884 826.93626412187
-170.021291281237 818.5284115478587
-174.304365122308 801.260250043211
-159.4303964199522 701.1012399770642
-22.85833520446456 96.32495269492914
-20.162107039722496 81.54440164547638
-25.162806463362482 97.81530131266459
-26.339083798865797 98.54061428992782
-26.194726097805397 94.4342963369821
-27.08096054599588 94.18397727801802
-27.679448499253482 92.96691955086591
-28.84617732824541 93.6584115472146
-30.938269247372702 97.19477092918667
-26.541861835127808 80.74979610082607
-263.6809455307924 777.5045716675801
-268.66505989229745 768.3847249868182
-274.8569099408342 763.0037215228876
-285.8397614032991 770.7007401066286
-32.4444170791324 85.01976123464063
-36.16427355027104 92.15826234571249
-35.906598910755804 89.03210743693597
-38.65526777143173 93.31007594852183
-38.747607901758286 91.10226606342786
-42.00209714934845 96.2331742958565
-63.33526975069339 141.46958544368078
-74.2568352903117 161.77120390436465
