-210.03787097930908 428.2675480987079
-209.5133416018452 417.3645405288146
-213.45253341044128 415.36371529138705
-216.44168769232684 411.5555804856706
-219.37797545580452 407.7282230664348
-222.2613020274417 403.8823016932858
-225.58197605719073 400.8899750282277
-226.87149417320765 394.403759023182
-229.07229233889547 389.6535446811739
-230.68872215917798 384.0399894132974
-232.74264059811708 379.2833548251435
-236.85157478986676 377.9118038902201
-237.72104198352557 371.4427360957095
-242.3185068918444 370.8513734876914
-244.15151317964384 366.0464978825643
-247.04091370149877 362.89363036229867
-251.0336230493107 361.36148120508994
-254.44112751620753 358.97035062562065
-257.23988981420814 355.73675532389683
-260.59390258211806 353.2871607305048
-263.9245903218666 350.8059443958082
-266.62292676964137 347.49994952631357
-269.89859351480084 344.96195329156564
-273.1501023950527 342.39308048144346
-277.00816046458937 340.5693454144461
-280.8561032666937 338.70318755194535
-283.4023459100364 335.2672222760347
-287.2142910835979 333.32859312898177
-290.3549650824863 330.59642201927744
-293.46965022411325 327.83466015254794
-298.5800545471379 327.2597607812915
-304.386622021629 327.3496362213679
-306.78211000624196 323.72941939236546
-309.8310931976801 320.8125522605537
-0 0
-0 0
-325.24396808998796 318.18447671292654
-329.6824776253215 316.4782203356645
-335.5735353499281 316.0876498263584
-338.54893339353106 312.8987371308846
-342.9755647901762 311.0253397343369
-347.33855597487974 309.16165275351557
-354.75856487611804 309.8182703570548
-363.74021310898723 311.6633718732898
-368.19482864179474 309.5053604728671
-376.4985280220803 310.4719929352837
-390.29510642157936 315.7114662209278
-408.1399520886955 323.8252298834007
-423.0144473114756 329.17286851404816
-437.2301269772882 333.66122948797096
-453.1684326980152 339.1082004405445
-466.82846225118857 342.5086667986529
-479.780222160004 345.0969985730059
-493.6387659653334 348.04707833312256
-501.0132544635469 346.2177333006575
-512.5368278016081 347.0835636371518
-449.1271727668069 298.0029910630006
-456.1103698095062 296.47821260968817
-446.23355698774077 284.1066923148216
-420.8907964751553 262.4251082547351
-411.3981380730252 251.148505848727
-405.16485497668623 242.12690947459933
-409.15715339346747 239.3040405571008
-407.05662244866437 232.95043704763788
-413.5987316654652 231.54284520303915
-384.1873722528409 210.3427274746077
-337.6646836947057 180.75276314721825
-342.01278719024583 178.9504216210725
-345.4663199617063 176.62678667777433
-347.11702659499537 173.36023144841866
-348.736847192577 170.07825084407818
-346.71403311325867 165.0617437274252
-311.97896970103335 144.93144056512276
-320.61898706977513 145.28408422931733
-335.6956833033371 148.31523256734488
-337.0797688316594 145.1421008680633
-337.5116983166697 141.56925336879235
-341.6093819690653 139.51354826938228
-334.54651738396944 132.96100069666076
-347.9114205235443 134.48659215434648
-351.9728142125723 132.254066309063
-356.0018917841272 130.01404941821687
-358.1558444014012 126.98185351111889
-358.39293472668066 123.27004639407436
-365.23253946444447 121.77927621871068
-369.2206299814638 119.24817145806051
-372.23876790593795 116.35419918451267
-380.9783934011319 115.1497449475786
-393.5674499235377 114.91154145987095
-397.5222202490204 112.00484100381244
-400.4918866414512 108.77154377120435
-403.43576154811166 105.49211489061723
-402.47397103244197 101.19141584826785
-407.2995607736546 98.3263331645599
-416.977813625602 96.50649171953533
-425.68088990410916 94.2962351870195
-437.31369006426604 92.55126407767263
-458.75293291611615 92.57292552826372
-477.28352510734953 91.63207222966238
-1821.9992868173792 331.9978898079951
-1813.226689822777 312.74425864328106
-1764.7736135949747 287.259626050956
-1751.5909207429083 268.1664527322734
-1738.2064282197869 249.34797551897452
-1630.4636354969691 218.20479674380866
-1483.5950916869929 184.31116060147514
-1445.529204812254 165.74172086367588
-1430.122485539577 150.31193017888606
-1398.6273496128506 133.66576568042044
-1172.6662973616471 100.9096379545838
-1155.6191169484189 88.46161056275386
-1138.443020647431 76.34453968132316
-1133.122892676047 65.24959841613726
-1119.7045243325383 53.877436736022524
-1118.1647174903492 43.2280529254749
-1114.524664155557 32.55415471092475
-1109.783285116386 21.93308177804232
-1101.941307037371 11.373471095941968
-1099.9995730575629 0.9691610698310679
-1099.9597108182563 -9.414593810565046
-1099.8218303924068 -19.797509749858797
-1103.5895058715098 -30.103198007468006
-1109.257812679667 -40.58454150438261
-1113.8271513530265 -51.128044249727466
-1114.3019768142415 -61.539454562691446
-1120.666935518543 -72.35067128560753
-1130.9157002091515 -83.58037461296898
-1137.0653659939674 -94.67498855032832
-1152.0675152424258 -106.72132084613249
-1169.927079838332 -119.35923869124265
-1181.6864950351976 -131.67394370728684
-1499.0919820277459 -181.17182291991264
-1492.384187416155 -194.4593457518115
-1485.55933283977 -207.63783039864768
-1467.7393957766035 -219.08232718622236
-1428.108653887983 -226.7634730071243
-1342.1173187201637 -225.92499372888915
-1287.7776084040677 -229.11314081278707
-1262.002360563178 -236.6559568930534
-1253.8602413249516 -247.22155089015635
-1188.833611911163 -245.9077940819659
-1081.91950481996 -234.30575129546665
-1075.7923654916817 -243.47440594405816
-1069.5886036714362 -252.54943851885187
-1069.1357830911288 -262.9632622898472
-1098.6142735556366 -281.0741502518878
-1728.9766886174586 -459.5221542182788
-1721.7363557170859 -474.7840787158389
-1712.4389350652323 -489.4015668882288
-1682.8819123238507 -497.92918088139703
-1460.1586818356684 -446.8395952239721
-1429.2429746213304 -451.95743106577083
-1405.0150084039658 -458.71213866607445
-1390.2636643778212 -468.2477373258229
-1381.1254750982405 -479.51686313899273
-1375.664699450761 -492.003693771752
-1370.0912062437017 -504.43045761896514
-1365.340805065259 -517.1503514682653
-1364.199637020036 -531.2770937603105
-1371.2692169607699 -548.7711131389817
-1373.505758906673 -564.5413450317026
-1373.7404618877802 -579.584457497221
-1375.6450719721734 -595.4843708769139
-1371.888363701125 -609.0347424748852
-1369.8188329944599 -623.3950310787662
-1363.975428891523 -636.0786345886696
-1361.6239272856933 -650.4316110423024
-1363.6146776868575 -666.9925117997711
-1376.1448074846878 -689.0184822143248
-1384.8220197870062 -709.5096711906305
-1495.9795590886415 -784.070251182223
-1526.538891312542 -818.2316379304059
-1519.7578189117949 -832.8416247141253
-1511.9645215221153 -846.9074835295769
-1504.9089265292882 -861.3971922710599
-1496.851303530619 -875.3240400666983
-1489.523316172688 -889.6883109145127
-1481.2038444713758 -903.4711789112126
-1472.75684078096 -917.1762578331857
-1464.1830323903869 -930.8023676700074
-1456.322052698162 -944.8926281991048
-1449.1593910669699 -959.4691549405895
-1439.3655158299528 -972.3147185143162
-1430.2815195189482 -985.6286191677717
-1421.8924956055919 -999.432704558192
-1412.5576258598933 -1012.5833070049407
-1403.9084424827029 -1026.2368562499553
-1398.3346202163816 -1042.2074121326848
-1392.5849505599658 -1058.16263186426
-1385.078101229001 -1072.8758798182878
-1376.633049938348 -1086.9210853679497
-1366.4883308429053 -1099.647962609021
-1359.318832404384 -1114.816716716601
-1349.6833188172332 -1128.0230223299961
-1341.442332312503 -1142.4432016866278
-1334.5602877505924 -1158.1182315977312
-1329.7499865730995 -1175.750812548663
-1321.0119708625236 -1190.0467943899985
-1312.1229524457356 -1204.2816770444886
-1302.3528865922449 -1217.7708974946179
-1290.997220196583 -1229.8029018687082
-1282.4096121598009 -1244.50575998673
-1275.4318837120782 -1261.6297039982296
-1268.2435109913574 -1278.733512827561
-1255.9626584632676 -1290.7977380464695
-1244.2575367503894 -1303.4673690736772
-1239.9438539296225 -1324.060134246989
-440.42304501954806 -479.4043610728934
-432.4731701929196 -479.8780647865518
-419.91846264293235 -474.9994576118969
-408.80754195066294 -471.43652133055724
-399.0994783769021 -469.22873564956
-392.67433766420896 -470.7184557035924
-381.8248970999747 -466.71056122032826
-384.22994835195976 -478.91893550939324
-383.962677949203 -488.0713697217617
-384.16590636556623 -498.05376856954217
-383.6097749535483 -507.2864482322468
-386.48490548685766 -521.373587584579
-1118.58763099569 -1539.535875445405
-1111.9413014221125 -1561.561891886357
-1099.825291659217 -1576.2196318491651
-1088.6591313467661 -1592.439102677181
-1079.5088203403125 -1611.9121275080313
-1067.3427480942587 -1627.1740712322685
-1056.6046311828059 -1644.874357926175
-1046.157607468674 -1663.3638388324484
-1034.9288907960645 -1680.9515730667638
-1025.0074505451582 -1701.0454803816726
-1012.2563361283366 -1716.7953022908807
-1003.2946479203338 -1739.3860553236632
-991.0448157209718 -1756.7353737067474
-982.4185653919252 -1781.0136895524615
-970.0957361775025 -1799.1248602168305
-958.9145149385337 -1819.8164613609242
-947.8835045330137 -1841.3467521991104
-933.8328801647154 -1857.470632856216
-925.7288794287567 -1886.0612508059164
-911.5465796414269 -1902.940575305497
-877.6506978620846 -1878.0463925425793
-762.620873244824 -1673.4187771419627
-745.4473187592208 -1676.7627425949947
-729.503483067068 -1683.7605732980612
-709.2168893804708 -1680.4723752021303
-680.3172579434043 -1655.6776342465846
-654.9233589262916 -1637.9167848009567
-631.3784154101919 -1623.5532934135902
-611.7015859636678 -1618.2463254182082
-590.1145399760577 -1607.0808410620937
-566.7803978272634 -1590.001251772705
-546.1119614178824 -1579.2411866451284
-529.5132755401024 -1579.6112468030833
-513.2657045027505 -1580.7600439602763
-480.5559248779389 -1529.2727039559388
-448.87104528020757 -1477.3120133232023
-430.32704421480764 -1466.1523232656787
-405.7679075709964 -1432.6455965051005
-362.3950730417388 -1327.420736253232
-347.74965503734336 -1323.0624238566406
-333.46477302653 -1319.5159131857276
-320.2218754327525 -1319.705251370294
-296.3565743148138 -1273.984607780011
-280.7776688440955 -1261.1216835335422
-329.34074831075674 -1548.361608766541
-317.8141322162714 -1567.0976923483802
-300.6567284873331 -1558.2600975496016
-289.82008695028077 -1582.6829490457435
-278.546677328544 -1607.0385025098894
-326.88721090100483 -1998.4418308645768
-310.95099153629087 -2021.2210371116262
-290.1888995196165 -2013.1930862675824
-273.3388842499522 -2032.7043204453007
-222.57819336803826 -1783.162344778798
-200.4985134161518 -1740.4896857258054
-182.1893846022858 -1725.4077860431255
-167.81624246964915 -1747.9627309423297
-174.81908743928344 -2022.4584758819885
-155.16077926754724 -2018.0438876736769
-135.87081501759192 -2017.4298306574271
-118.62689571666571 -2051.57321575727
-101.42259382965786 -2099.5517277411536
-81.60045417689972 -2091.4087036918736
-61.178779884072114 -2077.0992169109054
-41.097625294507566 -2065.5911950807576
-21.24191458266823 -2053.890157984322
-1.6119120885606253 -2039.9993631713269
17.794599770988253 -2030.9220448404685
36.936003897173116 -2016.6617791826443
56.00166841761003 -2009.2197025548114
76.20043046224033 -2035.5742419271692
97.09547216259547 -2065.7193587913926
119.36406706807779 -2109.625848223558
142.14992391954306 -2148.302213174317
166.06303307856308 -2191.71783517969
190.6480344168325 -2232.8757974802356
216.60161815069105 -2279.7332604966095
243.25912126295648 -2324.3050574144468
270.56023456678963 -2366.5842810834274
301.6444238319308 -2432.367497227979
331.6234151834825 -2479.925384059376
246.66204196383165 -1719.3972307335596
260.0447534997377 -1697.1934851917329
276.8873823166962 -1698.5801062987307
293.609859325383 -1698.81407178859
425.0180544617561 -2326.496218217761
453.0825524663091 -2352.771174732174
472.1606583211066 -2331.6743582099493
494.2025561744166 -2326.079928435537
515.9635227222926 -2319.301110942691
537.6401203613384 -2312.3189877216
559.4662156259658 -2306.106362155302
582.2028424750638 -2303.5658988216414
596.2962543728868 -2267.9188206417057
612.9246505739558 -2243.7912943762826
650.1458308219306 -2293.6360649991666
681.0445627611957 -2318.0237927021826
701.4081253150928 -2305.6727091549587
717.395718954451 -2279.790205792153
737.2830967192197 -2267.128058864809
772.2741581286831 -2299.7975181929896
812.2112010372032 -2344.285384698225
872.5660709041215 -2444.9630778207966
895.359656483414 -2434.5773936233577
873.053388312666 -2305.2120902762445
884.6609847155568 -2269.685207715401
899.0157158698714 -2242.5045691411606
916.359198198769 -2223.5806303969525
936.1514456441126 -2210.9774921555486
958.5773459094602 -2204.619121732635
997.6769040653987 -2235.4741767899
1043.7020165928175 -2279.4155173114195
492.62594129566185 -1049.095172976486
503.1307815622247 -1045.207834186381
493.25677583129414 -999.9613758023439
499.6981728318927 -988.9215014693875
511.0282200195858 -987.6204525745777
520.5069936620093 -982.6578598621888
1145.6564246222867 -2113.453892736172
1277.487887842943 -2303.4714446709722
1313.900031256349 -2316.297845240237
1337.1290360732723 -2305.278929086405
1369.4482042937925 -2309.5100380289555
838.5915355906221 -1383.72260097021
848.180805476653 -1369.6387557385256
859.1809806726768 -1358.0342567293128
866.7800377564314 -1341.3058436266351
866.4258752917352 -1312.8728813655
868.4001222969987 -1288.7192198437012
878.4923103181695 -1277.0087159889883
891.3131050163173 -1269.3155434430682
904.0671336340856 -1261.4938041396192
917.3434194054245 -1254.3512470092112
930.5658461529875 -1247.0698480733042
947.3673714484501 -1244.423988644889
961.1368762501347 -1237.6206628495393
976.1048610923682 -1232.2350831525
989.1725664793588 -1224.342122825413
1004.086335137382 -1218.6269452093948
1018.9814056297628 -1212.7377684317382
1033.8558069129044 -1206.67442606217
1048.7075630371412 -1200.4367735239955
1061.78743967175 -1192.9025244986742
1077.63756093719 -1188.0712467092803
1094.1688599260924 -1183.7814434970821
1108.6571878090856 -1177.1016268441947
1123.1161996491887 -1170.253819513341
1139.6415151991885 -1165.382862768497
1156.8796658774315 -1161.0126780872474
1170.5732888841492 -1152.912475147592
1185.6545402387535 -1146.0472552260794
1205.0626718656752 -1143.1294576188473
1219.3961694896539 -1135.1779516154988
1232.9479369941284 -1126.3833204828286
1252.398478457208 -1122.7742654505714
1268.1349703965705 -1115.5961172652446
1287.63149122415 -1111.4882558119411
1305.635619777828 -1105.819437506579
1322.8769575960785 -1099.270919774258
1343.2100689105646 -1095.0231553612355
1362.0171158668263 -1089.2407337617392
1383.9803622292854 -1085.6700037136957
1406.7880480367974 -1082.391975164643
1429.654966587779 -1078.7806433705125
1454.1845849970823 -1076.024252866479
1484.4529414718838 -1077.012286167373
1624.0603333927327 -1155.1956689237913
1697.1706539474612 -1183.373470794215
1496.8426581398878 -1022.952128289841
1352.6641059306162 -905.9160096426858
1344.3842903175514 -882.2102243498279
1329.891959068524 -854.9551901736625
1320.0857522592112 -831.2482220625992
1315.0603248210014 -810.9508875891823
1311.4834523752356 -791.8555134277549
1314.5519648204315 -776.9698396892526
1316.59136499576 -761.5958098746353
1315.8476363887194 -744.7744610351651
1318.4042511053156 -729.9720752655077
1322.55803696766 -716.1398179491557
1327.4523422592124 -702.7618935532369
1331.3240515369414 -688.8956886200289
1339.4389447794072 -677.4247657181041
1343.9808104667038 -663.8648816568489
1351.0883674271004 -651.5828599673047
1361.702872828833 -640.9292364447911
1370.4187051934812 -629.2984764448603
1389.075363644317 -622.0559734593094
1418.7140511080606 -619.3177223272033
1437.3800872092108 -611.3775305770088
1454.1737481783005 -602.3742276268737
1478.3440731278833 -596.0996573121475
1472.7340505348568 -577.7355938447911
1479.0564446672413 -564.1640129326748
1491.8173889254413 -552.9573926621094
1488.502602176503 -535.8022054021236
1513.3192588999775 -528.6528356515487
1624.3202347210554 -550.2806330189496
1650.3448372413918 -541.7849372128057
1678.2579554477531 -533.4521862138416
1704.2471183459613 -524.0522489308555
1728.2893658854666 -513.63884955016
1715.759205839453 -492.33662018701136
1771.4101249857733 -490.2552081292833
1810.743916765304 -482.78615131074923
1793.9106610764668 -460.20488923542945
1776.8143384449786 -437.9849388921187
1764.3260387743828 -417.28003654943177
1749.6560844443309 -396.40835784192575
1739.6375776095522 -376.9099342930205
1726.4702436407176 -357.0287072815865
1717.989805229104 -338.39626051253214
1705.3807783944499 -319.21998791231806
1696.502691805755 -301.0109909884151
1686.447622655737 -282.83284116031
1674.226190338693 -264.5593762919521
1664.7788855618692 -246.98231148683686
1653.1689548109396 -229.332524621575
1643.3589257600293 -212.18020907908235
1633.3734454352032 -195.23367472629704
1623.215525945665 -178.49469552045036
1610.8982055561949 -161.76517343307043
1603.3659207698001 -146.00590438064836
1592.698814057305 -130.05570998788926
1582.8720825577182 -114.38955485267066
1573.8906428813054 -98.98102975151846
1566.7574753768995 -83.85710077628694
1556.482717293508 -68.74264154524336
1551.0602361343435 -54.00133223240502
1545.4986956444652 -39.36726763767677
1532.8005364688172 -24.72883743539656
1523.9647992916875 -10.358113720498466
1515.995116313294 3.848027318291644
1507.8937063822277 17.904475777520748
1500.6624447928486 31.831223481839537
1489.3050503467023 45.502384682635764
1481.8209671189095 59.12378038302229
1473.2141767700284 72.56024644257548
1462.4897826826798 85.72418298688159
1456.6373537014194 99.03342769855846
1450.6643231184191 112.24090890303246
1440.5870541163192 124.99975804962773
1433.3849941253209 137.86754011134647
1426.0687516223186 150.6118044721658
1418.6400045597045 163.23154555061294
1406.1387644234828 175.1078958402545
1402.4606139774507 187.96070398355025
1395.6956457907988 200.3338821083575
1388.8223176533554 212.59720127029607
1377.8939702362984 224.10757860110513
1370.814479398804 236.11154793992145
1366.5829620291493 248.5397511297479
1361.25689206842 260.72144866931455
1353.8620379838114 272.430875831505
1341.4752970905995 282.9929810007445
1335.8456624471337 294.8565178543263
1332.0605739533823 307.0889566867979
1327.1913004539156 319.04271187326026
1319.3048695857633 330.20396891511194
1312.2939056606872 341.49773815622746
1303.256643189891 352.1677469352028
1295.097932747118 362.9687928653663
1290.7164872991873 374.6824647805752
1284.1977404437237 386.1569155657251
1277.577853276272 397.5409775331251
1269.9060046549453 408.52752580617454
1261.1922600211763 419.0883955237576
1253.3390465547436 429.8444304411146
1246.338592405893 440.8220877856473
1240.1826121978386 452.04766164879686
1234.8623097581878 463.5472747613489
1229.4355770406055 474.98648602548013
1222.0444598502622 485.6257181711865
1214.5625693994125 496.16707368979826
1206.0690301496634 506.2227716271271
1198.412933189938 516.5572974637847
1192.4987381711674 527.6009471752051
1186.48301275556 538.5787411720686
1180.3664754473298 549.4897484394485
1173.247355297981 559.9023515634608
1167.8338816524958 571.1077173917931
1163.2074788592804 582.7086417119936
1155.79663236208 592.9039927513353
1149.1826982285838 603.4758703478306
1145.1149308954937 615.3956410637054
1139.171531546693 626.3291640292365
1133.1237423472628 637.2052922951394
1126.9721174962801 648.0230292095728
1120.7172207079718 658.7813834714815
1114.3596251600582 669.4793692214379
1109.6043748465231 681.1623384491078
1103.8802282919814 692.2842202347553
1097.2026951605867 702.8194972625224
1090.4246180616803 713.2903702735925
1084.378196487007 724.2512871811731
1077.3955491794081 734.5984145153061
1073.5973452742949 747.1631282524497
1067.2111535534402 757.9850616807271
1059.9063731117244 768.1663102721636
1053.3085187164681 778.8717252534719
1045.8044357371796 788.9189325858769
1038.2045187541341 798.8938460386943
1030.7526044107349 808.4856637569321
1026.5142224052975 820.283214017968
1020.5953891289156 830.8074696876512
1015.3397826841269 841.9300004744753
1009.2022722123977 852.3800641505721
1002.2005436507455 862.1357609484426
994.3526684483696 871.17551087574
988.6617379322944 882.1411270021908
982.1134669665354 892.4024529341971
979.130209933288 906.0132625938735
973.7971646277348 917.5854631384395
966.8914690348175 927.7504444125544
960.5966749093977 938.5643441730615
952.7673358548641 947.9295352124147
946.2520757752135 958.6532267150096
940.3165732268163 970.0545047135122
936.3204064492857 983.5995610341866
931.4727443098761 996.4208581758152
925.1168143776691 1007.7613208273639
917.9621051007624 1018.3253770769817
910.0289666691082 1028.0935170611451
901.994086062651 1037.801362837804
897.1035772549301 1051.2512409868575
891.400855865396 1063.9306904880784
883.6359928805603 1074.2757709666485
874.500247724204 1083.0112265024338
866.5210292340638 1093.2366193533487
860.8843404258912 1106.563216634946
854.4701347689746 1119.082118875952
846.7002074928913 1129.9746716769782
838.2105054445643 1140.0123457938375
832.5335756164003 1154.0436930512517
828.4039435777156 1170.513949624219
818.3410493543764 1178.7887541631783
811.0102296721722 1191.1101575282996
805.1889987142869 1205.8899934693397
798.070692590007 1218.9881745238165
789.7005815120351 1230.3727043296894
782.7870358623911 1244.2445324315358
776.2114929026754 1258.9426985712257
766.5729277794468 1269.5097267826059
759.2419311376522 1284.3736566912173
751.1987063710452 1298.3452944215064
742.4674782357703 1311.4080386219293
734.526309628201 1326.1700873055372
726.3735275555673 1340.8976465288026
718.4771520100036 1356.4717402288904
711.2720817125784 1373.790750360569
701.0966717311873 1385.7389569783522
692.0889500677827 1400.3059969856854
683.3043471640628 1415.7256687461359
674.2914169755322 1431.1027513750118
665.0501948603688 1446.4343187010552
655.5807509766604 1461.717441555952
647.4858781581509 1480.614074492664
637.5259824824983 1495.8063449724116
628.4885231702694 1513.711721644268
618.046989667456 1528.7965589191374
608.8423227772363 1547.5399917272637
598.6258090645 1564.375958880049
588.495819986416 1582.092497251193
578.7660297475384 1601.6363141519587
568.3905719363429 1620.1917040072378
558.0403617694186 1639.6386658761912
546.1223039510024 1655.2339499681757
535.1786768144539 1674.5589819063198
524.8073492731008 1696.6889067088703
513.4952170403543 1716.8537101560748
500.74101409207276 1733.111201511906
489.07012423541846 1754.095611299553
478.08820672880694 1778.874831624427
465.9334559935077 1800.69598061026
238.05329248995025 956.8315577648419
229.55560273255313 960.962135182284
220.5549524351142 963.067761352411
209.6080579514432 956.2977894159458
195.7329756535074 934.7264852574915
182.28030680376938 912.9813194975698
170.74492263395854 898.927789866752
155.94058431216558 865.0569542893579
142.36008184303202 833.936212847029
135.1409155601608 839.188258343479
126.48822965488058 835.4793401148673
117.35588487611771 827.721931740934
108.64298482036517 821.8501699515076
100.05108919093207 815.8883376735496
92.14296316220249 814.8065257100541
83.33697250440653 804.6961842918107
75.57237158891625 803.4536804647961
67.7542863661596 801.1400356236182
60.061358471931904 799.7478560262016
52.728155580695905 803.2712752296437
46.1194214108092 820.7051839538557
46.66021276386138 997.9097276531737
40.884471410079755 1095.2371706610027
30.211882978681846 1082.578515455984
19.79971626248024 1070.8169643949077
9.284898274645737 1022.9578635818924
-0.3238928262600995 964.9999456442664
-9.00659541271316 923.956103523902
-17.49152020636959 912.832430800347
-25.91071198471156 906.6298224768725
-34.29066163424507 902.3486856668468
-42.59233382509835 897.9904749491118
-50.81502340963568 893.5562844028786
-58.891868260605364 888.0494062003395
-66.79402596289992 881.472948022608
-74.8324695301921 877.8160977699218
-82.80801762681851 874.0862841943674
-90.72001138838094 870.284367051191
-98.56780256040688 866.4112120110246
-106.22837063563452 861.4752075783135
-113.93651896375032 857.463392598438
-121.57859578724825 853.3830587997403
-129.15399663106598 849.2350941607527
-136.82177989743528 846.0075653005106
-144.27134281747186 841.725477600413
-151.6524667016698 837.3783668947383
-158.7771317147146 831.9848691198946
-165.22368769587234 823.5903915322087
-171.82397092801608 817.1300526932835
-177.56021028691964 806.6897617565659
-20.620114292048196 89.65941605086925
-23.0946831215761 96.26855982881425
-25.69513970843596 102.83851319113846
-24.64826653031873 94.84968611993595
-27.623245916709635 102.33746276425356
-29.66231220592635 105.9251964104771
-29.82028966953458 102.76064579412221
-32.510845625608724 108.2222015887121
-31.15281700729858 100.27213966256912
-251.24774660584455 782.66121011935
-256.3891385997197 773.6211020959122
-264.29445742665274 773.0701389741756
-30.245778287659874 85.82652792565783
-35.14557783898908 96.81832656250344
-35.70378253364245 95.54705601320414
-36.958877700965004 96.14073725058026
-37.493092828310104 94.85920087249166
-39.888029898244106 98.20868123967853
-42.34909440091921 101.52120075837378
-54.716984349009486 127.77735176372317
-202.34091010093874 460.5074984183469
-205.01591176117108 454.93898044104304
-205.50725941831087 444.8221738249737
