-209.51002744646362 430.75114439706607
-210.37494809383864 422.52382325084903
-213.89408191587248 419.63117343849234
-217.37741641229132 416.70980170127666
-218.94135702760425 410.2312545173894
-220.88182596702458 404.63838047999485
-222.73648329491726 399.045685366241
-222.0275219851052 389.1115257624138
-224.67780572663293 385.27377748020353
-229.83496750512222 385.71607136846063
-231.90055427776437 380.96998953417005
-235.48118307417616 378.76722722271836
-238.50492398276205 375.6865731377379
-240.9476593737373 371.74349414928224
-244.44091956149555 369.4558658946024
-246.23359650744453 364.6491683125152
-251.36197806810094 364.782340556244
-253.63887180450163 360.76075550112097
-255.27955745770808 355.9162085999972
-258.6229968228361 353.4941944563946
-261.94345834368517 351.0407734593662
-265.8462192610778 349.35195391551906
-269.1273161480305 346.8306325902573
-272.3845019147901 344.2784964481977
-275.61748717059027 341.69577223865315
-278.190845757549 338.31029150278533
-281.36731822496404 335.6731032342207
-284.518792086289 333.00609146044013
-287.6449873429295 330.309493137097
-292.7370346411352 329.82727077898636
-297.84537074457523 329.2782032355414
-301.6136192335922 327.1914190390904
-305.3689310909216 325.0627876647648
-309.802374775892 323.6147224450979
-313.53722725924627 321.3960284797928
-316.5526997827405 318.42642519153173
-325.2334114659207 321.04863816287883
-328.2450899879492 317.9688049145751
-333.40196560575845 316.9276405273239
-337.1056865071486 314.45310639989555
-341.52996114988287 312.61203693549527
-345.90154552760424 310.7685968717154
-352.5856708338225 310.77861046517233
-358.54436973792554 310.03537689953015
-363.75784236737655 308.55993277843254
-370.51278875339267 308.29251267292204
-381.16873186470536 311.085836785689
-401.27872215645226 321.20303103253053
-413.74755997879345 324.79063504293765
-430.28184081318466 331.21977215501073
-446.1760014027792 336.7610069058281
-458.19366890350193 339.05539632447676
-473.532080382107 343.5001729970362
-491.43997832544886 349.42201948858684
-501.2970378653179 349.3168759557116
-512.8474415504612 350.183525733502
-455.4728347359575 304.71051313926
-457.5072391538866 299.8268268881029
-450.23292331407725 288.9901637842718
-447.0282803499821 280.9799220003767
-403.68487062924765 248.42408342398613
-408.593687268107 246.13045062456706
-409.1878515204008 241.22666139570572
-408.85967037488496 235.8342001087637
-411.0790209723759 231.94404177816887
-408.0080368011085 225.13427527967676
-350.27920001178506 188.96688079953026
-347.6336584190774 183.30259009127013
-347.5794095324929 179.07974220732947
-350.15624933776854 176.22315696214977
-348.22268754233346 171.12848938968165
-346.2242926529879 166.08654122757264
-318.8025952003798 149.22769613413854
-312.92684944873764 142.87332464140073
-327.0584369044354 145.59113588961202
-317.4165165815877 137.70531943687084
-338.97359540857155 143.25118364532298
-341.2423770121232 140.40883209797005
-346.27269026131927 138.65144780776163
-345.7090610207878 134.63374438871267
-351.64715409453106 133.11753835320545
-354.7432431654665 130.5420676580799
-358.7785226309487 128.2145533812517
-359.96673921331205 124.8396838354511
-364.9145304869997 122.72891036529472
-369.85408882694475 120.5361065324017
-370.0160606673312 116.75664798301572
-375.8783501867119 114.73650622585481
-385.5714395750462 113.74825266361894
-395.27835505799135 112.58784136241594
-399.21104861621234 109.665576471125
-402.156738542981 106.42348258007925
-405.076572297326 103.1356901167061
-398.25638068783815 97.42615275901932
-415.70400548296 97.56628426573998
-424.40708814325865 95.41291072889611
-433.10569920737447 93.10452896659358
-454.53243851179866 93.25375242057527
-471.0911618443315 92.04953683836692
-482.7499804347561 89.62955087605124
-1822.9914169298986 320.7854326491778
-1782.5195563670502 296.43385631370523
-1755.5862226497609 275.0382061502442
-1742.261888434025 256.2118500583168
-1688.1222204463832 232.07621341958597
-1548.3829829539568 198.06851869645197
-1454.8404726481588 172.23297926030813
-1437.50534418744 156.50682231950762
-1427.965603982459 141.91276842839372
-1180.2396134104456 106.11057881644986
-1163.241998195304 93.57913033682361
-1148.109666561582 81.51805657553979
-1130.8585814686749 69.62663799621822
-1126.4693511850624 58.743517435586426
-1116.9804479125676 47.73551069214325
-1116.3800247082795 37.2107569439432
-1112.6813822031436 26.6297145779268
-1104.8832386290385 16.06328100380346
-1101.985406084003 5.6713999925338925
-1099.9900915666408 -4.6688815805577875
-1100.8976505789487 -15.012093449978428
-1102.7106124222532 -25.26470366616795
-1108.4226052306503 -35.78167427186848
-1112.0355367809582 -46.32456083209399
-1114.5491648216157 -56.88724984949397
-1119.9567597260204 -67.68202378765564
-1128.2521079013095 -78.7920111194769
-1133.4461844503246 -89.8262041667175
-1146.500749837766 -101.67118874804348
-1165.4029723790554 -114.35432641602276
-1198.0861302026226 -128.8977292899468
-1511.6766317306674 -176.9682487889401
-1498.0484277842968 -189.60724673122664
-1482.335382490776 -201.7369916894888
-1469.4964211149033 -214.02165388224356
-1433.8304801786562 -222.55595725714403
-1358.6689880239521 -223.93655570712446
-1289.5244710022373 -224.96141599483332
-1272.609629735399 -234.30904870433432
-1252.6888932965207 -242.78907844369306
-1215.084156119222 -247.32669396577202
-1087.5317126310254 -231.9887368426079
-1076.5279734031542 -240.20100432866175
-1071.3100714930818 -249.58912379646725
-1062.1239957153293 -257.956619852453
-1097.4726920794608 -277.4485360203959
-1730.2520288253297 -454.69651059341857
-1723.989464091413 -470.3502181372966
-1715.661158501706 -485.382106395141
-1703.36427360117 -499.1744699192439
-1502.4377494583837 -455.6103697266197
-1432.2657615258852 -449.01646780566523
-1410.874347788879 -456.8616582197563
-1395.1537215491483 -466.24788819635603
-1382.2183025415573 -476.35760109306125
-1376.7553251619715 -488.9435290891518
-1371.1779220675135 -501.46894822572636
-1365.4867471389382 -513.9328199170798
-1363.4127310569459 -527.7781018494804
-1366.7737884935382 -543.8477830119573
-1374.5809390384018 -561.9183588674654
-1374.8443581821755 -576.9609958867601
-1374.036332894176 -591.6419152551017
-1373.073923512635 -606.357155948224
-1371.0454332333875 -620.6926936978338
-1365.2403377018593 -633.359155860017
-1361.1246285069412 -646.8297656043987
-1360.473117215503 -662.02862274522
-1369.5024832943416 -682.1751595086349
-1380.0559891083988 -703.4532443069968
-1408.0652627367094 -734.2317181068939
-1525.6219574717115 -813.5838265846875
-1520.6583969439444 -829.1091844889146
-1513.7908902459087 -843.6386315292222
-1505.9156561662107 -857.617068692952
-1498.7756938353825 -872.0248961860365
-1490.6383047826687 -885.8631069836084
-1481.5182646003836 -899.1065741364966
-1473.9809411371111 -913.3105633707278
-1466.3075282918103 -927.4520108742888
-1458.498538466955 -941.5296136021195
-1448.8843128878748 -954.4418514856895
-1440.8160135172004 -968.372456853458
-1432.613891330411 -982.235429195637
-1423.4590147016213 -995.4563945571346
-1414.9962835111442 -1009.1726897065981
-1406.4015197667438 -1022.8175620303912
-1398.478582715726 -1036.9853681153918
-1392.0091490067641 -1052.3001135994732
-1385.3757411979993 -1067.5837464574354
-1378.5783827891114 -1082.8345406877997
-1370.8364566326713 -1097.4258103246807
-1362.1674799650398 -1111.334223591487
-1351.8204329065409 -1123.8974673769724
-1343.6465254714637 -1138.3035687322006
-1334.5645614510152 -1152.0010552595254
-1329.849431053525 -1169.5903089230073
-1324.1777355805348 -1186.5232086195397
-1314.6133147687622 -1200.0799276017776
-1304.9112497414637 -1213.5611357892817
-1295.072119943897 -1226.9654453748976
-1287.2377607533404 -1242.3928313101
-1278.216387161127 -1257.3829438928922
-1269.7322576044023 -1273.021599973397
-1258.9676889782259 -1286.4681722098005
-1247.3694800058393 -1299.1036834486931
-1241.8161118098076 -1318.1857776692827
-439.83293634998637 -475.8686668627688
-433.94421660949166 -478.5482388131572
-424.056439735281 -476.67613315440707
-413.5864638456794 -473.90635881324323
-404.5087233739253 -472.50046848061135
-394.85245451134443 -470.1994674245886
-385.27699644856415 -467.75809560880197
-385.2101639694539 -476.84602292000557
-384.38395453759665 -485.1906589105347
-385.88751019048374 -496.7210781504942
-386.600016123097 -507.5277603576194
-391.32993779147637 -524.0008394918077
-1124.7259046666545 -1536.2967289465196
-1115.895557377215 -1555.0476214655919
-1105.083974042072 -1571.3148667009361
-1093.4960909763574 -1586.6931962479155
-1083.3941668873465 -1604.4790678455338
-1073.052403149637 -1622.2156268803446
-1061.3833475771692 -1638.221410397838
-1052.185250205521 -1658.3733594248145
-1041.1162364546797 -1675.9492779289126
-1030.3272462811385 -1694.318377864894
-1017.7482785381609 -1710.055098975647
-1006.9758087455297 -1729.1618549462878
-996.9214730531157 -1749.9553070194697
-986.0754340738033 -1769.8393255649396
-975.4192247667954 -1790.5525225346908
-965.867704289655 -1813.8700553816504
-951.8058907961015 -1829.1827536486996
-940.7118539585865 -1850.631569984096
-929.7400175647589 -1872.9293899500542
-917.9924615183254 -1894.2847833933329
-902.5020819449683 -1908.3529527016217
-790.4782253029991 -1713.4506632295606
-753.21280382144 -1673.2888191102709
-737.6563551191792 -1681.296851169444
-718.8713430558114 -1681.8040885112434
-698.2223739944025 -1677.4905413902102
-663.8286884968624 -1638.6444008168871
-638.6717979905832 -1620.6981009588046
-616.4217958404003 -1608.9602759586378
-598.9888139172931 -1609.1306350952227
-582.6283772648991 -1611.9367772979406
-553.6924743801239 -1578.71898823534
-534.7797256434193 -1572.5557684994035
-518.5382846490539 -1573.774776565318
-503.8416154756603 -1579.5909681037294
-464.3175766881919 -1505.0030524814244
-441.40302204564375 -1480.6040565015933
-422.0379029590885 -1466.478778730158
-381.0547281380027 -1373.1068036258769
-357.38287811518234 -1337.0615088432203
-337.66980736095053 -1313.2840900569909
-328.5135161315013 -1330.029649939774
-305.46685922182877 -1289.307953096215
-285.6599368345043 -1258.9993647685876
-300.7989137443287 -1386.751965381781
-322.64987854478375 -1558.9615312364306
-307.60582625636533 -1560.9803508222449
-295.12852340761367 -1576.615094013514
-281.682751164066 -1588.2140371173664
-333.8140908850197 -1992.2269330391575
-317.64513828601963 -2013.0935313897503
-298.17992835292046 -2014.0468540546537
-279.2735012808624 -2018.7744578041222
-260.68687333464806 -2026.2999171077822
-211.14368885595826 -1774.4822745399003
-188.48588785373028 -1723.7253464748933
-173.9587141787446 -1744.3472606569135
-182.3937159846773 -2023.7975522194163
-162.5637232682641 -2018.4642765917754
-143.41812096781788 -2020.9174259672411
-124.42442235600285 -2026.1832501334559
-109.02064559383436 -2102.1749448688383
-89.14197678445714 -2094.1035571277175
-68.76526532700386 -2081.864630153581
-48.62979660584525 -2069.4286996371907
-28.73746357352889 -2056.7992508233174
-9.090114676782722 -2043.9797870368393
10.315522851974988 -2031.9738162654287
29.5062599713064 -2020.784595305127
48.50894469690629 -2010.414853278893
67.92236056713952 -2017.857168616002
88.7766573619579 -2055.0833815462665
110.3460247792814 -2092.091956586854
132.6281761431624 -2128.872651638171
156.05078400495503 -2171.3998141317593
180.2139853940554 -2212.6732518536014
205.6305016865999 -2258.6589155461515
232.03901785552836 -2305.3517940203055
259.7935832641999 -2355.717999696642
287.81353513118506 -2399.8025687533736
318.62417471005404 -2458.438454647652
237.02926997084938 -1701.5701940199488
251.89712569667307 -1690.3339427656756
270.0223433610177 -1700.697484588551
285.7083231828955 -1695.09048550926
300.60968253591557 -1685.4013820943828
441.8634380056133 -2347.7814425865668
464.202842785528 -2343.4668166521656
484.2600842113409 -2328.1701335683406
505.7719252610423 -2320.521441318252
527.4043128097758 -2313.6494312729506
549.1832494639522 -2307.54886373143
571.3754081564949 -2303.1845655426746
591.7841279817945 -2291.8290830401875
603.9925649038651 -2250.3539680549925
629.1545007369846 -2257.9859641287403
670.3378874902199 -2320.1017470350625
692.690028509485 -2314.5704837838766
709.9686442900596 -2292.5846819964872
727.8064603946891 -2273.338240607357
750.9937294882889 -2271.0509501702663
796.1665172155901 -2332.8831682844293
842.6438360535135 -2396.1534520061564
888.4424255359066 -2450.9424833128733
880.7995925522688 -2358.9226519239155
881.16167321482 -2292.4855737075554
892.4662164309901 -2256.952160000152
909.1968400099302 -2236.237265165742
925.2269156265994 -2214.4875602721477
946.444600093593 -2205.502804113765
972.8160795150787 -2208.211465289706
1030.632504953548 -2279.868557556153
1056.2589001559963 -2278.0338311450173
501.47278807358606 -1054.8692064998884
493.61925930698516 -1013.1480774502922
497.0708376087552 -995.8361222605506
503.87747249690307 -985.6756528950752
516.0994982252721 -986.1086694333553
526.9594680580957 -983.7528749761948
1203.4900769566004 -2195.820492359746
1305.6936821866163 -2328.962002330213
1323.0190952581913 -2307.6439226150546
1354.7207488898925 -2311.227529372045
832.5840925952352 -1389.677562874701
841.1880327222724 -1373.9445744297086
851.6883227054556 -1361.566377730872
862.5671479848596 -1349.9562641868313
866.1972898782751 -1327.3760789646358
863.9291122404688 -1296.5301728164275
872.3993869993793 -1282.388517401457
884.6708315429249 -1273.9538923434984
898.0172269302512 -1267.033567091457
910.1400746874268 -1258.3537040307726
925.1480567553039 -1253.5809000945592
941.3510167161866 -1250.2332835624725
955.1380076231541 -1243.5173446292063
968.8826435805942 -1236.6516983242611
982.5833187282424 -1229.6365405098343
995.6066969406895 -1221.6968957179395
1011.7637924978986 -1217.4658221856862
1026.6380073043235 -1211.5107931662053
1040.8370460149688 -1204.625354059441
1054.6046252396643 -1197.9253250612524
1068.5370851624007 -1190.8939909297721
1085.1298636676004 -1186.657987364824
1100.3738692379188 -1180.7511795032735
1115.602689500099 -1174.6619254833051
1131.5096924019279 -1169.108556123209
1148.8152485140693 -1164.7830376433017
1163.303810187408 -1157.4131696172542
1177.0397627553348 -1149.1746590022185
1194.334025712961 -1144.2387141782401
1211.6394083157088 -1139.0781115517755
1226.0131255949152 -1130.980024522532
1244.0485361562703 -1126.0671559402842
1261.3520950917632 -1120.2499239935792
1277.1482369359458 -1112.8918999127477
1297.477947962501 -1109.2339584375416
1313.2543695188247 -1101.434955383074
1335.1764886912554 -1098.5193416804686
1352.4904284950146 -1091.5189603618305
1373.7109671448432 -1087.3923757071223
1394.9731412054396 -1082.961649974471
1417.0687514026638 -1078.8313833950585
1440.812311144369 -1075.576070789427
1465.4264272040277 -1072.5583370856984
1508.7979877242205 -1082.579157493503
1716.078170871129 -1206.9298701497116
1613.7720878386615 -1112.3576980957373
1359.85362781841 -918.5200655996088
1354.2869816692994 -896.2604371950481
1339.1925025354585 -868.2047230652546
1324.5353118757264 -841.0512514670389
1317.9789777988517 -819.5336564658551
1312.8440395402154 -799.2556085782129
1311.7400038870321 -781.707849648735
1314.7415542481556 -766.7715732427386
1316.7098482726126 -751.3528967548561
1318.5046675808928 -735.9656524372582
1321.0045273449116 -721.0908671826643
1325.9881257009156 -707.647151128423
1330.8357865243606 -694.1736881401415
1337.2149092169066 -681.8044342537091
1342.677551733691 -668.7428445003516
1349.8114127120375 -656.5136328457573
1357.737287376479 -644.6382384466198
1366.4663840890175 -633.0921111139246
1381.477025343876 -624.3214143748681
1409.2542119641676 -620.9690540286633
1428.8190335876884 -613.5969110560645
1447.4461731476522 -605.5250414641964
1461.4162007752045 -595.2702647636341
1485.5465937679885 -588.8593361273362
1463.96439137758 -564.4194014901262
1490.7489390615196 -558.6873908429953
1496.8808115473948 -544.9741608748184
1500.0580056569895 -530.195227877784
1575.926723109869 -540.3803876790773
1646.420085340911 -547.2895966360285
1670.5355703056432 -537.8995336897024
1698.4373186287478 -529.2935619192716
1719.6207161794732 -518.189726341999
1725.3817808751767 -502.2615954102043
1728.1070652952383 -485.45954607637395
1804.027062147336 -488.5154644840343
1795.9654558329548 -468.23507072273685
1785.7430511165694 -447.6636632438306
1770.4326462344463 -426.15636232173654
1755.8516979160017 -405.2021901785493
1743.964179879178 -385.2076573724176
1733.8141179930014 -365.88605363986056
1721.4953539292264 -346.39536140093884
1709.9468462267027 -327.3572713097315
1701.145444545894 -309.1038280266879
1692.1529671741243 -291.0452467981688
1680.998143129469 -272.8630476911017
1668.6636416773258 -254.76587476380286
1657.128630899201 -237.06686958354067
1648.3831373430507 -220.00461932214384
1638.471819968062 -203.00516045299628
1628.387586869335 -186.21188718732066
1617.1388920318414 -169.52228136156376
1607.6909603579204 -153.47565273823523
1597.1035340563583 -137.3655761269571
1589.3476393589972 -121.6966772922882
1579.443606068274 -106.05138023640512
1570.3852153193393 -90.6602200881529
1563.175605855065 -75.5448559443369
1553.8228237127732 -60.49489655552518
1545.3256873409832 -45.65654437337094
1536.6876913438557 -30.982886764966917
1527.9111774020623 -16.475253255823343
1521.9984967117143 -2.139160415220058
1510.9519926819305 12.044742027258879
1503.7736783764644 26.090692250645326
1494.466133971752 39.94964845309477
1484.0323481974217 53.6002752198747
1477.470709612128 67.24062937119824
1469.7857820153881 80.70783719945513
1460.9808811477294 93.97268177935712
1455.0490275053962 107.3001750026564
1444.0133397436675 120.11026035413964
1434.8577050726822 132.9073594409111
1429.5690613325878 145.94964501725772
1423.1685066716243 158.79358179113822
1411.6894692507583 170.9293491665851
1401.1004278833775 182.99341787347626
1396.3519744421656 195.70683041597218
1391.488553575856 208.3473188389332
1381.5733973600693 220.12711715496636
1371.56037065409 231.7394002995935
1368.3426764425285 244.41423818202023
1363.0425119609504 256.6790030118985
1355.6710142751067 268.4773753117823
1345.2612815082493 279.5497889013381
1337.6951882592887 291.0886176200404
1332.956702932422 303.1755730719852
1328.1093337654115 315.1992981673578
1321.2123178506156 326.678758354142
1313.248665465746 337.80755268708407
1305.192903250538 348.8158329325548
1298.9738509252238 360.23733095349024
1292.6945856712207 371.43735430932566
1286.201789375494 382.9477209845721
1280.563003203967 394.66238080825104
1273.8652059619772 406.00053822556634
1267.0679593228465 417.2466733928954
1254.4916937791404 426.46874473886527
1246.574099639593 437.1430133351533
1241.3888053669712 448.72467495064717
1235.1589547724282 459.89820226380823
1228.82912361268 470.993614565307
1224.2608149143466 482.7436763596801
1216.7999571923358 493.3222721271861
1209.2490285902866 503.8023291465102
1201.6092313391725 514.1830949773466
1195.7128808119492 525.2682235395449
1188.802846164057 535.8766583386865
1180.8917811938425 545.9813193771687
1174.7037027626768 556.8403817214202
1169.3155011915871 568.0680053242456
1163.819990881073 579.2434970075878
1159.1086128311645 590.8199587527603
1152.5090711475257 601.4339871695545
1145.8126268879917 611.9758361765927
1139.0200568961009 622.4446240336588
1133.8779164727312 633.8153284162967
1129.4905422422485 645.6408560378683
1121.526989157213 655.4221636410816
1115.1968550208262 666.1358529246553
1109.6179308980666 677.3094177918196
1104.7757165043488 688.9663389617107
1098.125011714374 699.5180188153169
1091.3735313761251 710.00550350797
1086.1878273272418 721.534478570585
1080.0536134647587 732.4678778224461
1072.9873163511043 742.7807340996771
1066.6392728505675 753.6024559492975
1058.5599736947565 763.201010279308
1053.6168044612014 775.0842724226616
1044.5438652617115 783.9413967536881
1036.9861025550188 793.9117224904494
1031.9454737632277 805.3381520700405
1026.2104071937215 815.8512120278403
1021.9237921494608 827.5848977832218
1015.9659283258511 838.0347441967975
1010.6682442695662 849.0875691146775
1003.7340095381476 858.8125744867003
996.7065123269899 868.4815071634905
989.58620057002 878.0934754577056
985.3414265666177 890.3293059827149
980.2202753922469 901.8825930851242
974.9706693853198 913.4156741803491
969.5925587400094 924.9271701253031
963.3685822706753 935.7189613841268
956.3176460638149 945.7703525840531
949.1636673956073 955.770543852509
941.9069974365475 965.7184932370652
937.3149792665871 978.5017269491543
932.5687080659923 991.2802856589683
926.3106664946337 1002.5834374944898
921.2683468307705 1015.3352318952096
912.7447541942745 1024.3441871220987
904.7920612734456 1034.0344896842414
900.6489288514783 1048.215391491026
895.6784099838267 1061.6407988999124
887.3490722130686 1071.2108214738155
878.2889273966224 1079.940998394121
869.1434453632654 1088.5948150630115
862.3807370625328 1100.3197100586187
856.0867775423136 1112.8034100043085
849.0349639753894 1124.4645970182028
841.2468820170009 1135.2852872721792
836.2730052382195 1150.100630688392
830.5191906784416 1164.103893093235
823.4336648224889 1176.4578188940754
814.4945904601569 1186.3050038295976
807.6790075003634 1199.4042774824625
801.795267107802 1214.1455224327635
794.0804520061085 1226.3593420126804
786.7462686931583 1239.3765806635981
779.2416370976729 1252.360759131864
770.7187672055865 1264.6555190553279
762.3683907818012 1277.864795953299
755.3500411851259 1293.6190765761105
745.6217816541009 1305.0123212916285
736.7215427549543 1318.0824588927508
730.0393141914043 1335.4874015635432
722.1514578671087 1351.1185262220372
713.1075065330191 1364.9460370748216
703.8669149170366 1378.722367297047
694.4298512020581 1392.4450372490423
686.1100611543814 1408.8087109266223
676.6846002759481 1423.33198929462
669.1504421459539 1442.3375769132115
658.844194661873 1455.8599957277308
649.9571912479098 1472.9751014681572
640.8059544049588 1490.0509148345066
632.1632614088174 1508.9286301627944
621.3329584299814 1523.144889617743
612.1356465524028 1541.937401524417
600.8381017321516 1556.0262129883624
590.7349685385338 1573.78308446424
580.6929994160528 1592.4260235342765
570.6857428904042 1611.9608502881288
561.336310195001 1634.284414310025
549.4051824810891 1649.931800245974
538.4568845765995 1669.3052996537401
527.1921690070084 1688.6176053025404
515.6112297381642 1707.8644734778863
504.27430630056546 1728.9616606521627
492.04361370375756 1748.0701022022392
481.33068469890384 1773.8559050743902
469.41710450937217 1796.6904524692163
242.20320585612603 964.0402517908757
232.41557152133942 963.3607850200303
222.66224467618784 962.5827365976193
212.29565047017314 958.7776367810453
198.29473252880825 937.2530069577416
183.72937474935986 910.6506008641345
170.24845173341777 886.8057649126861
157.23308268350684 862.7901006095524
144.46223450877653 836.6191862494736
135.9674300043326 833.9891234170965
127.07976786103653 828.3083559885082
119.30728944271736 829.4635439160853
109.92731376844489 818.652542711286
102.9888381393783 825.601174429095
92.49541500455001 802.6883568379051
84.8595366175424 802.525924219932
77.234846477688 802.2909562556267
69.44905867474716 799.9911426067114
61.7903560352773 798.6131428301401
54.570351403875804 803.1482283785836
46.978551483926324 802.6263238272664
45.43666642718919 924.8845924459896
43.511200131942026 1095.1359620901317
32.9977727302399 1087.4994928710742
22.463763891678642 1071.764610029562
11.880392097560389 1025.9312142066876
2.1497740038049806 975.9976324109257
-6.66487695133722 928.9760919502845
-15.110609874765485 912.8749473335396
-23.540175634485745 907.6948056098469
-31.8739349871387 902.4372843962265
-40.15584933048303 898.1027267326092
-48.359293285148404 893.6925527008497
-56.48358026413834 889.2078526197037
-64.4552885938584 883.6523726965726
-72.24571253147538 877.0293934759652
-80.28339805055808 874.3217805804998
-88.37744687066497 872.5356307249708
-96.33496970179677 869.6807308504392
-103.64968251541356 861.789268507362
-111.33981189284093 857.8044335905864
-118.96435868601286 853.7514166093229
-126.67001356535724 850.6201900162916
-134.32743262477038 847.4196958086576
-141.9359960068105 844.1505630144155
-149.320038606719 839.8288671333511
-156.08272847622683 832.4945536587111
-163.10807031243675 827.0699833744138
-169.14900380815666 817.6879689164493
-174.97441470358172 807.2545783079455
-168.45856196251663 743.1458220978712
-162.3581292056593 686.050171547853
-199.2603200967746 807.7866827541359
-206.89716649633797 805.8644814705426
-22.43130588810782 84.0585302997509
-25.89556875100834 93.47951390043596
-26.227052144604155 91.30795001424693
-27.37527421819163 92.01409871035423
-28.53918794292979 92.70660576009743
-29.112134338799216 91.47941645113237
-29.66443381573108 90.24977211268796
-33.08720723162031 97.540948927165
-28.726013729630225 82.12074119980345
-277.04758310405776 768.5919832370099
-283.61397851295993 764.060279815703
-287.2646668526527 752.0000074322037
-287.4216926736759 731.5632375814131
-32.20438807846517 79.74256948764324
-35.25709147452381 84.97609958545438
-36.843727514326204 86.47855076751739
-36.859314766411444 84.29348085676972
-40.111302950310325 89.41523011002334
-43.46332895983841 94.48248004645555
