-62.994562323640466 130.60124470177524
-69.95889123181227 141.66775757954053
-211.18359298975213 417.64277804355567
-213.28954565808766 412.0722869994615
-216.2452405398185 408.267064485829
-219.14808502487185 404.4429710477505
-221.99798822769702 400.60066552972086
-222.8229821949148 393.26062427576534
-223.0279678860598 385.0759996943651
-228.191830138919 385.52884283520314
-228.2093080757619 377.3612482854884
-233.87406557096344 378.5867423105419
-235.31356956108974 372.97255124260573
-238.83421894086646 370.72795398095656
-242.3334593292253 368.45012483310506
-245.25358255004446 365.3090202094229
-248.13600025973594 362.14572394976625
-251.55356967633267 359.78021288433087
-255.52933844111888 358.19653431579167
-258.320756736641 354.9526540808072
-261.66976777276375 352.4910390829076
-265.5989568420172 350.7950885124139
-267.68596868503346 346.68173036541066
-270.9562532644731 344.1318189544214
-274.8282819808454 342.3308566627568
-278.0570536314653 339.71351890348495
-281.2609003734969 337.0657293779506
-284.43953501556643 334.3877254328101
-287.59267262630203 331.6797471231258
-290.72003055987346 328.94203719084953
-296.4985159845757 329.1468213714729
-300.2777950932258 327.06153209136454
-306.0938412860246 327.1246862081276
-307.79698845047443 322.7646416521155
-310.8390351949071 319.83604268296483
-314.55692523661094 317.5892642796497
-315.41846418921415 312.48550758157955
-324.8161504797878 315.75856027587264
-327.79110288012066 312.6691428213442
-335.8473934386752 314.33505741556684
-340.2814539958674 312.49405124971315
-344.6498090248548 310.66462485956
-351.3167266072982 310.70493656511616
-357.25956904846765 309.9912907216962
-362.45857954787635 308.5446128392713
-369.1970859544588 308.3091171579847
-377.51036507203355 309.2408838804791
-395.2282902592656 317.55881121256533
-410.77961404309656 323.71145899798586
-428.85520636174215 331.4320623844766
-443.1271886518616 335.81884205252305
-456.7167797438888 339.3682116821965
-472.02868884277444 343.8675863023022
-480.9550157143541 343.4578181657908
-494.0115548633517 345.776782999515
-500.55692059147805 343.3537086562147
-483.03173784947836 324.6603459465181
-456.84782314764954 300.83062757181807
-457.15032848346874 294.8721369805168
-440.47249691934223 278.253444646495
-396.30871176902014 245.14364151651932
-404.596204213433 245.01206406232737
-406.03415888245723 240.66628725398053
-404.8311123942211 234.81007311795108
-407.9025799166053 231.4659484619226
-415.31869835603743 230.5111251021234
-367.38180848419285 199.38557318643655
-343.6324819900612 182.31214255049022
-345.34065495980485 179.055388167832
-349.6941942103213 177.1382808305254
-348.66425659788695 172.49416271585216
-343.07569900167357 165.71078647605614
-326.53629852394135 153.93195167437935
-304.35532928557217 139.97440314382825
-311.1396052250809 139.54621478342156
-330.7701488610712 144.6101954304218
-336.7225069881987 143.43623422128206
-338.06346656349695 140.24654211448996
-339.3742117396418 137.04431548260868
-342.5161260539488 134.5611511283827
-349.37791745178146 133.45812375818937
-356.22491753459406 132.30195813921893
-362.16133607696565 130.62988421853214
-360.54679288354754 126.2141439831062
-365.50982406647586 124.09096869189895
-368.5647435890221 121.26017393669852
-373.5042546664546 118.98979681492122
-374.6108459841666 115.45871154238225
-385.26783238999406 114.77237178657346
-394.98335880576303 113.6184239748019
-397.96548236209543 110.41954015619125
-401.8883158400293 107.43268399916691
-402.88454633757397 103.63417545562481
-403.8448755087067 99.82643199752857
-412.55324119662095 97.85613510742542
-415.40887276592247 94.40057429563474
-426.0533468561198 92.59884250193869
-445.5122826469583 92.43271071810439
-465.0043900715599 91.90711188029233
-481.5761877649162 90.4675377017092
-1823.3080644070408 324.7332786584242
-1790.791943681013 301.52979031462195
-1758.0033928121104 278.96965939167706
-1743.7441434147956 259.85642633308186
-1721.3588006226576 239.93307299938087
-1559.919130278786 202.43840295328357
-1458.503694979708 175.2939580548618
-1440.214700666062 159.31922666572692
-1426.7305044670302 144.20841731068725
-1279.6487242944424 117.15008498335018
-1164.0893138719653 95.49905407435848
-1148.9808662654102 83.34847902623936
-1139.7362835057993 71.86935411138877
-1129.3796892733217 60.51873641191979
-1122.9074547022478 49.54642443324634
-1116.329331542341 38.70172526167779
-1109.647152543841 27.98565438479707
-1102.8627601375108 17.39920405855422
-1100.9779058224708 6.975019051349244
-1099.9946985599577 -3.4151339634029663
-1099.9134499257464 -13.798647485988251
-1099.7382297879 -23.99637353801707
-1103.4641294643745 -34.3935311567459
-1111.0881191277963 -45.024343782627234
-1114.6140574027195 -55.60128631827717
-1117.0407484514476 -66.18886839212193
-1124.3549024793876 -77.16899163891479
-1132.5576668702902 -88.36928885831801
-1146.6257074051484 -100.25211777136248
-1161.564611694557 -112.50179046963179
-1175.3789269005376 -124.93349510095602
-1501.971842853136 -173.85218801141045
-1502.2667018108184 -188.12431164112087
-1489.542213036449 -200.68132843510202
-1473.745903617319 -212.5888321882679
-1457.8583226915016 -224.21889072761374
-1392.5375080051583 -227.50887630768145
-1305.6099154427834 -225.84895106572358
-1275.8986386972235 -233.0057161757448
-1257.9541076646224 -241.89349517856755
-1239.9562415821624 -250.46660248711467
-1112.3386166559537 -235.52452504127686
-1077.8708771883864 -238.7684487304349
-1071.6962267548174 -247.92579042827882
-1064.472770170223 -256.7542045734242
-1081.4255286472437 -271.5581447683521
-1714.5355240971808 -447.6068996438789
-1725.7219335400712 -467.79034630774305
-1717.4258715847016 -482.8088396161863
-1702.2793648720976 -495.7559519871122
-1568.3169172137211 -472.6796454061144
-1441.628508427904 -449.22961132135623
-1417.3790659362314 -456.24289961131046
-1397.8711278057094 -464.4193256607587
-1384.9575111269087 -474.5405065673095
-1377.6351707927251 -486.45897688797874
-1373.0306290573112 -499.3074119923361
-1366.4331508962682 -511.41122800706694
-1363.462476171912 -524.8724379038765
-1362.2190695276515 -539.0586300350078
-1372.8720169029248 -558.1634395093388
-1374.097579418634 -573.5650287769041
-1374.244018997581 -588.6241383509315
-1374.2289288367588 -603.7349179467548
-1371.3160288426654 -617.6636212690387
-1366.446902840089 -630.7518226043652
-1361.4528967134581 -643.8027726179298
-1362.6344424456631 -659.8661805705735
-1369.010329771778 -678.6712878692947
-1378.7209371666488 -699.4602043135244
-1398.8134469872189 -726.0144217078163
-1525.4057325635233 -809.7322712244712
-1521.359465943999 -825.727785279501
-1513.6497251263067 -839.7770594777257
-1506.6801550263901 -854.2475697651431
-1499.572312999483 -868.660968436697
-1491.466032863134 -882.5066984536179
-1484.9436677541355 -897.3111520520047
-1475.721722142345 -910.4951393594756
-1468.075318632936 -924.6512092788306
-1460.2932165143422 -938.7436933488268
-1451.539797740866 -952.2227762316996
-1443.4929919792569 -966.1764756537868
-1434.4863220179564 -979.498847341535
-1426.1772855871525 -993.3087888845348
-1416.9201682553364 -1006.4696899515994
-1409.9711932541916 -1021.304182990235
-1402.0643851190252 -1035.502032823118
-1396.411991934266 -1051.445456874571
-1388.9977032214783 -1066.1549514237872
-1380.64295087866 -1080.2009267673611
-1370.5833423717756 -1092.9365496738644
-1362.7343932168928 -1107.470529424502
-1353.9634369356454 -1121.3148582986917
-1343.524341305968 -1133.8017217831189
-1336.7612453414608 -1149.4513356176271
-1330.5753756867791 -1165.7316027353752
-1325.6943101172062 -1183.3273410696065
-1316.9018153050633 -1197.5682063441018
-1305.7583587210522 -1209.7086875070806
-1295.2302326653744 -1222.4318567468702
-1286.0028165180074 -1236.467854781414
-1279.1245235519477 -1253.6033875385003
-1271.3282184201582 -1270.0132129425374
-1261.9333180888755 -1284.9612059113697
-1250.9808917491537 -1298.405101837825
-1239.1997126330505 -1311.0301568652662
-1241.5701525081884 -1338.9471820803067
-438.0577430012945 -481.56662446292086
-426.11084343970566 -477.52439634337287
-414.2819141367118 -473.29852695653096
-405.1790198874193 -471.92580120509444
-397.42889976524594 -471.9526137562818
-387.1684215002912 -468.7905858621448
-382.66974807072097 -472.4699608562337
-384.97738876897165 -484.7199295847284
-384.0130786255497 -493.1115040683267
-385.9574397273237 -505.50257637239525
-389.49707380914913 -520.376814908303
-1123.3467345912768 -1531.108459216105
-1116.2497121670526 -1552.3306928895572
-1104.2407220740529 -1567.01672860036
-1093.189074585146 -1583.2604483178602
-1085.2891855328087 -1604.4053053282805
-1074.322529248251 -1621.3747571581473
-1062.58586488991 -1637.4416874307806
-1052.248800358196 -1655.9639072590735
-1041.6542399968773 -1674.4373515591822
-1032.3624246419317 -1695.4211347589812
-1018.6688637734751 -1709.5068721647356
-1007.3184109836221 -1727.80485555905
-997.6922802840343 -1749.5159655920959
-987.2554451499835 -1770.3264348762655
-975.5539873912874 -1789.3402185400516
-963.5787625197488 -1808.2911735726937
-952.7153428583835 -1829.8367346520927
-941.9807938564984 -1852.230056986842
-930.0150333711244 -1872.792844311326
-916.4331421599489 -1890.595487128551
-902.595490036955 -1908.30877516322
-783.7757072294178 -1698.9221997363582
-755.6756249783493 -1678.7600632054543
-737.3015815103096 -1680.360490461019
-720.144698371976 -1684.522369518059
-696.8257316739443 -1673.7391970307299
-665.5143056379118 -1642.277293574775
-641.0990152384554 -1626.190656921962
-618.8393078938676 -1614.4593246673758
-600.0019368803008 -1610.8875428594906
-576.8666444832752 -1594.8795799315403
-556.7394310758306 -1586.1280546933656
-536.5084580917818 -1576.192778309804
-514.950470956391 -1561.2693593553263
-504.6759663009986 -1580.3743762280358
-460.14234466857727 -1489.5469185772245
-442.5549095140985 -1482.3475139335474
-420.4373836227266 -1458.6145503362006
-381.9370211805585 -1373.899600353578
-356.98386169259186 -1333.0275775433322
-338.33095102031734 -1313.1139202604195
-329.9412082114326 -1332.766971050821
-306.65022141853876 -1291.0827400689552
-288.3959740148379 -1267.6071008684169
-277.84312964838597 -1277.1265384867663
-323.0428096545838 -1555.8162947888393
-309.2356117823096 -1563.7165140797167
-295.6768522432928 -1573.4599451678132
-283.7144025553863 -1592.9313035352907
-334.98650796833067 -1990.002019968619
-318.12517293839574 -2005.9305507277454
-300.40250960786364 -2017.7607222416877
-280.41590059630346 -2014.5776040383166
-263.98523989931607 -2037.9736978467854
-213.68419076418894 -1782.2356933406575
-190.07682421102285 -1723.5506377527327
-174.91620808557798 -1737.216256011025
-184.2840906623068 -2022.6221530302605
-164.5960740213466 -2018.2995645881608
-145.4376514669558 -2019.7705041751094
-126.32848775924668 -2022.0576433871665
-111.41945864935093 -2104.051972797793
-91.5134746924752 -2096.0031688787376
-70.93428749300219 -2081.7918548351226
-50.70906726078694 -2070.379093426501
-30.693959116773915 -2057.771095353839
-10.930240269252973 -2045.9708037622768
8.60474123121095 -2033.9817989422481
27.9091940419936 -2021.8073787796716
47.051490444228655 -2012.4500384474088
66.44547099473402 -2015.9052555574847
87.44021186519834 -2055.1406787246874
108.98377283522815 -2090.160648672393
131.14401078095077 -2123.9550956732314
154.45929474971697 -2164.4958596092115
179.28900289115109 -2213.751669325694
204.98523745117237 -2261.7298805178057
232.01520562520608 -2313.3944636310284
259.72465704867847 -2361.7618640584715
288.4996835397745 -2410.799023684357
318.7500547969323 -2463.463903240101
231.38106220884876 -1662.980397975606
251.8552932205789 -1691.3512087312843
268.34786114519056 -1690.8380837380028
285.01984797279425 -1691.1501075485774
299.79048730498505 -1680.468584568435
441.50531908402064 -2344.7961645355267
464.7086248088422 -2344.3860377566393
484.8871692238871 -2329.0610625576232
506.5205603529402 -2321.3816838124108
528.4964700404581 -2315.451679727905
550.1734377145794 -2308.3410034986864
572.4861873547463 -2303.9391409687946
593.0120647180108 -2292.54458868282
605.0625181607251 -2250.0665210426564
630.6075033061038 -2258.6188648760644
671.3899662854701 -2318.7564583567623
693.5557165480897 -2312.2232738305065
711.8039129997863 -2293.06262222343
729.1380032680673 -2271.8613012660467
753.055034807406 -2271.4218266432185
798.3985987454204 -2333.17716376647
847.2640720631621 -2403.0080299888614
888.7908005267382 -2445.496864217789
877.9196279534056 -2345.052904915826
881.3831310713776 -2287.042801580857
891.921759756366 -2249.6389875873656
910.1280536795978 -2232.619073175132
927.703335214156 -2214.53550927334
947.3866781662017 -2201.8327552366936
974.1846607448014 -2205.421784323701
1031.6891066498347 -2276.097227101704
1059.443098690083 -2278.7604789968505
502.14864857087633 -1053.4399530767962
494.7028963864584 -1012.6193975560852
495.4713487893566 -989.9278471327372
504.5168796708039 -984.2249326892891
517.6809213636983 -986.4088724540308
528.0941350606571 -983.1442338306911
1204.6237953949294 -2191.776108905359
1305.0470653045954 -2321.2973005067365
1334.2991390222742 -2320.770304792014
1360.1139997723365 -2313.8595263376073
834.8475716555464 -1389.4857077713457
842.9454820634508 -1372.867041730122
853.4584631676425 -1360.4575155614107
863.2713848164374 -1347.1312171266432
867.4309714399021 -1325.3752335798447
865.6961773468953 -1295.3509673161836
874.1740376996307 -1281.1794377884482
887.0320323422814 -1273.5298086808655
899.244289354643 -1264.936246639752
911.9605228606238 -1257.035005377248
925.7978779453066 -1250.613565091938
940.1986167266093 -1244.839974095213
955.7944200000252 -1240.489027237571
970.7752640086804 -1235.1665421265575
984.4909432814289 -1228.1097599957595
998.1605252732786 -1220.9031762536176
1014.3438694258357 -1216.6192972981412
1029.241311526869 -1210.6127880732347
1043.4617447886924 -1203.6762800531287
1057.887327524747 -1197.6971245947568
1072.4580844347995 -1191.4036499568233
1089.7077803286127 -1187.8892850309276
1104.2541744310327 -1181.2331345892894
1118.0817556116322 -1173.6840238191921
1133.2578743631245 -1167.414061159952
1151.2276616053084 -1163.8057703735506
1165.6797200844721 -1156.4405692398493
1179.3782929036056 -1148.2085360368026
1198.0862335169375 -1144.6564449900234
1213.9130198635057 -1138.1173841945583
1227.5146359904786 -1129.3501752907123
1248.481092625541 -1127.12863567409
1262.7767435474843 -1118.6437752723657
1280.7966509693722 -1113.2694816914907
1300.3483528364688 -1108.9522808829433
1317.6305699345428 -1102.43987644405
1337.996624970591 -1098.2376935651532
1356.0627138958046 -1091.8676274995726
1377.2657972899485 -1087.7333881127686
1398.5102110827875 -1083.2959842523082
1419.7921196946536 -1078.5542809024323
1445.1174297228024 -1076.4941311086473
1474.5660753485738 -1077.0008771728574
1528.5421870031253 -1094.5130344366407
1710.6603233469223 -1200.7253050246768
1572.7652807341299 -1081.9844600165447
1360.6623671913333 -917.3216025523857
1347.5415561575217 -890.1442323739252
1333.192082925022 -862.7530759296318
1322.6714778476273 -838.3890276526606
1316.909714768846 -817.4648635552704
1311.7270009804506 -797.2435480446569
1311.4378163079318 -780.2607602317852
1316.1308575777323 -766.3736462925266
1318.072292354059 -750.9823114618055
1318.094079913688 -734.6488933473516
1322.315952212711 -720.7749458213647
1326.3936622583933 -706.8867325963668
1330.3273166943582 -692.9857361135138
1336.6954466370048 -680.6212477875621
1343.0654491577961 -667.9634715151475
1350.2151365262762 -655.682915055234
1358.1562104162754 -643.755161616357
1365.9922633377817 -631.7358122675367
1381.0147598757542 -622.9151089878242
1410.6381644077173 -620.3071570733533
1431.1417553593699 -613.2554737357848
1448.8681544801784 -604.7156943003894
1473.0449595601378 -598.5303226357644
1485.14309359698 -587.1618103565595
1464.4886700372208 -563.0576660810261
1491.2873590807521 -557.2486093710381
1499.3050044399995 -544.1594469097946
1503.435448699288 -529.6393599369014
1584.0741958844606 -541.2808346256127
1647.0237345825124 -545.4702720789404
1673.0520129833924 -536.6059651664517
1701.9231197527454 -528.1871774769645
1725.993238976638 -517.8333119903881
1723.1241136652382 -499.2787687308441
1729.6899371429067 -483.51703315040294
1806.598859742341 -486.6637031643858
1797.5637218020568 -466.0618693490573
1784.420494697452 -444.70720491543614
1765.2004089412121 -422.2469849196996
1751.5656006021425 -401.53075447250103
1741.6056234072398 -381.9670830271633
1730.4547915571543 -362.42270124384623
1720.0720913250918 -343.31909449450166
1707.51918926101 -324.0713166965311
1699.6784355433135 -305.9774758851283
1688.6917476841318 -287.5572661288745
1677.5099538707807 -269.3721490140565
1666.13651726233 -251.42415525353363
1653.5847513533802 -233.57540557939635
1643.8201195910294 -216.377943487163
1635.8644727933045 -199.6282210828022
1622.7712694081101 -182.48947143216492
1614.475312816883 -166.12785529473405
1603.9983933230515 -150.03384357227347
1594.3658962128402 -134.15434765011278
1585.5749030916243 -118.54208824711372
1574.6365189520573 -102.97491530730785
1567.540465177076 -87.84583104755852
1558.302054966854 -72.76472693606338
1551.917472129917 -57.975509466393824
1543.3939713641007 -43.25562572601983
1533.7318541437896 -28.68099692572284
1527.9328241291457 -14.327768449173352
1518.9999976233057 -0.0849729209106379
1509.9351901263724 13.990054254208438
1502.7404075786806 27.93326744692375
1492.4186593997713 41.65987368427352
1481.972450711122 55.196515589938684
1476.399009686753 68.77473515743203
1465.7094371169326 81.97466649133028
1456.8986842273168 95.11163912325905
1452.957196733392 108.46374721833539
1442.9147103673447 121.2482519689317
1433.7565757164073 133.94805556618718
1427.4720098659175 146.79462200420843
1421.0729592871987 159.53571506945855
1409.5974723670433 171.56621432100815
1402.9795669666319 184.047099064674
1396.2518934157717 196.41957675565934
1388.4269889868126 208.53416087781204
1379.5105894716642 220.36227793236736
1372.4668562090565 232.37626515552085
1368.272548430349 244.8065219962861
1362.000561920415 256.8082345417952
1354.6431456660748 268.51992086234753
1345.2280411974725 279.7097016122452
1338.6539863608307 291.3854917463408
1331.979488149452 302.9631052605648
1328.1247604031369 315.1342901115495
1321.246575125804 326.54017780103777
1314.2714897848396 337.845306521696
1306.2346344534615 348.790882556055
1297.1446355237247 359.34912624357855
1291.834644934644 370.808913251262
1286.2847698363353 382.6689050433625
1279.6707678645575 394.16205534390775
1272.9549727583951 405.5633579721837
1263.2890155409018 415.93372454478776
1253.5419277303033 426.1556469439246
1245.6029480516497 436.8904849101654
1241.335455534069 448.87223887652635
1236.0156252746563 460.4632168554837
1229.6540859875108 471.635270960749
1222.2619971762279 482.36045677354076
1215.7042535547405 493.3631197089127
1208.1251931426057 503.8993130518653
1201.3754044202562 514.7291886556129
1193.613904202547 525.0731831795952
1187.5877130379251 536.1384371982208
1181.459189105947 547.1363490731704
1175.2290702836447 558.0659749171599
1168.898103128791 568.9263788065325
1163.3619365923541 580.1629120239307
1157.717757187781 591.3455797518857
1151.0799611907437 602.0099026968874
1145.225844772076 613.073212973854
1138.3883666989823 623.599171394914
1132.326815567823 634.5391892909638
1127.027744851273 645.9175352438222
1121.6144523552523 657.2526304761569
1115.2294112424388 668.0294606526298
1109.5937037062724 679.266378304857
1102.149299506662 689.3960556871314
1097.140759379257 701.0607349643162
1090.3347404121 711.5997146222575
1084.2596143875014 722.6272127509916
1079.726618708521 734.7288131360195
1071.775714545734 744.5279160044847
1066.9992901572189 756.5556918059576
1059.6599475169578 766.801666422523
1051.417769028167 776.3824282992449
1045.485489179501 787.6808312477202
1038.640093310662 798.3274745163285
1031.9805821436137 808.540090582111
1026.1856386957993 819.092201729753
1019.5082205569798 828.9746607808593
1015.0463415954407 840.7169109835438
1008.9265103157737 851.156446713549
1001.9422668179155 860.9022557548429
994.8641996180093 870.5913072839734
988.4393198746625 880.8880240562445
983.3904452695685 892.4837433547569
978.9468063129945 904.7387194154943
972.9051628203463 915.6153909570958
967.4686514274631 927.1485363765215
960.4714455533523 937.2612241401293
954.0796804331263 948.0279338630396
946.8685915799226 958.0442945289396
939.5542396452466 968.0076604886153
936.2767589116991 982.2600626727142
930.7676830829341 994.3417521800172
924.4395977157436 1005.6676539370022
917.9825362409899 1016.9602072630764
910.0699536608666 1026.721325113932
902.7122961702548 1037.1767016005642
897.8384458326393 1050.6236839062933
891.5092662800821 1062.534812670507
884.4019796897692 1073.6452572059438
874.6512427411769 1081.6035334499027
866.0723605917874 1091.0397179841664
860.4673224114586 1104.353198511262
854.6919128943558 1117.6541209305262
847.5454152533897 1129.340856023087
840.2571592330328 1140.989441825661
834.5842725978513 1155.0299095401451
828.7257139246994 1169.060601970658
819.8266508637887 1178.9742416751367
811.9428113642581 1190.474641088127
806.6975446488701 1206.0846037726724
798.4937339230466 1217.515403141016
790.1488881815902 1228.8961447190716
783.7960230326574 1243.609180682657
777.2412031055147 1258.3072407782975
767.6112863367291 1268.8821509850598
760.2655225754834 1283.7680223401062
752.7076849486036 1298.6270215190018
743.950965553476 1311.7167990279193
736.4701192770095 1327.379283932105
727.8066560589266 1341.2581673176583
718.4786583418022 1354.2073022648208
709.8922647114889 1368.8743450378465
701.5456467431677 1384.3907344155805
692.0827755525465 1398.0777631389046
683.7302546914552 1414.4093957619052
675.1318880366412 1430.7064456959995
665.4510786451482 1445.1490794828085
656.3778966170079 1461.3596603275432
647.0588219811383 1477.5262707973695
637.8864353570588 1494.5654537648945
629.2187899287493 1513.4083105363868
618.7524715864134 1528.511164141664
609.5239980905095 1547.2716295957089
598.9243104111223 1563.1908617947336
588.7773437371084 1580.920693615551
579.7109647365504 1602.3580116079609
568.3055778810888 1618.101903512026
557.6231232592686 1636.6115765222298
546.9567393158583 1656.0115716132434
535.6704469349193 1674.4017356299366
524.9742697225224 1695.5904623845065
513.0670151550959 1713.850412947361
501.14092078650276 1732.9956080478842
490.24440217251015 1756.882587465229
477.64485331150786 1775.8874947769152
467.48896406663147 1805.4581325735326
240.36797626156684 965.5300285272949
230.1414847923393 962.8784435106943
219.98595707291707 960.1203980182447
208.83155537593765 952.3730264341104
195.79179998259858 934.7141654321786
181.53528701774064 909.0511204367918
172.4434236040303 907.7660853191867
154.521329847436 857.18385345396
142.36008184303202 833.936212847029
136.08303252243334 845.1138433722988
126.76418634684106 837.4603519330473
115.77745823120166 816.8357118573615
108.85900551871974 823.83901152924
101.45380489027953 827.8062125118928
89.94115669633912 795.9344120793651
83.05236641136929 802.7149583964856
75.01480729170821 798.4840503648072
67.31686593714062 797.162743459829
59.87476305076621 798.7590454884468
52.47388901428419 801.2836520057779
45.53417955506273 812.7254385659694
46.43226157335136 996.9192771158475
40.558710902619616 1092.2472206281495
30.123218151561616 1087.5829125764128
19.487055962376054 1066.8220351351574
8.96214902142283 1013.9603936470684
-0.5644629424546789 960.999834225577
-9.252104264032502 923.9536777169553
-17.74683893288609 912.8275027122542
-26.148113581369177 905.6225903521488
-34.53000422500648 901.3388257521258
-42.833476201636 896.9778666814939
-51.00071067199934 891.5424429105723
-59.06931016438244 886.0331915886131
-67.11453414888422 881.4486027591048
-75.16392339478313 877.7877788052778
-83.15028622207517 874.0537911943333
-90.86479428214457 868.2583654420288
-99.04475028162537 867.3633249346266
-106.72465374337365 862.4215026791464
-114.32023983437801 857.4123178285989
-121.9724236569963 853.3268587518139
-129.55778510015446 849.1735866829245
-137.07572814424634 844.9533979775007
-144.69509992811655 841.6527360240638
-152.26445809245203 838.2836839649284
-158.84329085755232 829.9360270222899
-165.6728619740258 823.5001534944213
-171.65068788756415 814.1007562628388
-173.03483383539069 784.1351581708085
-159.71977828783622 692.8279674087099
-183.0472471130983 761.3032939140065
-202.32903647500322 808.0544294780499
-21.41879201566827 82.25712946966692
-25.844680492093346 95.56700523853203
-24.30953750827971 86.65475397307145
-25.121769492857343 86.42277881176781
-27.084312420288455 90.01355464995373
-27.92794638778182 89.75538875500001
-27.85095675813865 86.63327425219649
-28.97780732753668 87.3171614431445
-29.1483105228916 85.14913971180852
-29.94619836140598 84.87181630965209
-280.7718937747429 772.5614174071499
-284.85704349891006 761.462713971643
-290.9137863701844 755.9557982446876
-286.2233526106903 723.436377589831
-33.14145554467034 81.52081896289216
-33.90511371078372 81.20617750059921
-34.27185578075725 79.96524183257984
-35.423402877012876 80.55546243807949
-36.17790013023514 80.21944615968582
-39.0274610470826 84.41479304137664
