-75.71097194886933 155.5533629548314
-203.35490591131946 408.1455405144082
-213.10269099133802 417.7897115682127
-213.79480066732896 409.5555923285837
-217.17742362826948 406.6386192507878
-220.52408154719598 403.6943515306669
-222.85924722484265 398.9771370973235
-0 0
-225.3057591571288 386.0651692274633
-228.93739143088524 383.9227406716378
-230.98792392825 379.18409644830433
-234.55439597109475 376.9883755908594
-235.95495263533434 371.3829025774573
-239.4476169915646 369.14067605326426
-242.91897560050577 366.86560385678143
-245.80879067689398 363.72934776556446
-249.22882257768265 361.3945129585423
-253.2021378159592 359.8453520686741
-254.8357594604404 355.00385307799206
-258.76386944253545 353.3910862926886
-262.08580675054856 350.9345094172332
-265.38442399366846 348.4467068312582
-269.2728053538218 346.7176896220941
-272.5313266475999 344.16228148316776
-275.76559844728394 341.57625021803165
-279.61081208983046 339.731943982996
-282.8029786643662 337.0793308088795
-286.61991356293913 335.15671729680923
-289.1115396592415 331.68436447300746
-292.2273727517718 328.9424913485594
-297.3307302105279 328.3952448993046
-302.4495864544964 327.7807920752894
-306.89808546429845 326.37028838169107
-309.96300089666306 323.460875648254
-0 0
-319.53671647654136 321.1001196253132
-324.6874591480342 320.17815957993395
-327.69317434326376 317.10121962684934
-330.66973181268804 313.99606440674535
-337.2749463847665 314.2715554121195
-340.96239990643716 311.7509291887401
-345.3267533534391 309.91197688758825
-351.2518736518843 309.2670710826497
-358.70908131897085 309.8447917575829
-361.63081025614406 306.4296935244441
-372.9793524556585 310.0183908121544
-382.8775885502895 312.1550130718955
-402.2213967078931 321.6254778937012
-414.6956558698668 325.2022647563528
-431.2366275651137 331.6187133535553
-445.5399721415204 335.9436459052815
-459.1589659556158 339.4319430792712
-472.8832259448541 342.69148606288434
-485.8943730035562 345.141504724484
-499.81432871399994 347.94631311766125
-513.8301979998844 350.5175140037936
-476.39201596334993 318.40170716623885
-450.10750226562504 294.69855175110774
-456.24865938940695 292.576760535366
-423.4338316419088 265.90184320732277
-405.4910695540035 249.30501902679433
-406.1230764119877 244.41777105125306
-406.6990140380674 239.5410444589066
-407.219139645828 234.67546166165653
-419.87938395084467 236.6966474901137
-403.71433690654845 222.56624671343556
-347.7083844311699 187.41365851043443
-343.27661837687083 180.84568912678068
-341.41945823754395 175.7519659542447
-342.1771242864917 172.05759388944975
-346.4860368853832 170.12767630065625
-342.67293495098755 164.24146751681275
-317.03996438775647 148.2756250400251
-326.6198585091563 148.99821484655016
-325.2768348671889 144.67543225711654
-323.8814476657903 140.39162317571504
-333.4892071021993 140.8153001145345
-333.8844958907068 137.26668715973523
-342.5986202078303 137.06635411978684
-346.6786364011072 134.89967777229452
-347.9421299698214 131.60651272662727
-354.7788298004418 130.44532159272381
-358.81168263630576 128.12172494820297
-358.10753189797094 124.09671872351704
-364.9428407946885 122.64470209798156
-367.02766187170596 119.52696524629361
-368.1323079964882 116.08016113522055
-375.90000546864957 114.66553923768565
-387.50968308193376 114.24642452934472
-396.2582490465364 112.79804990589669
-396.33419754403826 108.81270080796288
-403.1376310706988 106.62574930430797
-405.08882944140913 103.08753688874788
-406.0376528469368 99.28456310298398
-416.68643923774397 97.75689927248058
-424.4144258156149 95.38026609106264
-434.08923611440133 93.2873790478408
-455.5166081174742 93.43243403203945
-471.0943798406454 92.03306624554968
-483.73506187907225 89.8019482464058
-1819.0541815134288 320.07949749790214
-1772.65297059453 294.8057764739149
-1755.5804526453749 275.0750339261285
-1743.242283860062 256.41829061585133
-1690.0922096388458 232.43132946761688
-1534.4837838561598 196.3886887844675
-1451.8480522350035 171.991956850972
-1436.4969958085526 156.52916991092619
-1425.9605360341923 141.86454692092414
-1180.2269914328456 106.2508762004987
-1162.232786117531 93.65335484370785
-1148.0976838596143 81.68664711070717
-1134.8397692008953 70.0549658486726
-1126.459064864462 58.94043760171207
-1114.9732556974982 47.860621384613786
-1115.373017871321 37.40362288096544
-1112.6755836009365 26.87090728493082
-1101.8798297107667 16.27393242495413
-1098.9840286740107 5.924923581025655
-1098.9912706399577 -4.380303319550466
-1099.9017928349535 -14.698507354657584
-1101.7177174520364 -24.941352254340913
-1108.4310808252665 -35.51815114179626
-1113.044049609765 -46.14047711386594
-1115.5574044607522 -56.75101190983312
-1117.9693680411608 -67.4128483424925
-1128.259815844488 -78.68156042277054
-1138.4362320101136 -90.14957374616158
-1147.4996866124507 -101.7274261166944
-1161.4212942551947 -113.97182656511539
-1182.1725954808583 -127.23582236953334
-1507.690182139349 -176.6191232019261
-1503.9796311153773 -190.52891956355043
-1484.2874350935 -202.22465236355035
-1468.4679529337052 -214.1445101016917
-1444.6516758124292 -224.5563082443688
-1366.505747378897 -225.5815648062626
-1289.4599232113474 -225.33110400427626
-1269.5839633301748 -234.17420877382236
-1247.693914794745 -242.28267578215974
-1207.148587516203 -246.20375232241298
-1079.6094040242708 -230.7802737288415
-1078.3688034590375 -241.13424420086832
-1070.2122210139078 -249.89358133509276
-1065.8732620783437 -259.4671254445738
-1093.437931695977 -277.0875124007278
-1729.0112732293744 -455.48218082131086
-1723.6898227998643 -471.447128293484
-1715.3349444386229 -486.5336867964508
-1693.4168804332423 -497.5583072000166
-1490.6186195291223 -453.2329766390508
-1439.5486197243483 -452.52709471337016
-1409.5521943955882 -457.6970737011348
-1390.9660512919847 -466.1571024377771
-1381.7980685688767 -477.57522726720424
-1377.2488971733212 -490.5399833192712
-1370.7004148348142 -502.7726849896167
-1365.9149331377698 -515.6320349156382
-1364.7376045882602 -529.8936408588968
-1367.127550239403 -545.6613064680399
-1373.9671635019045 -563.4174594548265
-1373.2925007014362 -578.0724068118077
-1373.3776914039167 -593.1692142669307
-1372.386169909239 -607.9121652359403
-1369.4178711759196 -621.8606709738224
-1363.5887215406356 -634.5406200450645
-1361.2529170482778 -648.8871210214874
-1362.3625911222334 -664.9993761731768
-1369.5516716832908 -684.3166069806455
-1379.169494137443 -705.1896953591066
-1431.049228427234 -748.5473303791939
-1527.207794555679 -816.9824675281469
-1519.5613323103698 -831.1181368175847
-1511.7840354874993 -845.1822466457345
-1505.6131517437914 -860.1657033944838
-1495.8396278244315 -873.0909504914515
-1490.2506921509143 -888.4693998915893
-1481.0883537823258 -901.7390355808935
-1472.6574274849213 -915.4431174428553
-1465.7884013618007 -930.1399692697959
-1457.094603709039 -943.7008614184894
-1449.1096098724759 -957.731871963777
-1440.1605071582244 -971.1368150892878
-1431.0874062955802 -984.4581431133518
-1421.072498331791 -997.120330995734
-1412.5723455183447 -1010.8453732776353
-1403.131979754712 -1023.9090034713155
-1398.3845200833669 -1040.4661138120798
-1391.8567666625977 -1055.8142550162595
-1383.582170853012 -1069.9071812534332
-1377.5218243650006 -1085.7944664613653
-1368.1671032105414 -1099.155938751402
-1360.2304346829421 -1113.7042536339054
-1351.3735545860347 -1127.5590964404062
-1343.138390644266 -1141.9931101269967
-1333.2399094679604 -1155.061619049765
-1328.4623605570546 -1172.6771749220577
-1321.2416097203786 -1188.2969362678264
-1312.370477075464 -1202.5322161591841
-1301.8867643337624 -1215.340221029719
-1291.2782951208492 -1228.0571503597841
-1283.4273417655816 -1243.4561747036093
-1275.7961548763485 -1259.8385496573455
-1267.9689501478317 -1276.1879726204152
-1255.757481680536 -1288.2057860463747
-1244.8144728066368 -1301.5521227715526
-1241.9422147456398 -1323.557530004909
-438.8837220768866 -476.7442485189917
-432.98296938609406 -479.4181350570718
-420.4396749581147 -474.5381751989136
-409.341316147705 -470.9731275714832
-402.2422585607531 -471.80627955543815
-393.8816928518021 -471.0129637666023
-385.5730709228842 -470.1036130249335
-385.4659002959737 -479.2087642239178
-384.6005508757409 -487.56888361141
-386.05786573139204 -499.11954911315837
-387.3295007241659 -510.7414785082258
-394.3806620480903 -530.457249363707
-1120.2258847900405 -1537.1070122299134
-1114.2549554300333 -1559.911822603962
-1102.2157386493634 -1574.5489720785563
-1091.1298193851726 -1590.7472197833572
-1082.6238112741091 -1611.026592971799
-1070.5308798559306 -1626.2756947316427
-1059.3291037620547 -1643.1210697701742
-1049.504657043548 -1662.4367581486836
-1037.3048490739038 -1678.31095154854
-1028.003289053421 -1699.2366632389228
-1016.3588138583901 -1716.6944286891496
-1005.9783459974312 -1736.679753836116
-993.8299382852833 -1754.011987920228
-983.3808914754165 -1774.7684418765775
-972.1497506497791 -1794.6046534854333
-961.5652897140834 -1816.1545070882794
-948.8200359670792 -1834.1116485501723
-938.0745331634754 -1856.4525768869312
-926.9889423002229 -1878.7539756054048
-913.3934725693749 -1896.5066212032214
-888.9106465883345 -1891.5437775483574
-775.0201159905362 -1690.8411574745915
-747.4707471212787 -1671.4809248681115
-733.0810382647347 -1682.2060490132292
-717.3823519063068 -1690.0469109386804
-684.4140033104832 -1656.152611347311
-652.9057352845691 -1623.6422330157948
-639.9284552464454 -1636.3192146295594
-613.9772374125591 -1615.2448581992894
-591.9512796080602 -1603.2076230390062
-568.1872176266326 -1585.250543518502
-545.149042198714 -1567.9325628960655
-527.6039001347297 -1565.4833517360132
-513.2585436545079 -1572.3490920802712
-495.21542342187934 -1567.640802098838
-453.06400929341754 -1483.3522856971551
-440.0172084015688 -1491.4455592848471
-411.79798310987167 -1446.526329213071
-363.5734409277575 -1325.024661299536
-350.1438379881843 -1325.533965132129
-334.5223252264013 -1317.1848062914792
-322.882617683314 -1324.2038420114825
-299.3037266955164 -1280.4851733566366
-281.3924670798331 -1257.910680243524
-332.4848896291528 -1555.8710737616695
-317.8191747335674 -1559.9535160291393
-302.9155273372727 -1562.9159232978536
-290.6977035107062 -1580.4884830879348
-278.6862794556339 -1600.9244072232693
-327.58029925112834 -1994.2748425286172
-312.3473340642383 -2022.0175921348862
-290.7421441525243 -2009.071677569915
-275.1648555154949 -2038.5125219848753
-247.11843673164995 -1972.5811715179948
-201.5245258359879 -1743.3911969166818
-182.66314854440915 -1724.3521027225972
-178.94401995525897 -1858.4047023515227
-175.4443100998043 -2024.4118390420472
-155.57627323843525 -2019.0148645330078
-136.23114012924424 -2019.4100813007462
-118.74166061901218 -2051.566576553985
-101.47084435003353 -2100.550563006492
-81.56146686004502 -2090.4094639863356
-61.10615921322755 -2077.101354606031
-40.93336617287323 -2064.59426026853
-21.0060132106505 -2051.892479495208
-1.3259676552133484 -2038.9995688596348
18.149630311923268 -2030.9189030878463
37.37757069614008 -2017.653815006146
56.437186158428254 -2007.2067267769205
76.76977799803687 -2035.5528490280306
97.60367512232462 -2062.6920571434352
119.87428065038723 -2105.5904532549894
142.97612415672037 -2148.2473851773034
166.83061386375832 -2189.653750317123
191.83393659266545 -2234.781586815893
217.4322460099242 -2276.6405553787095
244.26881753605002 -2322.188137248905
272.3406246943023 -2370.406417503361
301.8534818981918 -2422.2645345762585
331.5860246345138 -2467.8230706975487
243.6669598832873 -1690.5296248990244
260.1664443875828 -1690.092725626237
278.4576514185066 -1700.3500628889597
291.32408873794293 -1677.8972779407586
431.5818096502514 -2351.7266298570958
455.81629826859063 -2356.3173602536476
474.79648874456126 -2334.200568562144
496.73424175290955 -2327.585678996621
518.3707630635888 -2319.788945572608
539.9035086744119 -2311.791556633309
561.8041193983317 -2305.5379266945633
584.3726245635904 -2301.984716643588
599.5199574219258 -2270.171760165475
615.9638004703943 -2245.0328720332955
650.3273124497086 -2284.228400725711
683.7995757403776 -2317.2125798504717
705.1056579995958 -2307.6817395509624
721.1687077846414 -2281.745975105956
739.9047733224276 -2265.2218271980973
774.6897483727543 -2296.8743530646507
815.7356289338563 -2344.1201726208246
873.1998332646835 -2436.240146452424
900.2572541861998 -2438.1012850751554
877.3271667390002 -2307.86872297835
888.4194324222937 -2271.4382915004426
902.254676682767 -2243.3591995942325
919.4549376769764 -2224.466591698205
938.7216968885676 -2210.973897582386
961.8105910820371 -2206.483488921325
1001.232549295249 -2238.2666021347272
1045.9357505537607 -2279.4916989788626
496.3760267834729 -1055.0672206237161
497.75156116391247 -1032.2593585717148
495.6367219958277 -1003.2473472724613
498.8830379011347 -985.9719643552422
511.5046704468751 -987.3737752801792
522.7930323922445 -985.9733491743688
1146.8869229998895 -2113.9241674790146
1283.502144338638 -2312.7142593667118
1312.460121686893 -2312.515822428384
1341.5309465086418 -2311.9739876477042
1366.6296749182056 -2304.2057919450162
838.6495889759177 -1383.6874166192754
847.0991226188236 -1367.9561675939838
857.4632905778834 -1355.5709886654215
866.5830675674271 -1341.4331094040538
863.947904072531 -1309.715625259423
867.4900564988461 -1288.126547306447
878.0636453303213 -1277.3035014236937
890.8071196002426 -1269.6706957591482
903.4848512616992 -1261.9109015856172
916.6854639807775 -1254.8321641264806
932.2235104219152 -1250.823459412495
947.7683506970882 -1246.6319237918308
962.0923097994563 -1240.6765845395596
975.1481456576621 -1232.9923333177799
988.1448721545487 -1225.171707000562
1002.9866848936429 -1219.532168467097
1019.0957955507683 -1215.2529611116965
1032.6149224427738 -1207.736486965805
1048.0545534714859 -1202.3338358990336
1061.1496019808765 -1194.8077344141307
1075.744693355304 -1188.4369376276989
1093.0260422008892 -1184.8367276003305
1107.59495223112 -1178.1011933582545
1122.8256648047661 -1171.9178838364637
1139.4352504920123 -1166.9825662520434
1156.0512962210096 -1161.8375103712754
1170.535303462628 -1154.3756335559297
1187.136999285812 -1148.8297284309274
1203.0127192096002 -1142.3840848943596
1218.140533038257 -1135.058871499303
1232.4988933347488 -1126.8746504951737
1251.2771949155756 -1122.5267843059287
1268.5813314397694 -1116.6026175513389
1285.8846044519212 -1110.4511623810956
1305.4732242946286 -1106.011148519664
1321.24659129066 -1098.1035675212113
1340.08683901343 -1092.5238047305847
1359.7198158363399 -1087.3099937101608
1382.5204993965876 -1084.2905831686496
1405.3843574333291 -1080.9365420234942
1428.3070941360938 -1077.246417882421
1452.8924633410238 -1074.407971846287
1486.4561620666755 -1077.6567534488938
1590.3095877890278 -1130.1842393991753
1692.8180457397457 -1179.1251265314756
1505.6596101763382 -1027.77338858507
1355.7086071052206 -906.7608133465093
1347.48548182703 -882.9517972490779
1328.8361834039533 -852.8982340680599
1318.208058689611 -828.5991274469015
1313.2024508682764 -808.2470680636904
1311.3572482819561 -790.1285764851036
1314.456000378781 -775.1654165842399
1318.2555937770917 -760.7142627001335
1317.5456860850654 -743.8026385262657
1319.2608692095105 -728.4227886142546
1322.563421915678 -714.027306908281
1327.4808379199214 -700.5680730346077
1333.150916679101 -687.538095931907
1338.5754361732945 -674.6975631151146
1344.8616189855318 -662.0787156974725
1352.8314198048643 -650.2677522288456
1361.6031789092665 -638.7900932107354
1372.0970198840917 -628.0372345850164
1390.7269857531749 -620.8119289268599
1419.4276527511527 -617.6804502372993
1438.9838521989973 -610.1593833667844
1455.7500559327445 -601.1794862200567
1479.8963289859266 -594.9217221231531
1468.6625593972888 -574.420827115979
1478.6733385582206 -562.3603451854384
1493.2766972748448 -551.8955565828842
1490.8714585209284 -535.1245594884234
1515.6694413763273 -527.9878260698554
1635.2027420926504 -552.4382248294164
1653.6310615411976 -541.391089976675
1683.4340117937234 -533.6721165060902
1705.5874717351296 -523.094041507039
1727.6893434329972 -512.1460070995956
1718.0086658491016 -491.747113939055
1786.177376385649 -493.1322135980163
1804.2657585033976 -479.91048404067953
1794.1678191795934 -459.2013029384186
1777.043789982473 -437.05304996616644
1760.6370143131055 -415.4976580326701
1748.8606939691572 -395.39255568323176
1738.8181439392777 -375.9686985741835
1727.586782421029 -356.56683693826056
1717.126796790034 -337.60267141359736
1705.4811405971745 -318.6833523536495
1696.5868182786608 -300.53646707694213
1686.5167920009837 -282.4200954229548
1674.2816514835833 -264.20815942246224
1662.843637609463 -246.398126741518
1652.210476961939 -228.9640579156507
1643.381171788005 -212.00783997928735
1633.3870931664899 -195.1194605289909
1625.2097897865308 -178.6564837391037
1612.8881971628114 -161.9650068777067
1603.3659207698001 -146.00590438064836
1591.708491461263 -129.8964133843207
1583.8806791157383 -114.30658040492496
1575.9012355740613 -98.8751521675059
1566.7738637404657 -83.55034350481515
1555.5004576908668 -68.31783166570325
1549.0772193212456 -53.47680412999589
1540.5136714048915 -38.71211973816562
1530.8103500241455 -24.09714213248976
1524.9691942543395 -9.693119996692635
1518.9930374422197 4.599152319685507
1506.8839246586963 18.70394624683348
1499.6437267230187 32.69086876019337
1488.2762808977427 46.41887242473367
1480.7809262992487 60.098654796418
1473.1605050147996 73.64187982758912
1460.425717571264 86.75092769797071
1454.5591628444533 100.1081504436223
1448.5709659998545 113.36294130909015
1437.481653629707 126.07733927238083
1431.2587176976178 139.0772555616862
1425.9131846671623 152.07757820386044
1419.4567285822723 164.87448463153106
1404.9485427918287 176.5661125672683
1397.2839336373913 188.9381083816031
1392.4804132494646 201.61175242678718
1382.6208806252941 213.44905822920902
1375.6229560699585 225.60470459046084
1370.4895938701468 237.99006931727232
1366.228788533029 250.47933524259383
1360.8725744162232 262.72007194304894
1350.506954381531 273.8886017473556
1342.0085341570657 285.30175998336193
1335.36764748984 297.0138818935076
1329.5995359390356 308.8528355555459
1324.6989817669366 320.84514599046275
1318.7209655097256 332.5282170359339
1311.6732813971084 343.8738182370709
1303.5642433505864 354.85386211483404
1295.3650639274829 365.7121151344981
1289.0390638417186 376.8650844666642
1283.455527905808 388.6166593032568
1276.8110447003223 399.9969451524243
1268.163849356194 410.6695157740345
1260.378152413205 421.5304412726032
1251.5558135336078 431.95375401798475
1243.5919871238016 442.5821613683437
1238.3563109901072 454.13064973746594
1233.9491053449076 465.97275179832354
1228.4965680201644 477.4098683130437
1220.152494479156 487.6719083731322
1211.7248894448344 497.81803131255094
1203.2152067320544 507.8475817494255
1198.2950276114068 519.3505817863092
1190.523843039796 529.5866115695853
1184.4862517094657 540.551865699546
1178.3479137320603 551.4500831474239
1172.1095590328548 562.2803407765618
1166.6693639427165 573.4828639440742
1161.1221029506528 584.6327582674903
1154.579463374123 595.270747437435
1148.824038241048 606.3038257833538
1143.8430641617213 617.756460564456
1138.7480145770523 629.1692612459874
1132.668582168226 640.0491254341499
1125.6193430951396 650.369967364781
1121.0594766932566 662.1402039721207
1113.8088904504434 672.3323252332525
1107.31711812495 682.971302404029
1102.4158461740253 694.6137790919553
1095.7111495326337 705.1425932319465
1089.7415902680343 716.155895346883
1083.6615026031943 727.1194865878558
1077.4712916137646 738.0322592869271
1071.171373461135 748.89310897977
1066.3902520889324 760.8625567405086
1058.2441355939297 770.4546381722007
1050.012180195743 779.9605255656098
1043.2893141322436 790.5873810133025
1035.6679432175408 800.5453837175933
1031.3427679031702 812.5891305535829
1025.5365842538117 823.1037081419477
1018.8503171919134 832.9465956217947
1013.606801612303 844.0155518266695
1006.7210012095989 853.7639168549716
1000.4985625123714 864.1103091681514
992.6695087324307 873.092919701514
986.9945153132775 884.0061237013624
982.6809741501212 896.2355176198771
978.2268636706527 908.4586964706092
972.1787659468876 919.2999766354759
966.0145324048196 930.1058666531985
959.0202231441029 940.1750962457127
951.9227643167023 950.1936911891428
944.7225014988973 960.1606090450003
938.809590229336 971.5130227091279
935.5221189328646 985.7379798847983
930.6903946968813 998.5190980742248
923.6783313199211 1009.0799474026061
915.8828103680322 1018.8516465474034
907.9860712835114 1028.5646767973
903.2636069100425 1041.9960923304177
897.0760613739232 1053.9025287519949
891.3882893909579 1066.54906944625
883.0077324658945 1076.0861231358015
874.5275695487402 1085.5586258232088
866.5685913600803 1095.7499151121146
861.5628557564623 1109.83532363174
854.5550095802487 1121.5327617155467
846.2083001963726 1131.5920257225064
838.3411670442437 1142.3979550221961
832.6851568436466 1156.3997706555772
826.8444706759473 1170.3919092819349
818.5403582295897 1181.0845363264116
811.2348560026153 1193.3763062866701
805.4381293298827 1208.128064329928
797.2522298703834 1219.5236291137212
788.3864991755614 1230.0275313657423
782.056068436815 1244.7041037215035
775.5247307593203 1259.3658689914873
766.3968435717259 1270.7839620341829
758.4784129898023 1284.8246950570615
750.8635540849018 1299.6941652354178
742.0515443246169 1312.7922552961115
734.9947458708375 1329.339581725551
726.2650177208886 1343.2304806081781
717.3386829536477 1357.0741372299178
710.0518090913497 1374.4218524187186
700.2485431361843 1387.2879938338872
689.8236024874233 1399.193838412417
681.4051203953104 1415.5310176393355
672.7399372914126 1431.832733517832
663.4112682383302 1447.1867499305024
655.077377071412 1465.2298898293193
645.6632248487701 1481.4098015329473
636.3931945614152 1498.461778596944
626.8591192620867 1515.4694469364802
616.3139743918973 1530.5741030637046
606.634183128311 1548.4069128818326
596.3170490177478 1565.257479474468
586.7778606889229 1584.8633197236065
576.5838090117452 1603.4859248479568
565.7614510845638 1621.1116495993385
554.6581820257519 1638.6745561922562
544.5209930968203 1659.9716527931591
534.0318069893409 1681.2215883469078
522.3093407351629 1699.5519858423866
511.1432384704843 1720.6852093761674
499.0739376719109 1739.8348211070652
488.02268211864936 1763.7272639888854
475.79288321777955 1784.6652717748818
462.46651581437305 1802.6219020500428
236.27157061856954 958.3030548409174
227.01824967864187 959.5096217927394
217.32099408175102 958.6764759455191
210.62611342012895 971.4281447155682
188.1027335781397 908.7361342108233
179.74142899075167 911.4461139882942
163.79181841470188 873.7810024373415
150.49212161659193 846.7302529916697
140.97628552281978 838.2277058891506
133.42926883090814 841.4871539240805
124.94944457710183 838.7440827212278
114.87592639254231 824.0312624745831
107.14985931485323 825.0714560865666
98.45847741964737 818.0965274490565
90.56837741163993 816.9953298599833
81.49722221646992 803.8794703007406
73.68682974209169 801.620390909912
66.0903546622748 801.2790182081487
58.506753368814785 800.8657564225359
51.381289990559644 807.3666843751395
44.73484725585744 824.787726291435
48.33916248625844 1077.9166597516373
38.73328205695118 1092.3134773777613
28.183936350212456 1080.6325303875537
17.80680249723633 1065.8512643820545
7.349742129007972 1001.9730441936235
-1.9290070425819645 947.9980374092711
-10.492166172394517 919.9401689506828
-18.90364664859088 909.8036338372062
-27.306952259542857 905.5883890368157
-35.672440306008504 902.295116357511
-43.929756306626416 897.9260417823065
-52.05012484815315 892.4834925662724
-59.937238399835486 884.9726139565005
-67.91896735672182 880.3840150032238
-75.90625396039428 876.7201609462966
-83.83086695586944 872.984184132466
-91.79706943027536 870.1714187698957
-99.60371564181773 866.292733335761
-106.97518236488295 859.3673896291389
-114.62414214523999 855.353906893204
-122.20731762410807 851.2727950070532
-130.17822553299993 850.0903655477337
-137.65582867346606 845.8722556226923
-144.89599097418937 840.603445031965
-152.40774794575356 837.241230689282
-159.6809478842047 832.8301116571146
-166.09492758118282 824.435246112029
-171.87269304327168 814.0539155277452
-172.43885004981598 780.1703935638016
-158.2028571853322 684.9677773285379
-185.51871670667538 769.9654575054055
-201.79604749599625 804.0642730621686
-22.7321579890279 87.08185226074302
-24.33953645081679 89.7584924414362
-24.916173001165376 88.56175429030297
-25.47238183209818 87.3622216052213
-26.58612162089038 88.07484395194365
-27.119551938743776 86.86500965660326
-29.16764959315419 90.41154913621916
-29.073038315673898 87.28549961531616
-27.297180803640934 79.44094611831696
-32.387576999257256 91.4332808998845
-280.4012490390391 768.4394182610278
-284.8400987502616 758.2652030417465
-290.1933581827039 750.8746998445513
-34.34402820507893 86.42619814991716
-32.51312583155757 79.61718814842247
-33.2643519806709 79.30626007640276
-34.012605130605884 78.98824401282435
-35.16197908543143 79.5778563847738
-36.325504860248124 80.15271484265577
-37.503005450124064 80.7126048533187
