-45.6080835180896 95.68648137436638
-60.09042467977825 123.1184018000717
-167.20556222397767 334.5419255659349
-212.25897980837456 414.85193200792503
-214.77112528047698 410.1735775811963
-217.68622601770704 406.36646884575475
-221.02919609865995 403.4180145605549
-222.38095689596585 396.9530324988519
-213.19454053338978 372.2755537055271
-225.7888042546729 385.7828610413441
-227.36479681966603 380.2029052586947
-230.9410402213266 378.0413151250688
-232.90872077489817 373.3008542543139
-236.95692951403817 371.93065691776354
-239.36421854357542 368.0024060804813
-243.37797561023314 366.56126498562935
-247.38579394099074 365.0770726246523
-249.68096970967355 361.0822806021324
-253.07586021851597 358.7110382670962
-255.86406781775946 355.4962430177695
-259.7977860531702 353.87301445839466
-263.1242232704903 351.4066634659923
-267.0341438073036 349.703826174522
-269.7065664204881 346.3803805495785
-272.9618866645653 343.82089585788844
-275.5637780580663 340.4535272579281
-278.7629311967848 337.8390566387738
-281.93728036108774 335.1945255259898
-286.388308138378 334.03852616373075
-288.8684539016178 330.56923078303726
-293.30395570211033 329.32322962326003
-296.39733028340555 326.5419155343917
-302.1805615705979 326.6678867119909
-306.6203973971529 325.25825416123115
-309.6748356435829 322.3515102634388
-313.4012758325533 320.13066130336193
-316.4070451036303 317.1601832020994
-322.94922182172246 317.6677511563677
-325.9313342965388 314.6073192468317
-334.6925596451793 317.0203313955717
-338.40051135724855 314.52995709972157
-342.0410139816969 312.052791614452
-347.96921057378046 311.45855019995844
-353.16527930069805 310.11979217144454
-357.60944915881305 308.057595057045
-362.80997382713 306.58428350383076
-372.6339869071728 308.8687614532505
-383.3094050541553 311.6246139139678
-403.452681823802 321.68607916598137
-418.3056641337311 327.0800687196304
-438.8514814882509 336.4793859890489
-452.4180228267295 340.1087070651865
-463.67713904423994 341.7301723988512
-475.00711773952577 343.16794444817884
-497.0149960290972 351.93336545743506
-498.6912999924733 346.057780308169
-511.0512516419148 347.491896589305
-456.07067893580864 303.8149697020055
-458.0975737467341 298.92409224978087
-449.1186696453761 287.02163781841875
-422.15440052841535 264.177330811132
-400.7683496135352 245.52948895813563
-406.5122332001997 243.7699822754771
-410.5335982175176 240.91111376310116
-409.33377366345746 235.01034389667478
-409.80305886792615 230.1335545775345
-388.30350378793315 213.23552458728486
-342.733422920329 183.99674131167345
-346.23617382577265 181.66318266090502
-347.0556926720579 177.91106256755964
-347.83525400259646 174.15980039305632
-349.4733374356376 170.8490164490185
-345.66479459811745 164.93892741084886
-320.0183873490433 148.98735435773642
-326.88190272289046 148.4224432903015
-318.21792459422403 140.85933574649832
-330.5597925491938 142.584092906025
-336.5085279221571 141.37542444025706
-338.76138967409497 138.55223154491594
-340.9908946577656 135.69896742605167
-346.9270732368196 134.25947212518912
-353.77244031426915 133.15051811422623
-360.6487205988328 131.86546299325317
-360.935038526163 128.12063832231408
-363.07388756944886 125.03340419746709
-365.186530149651 121.9171776135669
-371.07854300272146 120.00297880876712
-376.0121892065995 117.6895643974452
-383.80625473269936 116.16263955359423
-391.6044023894016 114.49887348458769
-398.4423204767031 112.42649711318147
-401.4157281253385 109.18522433738153
-404.3632757225017 105.89778678975333
-407.28435622971807 102.56438548806355
-407.2624041801161 98.48012053928325
-418.88966754068963 97.11563431111666
-425.6452537460836 94.45696355183199
-0 0
-463.61877786092066 93.73701944667471
-476.26689764254184 91.62337152685768
-1819.9063297960702 332.3265724678024
-1811.137699733363 313.0882185655394
-1767.62586726098 288.4090730019927
-1754.4548132323036 269.28295216370805
-1741.0815915851958 250.43141065601424
-1667.0523125897093 223.74223358432332
-1509.3258324827896 188.08649978170868
-1446.459966252311 166.4018209917282
-1435.0380382898866 151.3764468506059
-1420.4762012099602 136.29512755825255
-1176.613253024732 101.69686724062635
-1158.5767939991304 89.12806744621113
-1141.4073131484238 76.97626576611897
-1132.0998495751999 65.6195900003199
-1119.6841006449833 54.30022801825601
-1114.1513595195886 43.49423042947612
-1115.5118550016177 33.00456560613262
-1108.7751269441987 22.331992071373364
-1100.936991140932 11.778859772971225
-1098.9991294810636 1.3832569770392644
-1098.9632207752238 -8.991072424726578
-1099.8324646720305 -19.19764708101151
-1102.6046735447264 -29.52852650111557
-1109.2769848397852 -40.05709556065102
-1111.8523369434533 -50.53098884230514
-1114.3285516218546 -61.056359540508836
-1120.6966889802172 -71.8883252606327
-1127.9564150998358 -82.91758338933145
-1140.0901215420813 -94.50140084761948
-1153.1005263181244 -106.41041398690491
-1174.9405900742993 -119.48058334247237
-1221.4822734177735 -135.72787379955275
-1497.1582400518955 -180.5026433177932
-1490.4525021370457 -193.8048989923106
-1484.6196984125424 -207.13606901129404
-1461.8539265587228 -217.86945037073025
-1425.191631856527 -226.00400988949238
-1341.1722148220038 -225.5151662071555
-1287.8144394694752 -228.9060276487294
-1263.0183382296577 -236.6636374595685
-1239.1726060076837 -244.17258756896817
-1188.857679375334 -245.7914119539073
-1080.9601638415363 -234.0109488628242
-1074.830638369612 -243.19354190021684
-1068.6241867121048 -252.28227756600867
-1077.8790201533036 -265.0977516188214
-1095.705926348869 -280.3382295798535
-1729.9302765925818 -459.8274003670437
-1721.713114144211 -474.8683528977723
-1713.366194407231 -489.7961656265622
-1676.1244733872493 -496.0955046282073
-1471.5830117229057 -450.5157484578567
-1431.0897644838276 -452.75057812179864
-1404.9444257467628 -458.9282738763207
-1392.0770592130482 -469.12947169491684
-1381.0315639529797 -479.7872646971646
-1376.4995347940405 -492.6388440955405
-1369.971241618985 -504.75617592748375
-1366.1420341036155 -517.8580333018264
-1364.9827141652122 -532.0217946947013
-1372.032455152559 -549.5552219823238
-1375.201385056495 -565.67671910615
-1373.5701872634786 -579.9878797535104
-1375.4617940573057 -595.907587708579
-1371.6923935246693 -609.4759860294448
-1368.6994798342628 -623.4402408422307
-1362.8468082354457 -636.1325155047953
-1361.3873336713627 -650.9266684651795
-1362.4645963499547 -667.0676305240382
-1374.0868843744445 -688.6611896935473
-1382.7545465277128 -709.1585605891951
-1472.6268398364743 -772.6183990776035
-1527.065184157569 -819.3661717045742
-1518.5082163431987 -833.0406934227146
-1510.7012788271431 -847.1160759600979
-1502.7638772159723 -861.1183015909129
-1494.6966969833359 -875.0461610835775
-1488.2169480147274 -889.9248932588242
-1479.882698986669 -903.7163256464563
-1471.4206473546765 -917.4297131324802
-1464.518757492733 -932.1377628612316
-1454.954660965103 -945.1623852735162
-1448.6090072604068 -960.2999240258321
-1438.7941586634677 -973.1599914689696
-1430.511627003046 -987.0564750859489
-1422.0950010454478 -1000.8830141437849
-1414.357248053669 -1015.2214413013804
-1405.6687474152839 -1028.9117418612477
-1396.8478755833112 -1042.5281830619208
-1391.078501431026 -1058.4916640467277
-1384.342571260802 -1073.8247740646661
-1375.8726833329201 -1087.8834309144847
-1367.260920146305 -1101.877296363202
-1358.5077554438978 -1115.8049463946568
-1349.6136771944093 -1129.6649602115597
-1339.8183594305403 -1142.8069669602367
-1332.9143321975 -1158.4884043539205
-1325.834233482346 -1174.1399343035223
-1319.32046813602 -1190.4295453143593
-1310.409506095292 -1204.668803586734
-1299.8879134748452 -1217.477889902734
-1290.7141525940713 -1231.549014978035
-1281.7420259663995 -1246.628003404203
-1273.3094176044624 -1262.351823795484
-1264.6929517566134 -1278.0280661148036
-1253.803098306684 -1291.502145053023
-1242.0814029447758 -1304.1605685109243
-1238.4246454184192 -1325.481194744106
-436.49121783373454 -476.2262243451354
-430.57865691026365 -478.89249337753614
-419.3634966340025 -475.4894927239749
-408.9076965757699 -472.67271518578065
-400.4856610228735 -471.98753724549977
-388.2765165291193 -466.5729811208666
-381.89885276037364 -467.94152012864856
-384.90335580801127 -480.94220722216875
-383.37197557149443 -488.5354934356453
-384.77922770848227 -500.10593470190287
-385.9996450343849 -511.74727555047025
-388.2210453087673 -525.0651578417369
-1117.2681326433765 -1541.7288736284283
-1109.417789717754 -1562.1293697571189
-1098.422744790826 -1578.4158114154166
-1086.6539446336847 -1593.808082741474
-1077.4678503194493 -1613.2771093423423
-1066.3659156940485 -1630.2048134654717
-1057.195866948999 -1650.4353664733296
-1046.141848119299 -1668.0971894987229
-1034.846236240385 -1685.6978576658123
-1023.3091964980509 -1703.2343609622587
-1011.530929596221 -1720.703687004304
-1001.5057100648355 -1741.5703582421038
-989.2124730196942 -1758.9152006911136
-978.6059834195003 -1779.6885483745614
-968.6388783494317 -1802.1805468237512
-957.4004033190356 -1822.8728610971607
-944.4846595833889 -1840.844840776009
-932.6561623631164 -1861.417868939187
-919.6411905118063 -1880.1353889318789
-908.5069091821989 -1903.2856317348187
-870.8415741137053 -1870.1882132007902
-772.7923142555318 -1700.6516512876995
-741.2289340861012 -1673.1645667039397
-725.3194302642288 -1680.122532460408
-708.1817606734182 -1684.163766932865
-676.6362926363461 -1652.8639773094885
-652.0409476258721 -1636.91374318232
-626.7263415952482 -1617.8501453319577
-604.2996277666286 -1605.0068410698798
-584.57796653215 -1598.4594461684464
-564.0317539084936 -1588.8562491877321
-537.8604356499638 -1561.9891650592301
-525.8643510764916 -1575.5594829351573
-511.813427302513 -1583.3328821296093
-479.1529153022039 -1531.8085662893386
-450.4125498430932 -1489.3839447717446
-429.81140205661376 -1471.513220688869
-400.0967079910912 -1419.6998359705094
-361.44535100165865 -1330.7885851025653
-345.26050957128155 -1320.613562148511
-331.98283806709486 -1320.9206619736544
-318.49595763937265 -1320.1228446502162
-293.5639685606579 -1269.4995850188047
-282.1529995530408 -1275.15712162981
-328.76321734461976 -1555.6396584431802
-314.3823919660375 -1560.6497722492747
-300.12421880034276 -1566.5090019816305
-288.10800199901536 -1585.0283212561646
-340.34440107333813 -1978.9466108660008
-324.1136375747134 -1997.8804643767073
-308.15701923330045 -2020.6373379449483
-286.14245673448306 -2003.671254086846
-270.5487153507266 -2032.0687470216335
-235.81188914968797 -1909.4943710143937
-196.86479283632198 -1728.8274215032316
-180.03679679661383 -1726.6391492721386
-182.4982817710192 -1927.379147223147
-172.25919015807278 -2023.681736688377
-152.52185633620306 -2018.2450503691962
-133.3644946145812 -2019.6014239389408
-116.90330991208857 -2068.6994987507487
-99.0379564245683 -2097.6633388576074
-78.5627686384469 -2088.522897021687
-58.04770498984179 -2071.1867284108916
-38.05642589025046 -2063.6491243543464
-18.170604700752 -2050.9195082023107
1.468544798983272 -2038.9994711564232
20.918848651883287 -2030.8922673965449
40.07481885839228 -2015.6016493576965
59.20487706653395 -2009.127866147781
79.77576646250002 -2042.4426129233889
100.84445105810057 -2072.5480444831164
123.07877127115113 -2112.4174814800185
146.2891719364026 -2155.0404817947533
170.17265357364644 -2195.414600474294
195.19011037655784 -2239.509951040894
221.45311887779897 -2287.3046399942655
248.5434061619149 -2333.8027284355962
276.19814733517427 -2377.0072745805005
305.9522681991662 -2429.813616223225
335.667393433643 -2474.3355473713473
246.38203077876028 -1694.1782358740577
263.3671904603121 -1696.6810905379482
280.0971486373675 -1697.0402432839408
294.44603255883356 -1683.4436533220714
428.6771127973921 -2319.7234604503383
458.3335638924148 -2353.7914827379414
478.2540440696068 -2336.556883392969
498.51632921194715 -2322.09096925789
520.7381232775446 -2317.2088397391767
542.6835343328885 -2311.140536956583
564.3225811215218 -2303.893231995863
587.1086397849566 -2301.2884315291417
599.3810556565873 -2258.829641677299
619.6635944639571 -2248.163924115857
660.1428412327393 -2308.4653840092915
686.7729752225946 -2317.3760766228484
704.2479335684932 -2295.394486371462
721.9701175037444 -2275.1984857219886
744.0440240058203 -2269.128134403438
787.2317216793098 -2325.3582984954874
821.9357657999257 -2355.7263416829405
878.9710604996209 -2443.7305241790004
892.9425174732895 -2409.8866488879644
876.7655071092332 -2298.452141234072
887.7673911930972 -2262.027643317871
903.3924970742021 -2238.588393660174
920.1831164243935 -2218.753486137541
939.4206039068841 -2205.243281126875
964.895201853982 -2206.2278326227242
1011.7660483912562 -2254.3669761870497
1049.608486637399 -2280.0048299902237
493.8619716201723 -1046.3027061933062
499.5003322213742 -1032.525262698563
496.48302900946817 -1001.712834052546
499.71233858916094 -984.4305860047988
512.8022207172013 -986.7005029022266
522.224007470338 -981.7464469106167
1150.6800720007523 -2114.139156228923
1288.5840323841835 -2314.465854465025
1320.081310544522 -2318.5360324030025
1345.7367830103603 -2311.842881956498
827.3305518351295 -1390.4848643549415
839.044594077729 -1379.9381033759953
849.0496099444249 -1366.746413879773
858.3434509045004 -1352.645748261293
866.9016267704932 -1337.6537554624038
864.7664701121503 -1306.7776980687158
868.8388168459699 -1286.0105405251136
880.54173865069 -1276.8113590088476
893.2993688853464 -1269.1415356645773
905.4074149980464 -1260.5321942999137
919.2058801682892 -1254.2270726882116
934.1640848584381 -1249.3748286885711
949.7198132051162 -1245.1458855915796
964.0517564509908 -1239.1546355817582
977.7342272193222 -1232.219453232189
990.7430510087781 -1224.3582837053123
1006.236675575805 -1219.44608438674
1021.7266935990649 -1214.3490287339644
1036.5598762598227 -1208.307751745482
1049.6930071214197 -1200.903655919321
1063.651577419461 -1193.920567648071
1080.2605404895935 -1189.742058036586
1095.526628792092 -1183.8878348929152
1110.7781522880448 -1177.8509652751306
1125.3200877553058 -1170.910201550226
1141.928841752379 -1165.9427603334866
1157.8372416208801 -1160.0577235274766
1172.3097527422208 -1152.5735740617486
1188.183222498 -1146.307825051486
1206.947288068186 -1142.5945229279068
1221.3505376175174 -1134.5447828364472
1236.448144515156 -1126.9982191312586
1255.2387274682965 -1122.6004351788627
1271.8008672851365 -1115.9688857547842
1292.1384608292042 -1112.3862629707073
1308.7010762729897 -1105.2920396718318
1327.5545555526824 -1099.8976779825114
1347.9742244611496 -1095.5064993820722
1367.6465439577876 -1090.2036189631365
1387.3381331985572 -1084.6261587169759
1411.807129240105 -1082.4239602978184
1433.1598199217415 -1077.4515908206183
1458.568307210629 -1075.1383600266154
1496.2174033689641 -1081.2259161969039
1681.8080353161988 -1191.3197439587188
1640.4149350376113 -1138.8800818811214
1412.1580079686162 -960.7672769875699
1352.1095145332833 -901.3461381226244
1341.3067455798725 -875.9567422321326
1324.249880465365 -847.0810197894098
1318.6337238043538 -826.0394073201732
1316.1491206585204 -807.271634699129
1311.7138619695784 -787.5955461509757
1315.646921136851 -773.1424053194369
1319.4242790994915 -758.6854234284375
1316.9452123474518 -740.7943761092719
1318.6275487687415 -725.4284166119634
1323.6602812391532 -711.9918959299229
1329.442100986908 -698.9904864327669
1334.9765531570372 -686.1768012115801
1340.505443915407 -673.0862907779043
1347.7019650931693 -660.8331206015708
1354.7865316885875 -648.5040119808111
1362.664377677883 -636.5232075955655
1373.1665613207858 -625.6952891547514
1394.551700475127 -619.5978975932145
1422.3663876420921 -615.9333237502135
1441.0206395456962 -607.9107799696537
1457.79910367566 -598.8303376770774
1481.9619977845023 -592.4564432281641
1471.6484289302969 -572.2690814878864
1483.5366011731326 -560.8165056234254
1496.2778379373856 -549.5349230917202
1494.8090215377047 -533.0243794888655
1525.2937265499158 -527.7073504770146
1643.9810946459208 -551.4364518662144
1657.676442136329 -538.6629866495772
1685.5852774587233 -530.1804149668288
1714.4364568569665 -521.5089983880727
1729.8401690425796 -508.3915711011926
1712.438605312602 -485.75098871235497
1797.0110267803448 -491.44721957688495
1804.474497103101 -475.2134144829153
1791.4341595387843 -453.72640659054593
1775.2354506510028 -431.81951640926445
1761.7061071908747 -410.94110513110564
1747.942289447473 -390.3572117447383
1737.8602548948122 -370.9052904137897
1726.5880167962684 -351.47947344834836
1718.0503900967026 -332.87063115956727
1705.3823300845233 -313.7309488008512
1696.448028827234 -295.5470952119008
1684.363203062311 -277.07327581286586
1673.070287568596 -259.00736061960725
1661.5875962215925 -241.17972568719395
1650.9095670182437 -223.72662230417438
1641.0433889985802 -206.62186579366357
1630.009134747185 -189.60807113815767
1619.795384091959 -172.92748096928696
1609.3856354077163 -156.73824212138422
1599.822932921117 -140.7216518510051
1590.1023797624334 -124.89764558968251
1580.226741745983 -109.26776592790074
1570.1987996485943 -93.83352056761737
1563.0175485725772 -78.7473355369658
1552.6946787403697 -63.680724017084685
1546.225668681829 -48.94059163344056
1539.6173735936006 -34.326999996267475
1529.8718455229134 -19.80243107083594
1523.990156573224 -5.477469116301816
1512.974946236277 8.707012193304195
1505.828225063952 22.745474291567877
1498.5518670942238 36.65107949864645
1485.1511590396076 50.21986462855051
1476.6242050348387 63.75701612552492
1468.973264732158 77.19162844599981
1458.2065363617455 90.3033626831328
1455.3036457202138 103.78968519778101
1447.2924283619998 116.82733757997664
1436.177358165952 129.45499562190255
1429.9289443243022 142.3805259984211
1425.5530327382044 155.41734411225903
1415.100286247794 167.6787996778716
1403.5517480003014 179.63154145444182
1397.8483469708835 192.2004132949992
1394.0116826795643 204.96933564045534
1386.1067809919423 217.06448739523478
1375.1386776279292 228.53799966681822
1369.987334749587 240.86449017180357
1366.6924281318345 253.4794013073068
1359.3555419159254 265.2875999033135
1351.9177513438026 276.98085421472064
1340.4696382663233 287.71887127220583
1335.7697660479407 299.80015362275907
1330.9613331346613 311.81874494713276
1325.0736389442677 323.53647611203945
1316.1758298095951 334.4326315194486
1307.1906111614983 345.19082561856857
1300.048639182147 356.3390741423786
1293.802999788534 367.5578835206654
1288.3066872864365 379.36114652537606
1282.7031346830493 391.0929151420143
1275.0858231542238 402.1506478810094
1267.3747014485157 413.0984944638329
1256.727898472219 422.97871010442134
1249.7873293290102 434.00533573754615
1242.751075401343 444.937933411847
1237.4967165391438 456.46782641807033
1232.1355832331665 467.93792807450944
1226.6683384006428 479.34725154673197
1220.1677698240255 490.32194880778457
1212.6453940397907 500.83445200393373
1203.1926688381059 510.46684677286925
1197.3342541360478 521.5617737837715
1191.373765533567 532.5913544157187
1182.5849723055687 542.304142780633
1177.3395313192595 553.5997001380565
1171.986202895097 564.844527479494
1166.5254775941057 576.0375943667599
1160.0654977436127 586.7265469917515
1153.5078541504686 597.344649606223
1148.6204192180896 608.8276706550548
1142.739731762341 619.7950511675072
1137.6287538838396 631.1907939258164
1129.7950127285476 641.0649180962106
1124.4715718990328 652.3524231509517
1118.1753461546737 663.0866423416143
1111.7766545795505 673.7600985008708
1106.1262959001995 684.898253405646
1100.3644967354105 695.9899240105611
1094.4916297212492 707.0339966862441
1087.6733331504315 717.4787246695404
1080.755365850811 727.8577053138065
1076.210514551595 739.869534694186
1070.7159146416952 751.2865166719008
1064.2881504186662 762.0838096157238
1057.7517123127784 772.8268338375584
1049.5035312759194 782.3192045702159
1041.9666213178202 792.3298303481487
1036.946472975865 803.7947574990235
1030.4443773438586 813.7280781688852
1023.8473968575985 823.6094389623757
1017.9294430125284 834.0717289587291
1012.6737014779479 845.1348852904794
1006.5390875073659 855.5232698879904
999.5432693773502 865.2151481813283
993.2046053190732 875.5116286908953
987.5055771376091 886.432025099566
983.1664253227655 898.6700062414764
977.9545892776325 910.2202048465069
971.8883471684933 921.0613663801637
965.7059494451627 931.866953597034
958.6942319234166 941.9349073459218
951.5793628904386 951.9520555789703
943.66112453791 961.2037671773072
938.4297794201383 973.2695151382635
935.1200776018208 987.4970584593987
929.5866472439781 999.5467299059608
922.5629203557957 1010.0998257521807
914.7566082362439 1019.8629063203166
906.8491428641431 1029.5672062019892
902.1118421358583 1042.993396085636
897.2058152458068 1056.4174009779977
890.84984377415 1068.3012477047719
881.1848266871551 1076.2872763423009
872.0747128379909 1084.965296785356
866.5963406073123 1098.2767330896231
860.3361665937705 1110.7865143450094
853.3154011828099 1122.4762029122135
844.9575832615299 1132.5262392054476
837.6692563069502 1144.1303321904202
833.7408143271672 1160.5676432354437
826.7030982837543 1172.9394644601405
818.3723962864622 1183.6332290859166
810.4771724574613 1195.0994740712417
804.6566689321085 1209.8498440480469
794.811869702733 1218.7284733605127
787.5657551177978 1231.7403059759522
782.273648022362 1248.1093460149177
774.3300124833155 1261.2743681561076
765.0095480370395 1272.7864673275578
758.0761809915347 1288.5439471796412
748.9178568980797 1300.816298952003
740.0862570805031 1313.9011880961868
733.4872625920641 1331.3138005801638
724.2542005275351 1344.3157564419978
716.7051546183835 1360.8003973189598
708.451991746846 1376.371961131847
699.5196496667097 1391.014471430892
690.3741946331038 1405.6099997455528
681.0157269788297 1420.1558293396877
673.5638375861594 1439.1778057961449
663.3217360981573 1452.7261525902693
654.1044242861426 1468.9490808497394
644.6402425633896 1485.1262430069082
635.3187720027522 1502.1754417979662
625.7332196659496 1519.1796924019504
615.8836157195672 1536.1355317445764
605.7700321463336 1553.0394934300384
596.1018056597238 1571.7581357477418
586.1346320828328 1590.4311343384604
575.868525690341 1609.0545177585602
565.6316416530618 1628.5689564648044
554.120619204281 1645.1888461124045
543.8980111783875 1666.4885098422355
532.1180618542595 1683.9258796777447
520.6425487363589 1703.200615442969
508.851165266592 1722.4071793878566
497.0184834079662 1742.5029776591043
485.9133752779149 1766.3839310087783
473.1217854114737 1785.3752479994394
462.23910844991633 1813.0019323264457
236.74074890283944 966.4257952936287
225.5821896142991 959.8482566160229
218.0823888596515 968.7564563239141
202.43832181346355 940.4587847754672
188.35254511567578 916.8529428149573
174.72915277321013 893.0675916027611
161.75302593732394 870.0925000252096
149.33743279356017 846.9346675904989
139.88031642236865 839.4250991467779
132.43888455533173 843.6681467601699
123.47217450450842 837.9520404671906
112.16863660792842 814.3108724323399
105.77084373068814 825.2493735935208
95.6433517749028 806.3475362777903
87.50777623142302 802.2414780469975
80.15153549936397 805.0197086761877
72.21250296671974 801.7545474864994
64.18140988528604 796.4180727640081
56.966630247693324 800.9767805861932
49.17929141304694 797.4850451864979
44.59201149230764 853.8363733825527
46.8574257827874 1094.997891161901
36.41608676571137 1091.3926280787643
25.735553542934433 1074.6919006319154
15.474358537050552 1064.8875735155646
5.092898864990193 994.9869659353086
-4.048661950904486 942.9913087279264
-12.567375673488053 916.9138787632573
-21.034798003483665 909.7568561285772
-29.43367417997321 904.5212318261341
-37.777803833514376 900.2076635629784
-46.0946894198642 896.8161905358792
-54.229640625332785 891.3518643485563
-62.19572476693641 884.8167560691397
-70.20264550541145 880.2048560216203
-78.21717476799122 876.5170127107137
-86.266781893582 873.75170520104
-94.1636666610006 869.9185041605656
-101.87909943290087 865.0211841907347
-109.25811015737054 858.0720630371553
-117.05796872360499 855.0242288720849
-124.66519919960994 850.9163226243352
-132.35977770955654 847.7292546825765
-140.00543490234418 844.4728996230758
-147.60154980718488 841.1478957320866
-154.78331310108976 835.788326064351
-161.6859855043307 829.3869073547601
-168.16643125521082 821.9738751316166
-174.3992312270742 813.5163846828196
-170.64351948057836 761.1049791318419
-155.89303182753872 665.9980199877609
-196.50101675971226 805.374664620386
-205.0287564453942 807.3736489571945
-20.927259718324446 79.2846126349987
-24.04816669235197 87.76494561461799
-24.596767419369403 86.57366246450157
-25.689776239363628 87.2985417791811
-27.089805288457093 88.96708632653697
-27.622596345652656 87.75529711148573
-29.062600065523608 89.39443650155992
-27.036833626396955 80.58541820614032
-31.38779779788934 90.72379042676079
-33.91613434945965 95.1351450873409
-283.96759498425314 773.5233706869233
-286.9673964363194 759.6010224996807
-288.6449516667111 742.8950746083339
-26.33309371818464 65.93609159807173
-33.02349229038899 80.48881261980834
-33.38853019553076 79.25406015708047
-34.52707567290914 79.85537580825229
-36.49070335969783 82.27045987664428
-36.846527798839226 81.01440235642899
-39.29465750606752 84.29074617940483
-49.99638473210863 104.67263975709687
