-77.15756374269053 159.2975528917273
-194.1347629836508 391.51078376116504
-208.24502379365632 410.16339435056796
-213.96351153998324 411.72274133144435
-217.38248479353734 408.7956155647801
-220.28740649952954 404.962292735646
-222.16702976658874 399.3630064048142
-223.96054896527863 393.7647425902566
-225.165553223421 387.3041100241395
-226.7792878351294 381.71606543213704
-230.90198163681458 380.4067229639773
-233.96626228627213 377.3536645002819
-236.99347717424982 374.2767582643335
-239.4405011508521 370.33666630328247
-244.03776037857654 369.7222897113568
-245.85098946105293 364.90723613135054
-249.86138559441528 363.38724246847045
-253.2906320173511 361.005340309878
-255.5330140651549 356.96481440441346
-259.4909527637523 355.3370870508173
-262.2461793450233 352.0624112553595
-266.17258816307253 350.360033837439
-268.2528667487832 346.24326633316576
-272.13888100438896 344.4726831632358
-274.7607437521253 341.1019403239726
-277.97788340586277 338.4852970768399
-281.1701052477951 335.8383121606941
-284.3371231285997 333.1612228500662
-288.1349971152078 331.20873091967127
-291.92132886253387 329.2141214394248
-297.03668406344985 328.66123641310406
-302.8450632710442 328.7763185698709
-305.9442487753728 325.89433355195484
-309.01600957554723 322.983135513304
-312.06007032031806 320.04298541239444
-317.8956315923862 319.91149934705044
-320.91021299300644 316.88741722697546
-328.92323922709573 318.7059815823273
-333.37537101467166 316.95561519056577
-337.0924933209186 314.46724940236055
-341.52996114988287 312.61203693549527
-347.3892941105187 312.1052359980453
-353.33803084820846 311.4373708409292
-357.7922736824691 309.3762901276197
-363.00170648091154 307.9054418030739
-372.8275614206843 310.2009178663175
-381.95436327887614 311.7047711733465
-402.07292200651284 321.8110709549077
-415.3367022685094 326.00525110605133
-430.3003685872825 331.195701653341
-445.39898767539097 336.1305427623871
-459.82515651644576 340.21291191638534
-473.55850017480884 343.4637490510252
-486.5790548606196 345.90435581378006
-500.5082842102398 348.699666528263
-527.7478571550972 360.28211066912985
-473.7914813304575 316.8937238550028
-458.3772357496901 300.3236749683132
-452.79213635470614 290.55684685675743
-448.75706525999834 281.9877592719826
-400.31097021854026 246.27449547748742
-403.48812848155774 242.9780446345924
-405.7771787699112 239.1356961842617
-405.4307252431856 233.77323847862604
-408.5032912138374 230.4041255434954
-408.045813116625 225.06580015184963
-356.473498805721 192.22810577334317
-346.7823292259593 182.7731275013326
-345.8351404678848 178.09844361352063
-346.61737042990814 174.3571005616227
-346.46224112456724 170.17613074383328
-346.2591258640049 166.01390832064405
-326.0811839808783 152.54855441343454
-332.0638546657154 151.520943847861
-326.17835886863406 145.10919407730358
-325.706596724806 141.20981853236896
-318.74182309651354 134.6092500874694
-337.57822395466616 138.8018109089837
-342.5947863251448 137.07593655645172
-346.6767497938585 134.90452606331053
-348.87745827619193 131.9602936748171
-353.8402614676364 130.1002281493568
-356.92904792343603 127.44667413655607
-359.0541466902031 124.4191293353644
-363.9975033305511 122.3185086940052
-370.8344350023429 120.75521444845823
-374.812414319234 118.17213746136136
-379.7308191495766 115.81668700144883
-388.4744709230994 114.51019797825015
-396.2645583539681 112.7758830270667
-400.1983783869832 109.84651991041423
-404.1118606823092 106.85318926397068
-404.12762648562574 102.80983178225013
-406.04598239115825 99.25049210960705
-410.8538006372358 96.34912818463134
-423.44807423278286 95.11954808843242
-431.16591693780936 92.61183548109851
-455.5270584947851 93.38147021271753
-468.16090849118586 91.40220872991817
-1826.8307697084535 338.90019009498826
-1821.0664757145337 320.1841517449729
-1771.7077076522417 294.3939514420077
-1754.632857501007 274.662584597631
-1743.281709368815 256.15011571370076
-1695.0830555853584 232.83993357541712
-1536.5005815271497 196.384732010233
-1447.9057897231912 171.26828102734564
-1436.525429874202 156.268004801812
-1423.9970817580638 141.39770558434853
-1227.0592866805239 110.22480197797624
-1160.2581827357667 93.25743613619396
-1150.109781037453 81.587324762992
-1138.8473817626568 70.05455768428982
-1127.470870775715 58.74040817231968
-1116.9824496742867 47.688647701835734
-1114.3824327519255 37.105169099466636
-1110.6826978026322 26.55079663336782
-1104.883575353652 16.04010329550649
-1099.9855116333101 5.645723762724939
-1098.9900679299412 -4.672321836434846
-1099.8977435393674 -14.998458487716867
-1101.710874786331 -25.241798223134253
-1108.4213535355104 -35.82042750312578
-1114.0305559018846 -46.48570228509084
-1116.5405811579662 -57.10630987405135
-1118.9491129518035 -67.77818693630144
-1131.2309914041052 -79.19876316512183
-1135.421031801758 -90.22239490409824
-1146.4758327319007 -101.95177762890991
-1163.3805559698242 -114.48441811592964
-1180.1493960539542 -127.34364135474941
-1510.6214902493484 -177.3801375488184
-1502.9355798019826 -190.81311004561067
-1478.2873762817949 -201.81782162605805
-1475.3359593771236 -215.5569691955758
-1455.4593949569073 -226.64277979162136
-1380.256610869426 -228.23822675276423
-1292.3535023437162 -226.1999667991371
-1271.4867785683666 -234.88374129734427
-1250.5726295577767 -243.19559659037287
-1215.8993657513997 -248.33391303916537
-1089.3249285799604 -233.16775071665438
-1077.3271643741105 -241.20982753950665
-1071.1177767498775 -250.4130753982296
-1060.944658549986 -258.57384147328924
-1093.3623271407118 -277.38569103226456
-1731.7878125485904 -456.7187015091105
-1724.525691273863 -472.1812577140317
-1715.2021991754077 -487.0014537389438
-1688.4842990911113 -496.60927470477066
-1488.5816199971712 -453.0571273102296
-1435.6095849277767 -451.71907161807593
-1409.4273244690357 -458.08145240781755
-1392.735042460306 -467.1724537075039
-1382.6128319492082 -478.2789530487315
-1377.11507193387 -490.9155514470615
-1370.563253887024 -503.14646684103093
-1366.7097273499862 -516.3579389986432
-1364.5930477689094 -530.265795597603
-1369.7646553784211 -547.1469536386317
-1374.7385910480264 -564.1717879186156
-1374.056371827012 -578.8351121360798
-1373.236629475685 -593.4957114135368
-1372.262867656198 -608.1904488332482
-1369.3134911598804 -622.090478087826
-1363.5044059655336 -634.7217775628762
-1361.1893876753534 -649.0203778618946
-1361.4221098658202 -664.6464013056104
-1370.427065436364 -684.8019117376028
-1378.2840607658684 -704.7248029115676
-1442.6001669965588 -754.5122650967978
-1527.270630331923 -816.8649960216991
-1519.6543083637348 -830.9481229725109
-1511.908127951023 -844.9602432278294
-1504.0327510252116 -858.9001594152453
-1496.0288505579047 -872.7666803323754
-1489.6152364970317 -887.5823607958264
-1481.3468149153603 -901.3143813010627
-1472.9518083649064 -914.969382129562
-1464.4309342209876 -928.5461964257058
-1457.464026636108 -943.1302195676175
-1449.5179916755237 -957.1136775790826
-1441.4379044747077 -971.0307757962996
-1431.5759817318242 -983.7475329212085
-1422.4210929512283 -996.9389320953584
-1414.7717641212257 -1011.2081167817605
-1406.1718935511522 -1024.831989053214
-1399.0463042066754 -1039.576086049329
-1392.5652005134027 -1054.8796909217026
-1385.9204447093728 -1070.1521017764599
-1378.3262427607992 -1084.7731414986722
-1370.5799572846845 -1099.3450689794868
-1360.3590956426 -1111.9676842887332
-1352.3270907451101 -1126.4153051325547
-1343.381610042968 -1140.1622032844111
-1335.053811807953 -1154.4939668863822
-1328.8266274275945 -1170.7522343516603
-1323.1567432894833 -1187.6616659165052
-1315.0734171948234 -1202.5414368692375
-1303.9009840480344 -1214.6465427434302
-1293.3425035149091 -1227.336208461963
-1284.0640173700465 -1241.360382522133
-1274.9800289260809 -1256.394016954733
-1267.8422618558757 -1273.493226936122
-1257.6986927168507 -1287.7088173722834
-1245.3234425067346 -1299.6805467279933
-1239.6833208162163 -1318.8196480527877
-434.5382563359739 -471.22977811306816
-432.694154171583 -478.3312335042928
-422.12536001363827 -475.71649165585615
-411.6467283328424 -472.9439407084809
-403.20817077457053 -472.2966980835509
-390.3261326548858 -466.1646813806045
-383.3106482379799 -466.7857612946004
-386.98160821828935 -480.5561724718416
-385.46569349326006 -488.1600138681579
-386.28817094328 -498.9413282033222
-386.3345635072486 -508.9858593710278
-387.4175868653598 -520.6809132159747
-1123.0987119099461 -1539.9627538697875
-1114.1315421241254 -1558.7709603543806
-1103.7594242885018 -1575.909620915589
-1092.5951312059015 -1592.1673527820997
-1082.8941587043269 -1610.8448842281646
-1070.7355627128545 -1626.1409393844024
-1060.0089012615813 -1643.8726012821721
-1049.5744037040668 -1662.3927246860933
-1038.3563491743337 -1680.0122297558878
-1028.4495857455036 -1700.135420953255
-1015.7053815144209 -1715.91916416906
-1006.2608766101923 -1737.6717320033977
-994.0283909702304 -1755.0488762268517
-983.4930468574718 -1775.8494944062707
-972.6501420078102 -1796.6081100930683
-961.4995259461922 -1817.3207371306937
-948.6635597358893 -1835.3183512484234
-937.3734785920341 -1856.8066570411333
-925.7585284031454 -1878.2457632293072
-913.3851280099486 -1898.7302620251908
-890.0825186117855 -1896.5173635012416
-775.7625163991629 -1694.900739910759
-750.6363138097897 -1681.0193706171415
-732.5741993677584 -1683.5174612758515
-715.3133827062209 -1687.6657739378918
-678.9680473941476 -1645.4186065004183
-661.0081143519859 -1646.251582462666
-634.3644738132767 -1624.5361536031153
-612.0994271312981 -1612.7489858330516
-591.5011727556029 -1604.4395789897312
-567.7481510492098 -1586.4699924613146
-547.0160564183217 -1575.752973667049
-529.4108458771219 -1573.3162925069041
-508.4935598452936 -1560.2292458468598
-498.1013260216533 -1579.3134802867576
-451.80640751377086 -1481.645021632881
-432.85129198631694 -1469.5794497153859
-409.52043930587257 -1440.9361574305522
-368.5469808666171 -1345.436034486256
-350.0883703856506 -1327.617088215092
-333.23243062822445 -1314.4170370082722
-323.28224080448575 -1328.2234724550046
-297.42110700703466 -1274.7633839684563
-281.1089897233362 -1258.9987036914395
-328.5380859596856 -1540.3531173318495
-318.2155036867646 -1564.9753650499993
-300.99603606224525 -1556.157571158787
-289.7508898588585 -1578.6289690190029
-279.98669966339 -1611.8633465686855
-326.707348306126 -1993.4047026539242
-311.1834158964045 -2019.1616779423696
-290.7681714661836 -2014.1198748987638
-273.2796970268178 -2029.6852483064783
-247.2140127213048 -1978.6159889969126
-202.10883708425885 -1753.390149958773
-182.01552102528834 -1723.4150254961494
-168.34058881668102 -1753.939977923091
-174.92164779590152 -2025.4607913095645
-154.98331173181523 -2019.0604679119044
-135.45111890782488 -2016.455800256137
-118.57035056258233 -2058.588125868666
-100.94598240890925 -2101.5770051643362
-80.87524864128244 -2087.4338777928297
-60.480772019541234 -2071.117108281403
-40.581660216259415 -2063.6010100923318
-20.78066310226334 -2050.894722807836
-1.226765006069402 -2039.9996311390892
18.144358411104623 -2031.9189900824908
37.250594532409025 -2017.6561632763353
56.22657125003961 -2008.2130297071235
76.52647542359321 -2038.564126673292
97.26880645630776 -2065.7112042322287
119.32717147004698 -2106.6231333935734
142.04185793711082 -2145.3028016095477
166.0334370379674 -2190.7172108205477
190.5629616660887 -2231.8794227379417
216.8374898921621 -2282.724359833501
243.26565337161804 -2325.3098335253476
270.97891283645777 -2371.568980400522
300.33344265734775 -2423.461124759707
330.5686637884571 -2474.0130069425895
241.1960664760711 -1682.8025604676475
260.24945384988763 -1700.197112622779
276.4416006402037 -1697.6395499149642
292.9488794137558 -1696.898628100755
427.0430780390439 -2340.3579233738883
452.72850515694455 -2353.857663627595
472.1683610400102 -2334.733611963641
493.77575392093877 -2327.192837914342
515.282356045517 -2319.4525417753607
536.9124931613514 -2312.488048550146
558.4567249648514 -2305.3221220344744
581.136623865299 -2302.8037746196355
595.4398564624393 -2268.143817604164
612.8196647491034 -2246.92969593995
645.0988503410297 -2279.475482054738
680.0233427519979 -2318.323586842958
700.0533712526093 -2305.039322310545
717.4944970437284 -2283.952198867561
736.7591626672341 -2269.401228567984
770.4322808578673 -2298.305919718292
811.2593280652104 -2345.6731022517147
870.5612092738817 -2443.554619996778
898.8568190285973 -2448.207593094546
873.2106394069984 -2309.429405551601
883.7855850397241 -2271.099302028864
898.164088554931 -2243.9229643707226
914.3852504478857 -2222.2305491922652
936.5029986527256 -2215.1720324874213
957.3747701904352 -2205.1416166320955
995.6433944500873 -2234.191180514306
1042.8744522686975 -2280.8938767082664
1066.4700885225107 -2274.375859502292
502.56063431551553 -1045.4820939817128
493.15320171673926 -1001.1273243881266
498.2577169965747 -987.4083488878151
510.9485539148929 -988.7874267264324
520.9061591153385 -984.7094868009069
1145.4557100038664 -2115.837237695645
1167.213864850069 -2107.342590492055
1315.5939900616431 -2322.234581887387
1337.8765630600954 -2309.4690519715796
1365.640521551009 -2305.954458764936
836.2832399741733 -1381.6133115087953
846.9076277158866 -1369.2506965916245
856.8375960478577 -1355.9665681715492
864.9637459784009 -1340.098025572388
864.6089737644634 -1311.6753876191935
867.1387422234175 -1288.363070619144
878.3619992714129 -1278.3118548444766
891.7691152693625 -1271.4388876590563
903.3789610614411 -1261.9867086112877
917.249011265272 -1255.6588913127964
929.8855366862019 -1247.5772074953175
946.0832030209307 -1244.1445145004886
961.0746462261209 -1238.9348345983885
974.8121317395215 -1231.9830793535477
988.5046443460146 -1224.8814506336355
1004.6924861682321 -1220.7186441752647
1018.9626869226889 -1214.0593241927243
1033.8477330667279 -1207.9978745150124
1048.710168931934 -1201.762032009147
1063.1300231711632 -1195.7234437076502
1080.421643612319 -1192.2961343617847
1093.6721077806303 -1184.2403981720406
1108.9227083016046 -1178.22511729
1122.7724649796564 -1170.5836116585206
1139.3725696585036 -1165.6458070570916
1155.9790823644885 -1160.4983244864056
1170.4523562514157 -1153.035247399449
1184.8874716318933 -1145.401972920328
1202.9100953517177 -1141.0395709619022
1219.491418046969 -1135.075628013302
1235.3284983993442 -1128.225376882838
1252.6339810396896 -1122.511518669033
1269.9411550673155 -1116.5708498193444
1288.0044788742796 -1111.0560122693164
1306.0762655932715 -1105.298958858613
1324.9229548528087 -1099.9377999251149
1343.7841557872846 -1094.3185745728047
1362.6566686680937 -1088.4405373443115
1383.1116825052372 -1083.536373970681
1407.5596905455686 -1081.3883287474775
1428.095717187293 -1075.8655225218954
1454.2826057028524 -1074.2095246040794
1482.994028213138 -1073.9132703734367
1594.1875358758557 -1131.632051710302
1702.4905094210478 -1184.4838814147117
1513.6560327534737 -1032.022002919034
1353.708418055857 -904.3547527849395
1347.1301300906237 -881.6691060721245
1332.6686202697085 -854.3321067058357
1321.2005636302526 -829.475177846271
1317.0507203769992 -809.6254689388343
1313.5016370316303 -790.444463270651
1315.7402424494262 -774.9558790015888
1318.6703029477585 -759.9951526974805
1320.5644256421185 -744.557316617399
1321.4093368550189 -728.6688990703385
1324.7130827193766 -714.2550304142954
1327.862741062493 -699.843940388143
1333.525712228604 -686.8108726754363
1339.8364517932725 -674.4169944819105
1347.0080920530943 -662.2463287504752
1351.3646951102764 -648.7021356597411
1361.019076841079 -637.6802274452747
1370.5853056493054 -626.5340532949505
1391.9353620158163 -620.5577716618324
1419.7125644017692 -617.0253110527572
1436.4942778213535 -608.3454526718419
1456.9350027978114 -600.9296112046248
1479.2178072225533 -593.9281764621886
1470.75830217508 -574.5528840612292
1479.828259588031 -562.136391033937
1493.4849839677272 -551.3316630331668
1497.655243280063 -536.9448503112175
1518.6873184754425 -528.4437800768121
1642.968084713257 -554.4473578381017
1654.7555799811748 -541.1700014978343
1681.691447485584 -532.5503501584062
1712.4339531860076 -524.6436466552727
1727.8325231916015 -511.66275201674046
1713.3319411970463 -489.9159716461191
1781.481430536675 -491.3531445437203
1807.2791822784422 -480.25197272157584
1791.3640394882466 -458.0566319008503
1779.0776582689348 -437.15750691063613
1762.664951509496 -415.61192081077996
1748.932549461274 -395.0745973039623
1739.8586632527742 -375.8880576771085
1729.6003918183196 -356.7050386831053
1718.155236047671 -337.5553063454526
1704.5382288376609 -318.28513385166224
1696.6204317044298 -300.34665092701556
1686.5444314546935 -282.25499239015227
1675.2916051734355 -264.223461553689
1662.860862945573 -246.2818517144615
1652.2232826353988 -228.8716328370703
1642.3982787367463 -211.81098650110962
1632.399606223392 -194.95518870169792
1623.2242608765382 -178.41524290770695
1610.8982055561949 -161.76517343307043
1599.382402954223 -145.64315679212498
1591.7093997236718 -129.88528335153475
1582.884870563743 -114.21246228149532
1572.9091928983673 -98.65429993571831
1567.7747826965267 -83.55974354232275
1557.5009221766454 -68.35113326711847
1550.078867683054 -53.44627173546463
1544.5143069646056 -38.7370053262265
1531.8115726297021 -24.027192048145444
1525.9697814447659 -9.603442997874241
1515.9927265261133 4.696074948386791
1505.8825595210096 18.80736372947963
1498.641217698603 32.794826037774534
1490.271077390759 46.61669113725415
1481.774209280225 60.284265873972856
1473.152772793186 73.7963956555334
1464.4089378027456 87.15195283775486
1457.5401480340468 100.48739656737686
1451.5475120064991 113.77970112345248
1440.4533831071158 126.53083061161416
1432.2345522406877 139.37427082470126
1427.8795279765257 152.49935601678618
1418.4380443493164 164.9773146298798
1407.8966536099842 177.1666242659946
1400.2250833799553 189.57509296739636
1394.4244584930184 202.1421023845656
1385.5468451762968 214.15867907234423
1375.580337918714 225.8644149294816
1370.442971493325 238.25839310409523
1367.1615370320335 250.9369077282323
1362.7810938495002 263.3850607881157
1353.3875689051986 274.7782530202783
1340.9665676172135 285.39387613070693
1335.2990751934803 297.32201362737385
1330.500081866306 309.39543007897413
1326.5641028672449 321.6406084188095
1316.6980439631077 332.37066811577455
1310.61702450379 343.95932184028993
1302.505088687082 354.93730987916285
1294.302976207214 365.79339220541937
1288.9362419016595 377.21660132134525
1283.3658194066559 388.9128097384844
1277.6897153536702 400.53712846558585
1269.0548473800281 411.16395068300085
1259.385599644594 421.3453588302904
1250.5833637925798 431.7062082078925
1243.582702576227 442.6082487405848
1239.3047044505133 454.44895150811595
1233.9784277525957 465.8950953178535
1228.5466356259624 477.2810116609803
1222.0813588403485 488.23473081595455
1212.7439072766226 497.96909077113474
1203.33236188051 507.56992311510464
1197.5189748905193 518.6263633649562
1191.6042321918264 529.6181207460028
1184.6789467793844 540.1294225069475
1177.6617194954613 550.5568766576195
1171.4553322339868 561.3318132624942
1166.9459237820677 572.9198992602862
1161.4285468240462 584.0237414884642
1155.8055164562006 595.074455954392
1150.0773441971548 606.0710373911783
1144.2445511301328 617.0124854563328
1138.3076678555553 627.8978048227648
1132.267234442774 638.726005269327
1126.1238003809403 649.4961017708944
1119.8779245290202 660.207114587971
1114.386736738082 671.3741140245494
1107.932730302772 681.9721879401282
1102.2244994873 693.0405130509839
1095.5644000964392 703.521602540625
1089.6408943412134 714.4870337376884
1082.776818279145 724.847129950372
1075.8142436368219 735.141287908748
1071.2144802369087 747.0846922074963
1066.4845346025822 759.0070733883272
1058.387731092828 768.5567062176839
1051.8129038969735 779.2115343061959
1045.131039883713 789.8108061248521
1036.7585545374477 799.1324668622982
1030.8771476124434 809.946483744718
1026.6234885816898 821.7476575520984
1020.6903565381015 832.274111137745
1013.8813830951658 842.1214526498145
1007.7411424791342 852.5595520283904
1002.2524355802042 863.6081607844778
993.6396069569895 871.9887221096151
987.939707122742 882.9496786851621
983.6016937587848 895.2249482866583
979.1220767470901 907.4937789464263
973.0461409663432 918.3818419102739
966.1321314795744 928.5411700741838
960.5431822284504 940.0493577863037
952.6998210527274 949.4145832912518
944.7655567903522 958.7147869427151
941.6089173230589 972.9792633030248
936.893171754553 985.8149850350692
932.021837818712 998.6447285341422
923.6163799947271 1007.7806222613311
917.1286824851128 1019.0760421887668
908.5253646694082 1028.0883530866006
902.4554910173266 1040.0495597483207
896.8917359530986 1052.7460348911495
890.5301313831814 1064.6596099686762
883.3914277272642 1075.7711584802717
874.2415148786533 1084.5048518391595
866.2468578957312 1094.7293643571331
859.9787475064137 1107.2671555850015
854.7667370823491 1121.3714037630862
845.7754658705832 1130.6669984267685
837.277554611425 1140.6977235639213
832.7579303754429 1156.3473653694243
826.8690224079054 1170.374563882091
819.08518209657 1181.923628865177
811.7218864583466 1194.2544029830929
805.3114072763932 1208.2125381366125
797.62020786303 1220.4777769416928
789.772645405116 1232.702384426105
782.3006443584629 1245.731392329957
775.1812631618088 1259.5773137218941
765.0178497591176 1269.279988635264
757.1207193571006 1283.3036337204796
750.0272504263868 1299.0223722545481
741.7210513854304 1312.9790104688236
734.6693843830063 1329.519422817995
724.9948377370007 1341.6435760866968
717.4926329835481 1358.1238241096928
709.2854629717348 1373.6921532923495
699.9478075209031 1387.4397524745646
690.4140841253288 1401.1325392129693
681.1180612628218 1415.6691656674504
672.8846549372109 1432.869582742976
663.55457496935 1448.2210901783076
653.9950160975725 1463.5229820264308
645.404245847832 1481.5226489802953
636.1417135649607 1498.5685570779322
626.9974643686941 1516.4943717914775
616.451891979966 1531.5965737994848
607.1360970926894 1550.3582681454814
596.8099007467803 1567.2099228790692
586.5672943813489 1584.9412636316035
577.3967385542064 1606.3816502646455
566.5569220328794 1624.011469816833
555.4363605835805 1641.578340909037
544.3468797002633 1660.0287571486788
532.6566378573604 1677.4614469925957
521.8611695513089 1698.6435528722734
510.1448167900298 1717.8522246986981
498.113139792941 1736.9894357668436
486.5662938688833 1758.9423645107588
474.39285740855195 1779.8638759297714
463.85637707906034 1808.4596377699693
236.22466376312678 958.314618603931
227.66859563725214 962.4385749545585
221.70838110599763 978.1893445276112
205.09031822324752 946.0242921675358
192.33987426160692 929.3042412305182
177.40710629897393 899.6753406838628
170.04972883995592 907.200137633068
152.06703916839348 855.5913835462337
141.30799442993228 840.2000063735957
132.48378342362477 835.5621144653234
122.72773155914311 823.9095241022202
114.58253773848448 822.0528219314187
107.12678200776237 825.0744527475454
98.78823583319215 821.078488611756
89.10229576282731 804.0782181416145
81.55868840100217 804.8783636962222
73.45902549172558 799.6328980062076
65.7935103616426 798.2933132591631
58.45075264763611 800.869845552275
51.12888315044534 804.3766762579507
44.990086852417384 830.7826984747649
48.10704943596884 1074.924049314446
38.59101001418813 1091.317888585212
28.04462402508329 1079.635817793802
17.57140769028305 1058.8542135873956
7.194553938493103 996.9740409828263
-2.0461662031902894 946.9977894398006
-10.614387118105864 919.9387668677231
-19.03088259278055 909.8009812633419
-27.439930923066186 905.5843694493283
-35.7715864740271 901.2904046982477
-44.02514127215666 896.9201675377617
-52.31667910322402 894.4713327366117
-60.29518406274565 887.955230165823
-68.07902456403761 880.3716524368609
-76.07177529991115 876.705814399973
-84.09757015353485 873.9631563711775
-91.97352320398684 870.1527860263654
-99.67100729322486 865.2783889044924
-107.28520593315523 860.3364949761694
-114.8155334016081 855.3282371637828
-122.4037478353302 851.2445726792417
-130.2287216999319 849.0709511250528
-138.02370815122538 846.8255168499503
-145.27770604796703 841.5523680231911
-152.62435614213842 837.2017713264812
-159.71367389662572 831.8055916922189
-166.31975123835753 824.3899200912217
-172.09468541689543 814.0070142518797
-171.13022309451554 773.2906612287654
-157.02238275832244 679.0824480966202
-187.57822221284536 777.6981487386147
-32.40431429327152 128.9920943902489
-23.76211155626864 90.9470288376011
-26.453197052121897 97.47424462760206
-25.475307651184504 90.48209049351976
-25.76835512773827 88.31756265891153
-26.601132914481926 88.07031127267614
-27.729707839904695 88.76972064343522
-28.8738360985786 89.45558444810709
-29.084939759099395 87.28153458326427
-29.90778713830144 87.00301298512628
-272.87771522812164 770.0823024403821
-279.10829280389447 764.6532291752226
-286.3159839775988 761.9836988538137
-291.33477014952683 753.6498203422611
-32.50315048374298 81.77741258214984
-34.78632235531568 85.16989947740964
-35.202140036011784 83.91548925487484
-35.597404568296476 82.66090241463024
-37.99305779554137 85.97980902133159
-41.69281792615313 91.99298306597436
-50.144467961401844 107.91910087129129
