-71.46484207017703 149.82915720207686
-199.68189043908265 408.8424423059257
-203.97112902887912 407.83793168694393
-210.53766640950371 411.23945703548503
-214.86576820805638 410.12400765178546
-217.77430800939717 406.319271966059
-221.11099772587102 403.37318538131643
-222.94481078483844 397.7833723826482
-0 0
-226.35610503494837 386.60951063496543
-230.50081339648503 385.31853708789924
-233.5983887171205 382.27711517793614
-234.54141091934372 375.8182094629843
-238.070750630561 373.59244865789407
-239.94299490570035 368.8188704441288
-243.40616988658056 366.542543862435
-246.28673344833234 363.4058955594283
-249.6986434981742 361.0700589015541
-253.0884015075079 358.7021898767478
-255.87152518924913 355.49087554721774
-260.3920606434735 354.67728254547916
-262.52239984151674 350.60802840415795
-266.4199287225657 348.9146336562326
-269.6944559229067 346.3898099604654
-272.32331442521235 343.0510347170913
-276.8005361606968 342.0255300136976
-280.0097160545183 339.4032393997854
-283.1940548579525 336.75083859303305
-286.35327007205956 334.0685629014471
-289.487081426741 331.35665028338786
-293.2602000212988 329.362194374928
-297.6933649258813 328.0665488572495
-301.4490810737706 325.98228712581806
-306.56353346302365 325.31185030777095
-309.6139709219191 322.40997039477713
-313.33635244694915 320.1942070607169
-321.9871855940155 322.8935618950075
-326.43966231604537 321.2493530997164
-331.6089300959945 320.2444651833812
-334.61052809283893 317.1069133422219
-339.04700698762736 315.30323032397206
-342.69446772954046 312.8202387755098
-346.3900536870039 310.22400085537316
-352.320800169151 309.56591183166336
-359.78482240810354 310.12881447032527
-366.5271875418154 309.9319615539625
-372.5281364843271 308.9964199266952
-381.6468398938511 310.4990975816793
-403.3334363694688 321.8355777511176
-418.96737486486296 327.8571926904234
-436.337313398051 334.8279393010252
-449.08136120976815 337.89041272871555
-461.9218505218879 340.7406697335008
-474.04556233366657 342.79119713282876
-492.7757172861083 349.26793791180063
-502.63561809608643 349.1438606379398
-525.7636361966494 357.86673337050667
-479.2149600376045 319.57631651321896
-456.270540109114 298.0640773869562
-447.28339963462525 286.1792452490084
-433.0284803495542 271.3067179524971
-404.89470557622053 248.36520971413393
-406.3740984141047 244.00018880755712
-409.53153793456715 240.6427215540669
-407.46014696802297 234.25675792343134
-414.02109859946916 232.83369583135644
-390.79942076492966 214.9228064440707
-350.543127759152 188.47683035543346
-345.2327523314591 181.42311516905838
-346.9374319268887 178.14156822026553
-346.82317195763466 173.94736960714576
-344.864558175165 168.89178936422059
-341.03714805167283 163.02657344366096
-310.8483649438099 144.99066870581692
-323.13191791667793 147.00599859695976
-317.1983286355063 140.6919340646128
-328.6151823588878 142.04246521105898
-334.5554149589571 140.8604782103199
-339.57708462310035 139.1991508554407
-346.45466094092535 138.19612119125654
-348.68172452429013 135.26660704980767
-351.7921535597317 132.73387168995765
-355.84070422808253 130.45456379315476
-357.9930616265273 127.44005581945336
-362.010498637245 125.04958567069797
-366.01437302434294 122.59477451994908
-370.95499613794954 120.38434632581534
-373.0239868510223 117.1925988864841
-379.84966629005066 115.42630124602077
-386.6745857355518 113.5419074449581
-395.42131825279245 112.08470489421754
-401.2802850619575 109.68196214781226
-404.2274348800587 106.41513468622745
-406.179052118041 102.85707375037326
-411.98607049237347 100.2171528245193
-415.831227579365 97.022627102333
-424.53215033605886 94.85490673150183
-429.3165978036373 91.6965585521613
-457.59551778496194 93.24881823976405
-472.1953752799215 91.61073935000233
-1820.3506008884306 335.44700005385306
-1818.4971668372743 317.465044067541
-1774.039975667642 292.5511318268182
-1754.9714560816033 272.4907123900145
-1742.6113983097853 253.82378627862184
-1690.4220465667186 230.0202262436656
-1508.9720448938272 190.9040799169625
-1449.1193609215622 169.51129107608944
-1436.7285375197225 154.38947333429016
-1427.1684149878704 139.80813732043399
-1215.2521056268588 107.52822777990058
-1167.3612301817145 92.24293072444136
-1147.227192706684 79.81082830256145
-1132.95362087234 68.12556753711559
-1124.5553659043708 57.01954941672644
-1115.050074861693 46.036187406572424
-1115.4334723883346 35.55514977752772
-1110.7196162631883 24.958646761310522
-1101.9058913391868 14.401619075375033
-1100.9925810744048 4.041833633418616
-1098.981978128594 -6.29378650435043
-1099.8762700852124 -16.498196975454636
-1102.6728879283207 -26.86079350683335
-1108.369913379527 -37.37827062693447
-1112.9670624873784 -47.96162860262108
-1115.465509121735 -58.529462322734126
-1117.8633736725662 -69.14823064539155
-1129.137160817632 -80.45664708833502
-1136.309101944032 -91.66037769476972
-1148.3493744587834 -103.45392298081802
-1166.2378025803794 -116.0749233576651
-1187.9653880414269 -129.4729192363494
-1507.4591951386699 -178.57988406277357
-1496.7952463007066 -191.53326252013613
-1487.012333928492 -204.43903429760954
-1469.2047388952935 -216.0148958002946
-1430.5649457422182 -224.02664130313653
-1351.4618357040504 -224.61279267984435
-1288.237978209405 -226.51029005090504
-1267.381068623759 -235.08770043134788
-1246.47806067262 -243.2949737701636
-1205.9411811192388 -247.1171132899043
-1081.3610997891478 -232.15118320354262
-1079.1418038758075 -242.25805895298532
-1070.9863033569811 -250.97477566828994
-1064.7055643545953 -260.034730819487
-1093.2400249404566 -277.86732061937414
-1728.7051273933234 -456.6427296301049
-1722.428382219339 -472.267369320886
-1715.0488730597333 -487.5411398195427
-1680.6744943762951 -494.8103110819181
-1485.6072218900383 -452.526443722533
-1433.6166023935768 -451.3894519608284
-1407.458073030824 -457.6699385587391
-1393.634084611182 -467.6366519103826
-1381.6376972748262 -478.03898739445486
-1377.104773442499 -490.9444397911881
-1370.5738083480403 -503.1177157190444
-1365.8067362968839 -515.9185585788268
-1364.648658556121 -530.1226638250617
-1368.916276629889 -546.5749972124243
-1373.9671635019045 -563.4174594548265
-1374.2182183741754 -578.4507656564275
-1375.2262173851223 -593.9333725398906
-1372.407423214771 -607.8641827785159
-1371.2693829602365 -622.6204938450487
-1364.5353200833422 -634.8766496297144
-1361.3028238323652 -648.7824148557266
-1362.4230356425162 -664.8755311715352
-1371.4126284938313 -685.0667138371566
-1379.2533121151307 -705.0257449337872
-1440.0102676424317 -752.9909887139237
-1524.6822590660568 -815.343491351483
-1519.6949794057036 -830.8737386445054
-1512.8047007303473 -845.4057827151194
-1504.0387568521148 -858.8896424376911
-1497.7441466600897 -873.7954401033687
-1490.4432485660896 -888.1463408716841
-1481.2963930349483 -901.3972464910526
-1472.8814267998216 -915.0826752748201
-1465.1845138603856 -929.225128988506
-1455.6729271634965 -942.2167102759629
-1447.715288989261 -956.2141193408203
-1439.6231652358067 -970.1449077928705
-1429.748982097496 -982.8747876465108
-1423.0376806656998 -997.8014629201475
-1414.5454606147641 -1011.524661021255
-1405.9210364424073 -1025.1761015985044
-1400.3750380327824 -1041.1410821088
-1393.8566067487593 -1056.4869898975728
-1385.5911251849436 -1070.5784575680204
-1377.9696600944098 -1085.2260667065166
-1370.1955147287078 -1099.8241911402617
-1359.9469039324847 -1112.4717607581997
-1351.8859050551787 -1126.944763381569
-1342.911112926289 -1140.7163287947956
-1335.309293236663 -1155.7270834395997
-1330.5444434415383 -1173.3403104073632
-1322.591872083184 -1188.2906798841345
-1313.7385909972554 -1202.5189871783923
-1303.272296285362 -1215.3210776313722
-1291.9479042953747 -1227.352684678202
-1283.8098554500184 -1243.06124348296
-1275.4895538062526 -1258.72570408772
-1269.1022755768277 -1276.47147015737
-1257.6043564978029 -1289.198310004224
-1245.9790905496868 -1301.8218410800207
-1239.7037313043777 -1320.1725866681234
-437.0376388666923 -474.36600027175916
-433.1773691269718 -479.2424927698244
-420.6387305830843 -474.3617378472377
-410.201784008617 -471.55009956116857
-403.7515978209145 -473.14759563698357
-394.0990258919874 -470.8311351121404
-385.1620232435084 -469.1473285130878
-385.0732598422743 -478.2411364097032
-384.2262539643428 -486.59036752131493
-385.70385279900654 -498.129037435083
-386.39150646802125 -508.9426330436203
-389.89328240269214 -523.8246160092656
-1119.9067185717315 -1534.86447013992
-1113.404055473408 -1556.8324923559915
-1103.1403919549211 -1573.9012915801113
-1091.5200853932163 -1589.2664670165245
-1083.0566594333936 -1609.530450925666
-1071.0037628361197 -1624.766734023956
-1060.9283183527755 -1643.2793747008302
-1051.131525488692 -1662.5918068256608
-1040.0101955066016 -1680.165108923025
-1028.6492646237757 -1697.6765564703326
-1016.0288008692396 -1713.4028936021484
-1005.2093441152728 -1732.5019984125108
-994.6116251082277 -1752.4191037533144
-983.7254673445 -1772.2903839094329
-972.5507929751833 -1792.1121491366946
-961.0875682902853 -1811.8807041518671
-949.3358038162064 -1831.5923486389206
-938.6506805103547 -1853.919874206393
-927.1829397440213 -1875.3121863432857
-914.0886798852167 -1893.9511306540362
-902.0015640514082 -1915.223793306885
-786.4704598416745 -1710.8925202351038
-750.5792645842612 -1674.4717876321922
-733.0672363778167 -1677.8478557215462
-716.3421265622471 -1682.8829304833648
-691.9291913987995 -1669.2761886788549
-662.601489530484 -1642.3764081573943
-640.0579249088191 -1630.8984802131054
-615.6532928017963 -1613.5364957329925
-593.7219223370486 -1601.4862718538675
-569.704064400938 -1582.5805758333609
-550.385900793832 -1575.6383976685013
-534.1382224620987 -1576.9975774569311
-514.7962793409417 -1568.689195085095
-500.8076633196186 -1576.3589960286151
-455.58383467209853 -1482.5803079717016
-441.5059812561886 -1486.8333694516712
-410.5794760267418 -1432.3143837389912
-375.13301647349016 -1357.1069301832852
-354.53011727427 -1331.612704935445
-336.92614177960644 -1315.5397276348247
-327.06544121399315 -1329.3566854548467
-301.5835211012034 -1277.8952929720808
-284.60340926855724 -1259.23861894111
-325.02690501306625 -1504.2867117067901
-322.662165615148 -1565.0856611957515
-306.4596513410268 -1561.205778268815
-294.02600245040605 -1576.82107732077
-281.49755114734427 -1593.324552217171
-331.9017305704487 -1988.4911971754718
-316.4485740872966 -2013.2819722925344
-297.34502394736654 -2016.1919394575855
-279.1703364187966 -2025.8551091486815
-257.5340709936824 -2009.565177414612
-207.7476529623976 -1752.7309869710798
-187.54611584455333 -1721.8160338525197
-177.7361941592961 -1789.1936299030826
-181.59672165704484 -2022.8652032904747
-162.0885092212646 -2020.5089247955398
-142.92337416042594 -2021.9549720798925
-124.5390206511097 -2036.1949887806086
-108.86527175213293 -2099.178971075676
-88.41154837387423 -2093.1336312128124
-67.82310587306581 -2078.893943016269
-47.58530652958916 -2067.452451352264
-27.560062365757016 -2054.8151846242513
-7.789491883132494 -2043.9851574353963
11.764795989789123 -2031.965942031342
31.05681005161421 -2017.7610053099495
50.22710928938641 -2009.3723491410028
70.06925849890452 -2024.7879639639834
91.13972662941934 -2060.985819997293
112.91154209709809 -2096.9623228997834
135.82582527995226 -2139.6932829700195
159.3519515088077 -2179.1814875201044
184.06104744525277 -2223.39437140903
210.09374667330835 -2272.3082136032453
236.16758880962288 -2311.9690460721677
264.13360848688444 -2361.2728425295745
293.6710682694598 -2415.211440777282
324.00746539899416 -2466.812348429795
239.09665135167342 -1694.2118495962707
258.1865932680716 -1710.6255239112468
273.96275270539985 -1704.118660812703
290.4788219264527 -1702.3956808016815
307.5200080553781 -1703.4648351655576
447.3422252116126 -2348.779669007445
469.4781801739296 -2342.415684361035
489.88584127426645 -2328.0147900129423
511.78290181083753 -2321.2512275525196
533.8199599433091 -2315.2564113648673
555.5550876325226 -2308.0802725654107
577.6883515917507 -2302.640260317535
598.5051662092559 -2292.150205815673
609.4829612167881 -2245.7647962300985
635.8965585695097 -2257.135478166841
677.7257911709876 -2320.038092786767
699.0994202696861 -2310.553180642806
716.1705860716639 -2287.5114626260934
734.4038619280137 -2269.113476136709
759.6422865638484 -2272.3907226672195
804.4643755805538 -2334.2660663304405
856.4740237139777 -2410.3560414808408
894.1902051609254 -2442.4628711598184
882.8611505703764 -2342.128345931015
884.8921324549403 -2281.397579099125
895.8508397304325 -2245.924146749903
911.5253260829782 -2223.4051767299006
932.6744012276665 -2214.616775267137
952.1511766221556 -2201.9557527019124
986.0739746291243 -2222.030404058217
1037.4517605814635 -2278.9712250193993
1062.9314545515158 -2277.135420418601
499.78125078554274 -1044.5969085552754
494.74852630758335 -1009.2571008997036
495.81951868209245 -987.5160782963779
507.037469671776 -986.3032010233176
516.4145420434336 -981.4260139032748
1140.6147540071347 -2118.4508450613725
1219.1285083609628 -2213.4711834811797
1305.4409848413027 -2317.633239987848
1339.9464469436666 -2326.75063539758
1359.5245861377737 -2309.5655218432134
833.008490895589 -1384.757326789013
843.5501863704475 -1372.4955675973542
854.4657761531785 -1361.0059652268046
863.0801268954767 -1346.0660067612168
865.4623399565027 -1321.88310304543
864.684390490382 -1293.6216235214517
873.5925122344452 -1280.365620659939
886.8984500095976 -1273.622840314421
898.9966100751209 -1265.1122855594444
911.0131096374982 -1256.4868141244522
925.3255861893786 -1250.9630528290127
941.4222612484168 -1247.6750883246477
957.5399326137992 -1244.1934244521472
970.5892495180755 -1236.584210120742
983.5803911845582 -1228.8391327090912
997.1442564069256 -1221.7333309338333
1013.8601443147597 -1218.3236876011458
1027.3663702253532 -1210.8931998033445
1041.165517912034 -1204.341464996936
1055.7765956516023 -1198.2256799427698
1069.6964495057177 -1191.197089450298
1086.2778731294889 -1186.963092243931
1101.5099398181433 -1181.0592078646316
1116.0379458366417 -1174.2483993826556
1131.926545312118 -1168.7049653431675
1148.5118201702028 -1163.677618126828
1164.3932596702746 -1157.7358666096652
1177.4013069089954 -1148.8042315768992
1194.6780188024272 -1143.879552833386
1211.9659239030275 -1138.7306965643286
1225.5863022180101 -1129.9677941497202
1245.081394918511 -1126.4161398114707
1261.6262246761653 -1119.9411900673026
1277.4050057039929 -1112.5971649264534
1296.9581301515514 -1108.3030310496274
1314.2440174525632 -1101.8110829857117
1334.6115181197865 -1097.6320402129295
1354.2378143123592 -1092.5383024345115
1375.4541949230006 -1088.4124942634203
1395.9221466308352 -1083.3699093779376
1418.0078093505595 -1079.2487445537415
1440.1387447040838 -1074.8066784320545
1468.766976475185 -1074.7667508887423
1508.0838455373369 -1081.859101190778
1722.715026581159 -1211.3995778402257
1604.7848111186938 -1106.0138832775738
1359.06988433356 -917.8938116675392
1346.8128577197485 -891.2463892105058
1333.3369838122196 -864.3688377067588
1319.4760258127856 -837.8257678690106
1315.4256184739936 -817.9587044969394
1311.118974516665 -798.2430924614185
1311.7126726050183 -781.753710913738
1317.2954219247129 -768.3474288212285
1318.3995829635685 -752.4270992205749
1317.5749105946418 -735.5796047821893
1320.9389728775143 -721.210946903399
1325.031716773183 -707.3153112616121
1330.646430533064 -694.5365914835704
1336.2144293226415 -681.5651097803991
1342.5512707371208 -668.9963269272426
1348.7698901527751 -656.3686337853682
1356.6762329588098 -644.5413865103569
1366.2936841887163 -633.4647334666901
1380.378102700469 -624.324670011568
1404.475217944491 -619.4145317796269
1427.6814092774423 -613.7114905259441
1448.1355679228254 -606.4679520937906
1462.096456581407 -596.2507456197386
1484.3575744797458 -589.1447963655504
1473.9615591463455 -569.0670629713813
1484.8540305554266 -557.3190360496441
1496.5948006216154 -545.7591068890625
1502.5928592521548 -532.0250927582593
1572.7755948732804 -540.3202089233748
1644.18933176349 -547.6590557227449
1662.5795418077312 -536.5056077641638
1695.221790242083 -529.5272248793509
1721.1761283798967 -519.9583974657869
1725.9795346553421 -503.7843248364607
1721.005643907169 -484.8541777067314
1802.682315321089 -489.65341827521075
1797.5232507932324 -470.1852431305455
1785.3699283730039 -449.1494393421578
1770.0654636930997 -427.67891488935015
1756.465356991507 -406.9870387232227
1743.6105910493602 -386.80499839130965
1732.4896983700726 -367.31518487747724
1722.1380172546874 -348.2666356774563
1709.6186576579214 -329.06693147128397
1700.8268186282432 -310.85226882705706
1691.8447185387984 -292.831774833903
1678.7276038477025 -274.36222786628446
1669.3677359878313 -256.77297763367113
1659.826629303232 -239.3837100887846
1648.125103475631 -221.92936555003325
1639.220175761577 -205.0883111642033
1629.151887717013 -188.3192150262224
1618.8950531894461 -171.93838070291494
1609.487222444635 -155.69162080039456
1596.929373728376 -139.37566259392966
1587.1992379510261 -123.54181092926243
1578.3112050880302 -107.97101413606369
1570.269861877989 -92.63671452335663
1562.080510381309 -77.46275935485859
1553.745450992184 -62.45056862106619
1549.2651011382322 -47.72469376688861
1537.64724814647 -32.93843146824203
1529.8890855690831 -18.422428086296634
1521.9945986797925 -4.054822997057323
1510.965955976857 10.142971898937255
1504.8051968633029 24.21403504574203
1493.5155571104988 38.04314220613707
1484.0986367109865 51.732354601265605
1479.5522166197231 65.46936914056643
1465.891944781692 78.64353898540676
1457.105931627379 91.88201138583901
1452.1907770598175 105.25182669390301
1446.156696973105 118.45593188962324
1437.015557999425 131.2832284322775
1430.7465844737496 144.25051478833439
1422.373273471018 156.89254576091622
1412.896391156014 169.27134387814073
1402.3213835640997 181.3580359368421
1396.597194904214 193.94915618708154
1391.7496878481904 206.59575594494808
1380.861625345418 218.2319216989361
1373.8234304049963 230.3436173855239
1369.633864427342 242.86637769322022
1363.3645014672813 254.96320546084928
1356.007859648435 266.77084655499806
1347.570749842287 278.2608024309149
1338.060507524318 289.4046962365408
1332.3618644864066 301.2770520008232
1329.4782712870237 313.75711334672013
1323.5645801028777 325.49316781937625
1313.672806909167 336.15436392733415
1307.5637429324265 347.6867241764396
1300.4278346320677 358.7317199721144
1292.1349943810428 369.7609447952857
1285.668020522846 381.23318455358395
1280.0560198411433 392.9091320756626
1274.3384437635898 404.51270776848577
1266.6157635482582 415.4196763889054
1255.9597985844914 425.25402330795646
1248.064349630406 435.9121232331485
1242.902869996167 447.474530845378
1236.6968626933801 458.63042834547144
1231.325547476487 470.065310496031
1224.917916192725 481.07390138114164
1217.485241062618 491.6286075837115
1209.0393108272713 501.70204790723824
1200.5123602124922 511.65913749002004
1194.654277729414 522.701785631934
1188.694857846938 533.6792434864293
1181.7264894248403 544.1723111218014
1175.5705714048822 555.0079563815265
1171.1158872691208 566.6467846779507
1162.9621766898365 576.4746096653674
1158.294542249652 588.0091439719869
1151.7379482046697 598.5847464355382
1146.850828605441 610.028013231371
1140.0934119367314 620.4764395675817
1134.9885906522127 631.8242628210033
1128.901871926457 642.6364163046948
1122.7121573182105 653.389938558813
1118.138903021684 665.1063024430496
1111.735055658028 675.7559959194158
1105.2297786342738 686.344036486101
1100.3125565699197 697.9407409333314
1091.9173188540904 707.3313005844539
1086.7794695756193 718.8319584638232
1081.5213899356888 730.2988998427808
1074.496518283819 740.5958629346718
1069.009436078304 751.9759474714248
1062.590462374564 762.7355434687769
1056.8701741753212 774.0319340560997
1049.4287058800476 784.0914431843574
1042.113555887383 793.7879670515008
1036.496667644216 804.3746999765941
1030.7734710226414 814.9245679422946
1025.7230081148375 826.0637448913063
1018.235851658412 835.2752542709908
1012.2007742612544 845.7012431023836
1006.0603499843114 856.0861943691447
998.3033933726316 865.1192604379403
991.215119371348 874.7437265448917
987.7533423909176 887.6527105774929
983.4012905580985 899.8949392727278
977.4452587412657 910.7671305905919
972.0983995983457 922.2931754590483
965.9037251219619 933.1018131991374
959.5930071770642 943.8735405640307
951.7532642472754 953.191861061904
943.8234449038249 962.4454814948618
937.8851852603589 973.7943208240343
935.2547070705893 988.7464957724533
929.0273549841153 1000.066584628853
922.6717007349052 1011.3545039514867
913.5186644030133 1019.6296630577863
907.5941584523963 1031.575902948051
901.5282500935965 1043.4978745944707
895.9678064143554 1056.156565036192
889.6120875762795 1068.0310546225583
881.2156705448089 1077.554148053017
871.4676463986013 1085.4529659457762
865.9818286026709 1098.7613355638132
859.7146575923343 1111.2676129181914
853.2920968680401 1123.7497930689658
844.3239154561182 1132.998731591898
838.7999638191984 1147.0203227044026
834.8404292847182 1163.4712964365333
826.6224685488434 1174.2194405179196
817.1418944880189 1183.267984977423
810.3693157712054 1196.3806133737326
804.5330765656676 1211.1327461148846
795.7673696004085 1221.6866592867611
787.4148151921404 1233.02348267011
781.782660991439 1249.5966833235213
773.7673945259836 1262.792547954125
764.5448241343686 1274.2320086582927
757.2020221291149 1289.0578333354867
748.153666734578 1301.255966730453
739.4338561929195 1314.2684551931043
732.4650654651026 1330.73510807869
723.3571369043302 1343.6630725332784
715.9348436048867 1360.0758433677315
708.2691240258914 1376.4660722123144
698.5628159219174 1389.2569928602993
690.4429949508723 1405.576205946611
681.2143292537157 1420.0605753345208
672.1995112135538 1435.399880564388
662.5420363895315 1449.7841391106515
652.6746039693036 1464.1123117211714
644.9892293873135 1483.8843937363717
636.6015716154227 1502.7183498635975
627.155595590352 1519.6749188295867
617.0757294149879 1535.657039891056
606.7522021846138 1551.5823423666955
597.6072340551649 1571.186365077337
587.1089017737607 1587.9395887306318
578.0401518671711 1609.338243760266
567.9647163904119 1628.8158523711509
556.6148350871737 1645.4023597165767
546.2513595371151 1665.7185993449955
534.3463087106468 1682.1709254315704
523.3572835679311 1702.3683954233866
512.3229119791063 1723.4643117457492
500.3885512043703 1742.5786346169837
489.47739946527116 1766.4373397923616
476.87451403618485 1785.4116326110213
240.82105011175514 936.5330863472318
237.12801617973167 959.1216314642606
226.3369365434869 953.5048983388127
219.44324272020174 964.3472731461642
205.13209195231397 941.9218783164915
189.8323946178634 912.4624167348745
176.85082009264642 891.630409661177
165.2379441574275 875.5440718836642
148.32184979321778 828.8332937774146
141.8143824407591 838.0863206931289
134.35754202813936 842.3520943763106
123.27662269861992 822.8164280664444
114.93718067345657 819.9838074613652
107.18014221631452 821.0337490715534
97.97274882331781 810.0971179358702
89.09252118409931 800.0546997981205
81.7275886698835 802.8509209375089
73.76654908932977 799.6045874277182
65.46199743937989 791.2968639462983
58.78159517168117 802.8509974267158
51.12544619287741 802.3728489621138
46.19116849134434 851.7484229239313
48.86710504973414 1091.9070500935775
38.471805513055926 1090.321475611925
27.878537798726395 1079.6401192666958
17.294350329196693 1056.8585077704067
6.853271679587401 991.9763266667636
-2.392552932950861 939.9969551495701
-11.002946065811125 916.93398627048
-19.52073748082241 909.7906027258167
-27.96626642669642 904.5677906835679
-36.35515356086455 900.2662399588057
-44.76481125140299 897.8847986649658
-52.89576497773489 891.4320153816668
-60.90874563043942 884.9062801821029
-69.03739544086791 881.300083984304
-77.01580796109477 876.6233885335822
-85.00892909118937 872.8702549490212
-92.93799730079591 869.0446068285087
-101.03382194074781 867.13388056519
-108.72648593221149 862.1714163997973
-116.19990635884935 856.1504434164563
-123.85696797079248 852.0448647137556
-131.4468274799039 847.8712942100756
-139.13142289951787 844.6173377109634
-146.59441393704557 840.308918078616
-154.16958753073473 836.918597164983
-161.16171586348634 831.5262481364836
-167.4249152589052 822.1252324010912
-174.1512452861272 815.61470300951
-171.17494663041103 766.1097425604742
-157.2781428326942 673.8898914415461
-195.33537624923184 802.5709257041218
-204.3935233676896 806.5031231218771
-27.26628461430001 103.46762645065357
-27.188094087494143 99.34690503427656
-27.034468627450917 95.23726952213283
-27.934271702143377 94.977241823875
-28.540346433813728 93.75205931305133
-29.426030959877888 93.47785139779535
-30.618357987886235 94.14624875227713
-30.55290068426128 91.00835269236372
-31.41253770626102 90.71522735931785
-31.260945483996654 87.58854541232313
-281.54805097078344 765.8894796212787
-287.0118218314384 758.5151377058987
-290.1850307779451 745.5150219226995
-31.58017234196538 78.91573173234703
-38.79043021351508 94.33611463193942
-37.346994441631225 88.43755992889427
-40.17065199617397 92.66778684204282
-41.04555802800211 92.28359640894969
-44.406896534992725 97.35002588664499
-55.91607628700931 119.57170406356745
