-76.8061826756099 160.57649361846472
-206.7253675843837 422.09551335817514
-209.7981805296628 418.3404396498658
-213.73203597811627 416.34434882276145
-216.71678703791213 412.540706132091
-218.70214320879367 406.9562292874755
-221.56497234331096 403.12400453273415
-223.39527100740173 397.5305684994923
-222.64949783847254 387.6031489968522
-225.78681169234818 384.6249025554691
-228.88780778065438 381.6220269446802
-231.9523012669799 378.5949417741238
-236.04097028783983 377.2395264889074
-239.58625271389658 374.9979033414892
-240.92498798881036 369.3726440366038
-243.84171640711995 366.25294174877246
-248.9691165223035 366.4196760793608
-251.2722825161456 362.41307928816025
-254.0996386450208 359.2121568662033
-257.47419723424576 356.8011179334795
-259.64030786441253 352.74765843598885
-262.9536875255519 350.28468167579695
-266.8515669133006 348.58462564478697
-270.12538648929535 346.05386224402815
-273.3752062696698 343.4923530400866
-276.6007375181014 340.900325615043
-280.4390551451954 339.0485752060758
-282.9777902891123 335.62563996675107
-286.78051913763125 333.70186370943554
-289.9131721008595 330.98391598749544
-296.34984067635867 331.96652230473006
-299.46571163073156 329.1584535713758
-302.5549759933735 326.32114013904953
-306.9909204581701 324.9085636856091
-310.733393419654 322.72086733570006
-315.8625594350642 321.91900153164386
-321.0040300812565 321.04892566646566
-325.44328201272236 319.40987804510314
-325.55845637016535 313.5533311669247
-331.4065464779219 313.21829600388446
-338.7434089150672 314.1606323468928
-341.641722956924 311.0063233039232
-347.56073833133405 310.41509816788545
-354.25115124517464 310.39832770404615
-360.2138557415761 309.63038954822736
-367.72260156165265 310.0662643705858
-374.5010604780536 309.74982760417026
-387.51900561666156 314.37242290931596
-407.70029287886047 324.3785923677631
-421.0091521619854 328.4924562236494
-439.9913243220704 336.6357594215307
-452.7650059290895 339.64665375362017
-467.2457700129498 343.6297286397171
-473.7300565858385 341.51988739629536
-498.1833496171448 352.01328123274226
-499.034667229414 345.562441395514
-484.0861846673256 328.45938228985324
-450.5383635115891 299.4932102807995
-452.5218747376446 294.6590451418851
-457.82686042915026 291.96500795401386
-410.53237808282745 256.3574975413406
-404.4144422624537 247.23462316097337
-405.8840621832347 242.87265812692067
-406.4444536787497 237.99980267593227
-407.81676648282865 233.63536756127058
-406.52580808190805 227.79984056919727
-381.4828911536645 209.03541268656215
-338.49307710848893 181.32412070551064
-346.3998991560014 181.3507922913822
-349.88567427947385 178.9665190307895
-350.6735049149121 175.1915892692658
-349.6237292634222 170.5410447251255
-345.8088295728333 164.6367315925189
-314.70584988431347 146.18217418205253
-322.45498772070573 146.07799592696878
-333.8889668358544 147.45561306808824
-334.3545393405068 143.88551706963932
-335.7047717893093 140.7064540022516
-340.72834731091365 139.02587291138803
-345.7499222776086 137.26249030608318
-347.0367978948012 133.97559817714153
-352.94506162317555 132.50955994120883
-366.3933021031246 133.62615078632058
-358.21174868547905 126.82406358294635
-363.1760587653638 124.73632325692873
-368.13253677554087 122.56604491948431
-371.1765960130889 119.69935075904219
-373.2445787618213 116.48812997430511
-380.07172359263666 114.69300294840309
-385.93768159105 112.49935967873454
-396.6088800102422 111.55893642833497
-401.50492072928853 108.85678035918457
-404.4497778117632 105.56693245526914
-406.39820608959883 101.98773498394763
-414.14808699154383 99.78658247101485
-420.9176728173261 97.22300504534117
-424.7459612154348 93.89285612428846
-438.33284055468874 92.56522506458788
-461.7346544095475 92.96294378565962
-476.34169744096954 91.23369596292721
-1821.1614845386914 331.0163851425331
-1812.378762353147 311.77591595771895
-1765.8870687367116 286.64239126211584
-1748.743238462357 266.9421022098
-1736.3362453843206 248.29909980642316
-1660.2962518556167 221.45283035940426
-1494.592822563549 185.00890449252302
-1449.5762421744462 165.55880563537292
-1433.172266895258 149.99417789470255
-1424.5692564841868 135.51174664984342
-1181.6778382091554 101.16069733516719
-1160.643556903897 88.33195241514085
-1143.465483976005 76.17536974324784
-1134.149898378013 64.80746877592749
-1121.7258810593612 53.479414372259015
-1115.1858407514292 42.620893790816005
-1114.5388970207928 32.06317245181053
-1105.7935860878722 21.366912901112112
-1100.946259254457 10.878153961859821
-1099.9998932643855 0.4845805819356069
-1099.9554566962354 -9.899155730475437
-1100.816223644948 -20.115709285927448
-1106.5786239903337 -30.540938552370545
-1110.243160751722 -41.0015122163311
-1113.8084870410391 -51.533039841946874
-1117.2735986641014 -62.134577556849614
-1121.6353966932581 -72.86999989541083
-1131.8771953542873 -84.13688036118673
-1139.0159118687318 -95.35068174817356
-1153.0130836117642 -107.35375643213852
-1175.8372332060833 -120.54377215875975
-1180.6253353749364 -132.16587105156498
-1501.973626871265 -182.3299870651507
-1491.2849929666822 -195.15396422405266
-1483.459445429707 -208.21160814274066
-1467.6089221190196 -219.95465831995747
-1426.9813164661223 -227.48477412040623
-1326.1969661012038 -224.11293381677652
-1285.657886982037 -229.60792155516668
-1260.8588102955832 -237.32690639707607
-1244.8582828593715 -246.35108198751047
-1174.9484618479096 -243.91824860233692
-1081.7455389213867 -235.1076115817574
-1073.656151900935 -243.8513225005697
-1069.3904889205346 -253.38702059557053
-1078.6326433263855 -266.2191216850028
-1095.476208504827 -281.23455797588076
-1729.5535022792392 -461.24254222005334
-1722.2878244865935 -476.54343938956595
-1712.0036477327405 -490.9221019161702
-1658.4623674984748 -492.34396065286967
-1453.0508068595586 -446.14274922359306
-1424.0466399460647 -451.804346214513
-1402.6678618309913 -459.4549699224885
-1388.8506649485391 -469.30782059539644
-1380.6385767790152 -480.91695781040517
-1376.0960349641414 -493.7648251505655
-1369.5578305060446 -505.87681198052155
-1365.7179053413652 -518.9755322074383
-1364.5469980920432 -533.1383403939293
-1372.510391132241 -551.0501122711279
-1374.7381316959418 -566.8016136719718
-1375.8620647807459 -582.2710526011593
-1374.9821574144555 -597.013456122967
-1373.0331734622948 -611.3827807291109
-1370.0258628557233 -625.3520089569
-1363.2540130636048 -637.6233181636138
-1361.7835385628166 -652.415200696101
-1363.7466860897769 -668.9962452653615
-1371.7742713813252 -688.8108219070272
-1381.3291438796887 -709.7455855928981
-1480.9001201502697 -778.3725548469167
-1525.576628085804 -820.0243605151915
-1517.896177779126 -834.1553773030058
-1510.9567126835932 -848.7041960520693
-1503.0105742513572 -862.6982170426722
-1494.9348311527453 -876.6178475289632
-1486.7301797594314 -890.461887220609
-1479.2504131489093 -904.7509133450936
-1470.7851967822603 -918.4480959347501
-1463.8796518396641 -933.1411280882348
-1455.1514691137477 -946.694355077763
-1445.4646877566493 -959.6128575881903
-1437.319433792386 -973.5547469160298
-1429.8625302813643 -987.9965306099888
-1420.6264316977404 -1001.2315124693918
-1412.8918460520435 -1015.5474540166246
-1405.0137478645017 -1029.8059857622436
-1396.9925373270532 -1044.0056755844394
-1391.2149323516776 -1059.9632125700007
-1384.4713139749306 -1075.2898124601243
-1375.2106171370751 -1088.720238864634
-1367.3762979741487 -1103.3272677399539
-1358.6167025922452 -1117.2473564244287
-1348.1834638238465 -1129.8151830595723
-1338.3944225138828 -1142.9349805582688
-1333.0042411371005 -1159.9089158681827
-1327.4137772322063 -1176.8809047707955
-1320.1384704148254 -1192.5080372604646
-1310.479648775726 -1206.0696871013092
-1300.6826712289087 -1219.554668214931
-1290.0422548600338 -1232.252807128326
-1281.0531832839802 -1247.335857577253
-1275.4421058335452 -1265.8816827282444
-1266.0778409989077 -1280.877785165917
-1254.4546552669515 -1293.6566460537642
-1242.7027711880974 -1306.3302884345226
-1237.645883384617 -1326.2083800599025
-437.55857898035384 -477.96076194672446
-429.62244137395476 -478.40731376922196
-417.7521555075263 -474.24375227177796
-407.30919089519597 -471.4108855470998
-398.89882311409974 -470.71087614180556
-391.17871796652076 -470.66252305666876
-383.49638515725275 -470.5098538514577
-384.5938810302753 -481.189720041971
-383.6710329084811 -489.5717909632245
-385.059698922016 -501.1517018489376
-387.4645715146238 -514.3998501370203
-1130.342634051393 -1530.9260366346111
-1119.1534183533151 -1546.5369786035153
-1110.6609329095656 -1566.1520654484525
-1098.4710793709169 -1580.8182336327263
-1087.790196470753 -1597.8740527532577
-1077.9926411050335 -1616.5335956061645
-1065.7497433454555 -1631.802219804562
-1057.0844611267687 -1652.881254671469
-1043.3364272640333 -1666.3148260589662
-1033.0857438763096 -1685.6045935507923
-1022.5608354052565 -1704.8499458589613
-1011.2554872232895 -1723.184940614555
-1001.6837714133145 -1744.92797045815
-990.3192205502504 -1764.0285829341726
-978.1991219748128 -1782.1940067702242
-965.8215515811776 -1800.2882353949121
-954.579638602333 -1820.9650500670898
-942.5740255498923 -1840.7004662243858
-931.6192940056603 -1863.0551497570852
-920.322337430106 -1885.3675491073845
-906.5327533007234 -1903.1191153453874
-843.1855495022288 -1814.6732843987716
-763.554560540791 -1683.9790476954752
-743.4867251004142 -1682.007279888961
-724.3167210756153 -1681.6439241320586
-707.1551750727773 -1685.6795538796184
-669.9445580962795 -1640.4750193395755
-648.059430540391 -1630.9641242184525
-627.136749551187 -1623.0525245235817
-605.3685944462554 -1612.0833926500716
-590.376119124222 -1618.6985630338413
-558.2934606072089 -1577.0977813196068
-541.3442259870222 -1576.653236761499
-523.1909672328318 -1572.2341466225614
-509.46483526628026 -1580.938512917913
-471.806865313112 -1513.1501187401782
-445.5849627639127 -1478.3064773444926
-428.1735101432989 -1470.9491647271725
-398.5058530621894 -1419.108552956812
-360.4594518732681 -1332.091957619752
-343.50966293863524 -1319.0034539256465
-330.24086976961723 -1319.295633258068
-314.89515195224004 -1310.7040258109287
-291.8900920141601 -1267.833259614199
-282.4191288240162 -1282.2669128049292
-326.4169198181871 -1552.0463892733385
-312.84352737043827 -1560.9589768416151
-298.56862837484783 -1566.8062337603722
-286.5229436861979 -1585.315616128661
-338.68859009571077 -1981.2597101185345
-323.52000246439866 -2007.093373016172
-306.8427409412424 -2025.8945017773424
-283.6616645327277 -2000.994018000684
-271.4574304154378 -2055.149596373035
-233.82229132415637 -1909.7390230290425
-194.82716275167553 -1727.0455629930939
-178.41890850759515 -1728.8177154017592
-165.35003481440137 -1766.2772619231885
-169.9265516370347 -2021.8718967948355
-150.42271249501542 -2019.4053598932637
-131.11068535526582 -2018.74688561634
-115.42127917186441 -2082.8043423025433
-96.79577350057765 -2098.7690626251438
-76.23339991198647 -2087.60855256388
-55.73247931888952 -2070.249958519253
-35.72736750139484 -2061.690460571475
-15.85280153821684 -2047.938643779005
3.7603433016979855 -2036.9965291620535
23.21940068570845 -2030.8672678025505
42.351113465051846 -2014.5548846304166
61.478245431349485 -2008.0591189849672
82.25275452162165 -2045.3467882913171
103.44914115901007 -2076.424637494331
126.02011081379753 -2120.258222875336
149.0962783452042 -2158.8576376833207
173.3161424628081 -2202.19039021648
198.38021031126655 -2245.2530574874754
224.87083699137682 -2294.004818362594
252.09977510171913 -2340.4618568551086
280.4728670643698 -2388.5895358643547
310.29588714462824 -2440.3517087545247
336.66034573810924 -2459.061571333157
248.03143894360176 -1690.9054986295262
267.16764520369486 -1707.2215583679563
282.3732543435354 -1697.6767493346433
300.02338221544244 -1702.7703809157613
431.23057970913123 -2317.215826616875
461.1198829275223 -2352.2281890941
479.41129032143607 -2327.131456259473
501.4873338468533 -2321.4511526179426
523.4985475290964 -2315.561545443119
545.6728018586108 -2310.436580672963
567.557733272153 -2304.1282992496263
589.6203572800939 -2298.581483063173
601.3189940361117 -2254.1748972542923
623.4351760610509 -2250.234116986436
665.4190060052421 -2315.27504768807
689.8673761826799 -2316.4567777704865
707.3290049821971 -2294.4469221820964
725.3437063893515 -2275.174830117756
747.7472450059373 -2270.0163121850096
792.9773514889483 -2331.856753753449
833.4151314855332 -2378.1966316120606
885.4114301604202 -2450.9758463398366
886.9120314420435 -2383.324578919822
876.8236187747113 -2288.794735566914
890.3072618993849 -2258.879584973316
906.3031315826894 -2236.3326303757703
923.1022481881039 -2216.4573624119344
943.1435931005033 -2204.741291579008
969.4789148056267 -2207.4944243977843
1024.714415959465 -2273.762601004083
1053.6139481159926 -2279.258354889904
504.5235067386131 -1064.4905030803106
496.3611714112605 -1021.8226790961538
496.3392249305731 -997.3180905785866
500.88895822443817 -982.7101564188888
515.8453043800407 -988.4981648688394
524.3625408265931 -981.7397444220538
1175.8954810202354 -2151.644445003911
1299.9313047797252 -2325.311721652321
1325.1574047089161 -2317.942590476548
1349.3522432189566 -2308.5762980070576
832.9150031924856 -1394.1408097666683
839.9983704325779 -1375.8440092069354
850.5126949553372 -1363.4797965939244
859.7926007715012 -1349.3541728021514
866.6983571747869 -1331.8239214214939
865.045662812735 -1301.7929947763876
870.7576924029186 -1283.5038142215021
883.0310040233662 -1275.0910735839561
895.8002334922918 -1267.3775844929385
908.5026830702437 -1259.5363729778383
922.322581277088 -1253.1787805681874
937.304852285134 -1248.271049845643
952.2775710248411 -1243.1908251443253
967.2388032611922 -1237.9378407116637
980.316964246809 -1230.1657000623618
994.5962864280524 -1223.8084927894263
1009.4817316533814 -1218.0601928714732
1024.9935931023379 -1212.9023596725167
1039.8462856731169 -1206.801020123791
1053.6299838732787 -1200.1136850662085
1066.9289374744292 -1192.33495393689
1084.21787915592 -1188.84506581751
1098.8124475301956 -1182.2043838324662
1114.065750102644 -1176.1196811754462
1129.301843963255 -1169.8518475521557
1147.3238188821479 -1166.252140244846
1161.838006509293 -1158.8845700200309
1174.8858162747124 -1149.9475286796796
1191.4744544872353 -1144.3306446584156
1209.5168770346104 -1139.8740825935306
1224.6440785212526 -1132.462308839827
1241.9606032357833 -1126.8819192844517
1260.0273779719105 -1121.7397232697217
1276.600945682607 -1115.0403694406195
1296.1972912017743 -1110.7302022908996
1312.7635849057608 -1103.574542178903
1333.9389371210743 -1100.0217779809172
1352.8310111631401 -1094.2797883701023
1374.0831744175332 -1090.1428483380676
1393.009326393233 -1083.8588545477085
1415.118738836396 -1079.7402256997227
1441.2772607520876 -1078.2948843609336
1467.533499818911 -1076.4503829295886
1510.1200871934984 -1085.8808969010834
1718.1230683970796 -1210.9736255764633
1607.7222921689215 -1110.5606832870994
1365.5723302871797 -924.3447467011655
1351.7484469229657 -896.4709344096718
1335.844456712349 -867.8528604958843
1322.897095028318 -841.7643826900954
1316.3675172452777 -820.2301869240755
1312.9650395770916 -800.9786544273986
1311.0343439333092 -782.8907644284465
1315.7868602583474 -768.9479425627462
1317.7888326905427 -753.4962458009309
1319.616716792516 -738.0756876918118
1320.3939445694384 -722.2083017692046
1325.398827785024 -708.750271468085
1330.2674216860848 -695.2622431864511
1334.8756402800898 -681.9882880129398
1343.0622356331023 -670.2125269018875
1349.3474179597322 -657.4667639093277
1357.3177901578215 -645.5210426632799
1366.0898562674256 -633.9041761995611
1378.4075481905531 -623.8282063928402
1403.465008142207 -619.2269139179878
1425.8011194038343 -613.0213437611886
1445.3768950073868 -605.2888825831888
1467.7108226982823 -598.372744143925
1480.74652634599 -587.3999699644902
1466.64885501588 -565.7960198522155
1490.6668838774506 -558.9062902769048
1495.8916353894579 -544.7680379499642
1500.039467776222 -530.2476733693687
1570.2624113309632 -538.401299739394
1645.5132070939858 -546.8475887112104
1667.7512811055217 -536.7584786204042
1696.6276761709544 -528.3782058816837
1725.49274408701 -519.498594900006
1727.4531810940116 -502.3012115535658
1723.4659282607663 -483.4927032792272
1804.228449478681 -487.771157502937
1800.0557133996103 -468.4009272593507
1785.0074645631398 -446.4844358472883
1771.6520464427695 -425.36222955869874
1757.0837132517152 -404.30907066941296
1744.2304250668124 -384.0002920197423
1734.087387899643 -364.58871503022823
1722.7538557465366 -345.20740506316133
1712.1924164971601 -326.26082953614775
1703.3959817947111 -307.90116791859094
1692.4350516522657 -289.40040763411696
1681.27773047579 -271.135008816967
1667.9500787241914 -252.80730781360634
1658.3878404279426 -235.31844534745866
1647.6536544378646 -217.90235202390662
1634.7543700101414 -200.46732834241638
1625.6486667157876 -183.74550989121448
1616.3738471933318 -167.21419230863071
1606.903132779534 -151.18968834983127
1595.2908113669378 -135.08599915689888
1587.5077081882223 -119.51266227048227
1577.5779822104137 -103.96494623150669
1568.4956849395414 -88.66953437364182
1559.2661691662229 -73.55279528129428
1551.8905508549249 -58.69172145369631
1546.3732436127361 -44.03170946744842
1535.7189097817225 -29.384181779280468
1526.9267264198334 -14.959015502742142
1517.9998383427403 -0.7005650676757277
1508.9405919617084 13.389918978432476
1503.7506821492686 27.384045274742757
1492.4337086988326 41.11721220424023
1483.990298362273 54.75211746272434
1475.4230777457558 68.23299535592345
1466.7341864550413 81.55872904887872
1456.9278782901388 94.66339028893219
1449.9972470468854 107.81457951712112
1441.9520556447503 120.7612074379793
1433.792117134227 133.56707994019604
1429.4984767407332 146.63937055212457
1424.0921994004518 159.53183884975525
1413.6066319078943 171.7331948867745
1402.026612347091 183.62292414222162
1397.2806004955382 196.2853114189352
1391.4316839172054 208.72678072382118
1380.5350584644098 220.28833911641522
1373.488580835646 232.33191411014425
1369.2911646271493 244.79114868398605
1363.9982897266007 257.0071314631337
1355.6541156260048 268.5626906073793
1346.234496586232 279.7814865233488
1337.7012942808144 291.0605560350525
1332.9757799032575 303.0916861137939
1327.1693888642421 314.82918108351043
1321.260273965942 326.4847445738378
1314.2809388107485 337.8085461896092
1306.239512169716 348.77261481748053
1298.1083388190618 359.61610182028255
1291.834644934644 370.808913251262
1287.2405754317765 382.9630543042881
1280.6209426497544 394.47433534623605
1273.8992690069601 405.8936466902787
1265.177046607279 416.59457598255267
1255.4205728454021 426.8432795260132
1246.528241911943 437.2737610649885
1241.313482857371 448.93299864958
1235.989865009917 460.5323588986634
1229.6244023445236 471.71265528801894
1225.018740600104 483.5473970341847
1219.3726013737785 494.96106818510924
1210.8516222675203 505.1557669195855
1201.3286092530361 514.8383946348273
1195.3931137328002 525.9955357607139
1188.4428548021556 536.6745576880859
1180.4905963419226 546.848198267391
1175.1627232352105 558.2056734917733
1168.8264859000903 569.07349776496
1163.2848472758724 580.3174683725713
1157.6350461280474 591.5074809130597
1151.877607776576 602.6424949361874
1146.0130675495532 613.7214751054938
1140.918926095537 625.2239631340168
1133.092591851163 635.2182131299558
1128.6498628417614 647.1093316490445
1121.49494191929 657.4565348747004
1115.961040730067 668.7540321917062
1110.3134640981 680.0058907410122
1105.4002776888628 691.7414445335662
1096.1511250574513 700.7522465431587
1091.0177751786355 712.382772282051
1084.9298935161326 723.4245822164693
1079.5570493319647 734.9779433681408
1072.4198247521617 745.3534191767973
1066.8141005228458 756.8168040719179
1059.4668868227318 767.0683905142674
1052.8254611453174 777.8428815410922
1045.2761535117281 787.9586048135562
1038.4223446458664 798.610689973645
1030.9730463420392 808.2045395295769
1026.7665505333998 819.9673473411873
1020.8799910603836 830.4577315267472
1014.8875981410887 840.9085343480658
1008.7896078065285 851.3186989497825
1001.0694945912978 860.3835580708895
994.0204042310494 870.0370313798954
987.6250569972777 880.2986690840353
984.8277031266639 893.876051337242
980.3965858576229 906.1167333399802
974.3680196807599 916.9792594292384
968.223082011218 927.8065873126242
961.2461733609616 937.8991386065496
953.4564376698587 947.2364126583726
944.8733777307901 955.7982528000392
939.6963742819004 967.8696834602531
935.7583687725476 981.3726485245759
930.9692991955982 994.152988204158
925.3485527984246 1006.1903675914717
918.2456161903232 1016.7226703222731
910.3642697709296 1026.4603725056522
903.0386123228889 1036.8926003468011
897.548444738821 1049.555996289347
893.8321174551055 1064.501829874295
884.8298352115191 1073.2926733745815
875.7416381068356 1082.0076632288499
869.0565134529477 1093.7777545850008
862.230053787876 1105.5149634197433
856.478035947245 1118.805780258553
848.754030516715 1129.683847667847
840.3098335988342 1139.708464282467
834.6844772692989 1153.72346054229
829.4530983246864 1168.5446323010422
820.5931679066666 1178.4408567191233
813.3141094301104 1190.749410834163
806.9925856021396 1204.6837621480474
799.9364641216392 1217.7646132847553
791.0853023907993 1228.2935497434064
783.7106941188034 1241.298331556046
777.7441791574632 1256.8205885434418
768.1308242133903 1267.3985312021068
760.7514841704201 1282.3175033245484
753.6609508583447 1298.0740237564635
743.870957228603 1309.4624847592243
734.9045285737814 1322.5295209868655
727.6675287074954 1339.057865689428
719.7147316497488 1354.6832489723677
712.453403060591 1372.0518023993784
702.6659670010196 1384.9438756926297
694.0307132151058 1400.4607702874548
685.1651026162995 1415.9370685721863
676.4962223142221 1432.2740174961586
667.5799619648313 1448.572398737127
657.1863690119374 1462.0927044428154
647.8011116384413 1478.2928396498442
638.1685944104651 1494.444995678386
629.4410159633629 1513.3158980936562
618.9127900122812 1528.4462562874803
609.9879499219418 1548.1636544467858
600.3883019053287 1566.9134905715873
589.4421575079135 1582.8072981106752
579.6101231207401 1602.3944911213218
568.798405073342 1620.0485716132164
557.7051658686164 1637.640054457468
546.6440785007344 1656.1148062378052
535.2840600133205 1674.5252984340534
524.8073492731008 1696.6889067088703
512.8141932976671 1714.9698548815552
500.80032363125935 1734.134953182948
489.0073368326946 1755.1512255426298
477.8997004208286 1779.9609198905694
467.3683987556207 1808.588062507493
238.65624812590244 960.8034113336962
229.82799561938282 963.9813755615702
220.29280103410946 964.1535571746579
206.71732357971848 945.6701053390859
191.46656995786816 917.2292802721514
179.5020246982855 902.3186926630834
170.251876739137 900.0390538564433
151.87737867867855 846.4828774675204
142.18017525395354 837.0100344468727
134.12038303631965 837.3265329930678
126.06728500157391 837.5655434963475
116.20805395070191 824.8543436249764
108.29208087942379 824.9223146568435
99.17717259007766 814.9876615244171
90.92802886288959 810.9180560125108
82.45837716745834 803.7814479290432
74.68751088175341 802.5321026091653
66.94756765146577 801.2078526734198
59.2392674755019 799.8091704831634
51.88559496780841 803.3261386478324
44.69097954038867 810.769212752754
46.803300369084994 1024.9319250928625
39.63056032528735 1094.2826045808752
29.03906249943541 1084.611328010709
18.460232703055425 1064.8399972806003
7.98836438032112 1010.9684396827269
-1.4670409639844462 957.9988767168832
-10.108833990314487 921.9445815640744
-18.600899205203966 911.8102908767579
-26.99217039885285 904.5973815666058
-35.40605143694289 901.3048382881591
-43.711552649253875 896.9355050197263
-51.995887884904775 893.4883477936689
-60.016565096119386 886.9718213754387
-67.99588577954937 881.3810523928083
-75.9614280411517 876.7153822364182
-83.9407445247098 872.9736258379387
-92.06645278995084 871.1485339887083
-99.93625903338146 867.2610588112515
-107.49326829137429 861.3182903387334
-114.94711155627179 855.310564382827
-122.72485267482037 852.208666076533
-130.4543281495244 849.0363174017094
-137.81253411216252 843.820303999367
-145.08400241009429 838.5413718145741
-152.44797764234994 834.1844005450819
-159.74271381836047 829.7633791521203
-23.002670541881862 113.6964253964989
-18.249278358369185 86.08695510586234
-20.356794205856627 91.76928096950745
-20.766791499913676 89.62555646019227
-21.37320786910011 88.45442886246136
-22.203462894188164 88.24968122042372
-23.28485349950631 89.0045818905214
-23.33366580182896 85.88678617953147
-24.68217166162659 87.58875728120589
-24.38308458736188 83.51326353343855
-237.78263288071724 786.8566702394496
-243.3766250585516 778.8605898202253
-250.68476577530595 776.5392122798307
-26.871955212211397 80.64054825627679
-28.603666069363644 83.22157344939072
-29.05051519343249 82.00650929649517
-30.84811107120168 84.54817587233212
-30.586533001191214 81.44608031677792
-31.35052438856349 81.15506527975987
-33.58814958016978 84.57444181181535
-33.625770102162235 82.40332265774562
-37.877134805642726 90.38430537939188
-47.41811759284688 110.23394270346564
-202.69037684230486 459.2609401370036
-201.63658167243372 445.4926362258483
-205.39304778506087 442.6710922587601
