-208.86944810045887 438.8274759517796
-209.86236474789285 430.57959526947207
-210.3625188204581 421.4126370619567
-213.89367559696643 418.508656469158
-216.9252011351876 414.6895912757618
-218.95982526267542 409.08751499029967
-220.90788730209914 403.48445487741293
-222.76955451736114 397.881547172191
-224.5450079213797 392.2799248210231
-225.2244670399733 384.95446412083595
-228.35121460195816 381.94335023640673
-232.48368380878514 380.6144200666822
-235.02343873802732 376.69614179568225
-238.0472390354957 373.6074303163383
-241.5789698709665 371.3335445607933
-243.98248512533857 367.3602413872028
-248.57695882610432 366.68582675195563
-252.0425877946845 364.312412549667
-255.4855569864275 361.9062450018442
-257.73668301683716 357.8446621475279
-259.93386207233624 353.7730732378592
-263.876264518369 352.0927676392001
-266.59555963757646 348.7804575682637
-270.5053903625745 347.0256961448117
-273.7836222415471 344.44524701655826
-277.0372397256434 341.83383069145805
-280.2659502998292 339.1916819477353
-282.82521490720603 335.75422233040155
-286.6474918806556 333.8161401108842
-289.7997491576362 331.0832303034558
-293.59169291723424 329.06673768400304
-298.71696351420786 328.4877101336539
-302.49792631547547 326.37402558236334
-306.26560139479085 324.2181077643367
-309.3259711803967 321.2996164848386
-314.4595975050822 320.4936216790308
-321.0197442502713 321.03321292584417
-326.90431209726023 320.776512126772
-323.44775930787637 311.420209682535
-335.10902238222394 316.5800737854961
-338.8290703400217 314.06824273160225
-342.4661918707825 311.5861155852815
-348.3826996895838 310.9959719305015
-352.813890393571 309.0038167164821
-360.27230680680356 309.56237650609995
-364.7140651544544 307.42909862033616
-372.2302208406675 307.7883407358178
-384.44534817001454 311.8120816620746
-405.3774959654415 322.47958968714363
-419.4483570310012 327.24161682767937
-437.6157232668584 334.8036420793901
-451.96269696016975 339.04973168620825
-464.8170292424863 341.86858487756615
-476.14199733063975 343.3042358870468
-494.8847824279774 349.7499851625636
-498.17152058738594 345.0523671497585
-528.7183735508131 358.8563521379868
-450.48600143337404 299.5719654983926
-465.8683985435123 303.48415978186273
-459.4455151246293 293.1464115964308
-423.18709376617187 264.41195825783154
-399.22527255535147 244.21953597758173
-407.5235075709929 244.02784836373687
-408.95118191646293 239.65585911704318
-408.59766352821333 234.2839075977796
-418.6454739675476 234.81049194294414
-391.03813213822286 214.48817965997515
-344.5795717492799 184.78614323883397
-348.9694882771539 182.91062367063688
-348.01415119186834 178.23341597524137
-344.318785376056 172.2485821049262
-345.9329711595478 168.98337037924028
-344.80827506402875 164.41184095851824
-333.65490463093374 155.236608490789
-320.53868207936756 145.46117451341485
-326.4729543356124 144.44518021511524
-323.233513500356 139.37035463187703
-335.6013728031497 140.95289487144763
-341.5478892251602 139.6640231621505
-347.4996428382482 138.27508172946398
-349.7248722145359 135.34220980361806
-351.9006284607545 132.44601801838377
-355.0163072490701 129.79761780261558
-358.1132040084053 127.10205787017885
-362.1362301158177 124.68500646630899
-368.0424479724452 122.83629956348403
-373.945674919767 120.88685705567818
-376.02699923581275 117.64223665720601
-381.90897750500284 115.52719550427611
-388.7440267065386 113.59173253360485
-396.5385945982718 111.80851038283022
-400.47362694832157 108.83875283581925
-402.4528317698277 105.29823455522302
-406.34037577660484 102.21789967382213
-409.23334673222655 98.83859530740628
-415.99548598771236 96.31591580754971
-424.6986360555036 94.10668697066585
-444.1580586946169 94.0192474795947
-460.71146518517634 92.97820092327044
-475.31939537439746 91.25498551266789
-1826.925274262798 332.8558881254775
-1804.370701658238 311.1388291379871
-1760.843608240545 286.5061732640625
-1749.636426127677 267.7169706372197
-1738.2325721629268 249.16565789019768
-1633.4646269246182 218.3971441800876
-1489.576476772238 184.83213964786094
-1446.5505092171452 165.61287475198915
-1428.1617553636288 149.83324236189392
-1389.6960004260911 132.5180229241516
-1169.7005380091634 100.38252527742843
-1152.6500424521569 87.9424791272176
-1145.4482385368344 76.50054138934775
-1128.1501916440616 64.63083701660601
-1118.7225626899385 53.47735715661843
-1115.1813642149284 42.737862694934954
-1112.5370345978422 32.0990131972891
-1103.7926149215177 21.39773924316267
-1100.945801892224 10.924344185713212
-1099.9998828570583 0.5076558461412084
-1098.955497190148 -9.890156497993186
-1101.8160567272776 -20.133979684915577
-1103.5784870859518 -30.504472476699004
-1110.2397164038134 -41.094672642325136
-1112.8030664544847 -51.62688533599479
-1115.2662597783622 -62.210688792064786
-1124.6137336146169 -73.300410403979
-1133.8504395761036 -84.57056623363
-1140.9808392954023 -95.8526179129144
-1154.9683111001136 -107.92682870607766
-1171.8126423279657 -120.57832010917808
-1201.4384389864474 -135.00621217487821
-1501.8893206626565 -183.02313645947717
-1495.1524733657989 -196.42576559131464
-1483.3456629713887 -209.02067874727476
-1460.557401109598 -219.77506242514607
-1429.8001650987985 -228.85691574310852
-1333.933488460474 -226.3414419934408
-1288.446690857696 -231.054376322659
-1265.5922370783928 -239.20762832089898
-1249.565613352112 -248.31789691433886
-1172.7854706609578 -244.49588914040154
-1080.5609771303668 -235.84735466624818
-1073.4306172123163 -244.8422145611047
-1069.1454812906184 -254.41882759703913
-1076.4227856263963 -266.82388683232534
-1104.8639205199538 -284.8801803096829
-1729.049335807815 -463.1289176272128
-1721.7468979318853 -478.49411643397394
-1710.4648250306059 -492.6561502031804
-1670.3200305792066 -498.07629480419763
-1452.4881180707853 -447.97127906059876
-1429.174514314516 -455.47799906676795
-1403.9495479876034 -461.962841260424
-1388.199569839825 -471.23025613443417
-1379.9511582317882 -482.88590877633436
-1375.3694944707042 -495.78498734774047
-1369.7297307822698 -508.29269580737684
-1363.976405272396 -520.7382892204035
-1364.6261365646078 -535.678548576245
-1371.6069005851457 -553.2951384814527
-1374.732744376795 -569.4329473592528
-1372.1670206955632 -583.2998091165998
-1374.0453563453798 -599.166386495186
-1373.0082220312252 -613.8928426318827
-1368.1794656867742 -626.9848081676727
-1363.2259099637638 -640.0399350067682
-1360.8515020078348 -654.357081021532
-1365.5059882347832 -672.2182652196739
-1377.0899872051368 -693.8207024436189
-1383.945365027774 -713.403270680855
-1500.2426966954988 -791.0043305897999
-1525.4292675759555 -822.4077757552417
-1517.755937965135 -836.484257336367
-1509.9527158455692 -850.4891509658365
-1501.153552200678 -863.922457582442
-1494.8213417636186 -878.786183441692
-1486.6277679421694 -892.5771000777934
-1477.454424118717 -905.7689686956771
-1469.8596469117228 -919.9285941748658
-1462.9719863483524 -934.5635169211113
-1455.1014914988154 -948.6035259463895
-1445.4311188192598 -961.4701663332578
-1437.302215296889 -975.3621593555162
-1428.2176830398053 -988.616836723111
-1420.6447851749483 -1002.9403742771676
-1412.9289644093872 -1017.2083078371986
-1404.2644803638073 -1030.8274681965775
-1394.6682549037496 -1043.7741416435504
-1389.7228868774007 -1060.270860530055
-1383.801857639196 -1076.151206287625
-1375.3545757027473 -1090.148976559404
-1365.9887047841223 -1103.4540581293795
-1357.266354863987 -1117.3146566452199
-1346.8720516548283 -1129.8228518095716
-1338.6429625613393 -1144.1835599172891
-1331.771480757294 -1159.80201889871
-1327.7173076994463 -1178.0457337622056
-1318.987962630136 -1192.2897107820747
-1309.3729122694306 -1205.7954124208095
-1298.8914317925073 -1218.5409506520537
-1289.70616207085 -1232.6045657535424
-1280.7217019786328 -1247.6762088302212
-1275.1145508411953 -1266.2116261640695
-1265.755365291693 -1281.1964545827047
-1254.138011180844 -1293.9636196243532
-1242.392162353314 -1306.62569809531
-1235.2935070784742 -1324.300174193813
-435.42638047152263 -475.8454236298473
-427.51475264636326 -476.26792488022835
-417.6526617620387 -474.3313758577268
-407.8672219434382 -472.2502824394519
-399.4530190289498 -471.5519966967137
-388.5337082067652 -467.6596599954931
-383.4108377145093 -470.5795676854853
-384.50975711593816 -481.2569445552368
-384.20556986853273 -490.423368205468
-385.5882390468475 -502.00668313156075
-387.38543417250395 -514.4594497052033
-381.85273575231616 -517.3369194233791
-1117.1787105578314 -1544.2628431314215
-1109.2961261940923 -1564.6680492714038
-1097.701569879259 -1580.1352041786204
-1087.6002453659964 -1598.0033498963085
-1077.2570611767792 -1615.8221511493055
-1065.0318507757347 -1631.0766863741303
-1055.8452540189273 -1651.2997303838292
-1043.715563555959 -1667.2572754050489
-1033.4667817349748 -1686.5439250284453
-1022.9440001443826 -1705.7862036517383
-1011.641064526755 -1724.1181388069595
-1001.5739566715278 -1744.9910055118737
-989.7310579357097 -1763.2119648407167
-978.5930043038841 -1783.1185411877414
-967.636858584726 -1803.85362762844
-955.9087487071251 -1823.655522335613
-944.8013670112999 -1845.1773293896658
-932.9219017082797 -1865.7579492830807
-920.7346243980871 -1886.2790757028806
-907.809558771752 -1905.8338870433165
-833.0723794932065 -1792.9080875843936
-763.9675159548207 -1684.8897989381444
-741.096162583814 -1676.5039450605373
-722.8047784497113 -1677.9398833838666
-706.4874489610356 -1683.7908078085377
-673.4855601679478 -1648.7504966626288
-649.3385811635662 -1633.6839985176102
-625.5383261257597 -1618.3098598685551
-604.9019360997903 -1610.1222461983205
-582.7633161317923 -1596.993086200149
-567.6061237767346 -1602.4429126340663
-540.7001367853534 -1573.7024375911415
-523.5537505206595 -1572.113377055151
-508.94190503151793 -1577.9550492022545
-478.77396162884105 -1534.0223250221052
-450.3521874050584 -1492.536065661222
-430.0352854862577 -1475.6146696332187
-396.5460216386598 -1410.3106936851013
-359.8882896980722 -1328.1025634107466
-344.2600779912671 -1319.8412778442137
-330.76667886060903 -1319.1639034462407
-314.2749821576175 -1305.7106247518357
-292.89815455477685 -1269.6533664974886
-283.8730526168329 -1286.0424137632479
-327.5782846642178 -1553.8457025768191
-313.82637203114825 -1561.7816775137833
-299.57798531699456 -1567.6316629595776
-287.2091657770253 -1584.175146596381
-339.13446694200564 -1977.1251385109547
-322.9419982897273 -1996.044204355364
-308.3758406173661 -2027.684724241797
-284.779904590351 -1999.8250938373362
-270.0303740610979 -2034.1552539283778
-227.89467251973522 -1851.0237757082223
-195.9098907245433 -1725.916659261477
-179.65191720953166 -1728.6900209820556
-165.42561402838922 -1753.2128696263128
-171.5379029993563 -2022.7394166907864
-151.8399513171729 -2017.2936398016027
-132.71987866878737 -2018.6417299278596
-115.88996937102283 -2060.743922713151
-98.55968086487468 -2099.688069525522
-77.94775516151512 -2086.544547203649
-57.54080583091178 -2071.200872842692
-37.56202486821564 -2062.658016804482
-17.717388635325644 -2049.923436165347
1.881095462285023 -2037.9991318643542
21.302275934685603 -2030.8882817722895
40.44722402049775 -2016.594411890759
59.52799954314123 -2009.118318385055
80.15403513636478 -2044.4293410757336
101.31473365911243 -2076.529875716596
123.97100778837198 -2123.3841360497954
147.19351925059738 -2165.002094200055
171.22330908178944 -2206.366147861021
196.579036977256 -2253.441963357631
222.65779876629745 -2298.2394358831602
249.2933218337507 -2339.75679071332
277.4357926380036 -2386.9307449030275
307.1277921177424 -2438.736664609133
232.57289657446995 -1714.2957293824659
244.64329040827658 -1682.3048654920462
264.86527092397614 -1706.5683075278203
278.89812686948164 -1690.1434361700474
290.0575517450885 -1658.8317023362092
430.71102135808127 -2331.5507749308567
457.9614585560092 -2352.8451505522526
476.83902259373815 -2330.722108388696
498.4825670391529 -2323.1209891777175
520.243524818029 -2316.295031917332
542.3764769701507 -2311.2126161886204
564.4598001476843 -2305.9187179988016
586.4914736643901 -2300.4138217544623
598.9861745602282 -2258.934386538419
619.5046753277168 -2249.244974929832
659.6747109456154 -2308.5992020571302
685.9866920232943 -2316.566048781458
703.4251526139635 -2294.600848659745
722.0177209370909 -2277.281583522953
742.8342634447627 -2267.419956040891
785.3159239761499 -2321.783775365287
820.6349591911214 -2354.061864895098
880.0983356505662 -2448.638584925326
891.0984350254877 -2406.304132709564
876.0717154176365 -2297.6464805198384
887.1648889798693 -2261.1898327564927
902.8774430515158 -2237.717882761086
920.9027143125065 -2220.620226597033
940.6426675587439 -2207.9835533735236
964.2325201839052 -2204.3347402379236
1011.5929461111884 -2253.34855523465
1049.9432771693866 -2279.850678164429
501.3188035378631 -1061.5815829315077
498.4315012622593 -1029.7096865376427
493.2015793657295 -994.4104796869098
500.02207745660627 -984.2732964253271
514.9999409451599 -990.0661901239139
522.1452856412076 -980.6555463987658
1151.1328548395784 -2112.7539256877226
1290.187435612239 -2314.717343648748
1318.3256244051063 -2312.6308715480054
1345.031704132005 -2307.624474406474
823.5696306163577 -1382.2496386421797
838.381531047991 -1376.8298400302147
849.4672718953167 -1365.309252139869
859.3363495910669 -1352.0151767903715
867.9396096555339 -1336.9804912529576
866.3878288502225 -1306.9032596256684
871.0656274623623 -1286.9190621999508
882.2615739394151 -1276.8392675469947
894.497025296609 -1268.2977062722764
907.2339694495525 -1260.450524485911
919.902654183759 -1252.475591309338
935.5001977306721 -1248.3746953722962
949.8888977793537 -1242.5003347587174
966.0957615785451 -1238.8300849833972
979.8294244994967 -1231.8320903779804
992.8876523147932 -1223.9077211460094
1007.7962891832116 -1218.157477302729
1023.9754852779404 -1213.7620053164485
1037.5543465043452 -1206.1351408735015
1051.3295091433883 -1199.471243175226
1065.8696660732546 -1193.2819679123995
1082.4053624699259 -1189.1436546087896
1097.5966814531405 -1183.333226467952
1110.0263175473367 -1174.435002182879
1125.1602339425185 -1168.2886834829897
1143.778255228465 -1165.530052322345
1160.3216580244357 -1160.402796411412
1174.727995350237 -1152.9658004209896
1189.8168472134753 -1146.0540432662785
1207.7858704619812 -1141.708058617611
1221.3787396555317 -1133.0445597228138
1237.8729928441244 -1126.9190093290338
1256.5965789368443 -1122.5818624065773
1271.5871815814344 -1114.6959404419597
1290.330670698751 -1109.8877241658777
1309.0951598135139 -1104.8252633574373
1328.6477525590522 -1100.145512929894
1345.1222542744297 -1092.6733826060174
1366.2653553188238 -1088.7276881091655
1387.4518893748464 -1084.4806382182069
1410.2652982480845 -1081.147903183113
1431.538625919053 -1076.2797789152178
1456.868287938223 -1074.0739227818315
1492.0064541058987 -1078.5164537021874
1663.6084151102941 -1178.9520945204752
1656.5299741293074 -1150.7377828207239
1361.412761404772 -926.9111570610384
1352.5820013525101 -902.439986712268
1340.9023440473468 -876.5756691400525
1325.4896878684865 -848.8539847077957
1318.1483052505719 -826.8137912281368
1313.9196952619318 -807.0805625232169
1311.1517872672696 -788.5309066522661
1314.1846760183887 -773.656020023397
1314.4547860348414 -757.2962534372526
1315.4053262252592 -741.4909491950795
1319.6783193196445 -727.6662239775034
1323.8079183152668 -713.8267264580388
1327.7942234281636 -699.9739282507599
1333.3383640336976 -687.1745098560795
1339.7609895804924 -674.5668912704657
1346.9617811522683 -662.3405167397725
1351.346550369928 -648.7399331036247
1361.9335355869807 -638.0854524619305
1372.4393569568294 -627.2887783755774
1393.8228714344398 -621.2357065287325
1418.881658855542 -616.4282911769589
1438.4466555001982 -608.8638758214304
1457.9939668702227 -600.9846858032504
1471.022760114295 -590.1839028859746
1471.8665664912694 -574.4639331108625
1481.8946047701545 -562.3285341800718
1492.762505821568 -550.4008550259647
1490.3560812378664 -533.598867237656
1521.772257028057 -528.7061544371628
1642.3070938617054 -553.2778772475183
1656.0086882166338 -540.5545527983497
1680.104353039728 -530.9363077591855
1710.858465345693 -522.9572750760622
1728.1827423060581 -510.47860797051294
1709.841103416624 -487.57296999220705
1799.2146082609988 -494.75528639946936
1803.8014649567042 -477.76173457074617
1787.8779908800905 -455.5406565023267
1774.6115921086437 -434.37621614635435
1760.1330295310731 -413.2743862783735
1747.3671944317737 -392.92351396121796
1736.33084771402 -373.2709301254423
1726.0601313999705 -354.0627384963241
1715.5827597954371 -335.0817725461521
1704.902108057663 -316.33021028750437
1695.9913664643066 -298.15647717018305
1684.9175486225893 -279.8514862273276
1671.674559383138 -261.4730722487326
1662.1937848458547 -243.95044910762545
1650.5507836857926 -226.3583673607313
1641.700926106328 -209.38736643270758
1630.6925097863818 -192.36927646220056
1620.5044384514079 -175.6854147596984
1610.1221498869584 -159.46994213142344
1600.592561341815 -143.3612659585848
1590.9033874761517 -127.44572066925463
1581.0574159607283 -111.72487384456593
1572.0555802761887 -96.26137606795055
1563.9022880541966 -81.02859630308542
1554.603228283311 -65.91511671162564
1549.1569377278665 -51.115382123382
1539.5714255167748 -36.329405888975884
1529.845709368816 -21.727989456553242
1525.9823409982348 -7.341318787989322
1515.984099286241 6.94339335520248
1507.8528294805847 21.067620354340953
1499.5906827616816 35.03975134549393
1488.2014075067648 48.76033936391904
1480.6841030393055 62.43866595858423
1472.0430852042111 75.92861978508463
1461.2836999693795 89.14004826002875
1454.396996544598 102.43718290763547
1448.3867737614364 115.6924958367549
1438.272163036331 128.48807351187818
1431.0312148223682 141.39894696926535
1424.6693327502571 154.29287838697346
1417.198790105941 166.9628381474649
1406.6404839283969 179.12718658452016
1399.9425167408992 191.6505930623664
1394.123268760551 204.2089897639102
1385.2278516985918 216.21239298084606
1375.2440026859347 227.90334152084864
1370.0882689416992 240.2896903912811
1366.7880433224911 252.96332665166403
1362.3891516800056 265.40497241882025
1351.9990382210246 276.58380402587557
1341.5198074336881 287.59103995618574
1334.8568547245122 299.30114833555587
1331.0136438514044 311.5953784660592
1326.08584185525 323.6067675915519
1318.1423320442207 334.8145643083999
1309.1388278464358 345.64653827987354
1301.013066956021 356.6034206365495
1293.802999788534 367.5578835206654
1288.3305588977275 379.2800693554416
1282.7523494676898 390.93146449872995
1277.0692224918603 402.5111190564
1270.3311907494601 413.7084309136798
1259.7045086568755 423.5393144320134
1249.0063331652198 433.20570138581076
1243.8885888306022 444.72708325108
1238.6647555411516 456.19033678956737
1233.3354757381214 467.5944870139317
1226.969760894896 478.5751830689954
1219.5787645874098 489.1049345155368
1212.0987132294235 499.5374954771424
1205.4516810328337 510.26193733720294
1197.7933142941015 520.506653398736
1190.9626796376613 531.0592205303298
1184.039830779043 541.5290196552121
1177.0257234685423 551.9152528181789
1171.7239725441434 563.0834149265731
1165.4190895395739 573.7589613563788
1160.8030625577685 585.2659651444849
1154.296287374002 595.819671506904
1148.5780479791654 606.7696990624779
1142.7559360737569 617.6648529487427
1136.8304781847994 628.5041478543482
1131.672727668309 639.7787410126793
1126.403273362577 651.0120319610627
1120.1614344556965 661.6943106587485
1113.8182929158368 672.3167485389988
1107.3744223897233 682.8783849537389
1102.5226891164941 694.4441806101728
1095.868904920796 704.8973990785435
1089.951867664358 715.8358234783855
1085.5870080615261 727.8391635025033
1078.6164146119418 738.1298192931104
1071.5482756841666 748.3537217641731
1065.1976017457619 759.0902905683075
1059.5483736646977 770.3617616837521
1051.371395323764 779.8071486559747
1043.908150980651 789.7700756018539
1037.3324432419138 800.0258759551228
1030.0625219394806 809.3646896768333
1025.0506092653973 820.5121866521166
1019.9211601149301 831.6350324209623
1013.9049368524987 842.0930940377855
1007.7828719605214 852.5102245621475
1000.0400027857041 861.5799398943601
992.9671904449909 871.2388643189543
987.2927959973946 882.172848693297
985.1999016430705 896.4402678385684
979.995198907087 908.0228026426754
973.2066708385504 918.2117271279786
967.0350419519648 929.0447931273076
960.7469319550872 939.8411210086985
953.6340076631071 949.8937727074544
945.7156567487058 959.1824104832009
941.1853944575076 971.9974553772587
935.811322082285 984.083923993582
930.2954034624698 996.152328861706
924.6375290412294 1008.2010909974903
916.1607304721989 1017.2563668715211
908.2582090484715 1026.9897885062262
900.9101720113401 1037.4183640009933
897.3406955974987 1052.3633764173842
890.3645634844898 1063.4942144135407
883.2603449454929 1074.58464675742
874.772248522538 1084.076802267636
866.184631874554 1093.5031703220357
859.9532475672688 1106.0205296460404
853.5660907083184 1118.5141611946265
845.8241845975988 1129.3814451945839
839.7319789937686 1142.617260264875
834.0542107202895 1156.6458289293898
828.7686635853483 1171.480901363294
819.8618781518632 1181.3849926054163
813.0944252828107 1194.5302238009783
806.7112574455005 1208.480842674264
798.499023201568 1219.9029920227847
789.065855772118 1229.5918327862362
782.7174315485711 1244.2883196229113
775.8681406814554 1259.1543306026872
766.6456358510983 1270.633884732524
758.80181810722 1284.6337224427737
751.263395730525 1299.4630853685073
742.03644686428 1311.6519780509745
733.6154674603297 1325.531344745556
725.951561094085 1341.1261428162009
718.059772051023 1356.6927300468715
710.3994732340631 1373.1163783266027
700.2384858729628 1385.0523682887736
691.6874641159277 1400.5043562891467
683.7771818167979 1417.7181545098015
674.7530801332516 1433.0960473222615
665.5008391428096 1448.4283320552026
655.6115399329204 1462.7995449502932
646.7127010977927 1479.8606969031907
637.5517404721553 1496.8823528323544
628.128627760288 1513.8610989743997
617.694199335056 1528.9391342064027
608.8619323448067 1548.6068407899236
599.0010610598994 1566.3737513279245
588.512361691822 1583.1532459417547
578.7808939502794 1602.6941931629115
568.4041957504173 1621.2466407839745
557.7307919226289 1639.7439933542546
547.073967002603 1659.1320244718427
535.1901927973463 1675.6051019060365
524.5226033476289 1696.7769560485629
513.2190929124935 1716.9362721633197
500.75181964593776 1734.1489598997205
489.34940465564125 1756.094006641777
477.83942623072176 1778.9416749122202
464.94309604141205 1797.8534193430305
239.62203742579865 963.6546472569461
229.67359716390834 961.9620776131411
222.23220055133658 970.8907503103069
209.29375125165055 955.3429361684798
196.46091031121102 938.6608070648791
181.02310975169172 907.1139033968263
165.6333439757563 872.4159531802527
150.97319368561196 837.5011013654648
142.0753179173339 832.9703500357552
134.54699995802085 836.2452420207222
125.92273073856686 832.5307597220312
114.5755783988215 808.9261009725026
108.92079116698272 824.839536668532
102.00380946150436 832.7762141508011
90.23332345812616 798.9204887457207
82.60719552869972 798.7396642504259
74.99247364745874 798.4861482181361
67.64224618960158 801.1495032329642
59.9495130670593 799.7562477924273
52.811901288921376 806.272226411309
46.00464525787123 820.711625733849
46.80005786302781 1003.9097342809349
40.656974789178726 1093.2442592581917
29.949457251479114 1078.5842711676923
19.5582256911998 1065.8205645453704
8.989920282518392 1005.9598308746299
-0.45551972959759446 957.9998917023821
-9.106148955004883 920.9549815551297
-17.599881626108346 911.830161908865
-26.037504002543066 906.626189995258
-34.34062704573626 900.3453344878873
-42.67040031661227 896.985639203226
-50.883070661899566 892.5507902186946
-58.949751301400525 887.043362424579
-66.99299769200482 882.4607290187134
-74.87015174944209 876.8092497100014
-82.93025787117129 874.074694937121
-90.84171985686979 870.2716713380058
-98.8021447145321 867.3909938429201
-106.22632527751206 860.4678772726128
-113.92457704129363 856.456181451195
-121.69794030432362 853.3660476757236
-129.2727609807923 849.2170236567346
-137.0998828752259 846.9755735058711
-144.3890567987396 841.7052930074577
-151.76957266689047 837.3571500933813
-158.89348332906093 831.9626559861671
-165.81377229478616 826.5317857876809
-171.5150169535913 815.1512736660658
-172.71543071981054 784.2055725326558
-159.44604575837957 692.8910148732026
-178.7878989663474 744.8428607318453
-201.3019579424085 805.2189278255652
-33.21634410549415 127.75239521928896
-23.204368065847127 85.92180923761262
-24.01081833899987 85.69994517321203
-24.25750419307171 83.54982639313566
-25.617285913026763 85.23353015363286
-26.713983367495693 85.94395320580246
-26.908920387264843 83.78490319617158
-28.0098422040091 84.47750434113517
-29.44975434290732 86.10291498632559
-30.257630812129854 85.82235010553399
-27.307986739333813 75.19490581312253
-287.1378279299209 768.0832427358946
-291.11283302028374 756.950671081613
-285.7114648787217 722.5634635358025
-38.77271901351169 95.4236671916316
-33.89091732770757 81.21210330170307
-34.65263486100438 80.89001729008287
-35.008890816656994 79.64532355253125
-36.57780792732698 81.1360830163225
-37.33869238447213 80.78874953245509
-38.52432715371531 81.3380367193204
