-449.87853153949766 949.8475176889526
-466.9578875204758 962.730663935877
-484.49143075901173 975.2892153208122
-502.75674546675634 988.4921116972432
-522.2376815688232 1003.2092523245689
-542.511020772997 1018.5272663703416
-563.1196931717914 1033.5498106826335
-584.0599070049697 1048.2719232285801
-606.8126664570242 1065.295446262358
-629.4352018747595 1081.1162410401948
-653.9438570925494 1099.180800310358
-678.849043314187 1116.8764373875083
-704.6734054996449 1135.0468675704685
-733.5779209051184 1157.049451821539
-761.8729648039277 1176.9254800117437
-791.7104838913217 1198.0361053393046
-822.0135681019976 1218.6852316559114
-856.745172359757 1244.6319575032012
-893.1882872515421 1271.6645326172531
-929.6344042010121 1297.303308608218
-970.1837438260052 1327.2074077610314
-1010.7813063428748 1355.65561657369
-1055.0274211587646 1387.4314904178461
-1102.4130306849124 1421.6492217759294
-1154.2582492502318 1459.7975524153305
-1206.919846754577 1497.0883352394098
-1264.830888736372 1538.9174191289017
-1326.2056862284467 1582.8466374906113
-1400.2099921998756 1639.435261833667
-1474.740884673518 1694.0057033765765
-1555.069387847093 1752.5433515268226
-1637.3014900221665 1810.4487926398783
-1729.5720618199086 1876.5085885686829
-1833.501063064517 1951.9113329609227
-1947.3007650828704 2034.1769171602718
-2076.7774634631774 2128.7722675879286
-2218.7826012695677 2231.728650240313
-2300.9894866996688 2271.065032555782
-2319.4833729608235 2246.4278048845194
-2321.0452469498728 2205.799846226172
-2349.8394433023946 2191.260730880808
-2371.530939734068 2170.729370945178
-2390.428426743532 2146.9096246969607
-2409.0876706461604 2122.9266579749424
-2428.263743466329 2099.4368750136055
-2443.3980411026064 2072.5399906240523
-2461.316054866302 2048.1033367624264
-2477.441218038523 2022.2485038104987
-2493.2978610702344 1996.2719694426896
-2512.8175471682166 1973.2645475565375
-2530.5404156737573 1948.846121334799
-2547.2282626179376 1923.666337523325
-2564.4700258916505 1898.9403588062683
-2577.425837982423 1871.122938157887
-2594.9739168500537 1846.709335782946
-2612.2907557595704 1822.1311718350826
-2628.5492622038364 1796.8263066216687
-2642.901203037211 1770.2638873864153
-2679.5596263482444 1758.4041653853237
-1833.8113193077684 1178.7858351620546
-1834.701870445087 1155.0294570205986
-1841.2670235547132 1135.0351307206165
-1852.7555952785076 1118.1201653508367
-966.0543453734058 570.6338596553488
-875.2970730601938 505.94074148289116
-836.5110749896977 473.0435724323714
-858.4405493986924 474.8060900494761
-865.5231381190968 468.1086384382059
-868.1353026651767 458.98267534455164
-872.4293004315824 450.76725230262645
-871.2892689177323 439.8079238358532
-861.0512670089576 424.48876967744275
-872.228466575528 419.8112696144578
-875.2473977889684 411.1337892507003
-876.3621295163123 401.603558188463
-879.2011352470997 392.90503150279324
-880.120507503919 383.3900002230681
-881.8593534558441 374.283422986432
-883.5048641528264 365.1782510203693
-882.2740229149584 354.95569933367074
-885.5854029556222 346.6114453850713
-888.7610924824425 338.3854614037301
-890.0400217924075 329.28674374740723
-887.4621168609812 318.8416395902929
-54.766783440599205 19.09448694179838
-57.7865518771373 19.537513202834177
-55.117501026978914 18.057161475187016
-59.09829330132672 18.74544555006259
-56.40458268937629 17.306734285743026
-57.52417694480801 17.057815417644154
-60.56676706932775 17.339744137956444
-59.76381864050781 16.501090312597267
-58.95051990502055 15.679164611922914
-62.00225637329401 15.865692692735548
-62.14926187975231 15.279700514145107
-62.2907292215992 14.692346750652435
-62.42664579257997 14.103683741766114
-64.51190571485651 13.936069066902048
-62.68177867116903 12.922639924511554
-62.80097224370634 12.330364359791869
-60.94848927797211 11.370209089234859
-61.05310553193674 10.794364497560583
-63.12493553605794 10.547156658006434
-61.24600774620753 9.639841033517442
-64.30206409025769 9.499713350011836
-67.3606681094205 9.302708844874102
-63.478100704457766 8.156637233242531
-65.53827736793724 7.793214974792172
-62.62669943939924 6.848103191917533
-61.69349700576645 6.1573068138176685
-62.7448211575109 5.66457570449654
-63.792251601896986 5.152536808240306
-65.83298692937448 4.6923162677731565
-67.87054033307854 4.194014174506214
-67.90710674714843 3.5531469476209407
-66.93853923582347 2.869140110577158
-65.96319830814399 2.2037397669574563
-65.98106202844639 1.5809660332560913
-63.993256853062206 0.9290195573868013
-66.99913665835813 0.34012796805234546
-66.99936220828921 -0.2923417220779938
-65.99386461236205 -0.8999075092630121
-67.98205016334477 -1.5623237783746777
-67.96448870018884 -2.1973337757161686
-64.94359895962268 -2.707204124497702
-65.9141743930638 -3.36476062755922
-61.88714597265369 -3.739139387540131
-61.849514980303006 -4.317116711564956
-47.8501829048379 -3.7894585330306207
-1122.6022195674893 -99.46485118948442
-1115.652668713435 -109.36234631988393
-1114.5823393240128 -119.779834976557
-1110.435037556034 -129.8384664416872
-1107.189440516979 -139.9555029561146
-1091.9612181575305 -148.40720346371978
-1065.7874442210525 -155.0036249277956
-1049.4698956121924 -162.65588893038563
-1035.0771364887323 -170.34177854621026
-1030.4851599667907 -179.48909462198003
-1028.7634333291935 -189.1079010637318
-1026.9519243660982 -198.71020366545775
-1027.0107353230412 -208.69343432706805
-1029.9066828334653 -219.3199139498466
-1031.7172103272085 -229.80121391029
-1035.3694637434287 -240.78844147434654
-1037.9341167401556 -251.62823630672537
-1042.3253870381707 -263.0262107390206
-1046.5936913166195 -274.5280410017394
-1052.6672028828514 -286.6579145511141
-1059.5670319448136 -299.19676605147066
-1067.2834046596126 -312.1700404237815
-1077.720306306782 -326.1823744073491
-1094.6680045737523 -342.506875496711
-1115.2091812106253 -360.4059962646665
-1151.6360937198524 -384.0967425554129
-1166.9103133049982 -401.3431458271475
-1173.4781865269365 -415.90136540465016
-1205.238546933028 -439.87389668717935
-1188.9068065799274 -446.54294896226844
-1170.691066279839 -452.22497424686037
-1131.0976076786337 -449.11824935496844
-1131.5145597036246 -461.47459429389227
-1116.0986135959677 -467.3584114244216
-1098.8346683846212 -472.2058571810174
-1086.1535683842483 -478.78954237343584
-1075.2683564245747 -486.0020181768731
-1058.8993570157572 -490.5314992042975
-1057.8983324389646 -502.0877594831984
-1055.874205125992 -513.2306138078229
-1028.6664602825213 -511.90459412846445
-1045.2400075473324 -532.3554513879355
-1051.7649956199496 -548.0751718410238
-1064.26415617393 -567.2546217382392
-1684.1100004294988 -917.876629211875
-1674.614397357657 -933.0357014404389
-1664.1135986360446 -947.6027283807244
-1660.4016114324677 -966.0784071453334
-1651.3316509787348 -981.5012880663205
-1653.2311594171426 -1003.5849408656202
-1656.5614974144717 -1026.8422494638226
-1662.9809586123959 -1052.3869684163697
-1679.1468140378715 -1084.6506243516694
-1943.654854644509 -1281.3234587787867
-1920.849823148494 -1292.1149162943675
-1878.2251699848646 -1289.012882338779
-1753.088364310285 -1227.3064763619107
-1725.3048750544924 -1231.9590448197546
-1691.929584372163 -1232.0808745882878
-1552.726398800338 -1152.9946792889086
-1537.1365726292127 -1163.7848414057116
-1530.9802245288593 -1181.7172047920617
-2055.097189535022 -1617.03448991209
-2050.0884097688045 -1644.2388853605228
-2026.9429064289427 -1656.93284537346
-1847.0052387947906 -1538.7617255002801
-1783.0431284546821 -1513.8289870624556
-1747.6911950880537 -1512.050424626008
-1732.7822073142695 -1527.6013295408875
-1725.1745224021317 -1549.6883129373393
-1712.1414266714241 -1567.0394810200348
-1704.7854784742865 -1589.7381773056836
-1696.4972480646331 -1611.6752425067298
-1686.1572083036795 -1632.569407065299
-1672.0139562778033 -1649.900096979283
-1664.7445164483927 -1674.2003150623902
-1655.0686802910507 -1696.3630694870837
-1673.4738186955606 -1748.1090864532734
-1745.1288443877968 -1857.9360367046315
-1724.0324791500436 -1870.734617960483
-1704.8626951397378 -1885.5257067250157
-1684.9039536712883 -1899.3734932610967
-1666.8055412368456 -1915.2755122180588
-1647.9077604506033 -1930.2445474723345
-1628.8760396610235 -1945.0274670086844
-1610.3469532616828 -1960.3957993529816
-1591.6728757219064 -1975.587623136761
-1572.2355217150878 -1989.816942398794
-1555.1214729466292 -2007.017240678392
-834.2474792583924 -1098.0310302313947
-827.3753474676265 -1110.7092483646763
-815.619434837329 -1116.8947745941136
-1473.1863053523227 -2058.077527626783
-1454.7401614667922 -2073.6007481228326
-1436.6984872678454 -2089.7831123545534
-1416.804511435577 -2103.321415375167
-1396.782970483588 -2116.670341212123
-1377.178504503645 -2130.6685257761483
-1356.8992592905083 -2143.6402217109267
-1336.4978426591756 -2156.418910269377
-1316.4948049733428 -2169.8583890379114
-1296.867586893081 -2183.972175204189
-1278.0957600527954 -2199.637976607757
-1260.1315613191523 -2216.8825968389388
-1239.5254249216528 -2229.6138053422605
-1218.791098597224 -2242.1534867132027
-1200.2764853766098 -2258.915748462517
-1179.2491305025078 -2271.090594452163
-1159.4559040555903 -2285.74517533137
-1139.490585520983 -2300.228294215391
-1120.2254040229834 -2316.338499481789
-1099.9032237331203 -2330.4810444244104
-1079.5031259985226 -2343.3038644101234
-1058.4654522965466 -2356.1705978758555
-1038.0829513797303 -2370.6808697196566
-1017.5202670831233 -2385.016038955522
-997.5462346358343 -2401.0209307217356
-976.9850351184189 -2415.9338238359637
-955.8644270051781 -2429.7415906194765
-935.6414018550915 -2446.1676490246205
-915.1925625806147 -2462.4279833930427
-893.1613361403964 -2474.757327016914
-872.300629896657 -2490.665094122832
-851.2183200050563 -2506.399084680604
-829.9158328323778 -2521.9565242910394
-807.1803659042207 -2533.5234076082124
-786.0671606040372 -2550.619418694194
-764.131175197638 -2565.6251766559894
-723.742454023605 -2517.0136789941944
-669.1142762636035 -2412.9446917201053
-621.9468839328225 -2328.364677958814
-580.4281067921977 -2258.61178887511
-525.4281786678176 -2128.0952114653655
-438.8464717503881 -1852.735754022207
-416.392173592584 -1835.3587000286466
-393.03533616749957 -1811.8607078149523
-400.5696875084667 -1934.972848762837
-401.16036328378493 -2034.8332518734849
-383.6897843077652 -2048.3745139543844
-367.39659209946296 -2069.6433857342913
-349.90707910500146 -2085.8547494953254
-330.58215869401437 -2092.0419298745437
-306.183193900255 -2064.4177997132847
-284.39806642517334 -2051.379716145605
-265.95813377382905 -2061.9183473356898
-276.9729419453358 -2320.5290322316905
-256.26709853484266 -2334.9792663337576
-235.81034438109518 -2354.2195057986564
-214.7409354737944 -2370.2924567723367
-192.7415741391836 -2378.2024063561853
-171.3247346421759 -2395.882266577343
-141.17619502119874 -2277.62887274449
-113.3708611845132 -2152.015810312341
-93.01070720207106 -2157.996526490664
-83.60446232386272 -2493.5988638671492
-59.980893140502864 -2503.2815048368147
-35.920690700969736 -2494.7414102426656
-11.946983838610835 -2468.9710953304334
11.502453230281787 -2436.9728544999602
34.45332086235642 -2412.7540215864433
57.25213157276663 -2401.3175952860493
82.23956130327633 -2461.6266277721006
106.75319040724627 -2483.7068579721467
128.80942909360832 -2450.6170918722855
150.49112138859022 -2421.3278221635346
171.41010230169343 -2388.858216141955
191.88450925988562 -2358.2061689144343
212.151307734621 -2331.3671574049613
232.82401254775735 -2313.313203866083
257.2279843117332 -2331.8554337880646
281.5309291924188 -2346.169076581663
306.64533431882273 -2364.196404476688
171.38176367490266 -1229.1091453079664
182.67982633826819 -1224.44766366269
192.1773895029843 -1208.8191969702575
202.39171533000632 -1199.0386122080379
212.788460787312 -1191.1427584281266
224.3496671297282 -1190.037069531357
238.63418445121422 -1202.5513402808647
525.5334167719495 -2521.822877970616
555.5885972940348 -2544.0395654464273
586.1159707288693 -2565.9095987303517
617.3436291154468 -2588.3987025940514
649.2954388258319 -2611.4931424608358
680.9928469821588 -2631.306280606485
714.426692270342 -2655.577997606483
746.7719469644165 -2673.6693249590485
761.166228908528 -2627.9881985977736
742.8581075858881 -2475.961799380983
757.002445066854 -2438.1870925264952
775.0778273511501 -2414.653259072329
794.0318188844375 -2394.7948702548765
514.0487772444942 -1503.5540743895579
525.1343107408638 -1489.1188521010397
544.5306776948299 -1498.1062515887213
865.680724246305 -2312.2625031921425
901.5044541824407 -2339.303041311497
926.1327509422106 -2336.117960984037
939.8368895721061 -2305.82016232824
951.8864882413317 -2272.709421264317
973.2667516488438 -2262.547420527337
1013.1216437164051 -2294.2642687871357
1042.1174147145068 -2299.9165841283793
1089.4366085360512 -2344.2169003702425
671.0065112429692 -1408.314688508765
677.4757254322352 -1387.4302293989658
661.2371098969362 -1321.8356495779447
667.9696252813062 -1303.8564260307003
679.0631687788572 -1294.7266942517317
688.1512834741465 -1281.9800353565904
698.5017243757009 -1271.8082957129084
708.2306767555106 -1260.6844603240065
718.3087813487022 -1250.3585464327193
729.7733862807453 -1242.5424760048786
741.1541691691359 -1234.6216009463012
751.4043791992405 -1224.892019289947
762.0672865996844 -1215.9269923373668
770.4707413617458 -1203.5014901135278
779.2533811568503 -1191.8641566703886
787.8838398024674 -1180.1695026470222
796.9250277916926 -1169.2456970539638
807.5426109311621 -1160.7200056561796
818.0699987561051 -1152.0982931743222
827.3328052218055 -1141.7619845676325
835.8782011246552 -1130.5501461167526
844.2847939939915 -1119.2797624501766
852.5522501860028 -1107.9524631963156
861.9150899055884 -1098.143149954978
871.1682758297859 -1088.2563278877628
880.3111840892052 -1078.293197218392
890.6228342513523 -1069.7920204928096
900.8523931127173 -1061.1922379206749
909.9987638932245 -1052.037665539026
918.5301242079514 -1041.9325366464593
927.620333906249 -1032.5040029576928
937.2897826524882 -1023.7342737914225
946.8763263796693 -1014.8739934305844
955.0010492480957 -1004.4744874485546
965.1014950039283 -996.1667050956794
973.7249985081506 -986.3344398733636
983.6673986675988 -977.8381506151818
995.6834646222535 -971.3369334467963
1005.4969801293802 -962.6213289506403
1014.5057534920345 -953.1222776388975
1024.1600108995783 -944.2167505791114
1032.9948678507956 -934.5429915172
1042.486192505438 -925.4504516372093
1050.3896974417737 -914.9483501860524
1057.4277465067914 -903.7298052612678
1053.620055226541 -883.4646451468337
924.4167651794827 -760.4358252049287
877.8305335755094 -708.3767036842307
865.6356714160869 -685.19404869863
857.8234198396719 -665.9842193134683
853.7057902664654 -650.0118642498072
849.3645186439035 -634.1765641119279
845.6087037478741 -619.0718214761839
844.0819548258598 -605.843753402934
840.7461412470471 -591.5487519876956
841.3330119444878 -580.2092407161543
839.2958188769607 -567.2314592965132
840.424614774127 -556.5523038149786
842.2660568648889 -546.4466025635732
846.5240252248387 -537.9647522999406
849.8480293198849 -528.922798772286
850.5151922994175 -518.3048404827846
846.7642480861006 -505.15968580556853
853.2048504896094 -498.1821786264572
874.349572548682 -499.56163281815105
887.7381599709124 -496.195484997051
889.7331619654235 -486.3855471732373
884.5670281413999 -472.8109270364759
870.3015377053533 -454.8617740233811
844.2765770854483 -431.16245358899135
847.414181441247 -422.7271047522991
858.5589763065927 -418.2122477921655
864.274755284172 -410.9478645503401
871.7439757500472 -404.45449774171266
877.345189214597 -397.0320125153675
882.8837893463036 -389.5397470214199
892.9523333719605 -383.95329185406257
903.9158724979534 -378.5975375596937
915.7831806624226 -373.44633619278767
927.6330427655582 -368.1045204415616
932.9323880684508 -360.0516064301026
946.5888008194272 -355.0924417151662
976.206381546291 -355.7275651791651
1008.7462203989198 -356.8347836617021
1018.6907202484676 -349.56861483785735
1025.7406947444974 -341.19939499517847
1043.1931045091826 -336.10139348787845
1068.27676626817 -333.0852002890881
1068.5010922677384 -322.1201884741933
1070.5340958933007 -311.7398747833089
1069.578274848223 -300.5383735443769
1094.5678538288785 -296.44091040954976
1101.1880187074767 -287.1044190797171
1100.9391750191182 -275.96726782033994
1091.8282725630934 -262.7546826069739
1085.490291848198 -250.4133109547373
1086.8292780631173 -239.93982650823853
1104.7014692240157 -232.97137998969134
1128.4198456079955 -226.86923995559124
1150.1551373090654 -219.96399733039203
1177.7624365088634 -213.73966208615937
1196.4823025786443 -205.48990149422315
1182.5747774420872 -191.62697032985085
1160.6048329479495 -176.84010217669123
1140.4431503793753 -162.76799670932044
1122.1036721392966 -149.35644938035335
1103.614383145314 -136.30588143872782
1082.9933226874803 -123.39150300701864
1065.1938507540253 -111.36902763251246
1049.269031353127 -99.75219217275706
1032.2251038673185 -88.35912486044296
1015.061312037034 -77.29510208063151
998.7801162912991 -66.62791683025273
984.3863137506744 -56.387811629454646
969.889587815313 -46.4239964613364
955.2938589291649 -36.73748892105474
941.6026356244533 -27.35830011318529
927.8207367514882 -18.239529980941953
914.9517935701214 -9.392307640724654
901.9996554421781 -0.7884048401658913
889.9677211885128 7.579923649066982
877.8592210751299 15.722212737596207
867.6765940914945 23.69236302659178
857.4225740799001 31.472677963564525
846.1008897133245 39.016463529141625
835.7125671761244 46.40587316161312
825.2609570819627 53.60366327185951
814.7487417168645 60.60930515016662
805.1751114888425 67.50585040520693
793.5532452815407 74.04219677410215
785.8596256297877 80.7752982353511
776.1226344163679 87.14732552750489
765.3433960112795 93.22277716267516
759.4767921612631 99.75471000628193
746.6239184782557 105.20800519055082
739.6698290874639 111.32180351450411
732.6672800847355 117.3143499033078
723.6461468716004 122.85053568416386
714.5863440266802 128.22775413530033
707.4552138771943 133.81748898396378
700.2826381742648 139.28469647341663
693.0702883431412 144.62909602135724
685.8198373780472 149.85042762284328
679.5078632807823 155.1710789405861
672.1841004779528 160.15472226770393
663.8566261375084 164.77372343102618
658.4070148152362 170.00059659333385
653.8839761049879 175.39881924668552
644.5222913971326 179.30983211243517
633.1785031459206 182.66357916643227
626.6208047198464 187.24947821623454
620.9889691885056 192.0226552941012
615.3233826831681 196.70570587388517
608.6756774671203 200.9848742068469
601.0561395059262 204.8329005854103
595.305867114336 209.21740983782493
587.6464530502012 212.83008766975982
581.8466069447551 217.0150363151726
577.8878351333549 221.82571989037814
572.9602360780077 226.21354484962586
567.0751201723656 230.15170666648783
561.1672760013987 233.99847936508039
557.0764448045732 238.5410544201926
552.9501441152541 243.02703167121072
548.7890799893607 247.45614901317563
540.0556772420557 249.72958470838918
531.3292820835037 251.8594727236373
522.6118331693554 253.84615780303994
519.2770951956892 258.36272642377645
515.0127798005901 262.38490170371614
507.17244036323046 264.4997461927051
503.7500960209725 268.8435246734818
496.7802744243679 271.2293474955277
491.5572712190828 274.48214716379834
486.31758647903615 277.6602331649334
483.6531670494719 282.2757765076835
480.08611348311274 286.3534942002276
477.33924547007877 290.9093410910964
473.70022029516264 294.9103275443475
464.9652099888736 295.64903771195105
461.2918517721205 299.51598870285375
459.25406386679174 304.4449126226891
456.3359694207301 308.801688811513
451.73089528821384 311.9939073797897
444.6544032517884 313.39824771175086
441.6517641353345 317.6156785112267
436.1903248322851 320.02968693967375
430.723157887088 322.3686728883169
426.9206532332273 325.74185460716353
423.16171649485875 328.98352799665327
419.37915208471804 332.18387497996184
414.7951725153108 334.7147514795151
411.7449006414604 338.45994858439883
405.5939415301643 339.609414760583
402.4996912455983 343.27102782961174
397.8624713829682 345.5929019309234
393.21634819629435 347.85902821569914
390.047846826031 351.4081347754731
385.3736089318337 353.5762740044277
379.2308379670291 354.32325852930524
375.27985248811046 357.0560632680841
369.87413598728284 358.35474536785614
366.61147920649694 361.6918900307613
363.3187146506064 364.9993309372378
359.99611273617035 368.2767964654392
353.8738962615415 368.6383940186857
352.5765441434387 374.01307533276133
349.85202362818615 377.92666162003314
344.3948863282959 378.8616664046656
341.61335169876645 382.71310134503483
339.4493659547322 387.2972088111794
335.27339430901816 389.599475190239
330.43823912281886 391.0940681286419
328.79582811001507 396.3815124566853
322.0330664294447 395.46770301258334
321.55797252173693 402.2753662700587
317.28200374578046 404.3861151165586
312.99423754525 406.45246617958617
310.5038873596047 410.8677840066971
301.4067963182342 406.4356568181223
301.24140666308716 414.00195037178815
293.4102118401357 411.01757576523016
289.6734557144223 413.65962947145886
288.1775670236726 419.5648815908175
285.48091080471846 423.8179438934935
281.077349201048 425.5531973397828
278.8400187103556 430.6010264335288
274.926392457864 433.11023854222674
270.37073953298847 434.7915169416084
265.77707244826803 436.44420921903424
263.7367188306583 442.34369345616125
258.58477383650296 443.06084767210547
254.43448187837004 445.457174632181
250.7498250200695 448.68755861111697
246.54731105388845 451.01044712079255
242.3232803908512 453.2939750102762
238.07810167090292 455.5379429913377
233.35725793725155 456.85160628808893
229.97233203343805 460.80117892546906
225.6575610809315 462.92943860485445
221.32309652351645 465.01729746886
217.8119159268525 468.87841630882707
213.4222192600932 470.8927227363964
209.01389679216575 472.8659333762096
205.37877360726657 476.63461828907805
201.30428581836367 479.45446552426495
198.33048275600774 485.01651478044425
193.05121663956848 484.98992541493317
189.59549192817104 489.56975952413035
186.07095239329317 494.1271098365812
181.10312206023167 494.9046970680687
177.47647742213525 499.40174204925466
173.78152891154537 503.8739725458795
170.33562451442563 509.2688631963283
166.18732856553564 512.7404526895169
161.39013199089044 514.2705759577958
156.28835176849375 514.7989424051758
151.75390417421355 517.1960484844057
146.91571390583465 518.5911424306618
142.32827287308905 520.9056178819379
137.45583965802567 522.2124971157882
133.55342083311683 527.351385495262
129.0940270122145 530.5193042574131
125.49645354971236 537.5450122049733
120.68755357649196 539.6698198081132
115.84988762222474 541.7516068623312
112.18366588737324 549.6688322145164
107.23465540161824 551.6744770975871
102.1149594218456 552.6450353185802
96.88971239554566 553.5850283668341
92.14508459885954 557.4354522133203
87.49007309976591 562.2334809569754
82.75257859470483 566.9929547498162
78.20304885838787 573.6944161740225
72.90572043578015 575.3996488769695
67.6994641968201 578.049117763762
62.34270154213122 579.6571293138977
57.059127087402864 582.2106629185209
51.820984681185756 585.7120329536284
46.679191809760866 591.1599217233756
41.36976286713787 595.5648937943848
35.92138080338778 598.9237467334035
30.614960316041156 606.227452533162
24.968723982334307 608.4879315341382
19.314063134742174 611.6951585268819
13.623141967176739 615.8493403446513
7.893459886446113 622.9499926085729
2.0211590969644986 626.996742348718
-3.933118833116215 631.9877614133399
-9.918833019357658 632.9222833425397
-16.048125355227423 638.7984483955662
-22.28931056117213 644.6147583128295
-28.59780308490264 649.370591926303
-34.99811932450311 654.0643176658912
-41.4896446239159 658.6946252923134
-48.071747768850116 663.260210676359
-54.82548818363728 668.7564323768601
-61.5961989524588 673.1878699698985
-68.35496505615156 676.555687842599
-75.62248767545196 683.831294514792
-82.67559045665082 688.0506861726425
-89.68643276424307 691.205717408374
-97.31636641418574 698.2510471370164
-104.939928547468 704.2241201467416
-112.52821092315902 709.1272112579188
-120.2184109022701 713.9492514738936
-128.18502507107075 719.6732587414438
-136.63970115430857 727.2754581783034
-144.73334354396792 732.8446351489405
-152.82412095291699 737.3288194930185
-161.64814422343755 744.6568857326969
-170.18044619224415 749.933074169828
-178.82591495229414 755.1140921354037
-188.54179099148692 764.081797355311
-197.44686409031883 769.0583436000802
-207.75060686778366 778.7654880296556
-216.91965528762591 783.5271936250188
-226.47209499740853 789.1459878802431
-236.718666554423 796.5709465607541
-247.1243451926243 803.8722274174651
-257.68770395386383 811.047499984425
-268.71902517862077 819.0446175313356
-279.92289520425317 826.9051775992631
-291.62723600330514 835.57079605565
-303.51858960301365 844.0885414252449
-315.5952018138597 852.4556695758843
-329.2791934638553 864.4074344611996
-341.7559472992592 872.4516447835869
-355.1592769642515 882.1920924527889
-368.7751355712398 891.7566368603116
-382.9921993966686 902.0626226605903
-397.43473509363395 912.1790566226858
-412.5084455814862 923.0155915930922
-428.2366282571877 934.5573231316072
-444.21722988619473 945.8837416259123
