-474.060072117677 969.2822334200616
-492.87536443432884 984.5175849794292
-510.7916570622957 996.7406297906964
-530.8388622206405 1012.2544652192431
-551.2226770159826 1027.4772797212274
-571.4583552930472 1041.5274111446925
-593.9637131153868 1058.7743421060895
-616.8435289753131 1075.6877152600014
-641.1047032920056 1093.9875499368673
-664.7366550134749 1110.2077190694977
-691.338670585686 1130.343241034694
-717.847749957584 1149.2256557703686
-745.3101914279076 1168.5498357167723
-775.381493927445 1190.808355225493
-807.0435735944337 1214.2671330147768
-839.2145298069913 1237.2323843808933
-874.1643185627386 1262.985646851041
-908.5179425351142 1286.5535931673282
-947.4826192493372 1315.2633524205012
-987.6584522465693 1344.1557877366415
-1032.6579309291253 1378.0063852135004
-1077.772622771263 1410.330164750351
-1127.2728878218204 1446.6553965550515
-1178.1718828623898 1482.9521281661425
-1232.3689212641516 1521.522540714475
-1292.4870239316774 1565.368101427979
-1357.399898602193 1612.8017594468192
-1427.2231462069922 1663.700120493779
-1503.3865653316975 1719.4431759090387
-1586.043583789403 1779.8656551325628
-1671.9831509967776 1841.0978634453104
-1772.1161516417203 1914.8068688749108
-1874.4647410224507 1987.5124992471463
-1996.3489908905724 2077.198042212199
-2125.6773990863403 2170.4699018907245
-2270.3516735036706 2274.9284117569687
-2303.7994900277267 2265.362864917668
-2314.9597908830756 2233.842019166661
-2312.661605326759 2189.9363687667865
-2357.359809966031 2190.520195377554
-2377.148304921579 2167.5458325969635
-2395.6531557646445 2144.0781136131445
-2413.6206441672584 2119.2874713095503
-2432.091261599821 2095.0016933763545
-2447.2632101552067 2067.9745598582285
-2463.681501697184 2042.1247410956823
-2479.829890040257 2016.1497257056403
-2497.2712057655563 1991.2992052562684
-2516.8275783672593 1968.1473371599996
-2533.7887237476452 1942.9780501614732
-2549.699712181323 1917.0632169290814
-2561.322576770824 1888.0547284769225
-2579.919928968874 1864.269873196807
-2597.4803935134146 1839.7240568393397
-2613.9858412727212 1814.4426200973517
-2630.2454664774286 1789.0136349605982
-2660.40461753387 1772.8666816781413
-1826.3196039902627 1192.1902969244675
-1826.5886991976406 1167.8175045628795
-1833.3415188943798 1147.7926097941424
-1840.7317837260998 1128.2674773211056
-1068.447554575426 641.0427623191702
-882.1755090188593 517.9723653703124
-857.5655824680499 492.64822314328336
-844.7624162155769 474.69722997887857
-858.8657057927724 471.9636632338161
-859.7784311041671 461.90588804220397
-874.7438519820366 459.3116517351031
-864.8238003960315 443.69335612398453
-864.5217666617732 433.23332624349956
-868.5906905831165 425.01671994445667
-872.5815242444623 416.7619027061025
-874.6810982852892 407.62479843900616
-877.596383586031 398.8992197494499
-876.7679129798782 388.53446020772554
-879.494412783818 379.80729045405
-880.2907829289287 370.2879116179376
-883.7621687912828 361.9246178603057
-879.7224430230112 350.5672877517593
-883.0068694982615 342.2102693065775
-886.2119096333556 333.8224845992267
-884.5738038541455 323.8721746847169
-880.0581023792001 312.8158187124194
-892.4297548687651 307.74199035048133
-895.2991828872516 299.29145180144974
-902.8454187806111 292.3544933584279
-907.4773819530166 284.40429188691724
-907.254450936377 274.94246899330255
-916.5311682961338 268.31999094686194
-917.1021709766935 259.0996101692082
-926.2646578453698 252.25737576253343
-935.3791378002151 245.26489469169113
-1042.3787027580177 262.81483983312705
-1100.216284183133 266.36089806549984
-1106.5816354512378 256.8522611971006
-1110.9127910748023 246.81323024990562
-1118.087473156533 237.33816037552657
-1128.1222271350339 228.34456561059437
-1136.1222528070653 218.80408286089778
-1142.074793096147 208.7730034616374
-1145.9681499201195 198.3078399071975
-1154.700149916918 188.59364724679128
-1161.3734767467165 178.42826992728453
-1168.947156122522 168.29600765635575
-1175.4414298077077 157.90327764683002
-1181.843235125641 147.40273941741629
-1187.157676194245 136.68083937802146
-1195.3580883072993 126.18653144578676
-1203.4655597661776 115.54932477812378
-1212.4744023876174 104.85620417881978
-1222.3849640140627 94.0797520848071
-1233.1970654583608 83.19253418959715
-1226.940168582907 71.12540135385936
-1245.5366163687304 60.39484485230766
-64.95058085999608 2.534175595555917
-67.9703266671229 2.0086544662040793
-65.98668208745474 1.3258156316701755
-65.99626720751307 0.7019363749905057
-67.99995251921955 0.0803578489407172
-67.99767345475416 -0.5624986583284491
-66.98947420431244 -1.187579820372749
-68.97485463802968 -1.8626399712973702
-68.95460197351844 -2.5025720116808285
-66.93048730777595 -3.0512077516358134
-69.89478480430057 -3.836542344418292
-69.85617685250664 -4.48492536741864
-65.82232259548684 -4.839612395188534
-68.76433630843688 -5.697898916283884
-67.71273019790766 -6.243890545594357
-65.66211745503183 -6.669807442618117
-65.59740207702907 -7.278793907274946
-68.50554050899508 -8.245660650938332
-66.44271585158978 -8.623543950424324
-70.32161969318973 -9.791312666154157
-70.2277395227102 -10.443399902827084
-71.11552840005075 -11.25084976264351
-70.02184791226246 -11.74482077138626
-71.87914586720352 -12.743170304177816
-70.77482491188309 -13.225889712692068
-70.64905606178024 -13.88203434585266
-68.55839308094036 -14.133178629001643
-66.46932095812117 -14.346754732909908
-65.35784679185475 -14.742858024563647
-58.40438983356825 -13.745080871664202
-72.84291999794848 -17.85802357968194
-1044.5687896403467 -266.38326469450175
-1055.5852153521962 -279.6495183794484
-1061.623044025264 -291.81760124182364
-1067.525198279189 -304.12160567604883
-1075.2079789782686 -317.1258455904645
-1090.3923106611146 -332.63284391520205
-1113.0097638387494 -350.85362417910324
-1149.6443217188069 -374.1643135571649
-1165.082839215587 -391.181515112034
-1176.522913070609 -407.2085890791696
-1209.4287940304732 -431.2052784579467
-1195.9879477682673 -438.9633570049426
-1179.7014830790267 -445.4496726019052
-1149.4155112734695 -446.243187560268
-1135.008439936176 -452.813252095881
-1124.2806223798027 -460.6713385281129
-1106.1343042372496 -465.2600358827049
-1092.5881607953713 -471.5412080505669
-1079.9359062748003 -478.0161486167866
-1066.347641585565 -483.8839812237056
-1059.998301043626 -492.9143960005898
-1057.1845640997567 -503.5889171032334
-1036.288328639398 -505.4854102006931
-1036.026702120654 -517.3129347822282
-1046.320245559496 -534.6390780071317
-1059.9250517371709 -554.0531424872129
-1076.7856139969863 -575.6507113598776
-1685.630837129798 -921.3520938908734
-1669.1522291286713 -932.5635828160931
-1667.3745822138385 -951.9779422797715
-1659.3332596106775 -967.9122550881376
-1657.153233648704 -987.362223405192
-1655.6088228068745 -1007.3745211409881
-1658.9316102751054 -1030.60900075152
-1679.6990462716835 -1065.2380550628093
-1950.1316088816625 -1262.266100329332
-1937.5007777397152 -1279.755733043614
-1915.5914911332638 -1290.9722069424417
-1787.3406901337662 -1228.8100981812254
-1739.0181090807764 -1219.50482421724
-1715.4267956575477 -1226.8626283085152
-1580.3524582859086 -1152.5719533242536
-1547.12123418754 -1150.478112232485
-1536.3794349249677 -1164.7841997295623
-2044.5569669405913 -1580.1401231962595
-2063.58470044155 -1625.652848582242
-2039.0545205745943 -1637.2176587504518
-1930.1319937150247 -1579.4386619421675
-1797.1213273844305 -1498.6510383208033
-1761.0393765139036 -1496.4829816498154
-1745.5658492468413 -1511.449921745062
-1731.4660780168615 -1527.581821270765
-1725.3979935108882 -1550.9357704265515
-1717.569943378457 -1572.9572434122051
-1705.825345630598 -1591.5554939128735
-1698.2321016534343 -1614.2046737987596
-1687.5026635443535 -1634.0550053565248
-1675.492014794812 -1653.4940303366145
-1666.7894889461406 -1676.3975660739497
-1671.0706425116189 -1712.8840905723323
-1753.6386800533376 -1831.951795168418
-1744.4052516769407 -1857.2437421948443
-1719.9402641052332 -1866.3465615768205
-1702.8374930317443 -1883.312367167317
-1684.240344394537 -1898.6254139017974
-1664.8494746120587 -1913.0008434091064
-1646.636145830997 -1928.7004441444087
-1628.2747769590815 -1944.2266459234772
-1609.7670187670203 -1959.5780528700407
-1589.2323019036357 -1972.4172202112998
-1574.179001981796 -1992.1047838202678
-845.2946826664512 -1090.8147869623988
-833.0988816907299 -1096.3919250549302
-826.2503788084477 -1109.0533402496458
-1494.560770423781 -2046.3245352363526
-1474.5088424036114 -2059.590414056533
-1455.4885361036715 -2074.297259620904
-1435.1886588038315 -2087.1805177417837
-1416.451651396089 -2102.353376399242
-1396.4541057498434 -2115.6892329769053
-1376.8739438837497 -2129.674656527144
-1356.6191253079492 -2142.6340212105038
-1336.24234049263 -2155.4007533344648
-1316.2642484624816 -2168.828584332911
-1298.1943990030877 -2185.510307090088
-1278.4187468432867 -2199.450273982033
-1259.9782778132126 -2215.8194284369947
-1240.8560691877506 -2231.1623014832257
-1220.1228202141517 -2243.705930729931
-1200.2019750772765 -2257.822893634619
-1179.6620069330215 -2270.876163378082
-1159.887426673189 -2285.526232062421
-1140.3850008544982 -2300.9011386467882
-1120.6950942361957 -2316.1112895875544
-1100.8190816146898 -2331.154510012794
-1079.921538062863 -2344.21212172191
-1058.9596950454359 -2355.9485062855847
-1039.6016121765322 -2373.2908561657496
-1019.2235309479541 -2388.6381881653792
-997.8795192201703 -2401.965333871603
-977.498137562181 -2417.88365953833
-956.1715201631292 -2431.7699364925397
-935.3826142576695 -2447.337198864204
-914.7313130652195 -2463.6660944409614
-893.8530594568871 -2479.823120325231
-872.4191720649478 -2494.8614767584813
-851.1003013372871 -2510.6631150083795
-828.3108987021859 -2522.4841040314163
-807.4933620105832 -2540.769661009995
-787.2829207931604 -2561.7543993574773
-737.4296784666055 -2483.843487282691
-693.5470949587781 -2420.602492577879
-646.1505023916267 -2339.4055929357455
-601.6567932918343 -2262.363830838397
-553.9895414630066 -2166.2852046647986
-456.94163003569065 -1860.715009543462
-430.4255517989168 -1828.0092571862424
-407.21581001793845 -1806.676308604127
-406.98197627659704 -1889.6705191609449
-417.0673978998724 -2030.6116776993651
-398.2139754478591 -2037.44978582492
-383.6461546912466 -2067.709996104536
-364.9023259893965 -2077.1921655175597
-344.8669891517379 -2079.598701623324
-322.19825046123333 -2065.0153237687414
-298.68238543782087 -2042.2744263759396
-280.3646506429783 -2053.9534227118784
-291.15497598670726 -2296.6179002956023
-272.9101765055048 -2331.0789423697634
-252.0039946480069 -2346.5067625475635
-230.63313947940404 -2359.7562066819264
-209.73395776746406 -2380.7796342709244
-187.43680933229018 -2388.65724676173
-161.36728654808294 -2343.450788651665
-127.12838590108015 -2145.236437667929
-107.0140016237289 -2154.3437523887583
-100.39025755763878 -2485.973812450065
-77.3533852114078 -2508.8077753778457
-53.08124369144748 -2493.4350566173102
-29.027178579213075 -2470.8295009781086
-5.398125569592514 -2442.994036063194
17.726624716781213 -2418.9350480689122
40.51002424137948 -2401.6583724451657
63.62552103336866 -2409.1599766460577
89.43907424070592 -2487.3925407942684
112.02225204234709 -2461.452216689847
133.78891516087225 -2429.3187370495616
155.01747920277217 -2397.99469998197
175.80892520241704 -2368.4839500868843
196.8035322761087 -2347.7658251375174
216.20963879305427 -2313.920783452402
239.08933365998558 -2319.711251541886
263.4431747206359 -2337.1995408379476
288.2736360104912 -2355.4250806980235
312.95171868702636 -2369.4221282352446
174.92805725232486 -1233.659667325607
184.13920873709353 -1215.1270517133905
193.9685001777841 -1202.455912264055
204.2476377529316 -1193.6514995895357
214.9107421669857 -1187.7130852614346
229.22783001935542 -1201.3257684510966
505.1621068870555 -2516.8035771123323
533.884536485241 -2534.3771032942077
564.7113599073987 -2559.441751630917
595.1652160953784 -2580.248508487146
626.7689165467233 -2603.6214635101715
658.1420476208367 -2623.7137887264785
690.7125008560623 -2646.3448832609033
725.3444053080793 -2674.3815161057832
750.0058133476529 -2664.4540303680837
728.8836355434994 -2497.8255835499986
739.946058179958 -2448.64122136828
757.5973429884491 -2423.3380420190747
773.9113692884973 -2395.067888909624
504.5573284350867 -1512.0376656427736
514.397684042307 -1493.9193494469207
529.8986910663423 -1493.797970679495
549.3553670126615 -1502.7337358076393
882.2635336913017 -2343.422082578923
908.3177536228244 -2344.174664664215
923.3603029112215 -2316.7739965321816
934.5492463078308 -2280.9740696083036
954.4489857542488 -2267.295113917173
995.2034727925505 -2302.0934055206462
1020.8933611802681 -2300.6663697933377
1059.077618569473 -2326.2610768882355
661.668696518587 -1417.141678184434
668.3259328631168 -1396.2966903429387
657.9107403057458 -1341.338681239882
658.1777639192114 -1309.9458122694643
668.426964866373 -1299.12524132184
679.4613841733869 -1289.99853775777
689.4333588116003 -1279.0194071075525
698.7745178470392 -1267.092409103471
709.9157177537444 -1258.5883654659237
719.9589051207666 -1248.2548517579683
731.9009930244 -1241.2904319335976
741.1949553345103 -1229.929281782767
750.8628760006028 -1219.3559535443715
760.3963364022768 -1208.7106401393162
769.2542619017104 -1197.153657867717
779.057941339802 -1187.2104800899415
787.6285364042978 -1175.5280892610026
797.7406563343789 -1166.2670557085946
808.3201444436801 -1157.7402748831657
818.8095037203759 -1149.1179211104454
828.6197841454879 -1139.592143410389
836.5352939833542 -1127.5746990422333
843.6932625323226 -1114.713271993101
851.9040279209494 -1103.4017977201515
861.8316984156302 -1094.3925820317086
872.9173651156538 -1086.853841912308
882.036708009674 -1076.8821874854543
891.6862218968259 -1067.6032416957926
901.2389398676955 -1058.2383348122257
910.6941013784603 -1048.7884694801326
919.054006875228 -1038.8015847343459
927.4725631835369 -1028.600818851395
937.1338342480926 -1019.8064408050521
946.711720324734 -1010.9213216664208
955.5149681966434 -1001.22282512544
966.3111302743379 -993.5989127952645
975.6405092279147 -984.4397374920902
985.593670768742 -975.8965704113303
996.1896083793239 -967.9500318492942
1005.9994592105683 -959.2002335633808
1015.7328160318938 -950.3514331214107
1025.3886834100924 -941.4042956851838
1034.9660716600079 -932.3594963921649
1043.7147401314805 -922.555440736369
1053.881481372242 -913.979662367084
1060.171084465933 -902.0539183786785
974.9738603867248 -813.8341179642244
878.1568084028028 -719.0727500439738
866.1890188333828 -695.7280960637293
857.0027043494393 -675.1498831650254
849.8806101001188 -656.6421769699612
843.2838654420387 -638.9337385716404
842.0488084634228 -625.5835708882787
842.2541817842126 -613.4915592467484
839.0515689533873 -599.1272524571546
838.1115105854842 -586.5987519796797
837.010336738633 -574.1417039309027
835.7493155775553 -561.7580275453552
839.3407264981358 -552.7496221994019
841.996386149235 -543.1814482395623
844.5464452174941 -533.6125016062631
847.8415194758501 -524.5700695358837
845.0540765171694 -511.8863230852276
848.1246420300332 -502.87234123724477
866.6694107705056 -502.87983896225614
886.1581897641897 -503.07520582300043
889.9898941454317 -494.2084462238616
881.4301371316328 -478.6333809463261
872.6569118321404 -463.2644107111964
843.2576393827112 -437.51177541032797
844.6023551255071 -428.3174777153587
853.0854816957403 -422.55077910228357
860.6343244961886 -416.22657231247155
870.8523798046268 -411.0780127769155
874.6912320003232 -402.84519193079217
879.3644590678987 -394.9862632145857
889.4633402232561 -389.48166375182313
898.6162775459704 -383.4289839454282
909.580544381847 -378.0055995379207
923.3028294023072 -373.53431598407934
930.5072367750558 -366.27350751760645
938.5904093210825 -359.26737053409516
965.368812959043 -359.1142644981514
1000.6902430197866 -361.54534642973954
1014.4363687046691 -355.73002944548375
1021.5337139322789 -347.433261648514
1035.2126172306082 -341.2254930783373
1054.5802552339808 -336.6147430975534
1069.17421536323 -330.1931210707178
1067.4502082759948 -318.6629141452384
1062.721629763315 -306.363734200384
1080.015796334139 -300.34460153086746
1099.2215307451163 -294.5437596459367
1100.014339573322 -283.6625684383965
1091.9641358824392 -270.6276518512433
1083.766849903423 -257.77008175971713
1084.200114172113 -247.0913038315535
1090.3908400307985 -237.7053133123651
1114.1229488623812 -231.8923345395273
1136.859601112102 -225.4578616044074
1159.5721642184865 -218.61472038647196
1192.0988694825303 -213.1227002889966
1193.0701583780874 -201.70175306051615
1165.2935737177145 -185.7172233590562
1146.2250252029899 -171.60766765621224
1127.9861574467218 -158.01338110609285
1109.5945787198652 -144.7786962072969
1091.0554524658055 -131.90526769100828
1072.3739596002126 -119.39468485389715
1055.5450150120162 -107.45101806536151
1039.5680874861166 -96.09470058467284
1021.4843865637635 -84.82127095517926
1004.2797716122586 -73.96715710658091
986.9631075418159 -63.44150338226369
972.5345122086495 -53.409948165900246
959.0049141464723 -43.698680104977825
943.3812941559321 -34.17212075184375
929.6640619971002 -24.99463604559721
918.858457330119 -16.12871330621003
905.9693679564082 -7.45012245981223
892.9994549941473 0.9866003020173689
880.952054793553 9.191145468160753
871.829751911251 17.23031289229989
859.6361770706925 25.012858119076096
849.3728399300943 32.64626761341002
838.0439027670093 40.04269015737537
830.6453278714857 47.45881672852744
818.1929454357024 54.40867613947005
809.6727611474003 61.4330518202117
799.1006481535718 68.13335541819053
788.4748534743497 74.64184777055529
776.8034082288374 80.85459148410953
769.0600883886967 87.30739056672128
760.2720602000182 93.50077261295633
750.4447569907866 99.40657274566578
742.55435002366 105.41839147387729
734.6176881399663 111.29174395206155
724.6621109914546 116.70828973731396
716.6416810935824 122.2853258545938
709.5650015478079 127.90038537259878
702.4464384361002 133.39415702510414
695.2876378374045 138.7663528038484
688.0902475147134 144.01670484752984
683.786429953748 149.7869093449359
677.4854928554811 155.04324225958987
667.2557121753556 159.266489160021
660.8887262176135 164.27748341894102
654.4867372731497 169.1836597711111
649.9827438518803 174.5033887773557
640.6200147878167 178.41243413298747
631.2517749967175 182.12686941660613
624.6888668808508 186.7292681802152
620.9621087283197 192.10949878566237
611.4750444904874 195.60743842031252
606.7260780638477 200.51051393196758
600.0466442637716 204.69495525729707
593.3431305391205 208.77003961784436
590.3773825263495 214.0993839349764
583.6169221935014 217.9914863690426
579.6366533217766 222.85051071498697
570.0375229246321 225.44671755860534
565.0742414095554 229.76314259562056
560.0808121188307 234.00530741056068
556.896142019691 238.96168522084068
551.837681875963 243.07236136953847
544.0180467183668 245.87265981546807
538.0104065281956 249.38685303633318
530.1792680382046 251.9502802984621
522.3488503192408 254.38686792003892
517.2053185092997 258.03615736112215
509.36851944688414 260.2454829511729
507.74006522242587 265.5730147585156
502.52968591640274 269.00541773867985
494.6691437284311 270.9214613923761
489.43575439073504 274.1781215268134
485.9210175522471 278.3536683806929
483.23418704459664 282.9924388943065
480.5030745800962 287.6052769318993
477.7279304287134 292.1917597884963
473.212905292134 295.6916405057434
470.3606876953876 300.2079670340581
464.9521131602751 303.05862876314006
461.19726683648827 306.94149452713793
457.41076525942606 310.7802951037698
451.1279275622744 312.86513543916533
448.1123269818912 317.1692645999524
443.4343307886168 320.2733118417012
436.32304689827913 321.53724317005964
430.8271851298491 323.8964904920872
426.11987737196944 326.78869336085927
423.07159900363274 330.72559942724325
418.5089927232563 333.2794968337617
416.26468576267206 337.66804910578065
410.89159112796403 339.4953612942746
407.0498241822726 342.541151736811
400.9087050079791 343.59308818546566
398.54894175891064 347.85017036484606
392.407730526941 348.77094635691145
389.9896680056972 352.96467082245795
384.58643877535457 354.43232232697176
381.37624151986495 357.8842863331409
374.5200034137391 357.85299641469095
369.12911707649243 359.1221170108145
365.8772775584986 362.4345703246055
362.5957142695144 365.7175795520099
359.28469380285316 368.9708779822468
355.25333080483415 371.4714941312066
352.5753596533662 375.3872876980512
349.8556057749045 379.2849260224753
345.75145532371766 381.68171444481237
342.2972308577647 384.78254345422965
338.8151982574327 387.85211283397257
335.30564040210726 390.8901732130558
332.41305375179894 394.66132530994673
328.2050916015787 396.870782304265
324.61467750303825 399.8128451533273
320.9978917959666 402.72242731507384
316.7388049511197 404.81172097425315
313.07728320876953 407.6501131345555
308.7884004461549 409.6568365716665
302.11000787073795 408.4036522171939
301.3538777908289 415.1564046722996
295.2792762785739 414.59757476425455
292.67592684546906 418.88160838731704
289.4539072492013 422.3274033000591
286.1935032439096 425.7490795069066
282.3445092932875 428.31130976420957
277.9297462155802 429.9989025201613
275.1132629834419 434.1758774167486
271.18876655313414 436.63789676961125
266.60892843229686 438.2792252436595
264.0163603988967 443.3411343894449
259.3378238966615 444.9369540693874
255.1480762648425 447.3527234502436
250.935827379908 449.7290412427921
246.70144871586538 452.0656978819486
242.916081297739 455.24474455719997
237.70533592851604 455.732567709519
233.86927786544507 458.8356578021103
229.55013336211047 461.0116444011336
225.64804748018582 464.0462893595636
221.70917136445874 467.0482237766086
217.7337759964235 470.01702393672855
212.89854502408474 471.1297162423824
209.67453499616522 475.8535377341876
205.98586377445005 479.6392643696862
202.24451196483483 483.3975148675319
198.82795448378567 488.05373117700236
194.6045433483196 490.8289638032703
189.6268643151997 491.701792075222
185.35207709041217 494.39721633345584
182.7545424045461 501.75370176063973
179.03481165397034 506.2761462048428
174.59711103657807 508.8809770640683
170.44188094116194 512.3959067178804
165.31585141059202 513.0220943316097
160.49087595363312 514.5519203497695
155.65174696718088 516.0363685497997
150.51911590080476 516.5152425131712
146.4742310326815 520.793912832499
141.57710282383462 522.1464583390463
138.1832098382399 529.2583495031524
134.18105052895783 534.4122431970897
129.15657741661687 535.648745457343
124.12071411516482 536.8380093916055
120.58664036414729 544.8145208836562
115.87893435766274 547.879615036125
111.12425891973955 550.9041650591677
105.94593020780839 551.9234184852118
100.9375433874736 553.8777954882304
96.4783120924338 558.7315413468216
92.18062674716535 565.5366761338294
87.6117281279274 571.3214376289744
82.65750303230442 575.0901991796284
77.50711431386809 577.8249278377812
72.06532445505105 578.5288143309616
66.6171508026893 579.1814527580556
61.26798691117826 580.7772669275647
56.08576893064032 584.3144585952489
51.27323794410133 592.7866859762688
46.075758010526144 598.2282378187739
40.64554562748192 601.6285728093741
35.213402714889746 605.9777357867523
29.702973100842318 610.2775871592947
24.11470713693864 614.5270383796792
18.449068731718764 618.7250050409571
12.686139589514184 621.8706150497186
6.898582788825444 627.9621083755816
0.9927604900808669 630.9992190380344
-4.977458835518969 634.9804917503692
-11.039778764262024 639.9047767323167
-17.195224476059924 644.7707532567043
-23.44323125241256 649.5771046676799
-29.828688402726186 655.321485492558
-36.269457095935316 660.004186715483
-42.86525460249846 665.62119102975
-49.49630754188058 670.1746903156815
-56.29987617618645 675.6584373354233
-63.11859503478338 680.07723308521
-70.12721876037035 685.4218943022868
-77.01970603098125 688.7067335832438
-84.2211745314753 693.9076262446888
-91.6571268609765 700.0249789083178
-99.07645722708554 705.0729434770061
-106.74731989723864 711.0316516827902
-114.53903105363861 716.9078116224523
-122.28365641379013 721.7137295175104
-131.0104351203661 731.3585070877157
-139.00150928021975 735.9888453080121
-147.48089523300362 742.4947040493096
-155.9901836513989 748.9272745763789
-164.2909376441317 753.2924318005671
-173.1317565382881 759.5172117062042
-182.10373727545496 765.6417105084545
-191.44628022138193 772.6346625601236
-201.1855493952058 780.4872674903474
-210.83017801993333 787.258303250009
-220.3516818926055 792.9527957495957
-230.55200737036466 800.4591007025251
-240.62662172913264 806.8846441191113
-251.43145626780512 815.1019707981638
-262.1077334481379 822.2338694475434
-272.93976542430414 829.2363260555617
-284.89069622330896 838.947728529852
-297.37801596667157 849.4505963384369
-309.4086470758508 857.9104202157074
-321.97199380606935 867.1557156615785
-335.092603432456 877.1738408803917
-349.160412903559 888.8824478304294
-362.35401105814805 897.6210618462958
-376.1249910332505 907.1129979888046
-390.8889372843547 918.2645799053277
-405.4945013257081 928.3012492691236
-420.3223694180278 938.1434356039672
-436.20500829164973 949.6052815466444
