-673.7648893489173 1434.6657707914555
-704.8100083470464 1465.3050372307591
-738.940406338417 1499.85035116188
-774.2343946607995 1534.7710259593205
-811.1692406801062 1570.9323546780938
-850.2553028566504 1609.1817547946987
-894.8886002837601 1655.6262842447786
-940.9556680409738 1702.241883746715
-988.9638861072114 1749.8715472787487
-1041.9540708515271 1803.668681946862
-1094.519682297097 1854.0322718508062
-1154.3235206483337 1913.834425878591
-1218.4973688731718 1977.7748006406487
-1289.3026238070577 2049.131460947354
-1365.3425958190146 2125.209541678701
-1448.961485180843 2209.224889969902
-1537.0640514077043 2295.997191172092
-1638.7745163075892 2398.633587003406
-1748.8433373046862 2508.5675158474423
-1867.501593046032 2625.5898004011465
-1903.3615190612786 2623.222432001667
-1917.9261219433272 2591.4735944569125
-1924.2299652713268 2549.308737825199
-1964.677939200089 2552.4266091741974
-1988.6846498532054 2533.766832887003
-2011.2645267066594 2513.31971774612
-2033.0035441991145 2491.8973873885416
-2053.878074361638 2469.519964619952
-2072.571516113754 2444.6824559835854
-2092.2871439060796 2421.2258274364535
-2114.388714391298 2400.61687165085
-2136.287702525948 2379.806473652092
-2155.957268473342 2356.5831741139473
-2176.060934223661 2333.9322634870205
-2197.3068855386437 2312.561880418439
-2216.952099770246 2289.561614659954
-2236.3590704028024 2266.396723485788
-2255.5264417971102 2243.0696534780336
-2276.5999438772023 2221.6781259980753
-2296.748328626641 2199.3969889382706
-1590.8493982211485 1494.8870165264698
-1596.5558133089853 1472.6145235564143
-1606.7396355029286 1454.0552753261877
-755.2648178592909 670.5781497364584
-724.6407029731117 631.2027024614473
-742.7568793503478 634.6977376497673
-750.2742368557491 628.9114162666499
-757.7485055224671 623.0394870138391
-758.9514428011303 612.0602155589618
-755.3087473149874 597.3924139369905
-760.1489113825265 589.5910722899048
-766.5010147267619 582.9624296838041
-770.3907200028615 574.4729223675147
-774.9957787930526 566.5523301981466
-775.4557371004008 555.6837228118833
-779.8713690008204 547.7313646421813
-781.7347504549447 538.0444033080778
-784.3139290030751 528.9306767164854
-785.9564368761339 519.265326526788
-789.1655460214016 510.70318284963054
-793.1277514147472 502.6622821893313
-797.0084995930428 494.5922073551572
-798.2436422466068 484.9361685963126
-801.946240996019 476.8345903480105
-809.8887610162529 471.22096173616745
-813.4512561238577 463.0259754166262
-816.0575140884947 454.31941814070217
-822.0851406555732 447.517621455632
-827.1742014960531 440.1725120669927
-835.7466219265117 434.61659418207256
-841.6130335413627 427.57864980995606
-851.004134300207 422.24633024332513
-879.2686234165893 425.92920523849494
-988.138708785436 467.1518941413502
-1013.4093580846804 467.3943441531956
-1019.6194997737321 458.5848620279179
-1028.5010840519512 450.90411409074704
-1040.0871238450795 444.2744363697628
-1049.7926470260365 436.69714705968426
-1057.5936882542414 428.22492987306384
-1062.536862635472 418.54440091914734
-1071.9745575825548 410.8217957894715
-1085.1816216022612 404.1594340562729
-1091.7750643158827 394.9027841609254
-1098.2902232619733 385.55749958620277
-1104.7260110221735 376.124235553941
-1114.8799142955836 367.85700577843016
-1126.8807698829353 360.03990121657773
-1133.1003206785438 350.25656778736
-1140.19349809054 340.67401854567294
-1151.0496597352626 332.09739659222885
-1160.8814899217816 323.0776475663155
-1168.713294391742 313.38352782493473
-1173.5602776632456 302.8205321489374
-1181.223630648672 292.9159169406289
-1181.994321900001 281.2728621750708
-1063.7030705656975 242.52170556283514
-1208.5957929712147 263.56253377952015
-1223.7605414867712 254.77467907938671
-1235.9233401244037 245.1397506234706
-1245.064402721141 234.74163047199033
-1233.4464227175783 220.49698928830915
-1176.3149678630025 198.82679995781092
-1163.3288694641742 185.33737203059218
-1140.3042876074646 170.6315670209728
-1126.020933115545 157.6256901193375
-1114.5698319519447 145.29311650113974
-1103.980131303422 133.31117615293547
-1097.2400695588365 121.9845471956177
-74.615777524534 7.581935399965347
-72.6925441227286 6.692834150429539
-70.75934685881886 5.840790367181639
-72.80608941569292 5.317268471135094
-71.85511617044939 4.5653346132811
-72.89360713321771 3.9398019122936527
-71.92858735258028 3.2059821369164396
-74.9538349196322 2.631089287828103
-74.9753590198013 1.922378696276782
-72.99044401033288 1.1811363911343384
-72.99834839212845 0.49105195390857365
-70.99973598848388 -0.193622223899808
-61.99553669440541 -0.7439287416360673
-72.9833551456847 -1.558804567243151
-70.96652007670272 -2.18014407848436
-68.94462218563316 -2.763887059975152
-69.9145251602084 -3.458203525327512
-72.87392988012019 -4.28839641676543
-72.83061889234432 -4.970005207049358
-72.78093278062647 -5.651178955043771
-73.72110707080174 -6.418595816483915
-73.6578292102407 -7.108037424986587
-72.59366998170118 -7.691493911319017
-74.50534154857391 -8.599655849529482
-70.45247046091944 -8.800534412936177
-70.36705063306471 -9.459290946138985
-71.2652666969795 -10.259715522780645
-67.21248391331848 -10.31901188108168
-1242.5774422607515 -202.6876907577988
-1232.7434942450539 -212.94242742228354
-1213.9731829480143 -221.4161491017925
-1191.2254883513563 -228.80305046496335
-1167.4673997929367 -235.5862271456447
-1161.298806486886 -245.67067804712582
-1149.185839811511 -254.36372692802024
-1135.0641110329548 -262.40134116457534
-1122.8379088816953 -270.6659017648546
-1110.5572701690219 -278.72486375407914
-1102.095366198336 -287.5879062202644
-1104.1824783376537 -299.19400818217775
-1079.192718499033 -303.28876724776194
-1073.4275699908105 -312.5336013673148
-1099.1808139419734 -331.2182637806392
-1109.4001496995518 -345.65200396730245
-1128.0116282123988 -363.06303394536417
-1791.712797981772 -595.2388172392072
-1783.227396498786 -611.0033161744389
-1777.4329040269472 -627.660156201055
-1763.964597008444 -641.5277862266282
-1767.2507645537441 -661.5086811102381
-1765.650546981621 -679.8103749896019
-1770.370875926079 -700.7160349761722
-1778.6196170402266 -723.1267232509653
-1790.2427742257194 -747.41608848927
-1804.3232278551338 -773.1666634189753
-2094.541833511997 -920.7814657497191
-2075.8205144829376 -935.7874714120675
-2013.4296294735777 -930.3897716322398
-1893.481599505189 -896.5224103921057
-1863.4292521627517 -903.6992985413721
-1771.6096113826927 -879.7064196971991
-1690.21423641848 -859.0645115521273
-1675.9048886135868 -871.5869459331531
-1678.283633796525 -892.8409962197811
-2274.220109109269 -1237.2727651261969
-2257.3189716232637 -1255.5477132907736
-2220.280627655438 -1262.2479686883926
-2010.3803547357995 -1167.9023200988859
-1964.984286079026 -1166.2168561046012
-1937.7561830675054 -1174.6731353800733
-1926.6980058691197 -1192.724106480605
-1923.9247782920809 -1216.013752995322
-1914.1615700337563 -1235.0180095067053
-1911.7276727358858 -1258.8956689479214
-1906.5238853343697 -1281.1618456110607
-1900.245584924149 -1302.8747894468902
-1891.2691666665978 -1322.862403735261
-1886.9691613813338 -1346.280574024533
-1882.3959625462153 -1369.7333463815894
-1894.412761723575 -1405.7315846984652
-1997.6264923920835 -1511.460683211211
-1981.8359152110472 -1528.8346559322858
-1970.6114651121638 -1549.7546430220787
-1956.0478987501754 -1568.0961761942485
-1938.2161950206428 -1583.7698637616834
-1921.0310398943866 -1599.8874159647273
-1902.9517020532621 -1615.175166863518
-1887.0236172301557 -1632.2275784998913
-1869.4427154870043 -1647.8009386793588
-1856.943500856282 -1667.8659522358546
-984.8200417622176 -901.3070982431371
-977.819899064831 -911.8318074035603
-963.5234370418366 -915.3488877313863
-960.561557553602 -929.9948893140211
-958.1200321216886 -945.3687132791811
-1755.813718063598 -1765.5645520511803
-1738.320767847514 -1781.393249136762
-1721.3771414151422 -1797.7713250058898
-1704.9639359862697 -1814.7170514948625
-1689.7396855810828 -1832.983577387518
-1673.6513985850206 -1850.382662049773
-1658.0487503426318 -1868.3892371471306
-1642.2549868855774 -1886.266035862771
-1626.2711688822274 -1904.011051770035
-1610.098377877833 -1921.622286911549
-1593.7377162290627 -1939.0977520148313
-1577.1903070363242 -1956.4354667074163
-1559.2168669720645 -1972.0645937062554
-1540.476046875095 -1986.7384198741615
-1523.4128875778117 -2003.622263292618
-1507.961007500045 -2022.7660764061297
-1492.8729362066097 -2042.6038275548824
-1474.0496427161718 -2057.4592707532092
-1457.3775261311494 -2075.4148371657775
-1438.2296820087818 -2089.943631246766
-1421.1736247323136 -2107.612281318653
-1404.4628778866875 -2125.979309550835
-1389.1612738677425 -2146.737048449612
-1370.9155465454933 -2163.171644655105
-1353.537522687302 -2181.152258481173
-1336.4608485579868 -2199.8519041680206
-1318.128891922135 -2216.7041354858625
-1299.5974018688905 -2233.406051987777
-1283.3412574933552 -2254.3006048030447
-1265.8325489083982 -2273.339384721091
-1246.6434498411725 -2289.6133099211534
-1228.1991601027278 -2307.4927568950143
-1212.2966233542113 -2330.5505566290503
-1192.4425893606585 -2346.3811862267494
-1171.9526673048988 -2361.148649618853
-1117.2744658543875 -2305.545872011614
-1062.0468520808217 -2245.5094041186326
-1013.0976120537592 -2194.4298185293987
-960.5450124943818 -2133.7650477435814
-914.4658930113554 -2084.2092338627963
-783.3428236206071 -1832.600071123565
-705.5235435628634 -1695.031719313388
-685.2185776068329 -1691.4787911476953
-677.5106755256116 -1719.326404307463
-731.9384430897842 -1910.5973190411692
-715.453550759061 -1922.167322765178
-702.5533047643254 -1943.941319578532
-684.33894896071 -1951.4876896704604
-670.2294582990556 -1971.1713454766316
-647.3588175361355 -1965.1176965663446
-616.4613616364961 -1933.084682472363
-600.6760286524997 -1947.4681790987654
-624.6597676886271 -2095.893407268411
-641.7197672864909 -2230.523871262931
-622.853813884198 -2245.2067001792752
-604.798699485494 -2263.596150619773
-586.947340352878 -2283.7812547730314
-566.3692046168021 -2294.1218197954813
-540.3474545005919 -2281.896059949868
-470.823106662995 -2076.2867341078413
-448.6975843857785 -2069.9262010434977
-484.66044455512923 -2343.4063355473854
-476.61727426073134 -2420.5216325982856
-452.9919311576673 -2422.0021284685213
-427.11350064158654 -2410.4518368077156
-398.52481065300896 -2380.876724085895
-371.317138349502 -2355.9177792885594
-347.10808005866966 -2347.4763003613016
-325.4200312394542 -2355.6285367748696
-313.5457814856338 -2440.9444981221022
-287.45396933341164 -2419.9874411894093
-260.9220962868244 -2390.8041868102223
-235.46756865037165 -2366.313382482101
-210.50343323604588 -2341.5570256980373
-186.35260959328335 -2320.529401860225
-162.48046206866485 -2297.2612170682623
-140.16744677203326 -2291.7174971766062
-119.94860579350136 -2312.8917683212494
-98.57916887150694 -2331.9172685720655
-77.05272023324684 -2356.7407320926623
-54.806050622263015 -2370.3664899789633
-17.033682361902706 -1256.8845824757316
-4.810760788622967 -1206.9904127956586
6.679248084664729 -1196.9813647860285
17.992481933571412 -1187.8637424359201
29.181326345868655 -1180.6394242920637
40.43924634459433 -1179.3068588603567
52.3317805027129 -1192.8526249077947
137.67569979749229 -2575.322582063317
164.12896280429393 -2602.83032170151
191.1933892950344 -2631.062349677384
218.73073394882917 -2658.0153998850733
246.89254335030034 -2685.675533648475
275.4011582501289 -2711.0476207611123
303.6434675837688 -2729.1604285189437
320.6096670836471 -2650.6809391876104
328.9767607347402 -2517.5971264077334
350.4021183888661 -2495.5196563899462
371.43545154830207 -2473.264382417114
393.4970430499029 -2459.7237806532225
416.6729646688278 -2453.8754329660032
276.38329592778564 -1538.3696804513843
289.5961975502939 -1527.7954844691783
307.71848420951613 -1542.607641131016
510.23768145138587 -2436.1400839087873
532.0170303997958 -2424.310598781555
549.3669042928612 -2393.769413387112
568.0456744966673 -2370.900274512959
594.575383713958 -2380.8813731644423
626.3788215963676 -2409.9272959688114
653.8362389286832 -2420.237007539467
700.7197104671944 -2498.6029871435703
434.75297444089716 -1495.0715204346554
442.9780016145368 -1470.7367167802645
446.0171202951276 -1431.107867494146
446.8063232772247 -1386.7995923995247
456.57817484292974 -1372.0249160482106
467.6571832414874 -1363.003213115302
480.3496550664775 -1357.5213474850095
492.29489031149893 -1350.0424959878817
503.4379277617455 -1340.5872791023194
514.0847084416686 -1330.1101129404456
525.316074571341 -1321.4109965476136
536.0498397909232 -1311.6933975819675
548.5815861392388 -1306.5019109626119
560.2711596155674 -1299.3541579196287
571.4695073211356 -1291.1880584183461
580.9091323300761 -1279.2847923646705
592.284277749638 -1271.8523241047246
602.2779950604042 -1261.6121498566902
613.0090006102627 -1253.0941565464293
624.52826245895 -1246.2746283985744
635.973178309476 -1239.3494730990703
647.8078273813575 -1233.2047756895224
659.1096152342794 -1226.0662767997985
670.3341415177966 -1218.8244905299525
680.9901914882993 -1210.6086729809635
691.5504651229301 -1202.3006920850787
702.5210453879289 -1194.7636505966573
713.4107453975432 -1187.1268290925454
723.6953815266585 -1178.5389237343772
734.4124838695844 -1170.7101705958257
743.9670739532928 -1161.1003371256834
753.9526621871833 -1152.2518748871096
765.5036736695247 -1145.8133031163768
775.3100999553407 -1136.7806511844049
785.5851805633197 -1128.4861204637373
796.3517248930689 -1120.9143277966582
808.2191782914549 -1114.8590762252804
819.448904807041 -1107.875215180185
831.2212662486356 -1101.5766911731635
842.3380745085657 -1094.361717273225
854.0103708696818 -1087.8213485894769
865.6345265116234 -1081.1576510902548
877.8416993084863 -1075.1455487305843
890.0129192572452 -1068.9985984813993
900.2052290372054 -1060.429887175042
909.9987638932245 -1052.037665539026
917.243922214169 -1040.4002052869691
910.3150037632402 -1013.0994985308857
783.4154893534289 -855.4882647009996
766.2114494045082 -821.0048811069533
758.7658506887122 -797.7940735732717
754.4315228191092 -778.3887700736951
750.5022187556974 -759.8489452797675
748.4193288449713 -743.5680925182593
748.9608594959286 -730.1873944016836
748.5944543859838 -716.1720064778791
749.488980091232 -703.5980874915772
751.6843507896955 -692.4266291657724
752.9941247358055 -680.6062357291169
754.1481816440582 -668.8232353342402
758.9193128942071 -660.3616255629823
762.0769188368304 -650.5711104684583
766.6508856165125 -642.0641864980612
771.132291914451 -633.528995679571
776.2996482856224 -625.5940025860373
782.9550297721049 -618.8581593180801
800.6171463992317 -620.6296680723144
812.8087853133727 -617.8858134942083
818.6052527314222 -610.1855784927437
829.1730171852187 -605.9712101840821
824.2884836406414 -590.5459302521796
787.2711602907099 -552.8545199005969
783.3935524749729 -539.1618884348577
791.7644880403882 -533.9793961176237
805.1129778652538 -531.9944481598876
815.135880829171 -527.6310223867163
820.9248355350229 -520.4482821585593
825.801156224357 -512.6757751040273
833.167481440123 -506.4157855662897
844.7859589978355 -502.6188252344986
858.9989355179767 -500.1568041914284
869.7642811948807 -495.49076192957665
878.7704798041286 -489.69219293840234
896.5251743464266 -488.5525680652074
930.2216253299792 -495.58422873256535
972.0258260646777 -506.3415778536074
974.0643629527381 -495.8302298423085
985.8408926243817 -490.2231475864459
1013.7892244983178 -492.30113578083404
1029.2109325754518 -487.8994325341738
1021.9486178766371 -472.75471697279886
1019.9626354534312 -460.2577780753857
1047.1227754947226 -460.72756922093185
1064.2700242502597 -456.3916251229327
1065.7408185684983 -445.22074034904
1062.4644142583172 -432.1786302383897
1052.529126146333 -416.6610596319706
1056.3954945002 -406.7586006462288
1074.216872219224 -402.0784891529855
1096.7412506381063 -398.8077596396073
1124.9550550513604 -397.14622510404206
1154.1782593320036 -395.31322477922004
1171.1263571164213 -388.86894407656195
1149.9753801595798 -369.89272097032347
1134.30226205473 -353.1322391081324
1116.5023562627284 -336.12272827015914
1098.4848755472965 -319.47922967517127
1084.1063065482751 -304.2852544936365
1069.5407731218947 -289.3899352600566
1054.792620431853 -274.79542915140473
1039.8662175337308 -260.5038380371613
1026.710484151189 -246.98498281076024
1014.3683390192671 -233.96126345036933
1001.8734212603462 -221.19142789016277
989.2294135101438 -208.67718477681495
975.4596554459428 -196.2229869237616
964.4911207299693 -184.61007023737287
953.391627771246 -173.22068033492354
942.1644094289583 -162.05624210558
930.8127136754262 -151.1181394147942
919.3398031105521 -140.40771494704737
907.7489544746542 -129.92627005410515
896.0434581597502 -119.67506460878116
885.2190157190361 -109.77838680460272
875.2822792721875 -100.20943863770705
869.2121365518708 -91.35787689592908
861.0720197047096 -82.34061501866563
852.8400001774954 -73.48424387070702
843.5213112695761 -64.71319366292248
836.1094758785893 -56.25783808529066
829.612265163503 -48.005098586313196
819.0390988566755 -39.68569697063136
812.3807719099312 -31.725091505373022
806.6453426109745 -23.92260947354068
794.836775778173 -16.108999675907434
788.953298860046 -8.584417152672303
782.9991233528904 -1.1716776882208941
773.975923548115 6.104897037829491
769.8851557084123 13.298384106116595
762.7289557584469 20.335684095430768
752.5110410779001 27.131772073621313
746.2294984122414 33.91954745297605
739.887357643985 40.59184645469897
733.4862326018552 47.148134465079195
723.0385634841193 53.29386188691037
717.5238254237105 59.66204781370321
713.9451584692346 66.11588839560169
706.3294938295255 72.10163761334631
699.6588061237646 78.06122605665621
695.9172418739673 84.26263977902683
691.1295869369511 90.2712249853703
684.3101581591828 95.91979691468423
676.4571293105195 101.30030703295634
670.5390678089944 106.85671968502879
667.53478445691 112.81095487614115
663.493562331254 118.54236687776405
656.4556627813795 123.65258914499073
650.3617392930392 128.8355853936829
643.2497101487904 133.71166887559616
639.0353098715976 139.10381999539493
637.7018508927766 145.09427751612708
632.420419379914 150.14797085320072
627.1006394046801 155.1154023888067
622.7121121201965 160.24551606458104
616.350648068278 164.79040817296877
610.941707334267 169.42913043361483
608.3308107390308 174.99321331295556
603.7527859396029 179.95158646193727
595.3136027897677 183.65923427224303
587.8120686481957 187.52592341201495
585.0402859903965 192.83117945051083
579.3807834908667 197.1342378216159
574.6364300492672 201.67789482299133
572.6795207363103 207.1694150429303
568.7960110492871 211.9436194237023
563.9400728773367 216.3044017192073
560.9134353514851 221.32581874285543
557.8424246749079 226.30914526995986
553.8044849455839 230.8692107106456
549.7305298813379 235.37277777258666
544.7057985178374 239.4171945810184
539.6542631714896 243.38709136031986
533.6692881919445 246.86249379098334
526.7640204224897 249.81726679382047
522.5496918000475 253.97405300478118
518.3042164510027 258.07312763848944
514.919175939078 262.5685477170121
510.6091728060121 266.5600732412116
505.3880954458664 270.021986107798
501.02522433068583 273.8881607232885
495.7619870624642 277.2075976301463
491.3494593562896 280.9478755753137
486.9109123953815 284.6291682001287
482.44707023735015 288.25132162645383
479.66565269232626 292.8563839619083
475.9918099494829 296.9053668444128
473.9712116648532 301.98557997518856
470.22052724383155 305.963487623169
468.1030421017777 311.00408674977456
465.93206685272446 316.0321329838919
461.2411182298349 319.33936627683636
458.9797690827637 324.31708492266165
455.8541838908539 328.69585185883255
451.8813331810494 332.45189234311397
447.8784191343281 336.16204674789674
444.74229640431827 340.30029354823284
441.65943814093055 344.29194109220384
437.75764674239764 347.6337767228009
435.3865006511849 352.1911342591062
429.8815895484268 354.1903710821596
425.14219289093717 356.7619876386569
421.15167025943424 359.9267573238877
420.15596694428257 365.6746688534974
415.34882597356733 368.11730842542477
412.75900584325854 372.5130911730283
408.65102088235693 375.53873719206047
405.2522610262553 379.2039094380592
401.0966285138679 382.1485242609321
394.04984937029167 382.26393527411193
389.8796538245067 385.09460595246304
387.10069442192605 389.2994379369981
384.2775630948492 393.4853929968484
381.41037497151115 397.65201604429376
378.49924979903915 401.7988525388849
375.5443119428903 405.9254485337684
371.20076009562865 408.55109313821146
368.17197451482326 412.623796189527
366.4179351772225 418.17926392931156
361.98463343260846 420.7043203470343
361.4078506373283 427.76671854844744
358.17909529063763 431.77394050218027
355.53893128196165 436.5330094539021
350.96849825680306 438.93634302864973
347.00110473908154 442.07944230630875
342.3952344817966 444.39453574965967
337.7758597804674 446.66258915378853
334.3353802507253 450.4895709254576
329.6759033832898 452.67405351799414
327.3298573502127 458.06567704543136
322.04303594608854 459.3574675550908
318.45955232591825 463.06318524838025
315.9538163901615 468.39960067072235
311.72249023930215 471.2261549182178
308.01006651173566 474.8534499479141
305.33076600945526 480.1396914733037
301.92334510804403 484.6475974135939
299.44187907149814 490.87631951249216
294.3062272338542 492.80812149494346
290.67467638111793 497.27681678390394
287.97808977380424 503.4566712342093
283.7258730991735 507.0114682471312
278.4719968437923 508.7763231262152
274.1537683454294 512.2506332860904
270.2583682768515 516.5746938985046
265.3954036936661 519.0898570558628
260.9558764099566 522.4538549643513
256.0381120120532 524.8814010777132
253.24757752609221 531.7768935156603
249.92846034661346 537.7590210389513
246.51917426213106 543.7253872324861
243.0197255965231 549.6748247564105
239.034382370417 554.6878077304325
234.97621430435183 559.6741719171927
230.08850209171632 562.7817349605353
225.16311383962335 565.8467744593449
220.9223865169455 570.7340003326044
216.25741993303956 574.6553126213182
213.25525671405873 583.2351116692314
208.10338261086125 586.15440128512
204.21828483522762 592.8101653471858
198.6423204803397 594.7017979745698
193.66462382563515 598.4438265020998
189.23199909055467 604.0531851751072
184.13105497109342 607.7176602627508
180.38277347078332 616.1380162228169
175.13268335830193 619.7294112915093
170.35679351086605 625.2060163695613
165.7472205641297 631.6144859605943
160.2980086731941 635.0823162515302
155.74069435741634 642.3907192052744
150.83365149145283 648.695005050721
145.82183885014547 654.9633511230703
140.49735849529907 660.2162465858012
135.0870068565706 665.4265553601937
129.59111746254064 670.5931272200827
124.63224027423638 678.6507236305175
118.60120552811006 681.7607747936801
113.33342982379423 689.751066461209
107.62029977919013 695.7254279350707
101.94854733977526 702.6425077486485
95.88778555377127 707.5320011007234
89.86918163365715 713.3614302669417
83.74956189887529 719.139771450409
77.63570955280788 725.8599703815
71.50006877145111 733.5235103019382
65.13970709226984 740.1390535297629
58.73975697893448 747.6962223724657
52.20366466030324 755.197839904243
45.53191490518655 762.6420161026186
38.67478897030399 769.0281273777327
31.86520521020591 779.3488363351238
24.833821011124332 788.6090801747007
17.520952629014378 792.8064178719619
10.195049444099526 801.9351974859517
2.702682108478574 811.9955021485159
-4.953376370427204 817.9850023457233
-12.75247992522953 825.9015523994107
-20.700583495244732 833.7430574481303
-28.831159490910796 842.5068333505727
-37.12800633889888 851.190643243509
-45.537381353704255 858.7935414868042
-54.217314192326626 868.3089789019635
-63.008102499015415 876.7388317050144
-72.123892585714 887.0727952757228
-81.43909630329163 897.3119154415053
-91.05245619511282 908.4483750994534
-100.88188675459381 919.4823788006127
-111.04468632429152 931.4038209279258
-121.69536501495433 945.1979888541221
-132.3405399358285 956.8918337458489
-143.06945195753872 967.4787501111172
-154.31968249234149 979.9231784152587
-166.1455255886055 994.2130879881265
-178.078837806404 1007.3812225396701
-190.0903768959289 1019.4285892653608
-202.6129138729277 1033.3232829719466
-215.38323659246254 1046.0564331788964
-228.6226465230733 1059.6167635031006
-242.79733425859752 1075.9453770879445
-257.30029781097335 1092.0991515180224
-272.367984712197 1109.044490047093
-287.7780939981733 1125.8009453783463
-303.5283860247615 1142.3635668547922
-320.1483661520041 1160.6554284757394
-337.96518956627773 1181.6177599551515
-356.2056869930317 1202.345003962599
-374.5738937669357 1221.8749519113142
-393.9461426523523 1243.0697634040225
-414.37339950709315 1265.9062705354354
-434.94607780643315 1287.5181200281418
-456.94986447938624 1311.6851075438306
-479.10991304452574 1334.6076918789531
-502.0893209020288 1358.1643176862435
-528.3999157979388 1388.8806748546583
-554.9695647291542 1418.2869181601914
-582.1402729881651 1447.3122339582653
-610.6710037101101 1477.7963070828425
-641.7808819855945 1512.4702640110954
-674.3968477268483 1548.5186120212086
-708.156864938658 1584.99522227679
-743.0804541259591 1621.8777508480591
-781.7373069480499 1664.5743548804332
