-1097.4995923539918 2243.9916766295773
-1167.0536558404135 2331.1874151147795
-1243.7713214338482 2426.841960239418
-1329.3643026120242 2534.5284671790228
-1419.9359537591981 2646.089735292807
-1523.7962049581474 2776.316647242376
-1588.148951662592 2829.807044187467
-1611.8443830661763 2809.4623479908073
-1622.146186087199 2766.4943070541017
-1656.4505242684083 2764.7605069247707
-1683.0358233085715 2749.830252481058
-1706.8364606012683 2730.4046031242574
-1730.42041907527 2710.77501339513
-1754.3319833523096 2691.78162044902
-1777.4853272675282 2671.74604170169
-1799.2933357142533 2649.8589570115378
-1823.6944217232283 2631.908557715404
-1843.8759184916948 2608.017944187963
-1865.524071459372 2586.4146880973376
-1889.891961591638 2568.662954439782
-1914.090942759369 2550.6816467067288
-1936.9033496075754 2530.8841171177623
-1957.6669212275542 2508.518332707861
-1980.0489691153384 2488.3339968551822
-2003.4845134433817 2469.5039591773357
-2026.1036565443517 2449.682626982036
-1404.5754101138398 1665.8958302677688
-1415.6990000144444 1647.2341489169357
-646.4158746583322 737.9075260421886
-632.7164274510428 708.6394869280072
-654.1943034197095 718.8976376183198
-665.7213399731775 717.8134141295474
-663.5478686577387 702.0400458661687
-668.073883538806 693.5750039710038
-673.1998567443727 685.8009571875472
-676.8242061593372 676.578150664639
-684.6179196241976 671.5499267585662
-686.6131219452084 660.8868441515949
-690.6492843188204 652.306343729617
-695.3182302693317 644.3885153035587
-701.3790306939717 637.7863712112267
-701.2939325579974 625.9287660407842
-704.9143622980288 617.3044158484234
-709.9516533904754 609.9710237774663
-715.6779900748286 603.2420861664525
-721.3405521881259 596.4593932271748
-724.6089029715639 587.733730301696
-723.0816690236023 575.2642001046489
-728.4797972492129 568.4128649140039
-734.6071800500698 562.1185738070609
-738.280961375929 553.9586826378246
-745.8937963928624 548.7426031416214
-751.8516101052516 542.2620735236246
-759.3865589909864 536.8724746379061
-766.8865347746633 531.3887868419027
-776.8323235112134 527.49648448892
-790.1027771312472 525.6791812212947
-810.9472015399595 528.5722621501326
-914.5167466300435 583.8528240346197
-939.4894572587134 587.3870612294145
-950.1096672915537 581.6249823719173
-957.2732678360911 573.6583396817407
-965.2335601989848 566.114100041319
-973.1364939167044 558.4705580489486
-982.7248683415488 551.7071987414025
-995.7781434719278 546.7374954981602
-1004.4191144851364 539.2051951315885
-1011.2353099682127 530.6290115264079
-1022.4281468659061 524.2534544438874
-1032.696064226168 517.2657333825456
-1042.9226882703829 510.1306364950821
-1050.3989356098848 501.55565600401815
-1056.8995542205198 492.4625186635698
-1067.8738312069354 485.3601555787429
-1081.5503637124966 479.30972319927554
-1090.6168731291014 471.0613930753631
-1097.7801674631842 461.9087614718984
-1109.4943528356719 454.55833621852486
-1117.4513812111138 445.5461935976718
-1126.2691437282747 436.78577802577166
-1130.3421072758626 426.13462722379404
-1023.4491920336403 375.0356667380967
-1135.2967651618937 403.88891419911465
-1167.4227337117143 402.9257509927452
-1184.456245352543 396.3135158499601
-1193.8576403067598 386.94823255982845
-1199.3706989863742 376.2431745732218
-1137.8020591855964 345.1484812555558
-1113.184539367525 326.22106203173195
-1092.1623588710686 308.87923508255307
-1082.491377335928 295.1210226218482
-1072.6589959576143 281.573575449123
-1063.6379261662933 268.4834483178932
-1066.1285638276015 258.4161090003794
-1062.6796651840057 246.96746588247115
-1057.1578326687215 235.17295088332614
-1057.377556393244 224.75253777399783
-1057.4949149105419 214.3490259794665
-1056.5283440972141 203.77403691147413
-1048.571052990201 191.97590169347095
-1035.5594519545639 179.4926780332927
-1016.4855866005281 166.30409566027018
-62.26677515946892 9.583773329964776
-73.2419052167103 10.565193809222166
-76.3116956145697 10.272541673279472
-75.41312132005349 9.42661831023688
-78.47908643729794 9.057206631579037
-78.56120375525308 8.314882111347782
-78.63629967100712 7.571814449097689
-78.70436747286779 6.828070056450246
-81.75649225742978 6.3147425728072575
-80.81482275163181 5.473976947552213
-77.86803634515891 4.535296655017107
-76.90861883998043 3.750246408785326
-74.94217771805421 2.9444861819301713
-63.97155422507271 1.907943927001664
-75.98424505448952 1.547418333639902
-77.99535939001169 0.8508311365462163
-75.99991961486172 0.11053748032118159
-76.99753636687004 -0.6159492126188716
-80.98766330766769 -1.4136449214199387
-76.97250322128755 -2.057607311630976
-80.94734158322542 -2.9202552300483284
-76.92067524432282 -3.4942409701424855
-76.8847055079986 -4.212132351710826
-79.83588147984639 -5.121721227860668
-76.79267021167432 -5.646751434322974
-70.75713635968081 -5.867508344905409
-1170.0233132823382 -108.02984021009809
-1149.0666334908003 -116.92250338629819
-1136.992492645055 -126.42812847141371
-1125.8347681421924 -135.83841445708956
-1112.6180242784853 -144.79341162718603
-1110.2275303556587 -155.03493425797555
-1109.720983861597 -165.53953599442414
-1079.4859067321736 -171.34519884320403
-1092.631329911062 -183.90426013766998
-1110.5577430099534 -197.59934068877524
-1127.339111603193 -211.46046308878573
-1148.8623206253505 -226.6194348402939
-1834.1273380661337 -379.61283929608965
-1822.6853023600293 -395.0231493985236
-1816.9678186224398 -411.578602566281
-1815.9661837020863 -429.21185870206466
-1812.8514257041309 -446.38403681415394
-1814.4178434745145 -464.77617116338104
-1824.4956312680513 -485.5509154391487
-1831.4506441922595 -505.7554131077174
-1851.645950184963 -529.9842216176112
-1882.0929520656348 -557.7590158705322
-2175.1043748777065 -666.7427977772709
-2155.4392809575343 -682.7902358010597
-2097.6472170409147 -686.0941282655792
-1973.660177005365 -665.9988781545738
-1947.5230439859245 -677.4939063517836
-1859.2143119711086 -666.293585562549
-1761.9096929256514 -650.0447938216543
-1747.3506404257919 -663.269733519912
-1770.8928522942297 -691.1870265660428
-2383.422210466991 -955.9929741648956
-2371.620478617746 -977.0574729262008
-2330.223039478295 -985.3733233067231
-2098.998254686587 -910.5769197726579
-2068.5565714305553 -920.2009078410356
-2034.4788420464674 -927.6808940930418
-2027.6218476268712 -947.3086313478798
-2031.4001747532973 -972.0685829776996
-2022.3206891836533 -990.8193730946895
-2021.113250770252 -1013.5197223344519
-2023.2170673636526 -1038.1082305465172
-2019.725194514972 -1060.0335554318358
-2012.4758057881363 -1080.091260550418
-2009.411469986225 -1102.5105642522426
-2006.103965727707 -1124.9652788826716
-2017.3025478304403 -1155.9045940374208
-2142.880269800376 -1254.3337471742784
-2133.7597236359866 -1275.6431482937844
-2121.0139774628306 -1294.8068224284673
-2108.0963511823575 -1313.8438926035428
-2094.164355312513 -1332.2160684132757
-2081.750476836421 -1351.5320759017645
-2065.8237750255607 -1368.5233394206841
-2051.418190285628 -1386.455700181307
-2037.6810672380184 -1404.8063454511198
-2024.598076555099 -1423.5967225339464
-1075.9662890819886 -771.5390753287447
-1064.746587612405 -778.5086410360127
-1046.2746771909256 -779.9578833943693
-1042.1992719322902 -792.0237859962313
-1045.1048287048566 -809.5924264824816
-1939.3623067105912 -1531.24617332099
-1926.672000172382 -1550.3754396118875
-1912.2471069463443 -1568.1326480803007
-1899.9606123273143 -1587.6793352578527
-1888.2373096005074 -1607.7810369054107
-1874.0383606470298 -1625.835546057286
-1858.9176418293382 -1643.1026142318844
-1848.0964495034107 -1664.2441267232662
-1832.6215248222554 -1681.2695639778146
-1817.720355820604 -1698.8339259725822
-1801.9267423832498 -1715.5768753058223
-1785.224756887979 -1731.514241175699
-1770.7012545061689 -1750.6333331940984
-1755.9751100468677 -1769.632846919352
-1741.7448188024637 -1789.2272036202594
-1729.371977209205 -1810.8806046903053
-1714.69267404953 -1830.2713005346698
-1699.1236835207617 -1848.8103494136
-1683.3567020968992 -1867.2188445668205
-1668.7177093998648 -1886.99290044644
-1654.509343569909 -1907.4128635510112
-1640.0625891540478 -1927.7333071919782
-1624.096714825426 -1946.4159013153533
-1607.92321373984 -1964.9691953607173
-1594.6723638976746 -1987.290630939773
-1579.904278854235 -2007.9660031131202
-1563.6644808488886 -2026.9566821546964
-1547.205600011924 -2045.8200877134193
-1534.6973432528262 -2070.17706117441
-1517.749159185547 -2088.8182041028763
-1500.0044040346447 -2106.509622070754
-1486.0653792678236 -2129.793109328129
-1467.302688853908 -2146.3976377367944
-1452.8094749056243 -2169.4851070298787
-1438.0081448711474 -2192.4909521556165
-1358.5901779965777 -2115.284550184969
-1282.9167870794654 -2040.1530622553057
-1237.6425195745255 -2010.612342979427
-1187.3774368986024 -1970.973318526688
-1140.0187150961578 -1934.006806924553
-964.0999245250293 -1671.948365091109
-893.5256641425678 -1584.4156296624262
-872.5234682995041 -1582.388004652021
-864.4527238573781 -1603.8720298750643
-920.8245695245934 -1748.330092448176
-928.7520456391072 -1805.0816152521118
-911.879160234255 -1814.7830165423277
-897.1076377786018 -1828.8157059253667
-889.9230298029049 -1858.9669176793916
-870.8177074487726 -1864.6824181060065
-839.6657195142733 -1843.8105866581245
-819.6920219933819 -1845.1195053655472
-806.1203526560199 -1861.9911323724757
-891.3882645823163 -2113.7319985667355
-879.6474858604337 -2142.4463355284815
-863.3600865244492 -2160.9114653304273
-848.2498625665197 -2182.9878997960295
-830.6779534667698 -2199.3578921185745
-808.3937907946702 -2203.3856854860032
-736.1165971375237 -2066.825671269513
-686.7550631846152 -1987.7063372616929
-706.6077588597709 -2109.817640252155
-752.2808392203328 -2319.0337511433404
-732.0395384543368 -2331.7920392135234
-708.7191038494748 -2334.8056090044834
-676.9665160046753 -2308.7988947087815
-647.1333794778218 -2287.21389230776
-620.1394814501011 -2273.9560293784925
-597.7728891998954 -2276.8363078925127
-594.7428008257236 -2356.0944380194046
-572.1242448654049 -2360.659833274839
-543.5886461910208 -2339.6827527962446
-513.7667682041351 -2310.56977992206
-486.8326042735073 -2291.864528155247
-460.10163323445676 -2271.8781849155084
-433.6050483806637 -2250.61117521859
-410.43162226898653 -2244.78726908401
-392.1823145198222 -2266.3170634705716
-373.8834188758215 -2289.674909040523
-355.3280581948019 -2313.8761788521683
-336.34679739609055 -2337.9296037052513
-259.08546264470846 -1930.6938449806528
-237.6642901924825 -1908.2569756632106
-137.00264454458667 -1192.1536291048187
-124.21818511850248 -1179.476935970291
-111.59146752237632 -1165.6707701474727
-100.4399127672046 -1165.6808413641002
-89.29822200008542 -1165.5843288014914
-79.23819947426018 -1181.345549678026
-148.6902486539071 -2583.725064699269
-125.65471859740177 -2615.9839242040857
-102.59425988482454 -2648.013296386309
-78.2134645339823 -2682.8601629540053
-53.05697364145652 -2711.4809528278106
-27.179527210984173 -2721.8643010445226
-1.0869149498923296 -2679.999779592508
23.274534127965406 -2536.893237024595
47.088278675749315 -2510.55844265999
70.68294945953367 -2493.998580724476
94.15423133667554 -2482.214934432834
117.54869892614913 -2473.2080994895614
88.81415582490085 -1554.4648743941145
103.23498697625348 -1546.5582877680404
118.19795407528012 -1547.4925665903595
211.9527794400297 -2463.9003671592823
235.92718637816674 -2465.738705282391
256.70808726711203 -2436.5140996784035
277.2938823154346 -2410.1004341791304
301.2356083283251 -2414.2796251211385
330.34865128950537 -2455.8814646866012
356.28742898251227 -2469.4299479736273
394.5456367756331 -2560.7840089514207
421.97003551023806 -2574.6499352594496
263.27845485669286 -1515.2981406998003
273.26698511381056 -1488.117654907302
279.5288859924072 -1444.1968708925538
287.9664526353697 -1414.9951668315343
300.6731031182037 -1408.2598073726558
312.8408939509693 -1399.4593867175847
324.8677890853038 -1390.5556154339267
336.75293019604385 -1381.5503841714851
349.2338201258319 -1375.3533141997798
361.8823373620843 -1370.0110123299573
374.19596031818173 -1363.5884215119875
386.6936771406525 -1358.0176729554887
399.1190534787937 -1352.3327923074971
411.1788133050426 -1345.5783081965378
422.8444847054087 -1337.7636344863831
434.7087844565959 -1330.7998620064059
445.5197599452957 -1320.8891488305467
457.824226875448 -1315.616196801293
470.0028468847389 -1311.3147310696395
482.6070937750474 -1306.7285077773433
494.8111300335035 -1301.086448163598
506.95129262609845 -1295.3306091128734
518.6531223973486 -1288.5340269575659
530.2711390411642 -1281.6323650329632
542.1956000850662 -1275.5469145619047
554.0520713398867 -1269.3507404354327
564.6129961725078 -1260.3067739852484
576.3041140200344 -1253.9033328624591
587.9243048215346 -1247.391683393839
598.1674768271738 -1238.071350797769
609.1731956584232 -1230.4621155042946
620.5402105865604 -1223.6477626527935
632.2933751705509 -1217.6161495789356
643.518540411006 -1210.5886535678783
657.056336409125 -1207.850144175435
667.6831103113601 -1199.7200774367946
680.6877587321333 -1195.842872250458
693.1764765647372 -1190.9619525145613
706.6568743115878 -1187.6700139298696
718.0596340698602 -1180.8108916839558
731.506953158255 -1177.2398130717152
745.4878164945809 -1174.363195718489
756.7606511232655 -1167.130805399074
768.5154203149222 -1160.62399110917
779.6548991380247 -1153.1705156871105
791.2901430524811 -1146.4331247429934
801.7159835628511 -1137.9435318590506
787.532578070199 -1095.2595301927786
686.8247170532012 -936.0517122706364
676.6275749726517 -903.7788030190952
671.337367860006 -878.9437629989753
667.4767943848884 -856.6625525594505
666.983647533963 -839.2358511898133
666.2176034690569 -821.8990843333179
665.8175040278137 -805.4266269066179
667.7408770170983 -792.0972927364644
671.4254405217457 -781.0812235742067
674.3009955195525 -769.3160387261794
675.4102881807835 -756.3180168550468
678.4549999276604 -745.495012104815
682.0362304442618 -735.415243492669
687.5487619737859 -727.5147420556606
692.2794706113433 -718.8554337069993
697.6087108419243 -710.8854243529462
704.970671844759 -705.0002495309836
713.7109995309612 -700.4402966338504
734.6722607591954 -707.5709641237215
745.6548736901291 -704.7515940685468
752.2499305311276 -697.7077052863282
758.0388993253789 -689.9290014991167
758.527222760414 -677.4403680999335
726.5087995852294 -636.6639334258138
723.3654175988327 -621.9794792612264
738.3551199231802 -622.8866003400829
748.032443639921 -619.1029504550016
756.9272311155223 -614.5617680882766
764.2380325135844 -608.6618352252468
769.1405105955822 -600.8318191979909
780.3138462260249 -597.8288228146478
796.295196232962 -598.272480109447
809.1325640134089 -596.0952053599212
823.6200704300414 -594.899974436723
832.4430312824717 -589.4392247460717
855.2016691738562 -593.5580047832311
902.0884031848921 -613.6102287603519
915.3082628507723 -610.0907997643478
923.5173859369063 -603.0958778438659
941.7842729955573 -602.4669145589901
971.136278826984 -608.4491169737024
968.2919630180404 -594.0594872188053
972.9788884264461 -584.4117407072151
978.4321217339759 -575.2352415830849
1006.3351713323242 -578.9736806967495
1013.4786552365223 -570.4647363159008
1020.5509476823112 -561.8725506596106
1009.0604769704092 -543.2429970245823
1006.1605996113198 -529.537390360482
1015.5426179049987 -522.338196208799
1043.5722513339485 -524.5769307220763
1072.7146936567892 -526.6005943908734
1103.789753410136 -528.9841020926727
1122.3214739326577 -524.895712641689
1118.1284763215756 -510.12715124642386
1100.052504419707 -489.3878702214946
1086.2739638530131 -471.02534481178685
1074.0907610846684 -453.7455641133671
1059.8299851568806 -435.977525295016
1043.474403012191 -417.7764596747303
1033.3942332862016 -402.46410847530655
1022.1839950482848 -387.0256842473481
1007.0216656012343 -370.45426844580396
995.4061472331373 -355.54971811334883
985.4900397904526 -341.55289703618706
974.4516495411629 -327.4568409829099
963.2362177867045 -313.60004582902144
951.8472819732169 -299.98458593767674
940.2884028201888 -286.61249017071503
929.5224232430122 -273.76826822778133
919.5608215863283 -261.42665396526974
908.4857390861405 -249.0334553370471
898.226700092052 -237.1282253164787
889.7634548522886 -225.93139314694452
882.1413321822498 -215.15266685710773
873.4221511374085 -204.31041555070559
865.5536581674147 -193.87074259156867
858.5446116371326 -183.80737153021136
852.4032620497322 -174.09387940698974
845.1741115576458 -164.32200446910338
837.8372186289712 -154.7022788457539
830.394812979204 -145.2358584414775
823.8357661354789 -136.08684887221278
819.1549394882516 -127.38204391514083
811.4151196230142 -118.34485053085179
805.5601691256816 -109.73519908490275
798.6235177959022 -101.12109979276467
791.5967279980466 -92.6478290236016
785.476114748734 -84.42317904008229
778.2761462663218 -76.22493130756484
771.9767507700575 -68.3878371532866
766.6040485833953 -60.65667890304619
761.154744366895 -53.0325855278317
754.632185595357 -45.45618179714169
749.033778247952 -38.05783813615693
743.3634934027157 -30.768761367834355
738.6223795814237 -23.621608359195776
731.8135358818266 -16.521159164487358
725.9370018619088 -9.563959835915867
723.9948386757059 -2.733783264747655
721.988590050331 4.059043869559728
714.9193504388218 10.738825267838822
707.7889449603528 17.2861040119181
702.5980962099945 23.767944843660974
698.3474374924901 30.19696255706246
697.0341973449155 36.70596316308049
690.669993159654 42.883103302390154
683.254325718919 48.872552484859185
678.7779110893795 54.96860392204271
675.2435495040207 61.07494456167048
672.6496734246799 67.21917019475525
666.0238647316999 72.88492030489068
660.3444996951845 78.55024966425324
655.6097588382279 84.24276892458259
650.8266960740619 89.85327861197165
647.9749837759903 95.67350939787426
645.0715328885497 101.44810228297422
641.1305943274091 107.01196670178142
636.1575500225669 112.33686638537391
629.1752213846154 117.21152159928727
624.120620886044 122.34970610842909
620.9843019370279 127.80648163447002
616.8231825500151 133.00436635265322
615.5459966303442 138.79526660645217
613.241046968944 144.34478969617655
608.9438374602722 149.38675583584248
604.606280301081 154.36076515906075
601.195825417118 159.52297483757664
596.777813751207 164.3692216150265
592.3220673727045 169.14658880191834
584.9744441380727 172.93033194137118
583.2984911065865 178.5017374503099
580.6160837037093 183.7551722933732
576.9361427529615 188.66289297404094
575.1105039563278 194.15691653685357
570.3994384277541 198.6466225267941
568.4788758073962 204.07784730528445
562.7549001833069 208.10315307480641
557.9407698966479 212.39373175104723
554.9585206199744 217.3408392164011
551.9327436978173 222.25041379983878
547.9398701970111 226.7397156399438
543.9117386809146 231.17313971373147
540.7656030053593 235.9503392797945
536.6652072649017 240.27995195463157
534.3490956358959 245.38753838184257
527.4606984137552 248.3429315057582
524.1674723155097 252.92777816279775
519.938407760398 257.02928264223533
517.4633079810174 261.9765731765776
514.0533057983206 266.439859626555
509.7219186646681 270.3933535292786
506.2409314752997 274.76557153148013
503.5972925146949 279.5814138526894
500.038210394808 283.8781219910364
498.1728247816609 289.13636341536255
495.3924894649109 293.87460145742114
494.27739143022825 299.6228634816257
490.54704871791984 303.79696014631014
487.627232873897 308.4617995145366
484.663058313174 313.09857857633415
480.8200376724088 317.1562570290919
478.6027156383677 322.2862711683198
476.3312012488578 327.40278972058275
473.1868882808913 331.93096987031396
465.9337903319429 333.5186696826868
465.9618574484127 340.30654916299386
462.6949448102459 344.735243407232
460.18210431840197 349.7376600612056
456.82550410064783 354.1108001786856
452.7379360770519 357.71128195332506
447.91720511094604 360.54843969375145
445.4021823430584 365.22992205464345
442.8390235511753 369.8953895633759
439.4661730148766 373.8963529852339
437.56863918081524 379.17632574496196
433.3620737732834 382.4674012447588
429.8755954639425 386.38189971131004
426.35375934613177 390.2646177805782
421.3338901987785 392.7515155539997
419.9304437406297 398.62190408932355
414.8600204581664 401.02389383358417
411.9186734205622 405.4713386756754
408.9307213937472 409.8983594751137
406.59611462710313 415.01879423725336
403.50883762059414 419.409844855932
400.3753003954849 423.77897403390045
398.5559062428091 429.5918872592605
393.97002706845035 432.44955517572737
391.3653151971271 437.4953600447134
387.3815069608804 441.0267203523131
384.01892952595796 445.2790830094507
383.84202378635655 453.3225129812042
381.63273850690325 459.0919874052711
377.45346737492065 462.53419329456034
373.2431502204457 465.93835516462667
370.2383213987754 470.8764013706963
365.34170489047455 473.42310745011326
361.6368669285283 477.5141636413709
357.8878242806698 481.5768944121472
355.862314644126 488.03484815751125
353.1670876589512 493.68209223598006
348.10086032178003 496.04615817808383
345.28875494593177 501.65394018973706
341.8439429934108 506.4224705112498
339.4448319933553 512.8374070141557
336.41294288010454 518.4113539099501
333.30773723586543 523.9722819946751
330.1292037059175 529.5193186848775
327.3986762149254 535.9049419558607
324.4693338139912 542.3501188478755
318.37409651428436 543.6340080133997
314.7696333342658 549.1894736159934
310.1107249238902 552.9804140176931
306.85127803622146 559.362398778768
303.49943919100224 565.7314649290307
299.1262045564183 570.3152757446286
294.6937087657527 574.8666088875624
290.65002116201856 580.2788684749069
286.5307764477388 585.6655309545338
282.7671494809506 591.9279847873538
279.3339149168746 599.077260440765
275.79153539598667 606.2136826267816
272.54552858831704 614.2498960899504
267.98212377922425 619.5244800125146
262.9554008877618 623.8456997879816
258.6307974838354 629.9770714818718
254.95663370356357 637.9389586242143
250.79359300043893 644.9547067119754
246.52149957779102 651.947965903658
241.1056257858643 656.1014229632541
235.63357832560942 660.2104336993388
231.4149950286206 668.0539649428806
226.75170772430104 674.9278946999547
221.97998097596098 681.7726072862652
216.7992649100292 687.63295349661
211.8200336033164 694.4121782949157
207.58129273490218 704.0355153729867
202.35944738957278 710.7542852858411
196.7651748390802 716.4722367060333
191.59318129951438 724.0808331115604
187.28298690399407 735.5311569310428
181.82451165764124 743.0779548341212
176.01258539028015 749.6129466492887
171.19164430395006 760.981879495504
165.33193872856575 768.4148293963708
159.34810650554698 775.8042156066805
153.81654675379963 786.0925326860294
148.28924309223748 797.3275991605528
141.87056115388214 804.5879342109739
135.55594829666018 812.773390854667
129.0960781146044 821.9234773477565
122.32918354302976 830.0340781279378
115.42019195940696 838.0896009902841
108.62363596381759 848.0718753207184
101.5306566224635 857.0067244577556
94.49462729666462 867.8708229984832
87.16306149705375 877.682517035893
79.74349641034983 888.4283734664559
72.20815186324741 900.1083172621471
64.45871198974547 911.7242315791673
56.55679951657507 924.2712418053706
48.42301647784933 936.7492788762561
40.14230332353341 951.1532975729419
31.560426610924193 964.4837683818928
22.72969205182715 977.7358340059083
13.66460083374391 991.9058819686747
4.333213988951473 1005.9906675792405
-5.263654713535904 1019.9864185071567
-15.125143944175909 1033.8893703006468
-25.27443873074491 1048.6954766503218
-35.67185906185382 1062.4012982254264
-46.37404696262997 1077.0020648858144
-57.513273131757636 1094.4899375570667
-69.0496397333848 1112.8598956080184
-80.86752451916766 1130.110367830568
-93.17975877870307 1149.2286685224758
-105.7708619727077 1167.2174282272993
-118.81046199083026 1186.0641104601073
-132.21623442456664 1204.7667273603583
-146.22359455815302 1225.3059456292917
-160.75938286694327 1246.6777533991049
-175.71269908880515 1267.8821109941284
-191.22830359024672 1289.9022195135553
-207.6443221847625 1314.7033260262297
-224.5467242063153 1339.306823938493
-242.10789778343323 1364.6903552934223
-260.16940903888104 1389.8589419794944
-279.501911348021 1418.7299537095855
-299.60643908055533 1448.33593536219
-320.64163526233085 1480.6802294000884
-342.32151323890224 1511.7261595850712
-365.3049344840126 1545.4113707494296
-388.95339679601926 1578.7942409069137
-414.50498718375115 1616.7085747282342
-442.09276255999526 1659.1090950543523
-469.9829031620357 1699.2013037705053
-498.39183547004916 1737.9498204311872
-530.9888925635679 1787.8131322859545
-564.8630985147522 1838.1672067405384
-598.8245696447811 1885.1772157518092
-636.5269615840822 1940.257051830127
-677.5644105533122 2001.4183644484585
-721.7875759035006 2067.6369834357647
-769.0101300894656 2137.8978974262973
-817.967009163714 2208.3828861680145
-871.1684960136647 2285.603082679337
-930.2758685691706 2373.180947243146
-992.2304426045656 2462.621316558587
-1062.0705011557816 2565.8790405190007
-1136.6803580130622 2674.470744597386
-1223.8235541977597 2805.704351529356
-1316.396738198487 2941.9090107718125
-1352.8409437048997 2948.4499963600597
-1375.0550503818288 2923.796266571839
