-405.9376989549226 852.2620398487678
-403.7398261927404 827.7893166415328
-408.4081026577586 817.6789233455205
-416.10858361588475 813.7872244273575
-423.30833934665725 808.936987558101
-430.9256348048038 804.905023756267
-440.42568912463366 804.3097738801212
-448.4870902404824 800.9889698913621
-458.0152877576552 800.1912247583526
-467.568212192806 799.2846595217645
-476.63159646165514 797.4103844661255
-485.17998501805187 794.5825206596751
-495.8340525918616 795.0582320121785
-507.0772112146441 796.2466338181777
-518.3866553061001 797.2930926582486
-529.2077158714906 797.3632757169593
-541.7584793452747 799.7835645082334
-553.8330278411664 801.2146886273902
-566.5588232328065 803.3057324686894
-583.461304113707 810.9093084938243
-601.1486720855786 819.0703718544246
-624.4346021141174 834.173499748454
-653.5190134206932 856.0618547147418
-673.242065522838 864.847455457055
-697.5400347904074 878.8184680948605
-723.4184412716645 893.9607143650526
-719.7339460291555 872.4356978788182
-715.7086113682799 851.0612102623926
-705.4875938274928 823.0086603162172
-704.0137547220555 805.7695906164203
-708.9284993797636 796.1007365699121
-708.3472237643971 780.4871623449492
-708.893096457457 766.4245414879135
-707.8653684253118 750.9664574294231
-706.6097031897048 735.596851106744
-707.9258126372994 723.1770487244595
-714.7208752036067 716.4621905922114
-720.0264535305545 708.2809514706804
-715.8880790414115 691.0349182830039
-733.995524169886 695.249286586167
-744.9206061695277 692.3743860831532
-761.6507244387246 694.8734949341253
-783.827775610514 701.6537737242448
-818.972470354281 719.2941629137598
-1346.168644000087 1159.982319654471
-1343.3203066950061 1135.5930404950686
-1351.6787648204527 1120.9373384509302
-1362.2076476459222 1108.1183712469362
-1371.833291896342 1094.5768219932515
-1383.6873113184279 1082.8011934313613
-1394.6478188972005 1070.2903630535413
-1410.289552245885 1061.2767682494991
-1428.2989770541715 1053.8439315885475
-1448.7238545580747 1047.9232764064334
-1478.1366313187161 1048.0725638779777
-1529.8515308920835 1063.1666348353624
-1791.9185865130423 1220.349039950907
-1790.889771309717 1195.0409311058054
-95.42001699213324 62.37804387138958
-87.58353430856258 56.08140973638986
-1661.370746460902 1041.8100800068821
-1647.2770858363358 1011.4184111823106
-99.42263278366826 59.75901681222552
-96.53504379448376 56.7889542041153
-97.06720639831123 55.87447934457778
-2099.071534392478 1182.023558776731
-2134.6705070896846 1175.6491084339193
-2165.051421785123 1165.8616303087679
-2154.73080546644 1134.1781852839292
-1926.1379052040973 990.7314318905869
-1914.859677228069 962.164963260467
-92.46754345669817 45.37348793165052
-95.59764233842851 45.794003748677625
-95.12007492521346 44.46539492933552
-96.44574883848142 43.97974000587725
-95.94316575474022 42.66039082050754
-92.67171890679633 40.16158008420147
-1988.0730871913406 839.3624961752179
-1994.9887201917184 820.1640118341026
-2002.647572095765 801.2812876755186
-2014.7872471582687 784.1405159079621
-2036.9348447284274 771.0904216310678
-2062.888319832632 758.7461893796241
-2205.564761130084 787.6852699277771
-2236.518543542209 775.0314860648149
-2246.5734839131683 754.856000425413
-2253.5939027428517 733.6310527235356
-2261.3675607231703 712.6413932048415
-2264.1629062594784 690.1125516309877
-2270.5718338204706 668.7245677116588
-2273.8930776465277 646.4567049936165
-2277.960936898652 624.450134089037
-2281.816130981816 602.4243889411975
-2287.397132699855 580.8737877684638
-1180.3903155567518 287.9300313267651
-1175.2641180896724 274.96045666769015
-1158.2892181027787 259.49005226954984
-1165.5745461498154 249.59963414967558
-1182.5735412990775 241.59639777811068
-1191.6710977700168 231.7671131537067
-2317.789697747492 428.13539565841666
-2322.7101086042694 406.42557915015965
-2329.4003312669397 384.9871383481153
-2332.9281849035083 362.9973609860288
-2338.2274905302197 341.26412429195045
-2343.3241927259633 319.46318690142004
-2346.2333558864275 297.3449843631342
-2349.9269608201885 275.31668821630257
-2354.4079275787317 253.35214732545856
-2359.678664002491 231.42515561498337
-2364.7449633809456 209.4212457332105
-2370.6027326544036 187.42114056710292
-2373.26275105724 165.12090856163607
-2377.709306343739 142.90715351714957
-2384.9438521545685 120.77591676376348
-2388.9744549969787 98.39742563649342
-2393.7943156147526 75.98535734270465
-2399.403324972843 53.51340121190041
-2403.8010244582765 30.929513629226093
-2409.985795852362 8.27428485468662
-2414.956536370937 -14.488872947386243
-2419.7178060030187 -36.955910378951884
-2427.266229721377 -59.687938933851356
-2432.6015730567874 -82.49598027566952
-2437.7220994015393 -105.4085674380996
-2443.6249450678215 -128.47617616618976
-2448.310871010752 -151.60105174626122
-2452.7774978686643 -174.824328825064
-2457.0233994691903 -198.14392360318485
-2462.0431416219362 -221.6473974410397
-2468.827796934772 -245.45938377295812
-2474.3875649995653 -269.3087042327486
-2479.716555124321 -293.28280931955226
-2480.845160740076 -316.87266911576074
-2490.6655757889152 -341.7323361639514
-2484.4064606100114 -364.47981902875836
-2251.6846530518983 -351.79144846137694
-2401.2231748628114 -398.0995660657781
-2217.162095976306 -388.835749598663
-2199.6779317167666 -406.92259302998644
-2189.9030166383295 -426.2461468662722
-2119.214542213607 -433.0112285730857
-1789.4655469491272 -383.03140378050045
-1700.9207600483608 -380.68040143472945
-1657.3763234582987 -387.17918647552966
-1809.1575922814611 -440.4461445969832
-1847.6293707224668 -468.0830144789503
-1868.3327539817383 -491.89096393307904
-1882.9629535979548 -514.5430160615008
-1886.7481081753765 -534.5115305553638
-1882.6474481552789 -552.3428156085819
-1867.8524161759517 -566.9491612002432
-1841.4997117955515 -577.7359357499764
-1832.2336102353336 -593.6295120055905
-1838.0059836145088 -614.473762008812
-2489.2625514827573 -858.0564956840275
-2369.025117514037 -841.3774376506683
-2322.5796968297236 -849.3247623108313
-2296.785669846894 -864.2288972176029
-2259.725661648475 -874.3963255225632
-2199.447681445 -874.7107502404513
-1895.0038779493048 -774.0602706230935
-1856.368782007689 -778.5010887515115
-1999.6913236341022 -860.5600561160695
-2158.102192497096 -952.6153088940081
-2154.6158965437276 -975.118115081998
-2127.3108455062647 -986.6983158957057
-2091.849378617505 -993.9930468456799
-2063.631976094494 -1004.2151498759292
-2039.882390897193 -1016.2287298180227
-2029.452460868673 -1034.7012656192549
-2092.4457032978257 -1091.4536081531214
-2069.852746291706 -1104.2760563684617
-2034.9130952355256 -1110.0687793280977
-2003.540379789488 -1117.2564372394525
-1973.0806036401495 -1124.4527253464341
-1584.0299965151573 -922.3545794000217
-1565.0702144901986 -930.911501548672
-1517.8852217998951 -922.0631504628534
-1488.8492922056928 -923.4889198569778
-1455.6955841777144 -921.780541238262
-1439.5015252126536 -930.3931206272129
-1419.1000072916727 -936.0316070009467
-1415.311288372419 -952.5386905557186
-1412.1622280580668 -969.6220096749436
-1390.7975760471265 -974.1078495020136
-1382.4920370298903 -987.581271364005
-1370.8230415707967 -998.6291547409327
-1365.490398641443 -1014.3160115161512
-1352.8096044253564 -1024.5560863976705
-1982.7773735533087 -1530.8882672896289
-884.0364629820921 -695.7762083587739
-873.6274627409861 -700.8388233714991
-855.4593826322143 -699.4385210056068
-850.454184266612 -708.6442552250118
-859.8346472968655 -730.1153191844937
-2006.2312122603998 -1735.9277988880085
-1811.4780295581027 -1597.1137556317942
-1809.9371079913897 -1625.9202517699832
-1785.148305768005 -1633.904993080571
-1764.0251283054395 -1644.980044470746
-1745.797168093862 -1658.5102495539338
-1728.544628537986 -1673.609711716706
-1714.0100496879313 -1691.3407550132456
-1674.6159367068753 -1684.127805283006
-1644.5935620613604 -1685.6265943637477
-1035.89412413469 -1082.0939716971088
-1030.3722678711786 -1096.976749800106
-1016.5285844045068 -1103.0274870050018
-1017.4180600027468 -1125.233083045574
-1576.7356415608433 -1777.4365576952996
-1566.3639312292687 -1799.8611154597431
-1580.3812013147237 -1851.1486322094806
-1578.1542394508458 -1884.4609830143265
-1614.1554206324238 -1965.0321315548413
-1603.5931692334225 -1990.3831157814589
-1496.599585733526 -1894.092310311786
-1449.1600649829556 -1870.2649828456383
-919.5476203573288 -1210.3025133805077
-899.6586810731014 -1207.7459408210848
-876.3633262243462 -1200.0763810895537
-843.9826719718957 -1179.0645654124203
-815.5274493813047 -1162.4607431245252
-797.6622516061224 -1160.258131780446
-783.2649546658829 -1162.7983534526752
-769.4423540085065 -1166.0049158806528
-757.8010217923091 -1172.4135837538443
-746.6422412177965 -1179.5513399717988
-734.8894326013204 -1185.7329049372413
-723.0865871287785 -1191.7977124975762
-711.2348616307329 -1197.74537010214
-699.8378120100408 -1204.4401342038543
-687.3894124686042 -1209.2877224325348
-674.9121188616917 -1214.0076737045863
-661.9296483760785 -1217.7212901976877
-649.8760485717767 -1223.0642344099242
-638.2415184626703 -1229.1756441251448
-626.5495228704614 -1235.1763822996281
-613.9133150664276 -1239.2737557070066
-600.8204654301271 -1242.342452112269
-589.0052187627886 -1247.9875208791952
-576.5718246612264 -1251.5785756423063
-563.8153735156802 -1255.1845380609873
-551.4436325104352 -1259.5772783611555
-539.0393835078329 -1263.8483069686392
-526.2202793220101 -1267.0738800994461
-513.3886714149713 -1270.1700957205576
-501.6435475705364 -1275.9289757587792
-489.4782542225555 -1280.6451650020936
-477.26862942338636 -1285.2453677676967
-464.6765989846616 -1288.788445927433
-452.3906005127841 -1293.1522511165044
-440.0636295734851 -1297.3989370762604
-427.69680260555486 -1301.5281191895108
-415.59437194921645 -1306.4923719655374
-403.73021333196584 -1312.29985706123
-392.07804609746967 -1318.9582274539214
-380.88724674592186 -1327.4358384744294
-369.0371847906963 -1333.8918832655656
-357.3561281585882 -1341.2086331617102
-345.32088583346587 -1347.4548177238414
-332.48198465267814 -1350.6800990173122
-320.0725151532971 -1355.7295397841867
-308.47900753695103 -1364.5664886362326
-296.95737951859866 -1374.2824726923673
-284.2691503016864 -1379.005094329516
-272.6732877422524 -1389.4982109207017
-259.2543452489491 -1391.0471539345956
-237.13789542153643 -1343.2280590261075
-195.39648973939217 -1171.8208957846432
-180.04864750437994 -1146.9540027969053
-166.06621333799924 -1127.8395332615266
-152.73667542816656 -1110.5460404589946
-140.2588300350703 -1097.0703991071828
-128.16884691755183 -1084.4522795770338
-116.97936756567582 -1077.669628208912
-105.43842792127137 -1065.797231145536
-94.75698576755212 -1060.776184521621
-84.18070853733674 -1055.6489039023115
-73.57064443062066 -1048.4218427131625
-63.28732249034888 -1044.0836723232494
-53.398946242928794 -1040.6308435464252
-43.32624221322009 -1037.09538458894
-33.325681073729896 -1033.4628193510264
-23.375478666098164 -1028.734458933466
-13.571107031970794 -1027.9104168427941
-3.7808528900743528 -1025.9930336758744
5.989172463236826 -1026.9825362746951
15.823732209821246 -1030.8785619552634
26.180513238924906 -1052.6744894441713
36.57539742997901 -1063.371167703375
47.04455717496304 -1070.9672308900078
57.23445316332522 -1070.471025937225
66.53869132049148 -1055.9055841112672
72.53075307998101 -999.3714473896334
81.13752419119722 -987.6728720422176
90.98996952309307 -991.8350797618457
101.43308318018116 -1000.87328350624
111.39462307928248 -1003.8382528819195
121.1822522617655 -1004.7182996923893
132.0302033618725 -1013.4357529711602
143.19355391261587 -1023.0271776047178
154.99539362535438 -1035.4638709075857
165.78718419365688 -1039.8671114893184
177.67773653168612 -1050.0741030712913
192.24432547619975 -1073.9288241416193
212.4765592006032 -1125.1127551451332
224.34372005369124 -1128.924663240409
237.52799584898423 -1138.4855955118471
251.76852090459255 -1151.8045024575626
265.39242567149114 -1161.0546328214714
276.66186357260165 -1159.449099031318
289.61417411372827 -1164.5272131437819
305.4442851273676 -1180.1121932608914
317.7002597347875 -1181.0146252119187
324.8909405913713 -1163.4903853155186
333.7239392158668 -1152.6614127289263
345.54000427268323 -1152.3068625358585
363.89882810720593 -1172.8434008435236
385.12243715133445 -1200.750477161103
407.5381722740511 -1230.2555174188515
422.15996094557545 -1235.8871175695742
427.03553816281357 -1211.9676766094037
432.5152219974603 -1190.8902479827802
437.27950220626457 -1168.884355678628
442.0208421496252 -1147.8316841354992
446.7669295761505 -1127.7270550257713
451.16808406673266 -1107.6386413986982
456.38340280129677 -1090.3385665230362
461.30844377192216 -1073.0417138698417
465.53999764394223 -1054.8371962505296
469.0523558450686 -1035.7407433697833
472.2413556236036 -1016.67551462538
476.82778179360946 -1001.2573427994353
480.28478119968736 -984.0485399348797
484.35015318795035 -968.6557330170555
487.7087772772031 -952.3865541715587
491.2643763733734 -937.0289816790516
495.5160527547105 -923.4542985239665
498.5901445935225 -908.1320761399248
501.41609107441246 -892.836997223825
504.9907437970026 -879.3067432240867
507.33950156505614 -864.0663343469183
510.47176532032114 -850.5777899820539
513.392151340816 -837.1096098729537
517.1632845700277 -825.3593987425966
521.2955034433351 -814.4568730692619
523.6248581093912 -801.0405782292929
526.8553796188841 -789.3189526209551
527.6568757945995 -774.304346769849
529.932264124891 -761.8108659237323
532.0167698181161 -749.3458191197824
533.9111558026054 -736.9117163606004
537.3996213956361 -726.9234120069506
539.54144016833 -715.3398034089004
541.5107291917396 -703.7827293776329
543.9255973632432 -693.0410843038376
546.1844479464205 -682.3185098042292
548.9202717857496 -672.3916531476716
551.5161170204204 -662.4756393005842
554.6196127137922 -653.3345890071971
557.3824204435854 -644.3825241116105
557.4576032470918 -632.3685796922615
559.3617055625735 -622.6423390278954
561.807898712579 -613.6740869094576
566.8638677103744 -607.6399883849277
568.4111958241006 -597.9412282673072
569.8267214991831 -588.2673775295486
571.8135262355471 -579.3317626490622
572.9739419291758 -569.7059433340515
572.5729399424464 -558.7130108075735
576.3499665164334 -551.9281801978461
577.1353601375954 -542.3824997903675
581.4682099687446 -536.2608700956503
582.7712904598536 -527.4216747686398
583.9599628196568 -518.6055937064939
585.7886896498685 -510.47096986830695
586.7563529917287 -501.6980986847028
590.6757085129104 -495.5231653240555
594.5309019702426 -489.31892115720376
596.7656257069444 -481.82962546381384
597.344492162854 -473.09994470798875
597.8123751394361 -464.4021577578491
598.9653659915133 -456.34360995049826
600.0200055531969 -448.3045760818659
602.5901244439272 -441.46816637516724
605.0849021175181 -434.6231255115557
606.6867669436891 -427.1945304137377
605.7336659803574 -418.0702403879004
607.9763575569365 -411.2429314308029
609.3108559564814 -403.8579958519826
610.5604908562758 -396.48440953629387
613.4131133458062 -390.19655607835017
615.352796584523 -383.36136442735926
618.9257313581476 -377.5658075922425
620.7269965644349 -370.7114723556529
622.4542603081499 -363.85669407643724
623.2396521629388 -356.50573062970403
624.8147507856664 -349.66058857218314
622.807628166177 -340.89684407166493
622.4548024614706 -333.1456421636813
625.5169487557674 -327.3599652053906
626.7963529518056 -320.53444733182033
628.8973973932765 -314.16088800479804
630.9340526085674 -307.77625194112926
634.7120210490531 -302.24104674220933
636.6278698493696 -295.81912603997415
640.3007462260437 -290.2136357622977
641.1804413530768 -283.3525041821116
643.8247087968332 -277.2918035980742
645.4895615840103 -270.8195448745938
648.015417053605 -264.7187550228402
650.4836129277984 -258.59441082977435
651.9612239759327 -252.08641857863677
652.4379547754285 -245.2217673218589
654.7220436950877 -239.056573847547
655.0628034564551 -232.2019025067835
656.2783164873339 -225.68733085521407
657.4292996801712 -219.17051791251393
658.5158191759103 -212.65210061290176
657.6290097632306 -205.53609298085053
659.5385227161513 -199.32369917648202
659.4694977847084 -192.53306596941874
662.2188018888438 -186.57507450059947
662.9842135861056 -180.05813654376468
661.7507455609314 -173.0374258637463
662.3837082657461 -166.54375708539447
662.9531327108473 -160.0535654987845
664.4333835140575 -153.79297406598704
665.8545138718956 -147.5186983281154
668.1947204972191 -141.43838057487477
668.518912721615 -134.93132821368647
669.7619441386433 -128.61935384546425
672.9129627440982 -122.65457419501257
673.054556539401 -116.13166631694531
675.1070522838722 -109.93847350487013
678.0909808992773 -103.86828978594015
681.0202867404748 -97.75156800748199
683.894357103632 -91.58880019854988
684.727865272632 -85.13372139865848
686.4939261278539 -78.78508354736076
687.1949066958271 -72.41657414786737
689.8355217773152 -66.15098558766326
689.4300280824558 -59.58386004803912
692.9503203597658 -53.33716821596385
694.4183710842683 -46.89483874235414
695.8264472080353 -40.42963474783377
697.1742485251402 -33.94211533487645
699.4607096343477 -27.472089068994087
700.6874061290644 -20.932245271915736
701.8528705323926 -14.371782263887884
701.956885160159 -7.7801912731828295
702.9989934820351 -1.1896063406136148
703.9791368092156 5.419865067668605
708.896468228324 12.115994940941151
708.7514309544842 18.77256295690719
710.5426029721403 25.49920315569323
712.2697657890715 32.26113362517307
714.9309215002406 39.11236994630863
717.5259502680886 46.01641763410478
719.0567902022946 52.89926714023014
719.524889385243 59.732181905183445
721.9194825799486 66.762719173947
722.2555371498604 73.64060738727373
722.5259916481396 80.5306860325458
725.7089324758458 87.79262682462753
727.8272608581469 94.99199098727698
727.8934484736184 101.96140284040723
730.8597929612127 109.38447345347143
732.763012455715 116.71489869260743
734.5927474103152 124.0906743158603
733.3950456776162 130.98361338551965
736.0635802169255 138.60521591282784
741.5961414659212 146.87124620856648
746.0586810172426 155.0498128951213
748.4782453253739 162.89971232218096
749.8407400147086 170.58682426903363
749.1786893976966 177.85188037338725
751.3584735024336 185.83983506259537
753.4539579787588 193.88432944965584
756.4303408110685 202.24277366682531
760.3044275816035 210.85107872574466
761.1480620279871 218.90095402039597
760.9487175225896 226.70035134671986
760.6696953782747 234.51570210355396
765.0745259874758 243.86465443979213
770.3195735722517 253.63113880488797
771.6600833338522 262.2321791641756
772.9063290142533 270.88153604428425
774.0575140180952 279.57819119546207
779.799145564569 290.0642904198447
779.8071733352003 298.53939843003104
779.724278597537 307.0407943019143
780.4768952136332 315.9427417075562
782.0537043806278 325.2706618564572
784.4428965358748 335.0497605944628
785.8004720539398 344.5019856543726
787.0488001616751 354.01014980374157
788.1869414538791 363.573026119347
789.2139700180267 373.18937488677955
791.9288118010718 383.73005751353725
794.5139803535368 394.3558482167849
798.7510315564123 405.9714147419337
801.9511752515883 417.241312087617
805.8912517457795 429.07841982511854
808.7998253264865 440.5494779838525
812.4360602903449 452.60098093122053
818.5222760025621 466.2459476366369
821.8289834620371 478.53748227464354
824.1158853043393 490.42227476843385
829.6682362015378 504.47162243106345
832.4785764190907 517.08743922401
837.6565480846004 531.4089832238363
839.279385519475 543.7003890398208
844.9139507115144 558.8286104818368
848.6781331028006 572.9933912299033
853.0719253470323 587.8471656686859
854.8050801526263 601.110035638453
855.5499783994314 613.8755854900343
860.1633388260722 629.6626323195492
863.7516100809634 644.9939194151705
866.4865330244105 659.637846160556
870.7451561240889 675.4308795772045
874.0032942267709 690.7345667336713
875.4969758369488 704.8978970747163
882.2174711536995 723.5836742154783
889.4375376961927 743.0894068259443
893.3290877213169 760.192173750164
896.9828306152559 777.4257530989329
904.8949569510962 798.7578587309636
911.7492081490725 819.6275870415411
917.5607741771213 840.0108485558277
922.345254405533 859.8838477815435
926.8438829607829 879.9115959107361
932.4921783476765 901.4806361316948
939.9624420639797 925.3278378548436
946.3695383130764 948.6752326023351
954.5288583611972 974.356535645792
961.6057638935573 999.5415723453867
967.6165483509586 1024.2066272766335
976.6586479806169 1052.7268806887537
983.9148881145402 1080.0150429260473
993.422279080626 1110.5008669182814
1002.4563506783576 1141.2459266015496
1012.9725292856914 1174.5159236521865
1020.3814413417425 1205.0156489296512
1029.8763811460883 1238.8202611991126
1040.1053191900903 1274.4433784960713
1049.1461887498783 1309.571026951805
1058.8703930398578 1346.5372221901691
1067.3980046997565 1382.993311467188
1079.576658043844 1425.29233471835
1092.2673795064093 1469.5281459251478
1103.6536660059433 1513.3002297996397
1113.7523846855843 1556.5833179136844
1123.7298082719167 1600.9894809152124
1136.3942628982752 1650.6435348832547
1153.8445761804758 1708.9431511957612
1168.120740922617 1764.3553878474702
1182.5738331918315 1821.8405882650595
1197.152151402367 1881.4161491793047
1216.1569121183231 1950.9903549497178
1237.0695604261425 2026.2119589685256
1257.712990988841 2103.7012697381497
1279.0411711296883 2185.195113154703
1304.429048126773 2276.804967142131
1329.689019049674 2371.6846570779003
1359.0663581145502 2477.7438596919683
1390.3662290657865 2591.594634404344
1421.522386708543 2709.773810502723
1463.375452050103 2853.661032136991
1458.3186700367585 2910.03980327112
1426.836387091496 2914.474725310152
1386.7709893987815 2900.5329205099406
1366.5442662158755 2927.7837639539766
1338.054656496097 2937.617016601911
1309.0943230905602 2946.2600111415945
1280.0889940549475 2954.6187854441378
1252.2084639701911 2965.4569568215647
1221.1935917949415 2968.63372805723
1193.202634819959 2978.917332229733
1163.3100586769333 2984.2785907788616
1134.4845712801762 2992.1471817955803
1116.6798621550552 3029.7635362280944
344.8538370829931 963.1224382440357
317.5082560343846 913.3879281827649
299.7457334501007 888.8174701694725
299.24796683002563 915.3248900516668
288.6220955603706 911.3908524636071
277.2161519631569 904.4706767445475
269.94196131409245 910.8410056216733
259.2704599675392 905.6173742747103
250.0509124773838 905.0942167361516
241.1208395753585 905.4444989741085
230.2190794012291 897.9577804549892
221.6314526683095 899.0859242520344
211.20021482105759 892.3471685726016
202.24103971087203 891.3442443055687
194.37978480634555 895.1382570634767
184.43425653313133 889.0714285236429
175.58840352188125 887.8027441659758
167.53412823623094 890.3753791947114
156.43821607873497 877.1590987672095
147.60328200291536 875.64677304377
141.94819676157618 893.7984724959742
131.97993737917224 885.21539533008
123.56826573384961 886.4287245478504
115.14545194365053 887.56212452802
106.5930239229261 887.6226265992584
98.81842807082553 894.5585046678675
90.31953234327851 895.4565216007372
81.81249250762545 896.2737952599583
73.29807564326056 897.0102519520025
69.16749396051888 958.5076200944995
65.31271178976822 1042.9569740304087
55.83034458401642 1051.5188883817684
45.930012651317426 1053.999731469534
36.12378017998465 1060.3848699908483
26.102187505587406 1062.6794793386307
16.04026993443868 1064.8791995998563
5.938927604751497 1066.9834718208645
-4.208791921230506 1070.9917301597447
-14.405246374275514 1072.9032989402617
-24.615461775876366 1073.717876838027
-34.93967869925137 1077.433626193462
-45.420472243822395 1083.0480047999479
-55.85685953773315 1085.5639139371674
-66.46684316971019 1089.975301903237
-76.88424461414637 1090.2925354830747
-87.23384633725823 1089.5133115539284
-97.75412854193145 1090.6278606165383
-108.5008811523708 1093.6309061055101
-119.42161630581113 1097.5219713331062
-130.4259828230939 1101.303801412049
-141.38585533220595 1103.9832607027975
-152.2718847586172 1105.5628761459288
-163.05478001169803 1106.045721801471
-173.86054920679035 1106.4232957731472
-184.1943450723598 1103.7361293549127
-191.88332577957226 1086.1812874873929
-191.19022478539424 1025.3269224722962
-221.08474647672736 1127.5293942400442
-233.91301473912617 1136.1710705416035
-245.23656369913544 1136.8500463231903
-256.37353526137974 1136.4407641481284
-269.35844393019704 1143.7093287560012
-280.1188252333549 1141.1215727300423
-283.92335835248383 1111.3039757788358
-282.828612429598 1065.0877785380642
-289.39323003205584 1049.8440638550153
-292.3983654248704 1023.0343082697002
-297.47944417207043 1004.8930193284637
-305.1738607797338 996.3096479994518
-308.5070112437063 974.3240857196726
-313.940272776502 959.9695334379188
-320.0901412496697 948.4425662499372
-328.6804200526042 944.4412006440865
-335.1983811374168 934.7144191050307
-341.908894481501 925.8873084098506
-346.351653622116 911.4085428792215
-348.004231103387 890.4094873338562
-347.0559130673742 863.8942025531663
-348.31031884317383 843.948411804517
-354.68305886950924 836.9473864891198
-361.75264622987424 831.7355486846066
-369.57052143509236 828.2913917735677
-377.35561015398184 824.7737529076178
-385.10722173160696 821.1829441544454
