-407.4547403728313 847.1013130362322
-419.709483447443 852.2581472208292
-432.23836275102786 857.187259451697
-445.3559575457557 862.8435959538107
-460.48650795585775 871.8647693252777
-475.8264351867018 880.6759923930682
-496.69309713710896 898.9020899165528
-522.3720206254956 924.6466741775675
-540.0784798021255 935.2621213620411
-558.5393250071526 946.4855109406346
-583.4553139384321 967.7189140638957
-593.0887275603518 963.0196058444724
-592.5696222813324 942.1413072089341
-587.3870542488698 914.6285850009474
-582.8357029796686 888.9721836661681
-589.5329128317982 880.9375373362492
-591.054667146132 865.4238155058914
-591.1931601088733 848.3198968788155
-593.3800131945483 834.5514723138638
-595.3601235528698 820.8180817228088
-589.9972903159781 797.4755152478372
-601.1128705860009 796.6601011823409
-615.3144393238242 799.6681441445619
-601.8481588562954 767.0748292580636
-615.9338039111719 769.9490562365239
-634.5508912790461 778.0495912067354
-646.3423754722529 777.4075724283147
-665.2898269600131 785.0034688735559
-688.359520496513 796.8501556389448
-720.3015117095895 818.0866288046028
-1169.4622892765187 1303.2110166661896
-1176.9880095616202 1286.9480274463983
-1187.0385825371488 1273.5856483048938
-1199.0080130039364 1262.3235657914147
-1211.5661019488196 1251.6675199942447
-1224.0297927306265 1240.886806484709
-1242.7783436386335 1236.3296439796363
-1255.824742855944 1225.9401352557156
-1276.7290608837866 1223.0236731538782
-1298.4180181381582 1220.5058992787283
-1327.5229276408966 1224.4667723493942
-1594.5734987886985 1443.6538217179243
-1605.9571355520736 1426.4661505866088
-1599.8182086867596 1394.0823860713137
-1568.1271306792712 1340.5022573750468
-1496.4885144723346 1254.8829132840979
-1492.109751473969 1227.2866370804704
-1432.8620372627502 1155.9357171448771
-1370.0483049128807 1083.9633952331335
-1377.1116913701605 1068.46262896351
-70.83174542467499 53.88751098440188
-1922.1688584307615 1433.761095747469
-1964.746354016447 1436.7072646781874
-1976.664822574253 1416.8345631009627
-99.0100279569309 69.55583630413598
-89.78137603072028 61.8086120053703
-91.19284260845916 61.513132394544776
-95.94388954710226 63.4016565917125
-1759.5677366405355 1138.919391429307
-1781.2752583092458 1129.1321685858259
-1797.8565901234608 1115.8708175006827
-1820.3284017801036 1106.0309713894517
-1835.0387493797798 1091.2643072485664
-1855.6825741778946 1079.8384989860765
-96.46428805532405 54.91485345495758
-91.73879818037342 51.07830173782909
-93.09761361490244 50.68366935424399
-100.63655859913472 53.55635418251435
-1950.054177321787 1014.1462939388224
-2100.451502834626 1067.1642255247132
-2106.0039770771536 1044.9632761658231
-2114.924529200599 1024.4970648008834
-2123.646386124697 1003.9556896096129
-2132.168924987814 983.3410778139538
-2140.491541604634 962.6551616851266
-2149.5295131019957 942.3013702120443
-2158.373946967686 921.862736556334
-2166.1007302792664 900.9570612874006
-2172.698276808661 879.612527169023
-2179.0859567070365 858.2239761753218
-1118.7802171414635 428.4096471053142
-1115.2071191148966 415.226542354234
-1101.212229491439 398.21178488148024
-1113.4170565815032 390.77161886885034
-1129.3654708064205 384.425068576689
-1146.241904731171 378.1249738357109
-2233.7976593887784 713.5636039689911
-2241.3942406496117 692.7249511766923
-2248.796372527528 671.8064266639841
-2255.0424045734467 650.5326691070994
-2261.087190388938 629.2008562129105
-2268.861958897665 608.3308404700947
-2275.475746177523 587.1201994122202
-2281.8911840123214 565.8388678120695
-2291.026031337039 545.1832019936558
-2300.948894871551 524.6276614794419
-2308.73334573297 503.5070389782509
-2316.3238362718266 482.2861033857069
-2321.757393209342 460.5774713094004
-2328.952787431785 439.17981956565234
-2335.9508427851943 417.6872754719022
-2341.764402039996 395.9349508925172
-2352.312959826776 374.89697122141865
-2360.6944465372853 353.39882581584726
-2366.8985760988753 331.4983114000972
-2374.8825392235535 309.77076184024554
-2382.666779715354 287.9218936462881
-2388.261983777377 265.7323782374833
-2398.624656309583 243.9687646887119
-2407.792784899144 221.94121966778764
-2414.764972009787 199.59741970920507
-2421.5294406615667 177.14166085164882
-2431.0786366602656 154.76647690654332
-2440.4204793424797 132.2266387904606
-2449.5527096199753 109.52407403597866
-2459.4724656845374 86.69596610928363
-2467.179386818209 63.63861453022539
-2475.6694067530534 40.45971412385238
-2482.940984728891 17.119180866062266
-2485.99190303625 -6.344922237938041
-2501.819884022618 -30.02112438021678
-2497.434893821401 -53.13145135685434
-2335.9075051345567 -71.45017463974166
-2314.1580595246514 -92.34974573380637
-2241.2854424491466 -110.34294479273782
-2203.2247147156377 -129.0343228222552
-2195.942172555003 -149.12737774940643
-2121.676092695114 -163.9346140569236
-1780.331065002601 -154.2410418361617
-1719.0931565634758 -165.06883126933818
-1671.7359332247809 -176.2383884545899
-1791.2266556387729 -205.70869726177756
-1888.4710956770696 -234.70390024933275
-1913.9578266596575 -255.9813230847912
-1921.3915205444812 -275.2010624611889
-1917.7585037308113 -292.92033280084877
-1913.9621810261206 -310.5958299812403
-1907.0463913249123 -327.7179600428231
-1878.3314583508093 -340.81069902472524
-1883.918295545296 -359.9664647015152
-1878.5256520244063 -377.0906717041395
-2599.074478317633 -546.944106977967
-2465.935880465062 -542.9412799143205
-2439.3355615911505 -560.9376239447548
-2399.974040956617 -575.4551266036011
-2365.407661470054 -590.5002921750089
-2314.31685855836 -600.6816779231452
-1945.5799609574788 -524.3506608374738
-1929.0586078705862 -539.2048658908744
-1936.443728324939 -560.7510027017433
-2250.1241268485605 -674.3459155166603
-2245.6609986767285 -695.8503280319974
-2222.8967718529047 -711.537730331945
-2191.490790287504 -724.038753165223
-2160.9933619880244 -736.3400637230706
-2139.8939953828635 -751.4503899289463
-2129.0460849945157 -769.9732254887343
-2196.762654588775 -817.6612008674977
-2179.7186469528224 -834.4954284633063
-2148.5944291189385 -845.5903140168184
-2118.3815976473875 -856.5537967628785
-1706.7502289509725 -708.5955517612307
-1672.4877467848833 -712.6771617320318
-1634.6342520779529 -714.58159921282
-1603.2802538156598 -718.7081658954442
-1606.5223389277978 -738.1801775487866
-1559.7791170599398 -734.3467205508
-1531.2644638720146 -738.3963310328348
-1517.1579106370452 -749.0633312286989
-1511.9111079022334 -764.0424083791692
-1498.5222744153043 -774.8548206478315
-1488.5995010012573 -787.3547647781194
-1486.4902881583869 -804.0190440597759
-1476.323357384455 -816.3567507169221
-1468.66747961047 -830.0511034476307
-1465.2144066434098 -846.1741798025988
-1463.3106534839562 -863.3208739514854
-2151.5650766271465 -1296.4997960040025
-958.1375622955377 -589.5739238792407
-935.6778056286416 -587.8197377206467
-921.7528446854187 -591.0978711806855
-922.0729213415333 -603.477860181043
-931.3895242142627 -622.0237569288887
-1983.3524765126035 -1351.4114672857127
-1977.2677139199964 -1374.3639938129897
-1955.4271710654625 -1386.3309773134704
-1941.639505434633 -1403.8703754034964
-1927.694805508593 -1421.2732801313014
-1915.992405058197 -1440.3409678820171
-1900.1334049182378 -1456.2723109067972
-1867.5956888900855 -1459.1046373852585
-1835.9535258154103 -1462.0819577048214
-1847.899047176863 -1499.8896997588997
-1151.9479494525954 -952.9118121589011
-1140.742433168731 -961.6499889087938
-1143.8865830185898 -982.6431118112287
-1781.8079366532586 -1559.6744778573052
-1776.1816069631384 -1584.1650479308787
-1801.3361308622518 -1636.9313191610124
-1795.5741554566998 -1662.4447215639861
-1848.414926039793 -1743.5719833701464
-1847.3110903528209 -1775.1861129074528
-1731.0297873635116 -1695.424688760971
-1671.6454271646926 -1668.7257311611672
-1642.3706264178636 -1671.0079968329876
-1042.6135531730633 -1081.1849882142462
-1023.3425851457448 -1081.6149746685387
-996.6751031543507 -1073.7149243408442
-956.1124557169211 -1049.880456062955
-932.752768398927 -1044.0173720030418
-921.4567254460495 -1051.3427144039395
-908.8019780660007 -1057.0312032590732
-898.7014215239581 -1065.6320917421815
-887.882082255844 -1073.3659245611566
-876.9969945638957 -1080.9904123191354
-866.0472590855255 -1088.505004595959
-855.0339809745453 -1095.9091620106208
-843.9582697907914 -1103.202356257334
-832.821239389486 -1110.3840701404897
-821.6240078103258 -1117.4537976085176
-808.028973653567 -1121.165990269221
-796.1687640972134 -1127.1713707666265
-783.6984043279315 -1132.2304584552803
-771.7652998978284 -1137.982127220641
-760.3471846783999 -1144.442291577706
-749.9669200794232 -1152.4645846127264
-738.9653496565811 -1159.5495728975654
-727.8968520392286 -1166.529542185444
-716.2411479207117 -1172.5504756833375
-705.5630910332796 -1180.1719046696392
-694.299850386299 -1186.833062293751
-682.4770196791424 -1192.5188122666557
-671.0973232026711 -1198.9597085766518
-659.1767466594606 -1204.4148025756945
-648.1566249905686 -1211.5151627118976
-636.1343838620693 -1216.7423908405694
-624.9811210608159 -1223.6317249554972
-613.307937374192 -1229.5240436664158
-602.0170377051977 -1236.2040633781537
-590.225247317384 -1241.8772714842369
-578.3800009455384 -1247.4380042736548
-568.4378234563758 -1256.39143616318
-557.6483164132034 -1264.4968782885626
-545.5715247867216 -1269.754193275963
-534.9891563312922 -1278.586173321115
-523.9106703530098 -1286.4053052946647
-512.3632930602581 -1293.199464863966
-500.0150041489071 -1298.0238809921673
-487.97185078391595 -1303.6669332473382
-476.8913588845567 -1312.017771152983
-466.36117004855515 -1322.1615858399996
-455.6807643312249 -1332.223345020838
-443.27773174195966 -1337.4549908470576
-430.5107970414223 -1341.6189673788751
-416.81539254272263 -1342.7959370430997
-355.72579035750556 -1185.7922086413487
-325.7690553639266 -1124.7735427930793
-309.38481224761864 -1107.601479752761
-293.8776726875186 -1092.1524222816922
-280.1973056548532 -1082.3185621173466
-266.00721738306146 -1069.4129980041016
-253.24955869742013 -1061.2001041366148
-241.11853347836794 -1054.7918528379148
-229.1328438766982 -1048.2495599126082
-218.1108298638221 -1045.4911122989593
-205.9929940260003 -1036.7332764082594
-195.1752675349914 -1033.736240509466
-184.43346405403628 -1030.6276230225099
-173.768723583836 -1027.4085996837114
-163.81161002699335 -1028.030523097619
-153.4146179935249 -1025.5890770605452
-143.07909665393257 -1023.0431917082948
-132.93515217012015 -1021.3854538407656
-123.07505100268529 -1021.6132006883458
-113.44297235563981 -1023.7337017130566
-104.88891641247125 -1036.70743954783
-97.1918514428246 -1061.5600520051214
-87.39680751647985 -1066.424773735085
-77.30130426283317 -1068.206678671906
-67.55577392997982 -1075.8811353531214
-55.970046361798204 -1051.51146161621
-43.9357257121863 -1000.0353253791305
-34.250827558550306 -997.412091771277
-24.96664513436132 -1008.6910660012484
-15.363322023409538 -1012.8834919853344
-5.681961143194501 -1016.9841273675647
4.068571240966812 -1018.9918776555861
13.92490846372446 -1025.9055009718375
24.09927055869126 -1040.7210121634612
34.39510123280531 -1050.437040955423
44.625470387338304 -1054.0557705324272
55.55072946693955 -1069.5583744965447
67.75994321440707 -1100.9167044311664
81.42676701525565 -1144.1060622221364
92.62472210594282 -1146.2637832780013
104.95252378725355 -1160.2628873452284
117.95541091414465 -1178.1097236828475
130.4364715948737 -1187.8599778079401
142.04703091789315 -1188.54181289823
154.57983162004152 -1196.0522880109881
169.19684135372145 -1217.297592569674
179.96736956853442 -1209.6862179468617
189.66795285944278 -1196.0547929163229
200.28658330985925 -1189.2524057348226
213.42507847352752 -1197.1239434071013
231.17109004177996 -1228.438002965105
249.92474757665303 -1261.4807253972397
267.90593367731424 -1287.4204482998111
277.243193793106 -1271.1165216042934
284.29089530202685 -1245.9786060957756
292.5053418426589 -1227.6337503480056
300.1536587475295 -1208.2767816773073
307.45833168489713 -1188.887452317308
313.9001845970456 -1167.5391531378898
321.0371916163911 -1150.0309220186475
327.58984251644443 -1131.5338682867832
334.3925329138769 -1114.9339146027633
340.6111727574122 -1097.3536480974674
347.13523832188463 -1081.6622052726111
351.81687078145274 -1061.2016252501437
358.4052103857179 -1047.3751501579409
363.7782161841049 -1031.7467758272428
369.2052048258439 -1015.9963172814686
375.0652759288499 -1002.1107916754593
380.69354789525016 -988.2071759458777
386.45862765523754 -975.2182981829404
391.6328302407861 -961.28441487293
396.96206744452115 -948.2642653871185
403.2630502403159 -937.987159992543
406.5775562961608 -921.2728644197886
411.25934405937454 -908.2261568154998
416.57126715930355 -896.9890631313697
419.98645341747545 -882.1226552729562
425.34802962212467 -871.767775096428
429.20876161402776 -858.7082385500635
433.3143692093127 -846.5457208188673
437.22671810975845 -834.3840824050815
440.94620896207806 -822.225906185138
445.9163691739887 -812.7038770072941
449.76600982586285 -801.4184527482018
453.4407124093053 -790.134495089122
456.9408644235044 -778.8543165572753
461.2954109303823 -769.2954853985365
463.4192077271757 -756.3145099160248
468.52071884260414 -748.449955585014
472.43688151765167 -738.8723793605201
477.8530667208343 -731.8008244225294
480.9583189361686 -721.3654382115175
483.90784701043293 -710.9382502030169
488.98440570014714 -703.8062595502216
492.2336332433606 -694.1952537320035
495.3439147491284 -684.5870332696992
498.9095459899065 -675.7878845615281
501.75070380956714 -666.1848326302573
506.28172344631975 -658.9687522972725
508.8702653152913 -649.3658853665976
511.9459499358286 -640.5554966935356
516.163378440477 -633.2964288205903
519.6497091936812 -625.246495180039
523.0294131269151 -617.1881666105685
524.9950678078015 -607.6093965513387
527.3023126198322 -598.9626625306262
529.5978200546928 -590.2331310535841
533.1254369393163 -582.9899385823594
535.8818647100695 -575.0014148459626
539.2238464509801 -567.7381821038725
538.999194339653 -556.8706030140261
541.4267930586751 -548.9062103476318
545.1701369601991 -542.3564526829175
549.553742958582 -536.4836284549724
552.4308436516384 -529.1929354992743
555.219434907424 -521.8959466225818
556.4495122537196 -513.2377035181628
557.565882684635 -504.6030979553177
560.8123548334042 -497.9854442312666
563.9836887427102 -491.3516040801798
568.6001907983425 -486.00187553556674
573.1659493979821 -480.6087748374033
575.3636564506813 -473.2670100859581
576.6957429334391 -465.2988502913463
581.0655643307114 -459.8301968651383
581.4335734859121 -451.25491645344147
581.6917742645883 -442.7139931749562
583.4437185616875 -435.4049003753981
586.7237908135772 -429.28334849298045
589.9403458804505 -423.1387341079215
593.9113008920957 -417.54684368661987
596.1823410697823 -410.78293075121036
600.0362955701896 -405.1326251962486
603.0026725767638 -398.89444326197395
604.2264053460744 -391.5487850607652
607.0539978597416 -385.2874818658203
610.6666185339183 -379.535612305815
613.3704652136247 -373.2300529212801
616.0097518303543 -366.9073256967013
618.584395757678 -360.5680869476781
618.4883308428391 -352.72678465242575
620.0462399368713 -345.89400159607834
619.7746699412176 -338.10554343171424
621.1763023859637 -331.29443302612515
623.3914760893297 -324.9493307258329
628.1595995527992 -320.0633023163806
629.3668022232911 -313.2194570253081
632.2997683273471 -307.2555987662115
634.2727003178217 -300.8357386208275
637.9959082071787 -295.246034877519
640.7585728908422 -289.2014026018742
643.463969820971 -283.130922970693
647.0309352359062 -277.42921412091516
648.7019983818759 -270.91459409814127
652.160526248083 -265.1464651920208
654.6380048676001 -258.9692695726038
657.0569752603009 -252.76892859246834
658.4805490416235 -246.19578902540576
661.7185318324917 -240.3010291893308
663.017575389396 -233.70214959380775
666.143529496695 -227.74722415363453
669.216063718989 -221.75405308688775
671.2825601970567 -215.41755818708216
673.2890608423165 -209.06181035777763
674.2776056340894 -202.3998778170567
675.2004510219285 -195.73796499346852
677.0207311055572 -189.3460579291177
679.7460508754667 -183.19745172683886
681.4475732519605 -176.76313221091615
682.1178955720255 -170.0710926065665
685.6402978138868 -164.08041325424756
686.1861333364469 -157.36769178194072
689.596712212536 -151.3022620639256
692.9537625097491 -145.18637340874042
694.2953483492909 -138.62889042525333
697.5397823851118 -132.43206556620228
702.6972669224314 -126.54070910084687
703.86214634878 -119.89194692425554
708.9134969571733 -113.8668249840658
711.9358828432553 -107.45835807509188
713.9101166994018 -100.86300250461713
714.8317450505173 -94.10938459065727
716.6821198784802 -87.46850316821313
719.4644673339636 -80.91279406778675
720.1972436718565 -74.10755836930835
721.8490596891448 -67.51988615139557
721.4505680363102 -60.70484231167603
724.9767009733401 -54.201319594749485
727.4461484892585 -47.57206163436465
731.8516948884055 -41.013372075070315
738.1956529618623 -34.46995718317362
741.4827844947833 -27.699824870614435
743.7079758386599 -20.843384417201264
744.8697727099891 -13.929167346586386
747.9671154768331 -7.013855235590096
750.9999988249523 -0.042010970114476014
753.9676379836324 6.985762190512028
759.8687357017945 14.12460629385366
763.7025155937208 21.318247484785648
765.469249659285 28.51013549689348
767.1680916369596 35.736804195472125
767.8001070455866 42.94177011705244
769.3622503693571 50.226762852077215
773.8467979856639 57.76792576625138
779.2536626431379 65.48075486167444
782.5921309118722 73.1133136632105
784.8609169227936 80.71146812635571
786.0620355218002 88.24667875520399
788.1833753939666 95.93209448653555
790.2294804751983 103.6646911339542
798.1411532575263 112.27955947876697
802.9933867929429 120.60522694642691
804.7968005865471 128.55780709726514
805.5355039675281 136.38750620119293
808.1667354397961 144.5943557978064
816.6107265193831 153.97376832917155
820.0446558847491 162.55079930551958
822.4101561905945 171.0015643044294
823.7119054760441 179.29778798698197
828.8305746171553 188.52023387370429
833.8482927952296 197.85354331545633
832.9386932093606 205.8570702081487
835.8263048521123 214.85666877540427
840.5503934722718 224.4438371477573
845.167790010629 234.13758076940445
845.8441127548265 242.79155034308823
849.2163234537951 252.64131882892633
855.3437918138752 263.46156798565903
858.482358125235 273.512414321061
861.5061181169908 283.6480362121222
866.3072989979061 294.51088893783304
870.9784250391459 305.49236179703234
875.5176584107713 316.5909502985197
879.9231782660366 327.80512557035576
885.126859161853 339.4914478897419
888.3258807483239 350.57400016646227
891.3929054265705 361.7494825914436
894.3264416769938 373.01637459683536
898.9633860160754 385.1607853903515
904.3639090123593 397.8315222250307
907.7800170266872 409.8187900609578
913.7706631564429 423.1692039298638
920.4907168478355 437.1016360035249
924.3286538587671 449.88947493316573
928.8997616791258 463.23777129295394
935.0797269593617 477.62527595344613
941.0676818972825 492.1743777244761
945.9794699310528 506.41074481981934
954.2115123023827 522.7087045282484
961.3437216916338 538.7227939897089
967.387171292663 554.4249821376918
973.2162325051728 570.2930516746961
981.4018818933461 587.8659253743143
989.3379679471759 605.6487308482967
997.0212124767958 623.6382780677434
1003.6057176810253 641.2928842876349
1010.778826173122 659.6780764585751
1020.1859456938423 679.9239929644787
1025.1615675333585 697.5985668366494
1032.3540790681898 717.1429811629405
1038.4480859098926 736.311464578734
1045.0774711749814 756.2493499121214
1055.4400252218477 779.3525217510401
1062.2579836583166 800.3174221233521
1070.3542946331252 822.7038859519415
1079.2108147359988 845.5442137208804
1087.9530078149546 868.3445472774004
1097.9221822299635 892.6319968315022
1111.3912455485502 920.3578104835326
1120.62565023459 945.1741384720077
1134.0527389538793 974.1403314056987
1146.294000870437 1002.7657072160212
1158.856093069071 1032.354859317613
1171.7165470744928 1062.922543420652
1185.5871597077148 1095.1616715061723
1199.6980041704 1128.420887253315
1214.0255532798628 1162.7136173553326
1229.9778713733747 1199.4492219063807
1244.6544794712556 1235.860520743396
1259.475436809414 1273.3430896948926
1278.5968292770922 1316.2124251664573
1297.0448247125228 1359.527757232805
1314.8129562433421 1403.2804032318857
1335.2804585856368 1451.1409638347793
1354.3183629781868 1498.740061418285
1376.585996300733 1551.2855942052445
1398.669926159527 1605.1054288291793
1423.1426592463577 1663.2456136822384
1449.2501631447997 1725.0168012586926
1475.6283764558643 1788.9331722001884
1506.0027075514083 1859.6786939812553
1535.839337475759 1931.8958381501889
1566.9527397266502 2007.9512223814465
1600.4635544796588 2089.483287988285
1636.2321466594638 2176.573766780755
1672.9299985179528 2267.692487983925
1713.3899568778108 2366.9344848707265
1759.7182927983304 2477.68289536634
1816.1875972334924 2606.6821079017736
1834.3548941517317 2684.053487228149
1810.6263165958294 2701.321221486001
1771.9054713956684 2695.8165739601227
1746.4331605407756 2710.008711381489
1728.3263865212723 2735.796758104359
1698.3141562119793 2742.773236490759
1670.7361951977814 2754.981772363665
1645.2046436596468 2771.4672432631664
1616.496732613386 2782.5280436053554
1587.2325460873192 2792.4249040289637
1557.4397322247494 2801.1437807595134
1531.4453252971712 2816.577926425158
465.15453942181455 875.0498582682471
446.7430941044126 859.8730184568044
424.5861297568619 836.4033825960349
426.4564943177926 860.0784025042011
421.38098719892855 870.3603067852166
405.4678195194529 858.019141589592
398.1997609346109 863.6191002934214
387.1708374013857 860.9499071757367
375.82634221057407 857.234250657672
366.55094441634986 857.9798395926806
355.3740460637039 854.0107068323631
348.0594990025971 859.1761083468634
338.8455038880456 859.6276661990681
329.29608743675277 859.0483611525294
319.08959763931443 856.4915812069494
309.98154547851584 856.6402053737327
300.236358914963 854.8064861625031
291.52086533952564 855.7053143878996
279.99327910225537 847.9697893542944
270.76977182048313 846.7613185947287
263.66313614125585 852.1418606312905
253.8999284459768 848.8408722105269
246.4427325887627 853.1177993420273
238.6589613038955 856.3661017283121
230.8358264141891 859.5433795008129
223.97498158951782 866.5219025633311
216.27963564488454 870.5355358658921
208.52848326636058 874.4809155531246
201.1676831734826 880.3070846282071
198.20064275734185 906.5872849376261
210.9000608988096 1010.220354335072
204.49059403293714 1027.8558249832788
195.53667589107786 1033.667939128165
186.31469128605335 1038.4179485212023
177.51588429822232 1045.0301961291932
168.12496128255634 1049.6204063344705
158.66319458285452 1054.1261739871386
148.99183867869104 1057.5563493295017
139.00954612887574 1058.9147019873906
129.25648559242765 1062.164187370434
119.45446929046278 1065.3237206438866
109.60432806664635 1068.3926671730103
99.7069003830852 1071.370400009258
90.17937284395202 1079.2389358772557
80.29062811205806 1084.0306338094747
70.06166674535123 1084.7397673418557
59.93654768409268 1087.3493506006762
49.72280448567509 1088.8653005372516
39.59436803275284 1093.2832597365089
29.38699596717058 1097.606671111298
19.101574120908055 1101.8344385006776
8.762706328166294 1108.9653804234856
-1.7028700959819458 1111.9986961473633
-12.21392740261425 1113.9330410654868
-22.76162665899959 1115.7678559412957
-33.22572135284207 1113.5044011770153
-39.40983995863709 1003.2262279837158
-55.34525096013547 1135.6521928813238
-66.63607084244221 1145.0627205802664
-78.10929788100127 1154.360401947562
-89.3022889027792 1157.5604093077495
-100.38993274074936 1158.659079023812
-111.50623417478553 1159.6513957824386
-122.65017169620162 1160.5369168548204
-129.92858419574796 1127.5387190730473
-136.10034775601423 1090.5400934127513
-142.91801935096134 1063.4394386822403
-150.09206720857821 1042.2482292434254
-158.0942440089114 1028.9252694006746
-166.18096218671292 1017.5189864600553
-171.6798947437896 992.257533980348
-179.23423786488547 980.7568954521776
-188.2884532107539 978.0406220538601
-195.91929737395932 968.379899066732
-203.43797806318375 959.67389725967
-210.50869710080332 948.9310240712558
-214.46072693650711 925.4764160160241
-218.69520589009235 904.9493946739177
-222.0747393245348 882.4867195340336
-229.1018338105822 875.5211874904161
-236.54211418564685 870.4319779377274
-244.9922192191564 869.1304922289131
-253.15839631050054 866.7870709565848
-261.30216442077943 864.3669237476732
-269.42280268294644 861.8702648278719
-277.82692294432906 860.2489179808864
-286.54062651696535 859.4943102518276
-295.9150302664761 860.5430232489197
-305.66847985231124 862.4336382729846
-315.48355014090396 864.216483058783
-325.35907270181684 865.8905668793337
-334.9333348918648 866.5221642740674
-344.91744455423355 867.9792373335766
-356.0925079438014 872.1021303644967
-367.7621245166165 877.0131240585996
-379.15999128427086 880.8624756506043
-391.8745461677144 887.3186237569049
-405.98150096192427 896.3453691946553
-421.5558887695198 907.9050790934812
