-457.36472203382925 935.1462511494756
-460.19607142460495 919.2407605439175
-463.37364819918963 904.1796625420047
-466.30852448806496 889.1413610836939
-469.0014220377852 874.1290900813995
-476.26384790338494 867.9128684264691
-484.4294637949651 863.3817780144092
-486.5816487842227 848.3644847979124
-491.02259788472907 837.6979219065377
-508.1509980763705 848.4713095644357
-519.2630424030056 848.7584419576483
-535.194499544696 856.5435468539252
-554.0076803745956 868.31762050874
-586.7346403623974 900.7593806332567
-968.938655992855 1457.277557956191
-973.6575299756632 1434.833444801762
-985.4407672361328 1423.118931877818
-999.9748889273549 1415.3936630897865
-1010.9426627847805 1402.6531761492636
-1023.5362382460298 1392.2491045057873
-1040.222825578377 1387.3328631391016
-1053.2629099225521 1377.4589803625654
-1069.8985817141534 1372.1942372878714
-1092.1289826885184 1373.782837704614
-1113.8540692438048 1374.2962244105224
-1149.6981747395223 1391.4809042888842
-1376.0011602402058 1633.743188820571
-1386.1395818047763 1614.621026666654
-1394.064624247368 1593.1957894188788
-1363.7714453163867 1529.2247856151344
-1306.1685063075201 1437.1109327850727
-1297.2414893585064 1400.5161613801263
-1233.514355920891 1306.771339499405
-1200.7241072274555 1248.2329984112862
-1208.9448270252337 1233.2807487384725
-1231.8319645007405 1233.1419266387168
-1697.8276591845888 1667.8672728091344
-1745.1625662466104 1682.3149578398052
-1756.5949839499872 1661.6552176554992
-1729.681685205322 1605.5532591182634
-1576.9282686120382 1436.3099371835592
-1573.0310633125614 1406.2977187828162
-1574.2753196548601 1380.7582040044476
-1579.7257722580534 1359.235992925326
-1589.4952982636757 1341.605268623252
-1603.6943462765632 1327.7380930441766
-90.82507926430887 73.75503356810307
-93.08528748118378 74.13588371730232
-91.42023273744105 71.40266834112091
-1677.533190536296 1284.776787869829
-1700.0438916027192 1276.6075225472714
-1717.7178295280821 1264.5688823157618
-1739.3703416478238 1255.235362231296
-1763.4487448207972 1247.3365722169601
-1892.7300850951306 1312.0144149268256
-87.68561968321929 59.558644215343136
-93.24190772680818 62.04793826925589
-92.1509910026533 60.06825165783427
-93.55969143025965 59.72925698076781
-97.51402385696406 60.95912689026513
-1989.0551873815546 1217.3263578640397
-1994.511490746488 1194.8007839302006
-2005.7587911899827 1175.821700583936
-2015.9580468885113 1156.2392283543481
-2026.8384833101934 1137.05838133881
-1042.4401092563876 571.8737785679031
-1039.8881609187786 557.702978995953
-1032.733329957327 541.3112498325254
-1029.812528749223 527.3852061170569
-1051.7631328362424 526.0896429378674
-1062.997610529883 519.1580491601371
-2096.0336456169575 999.1631280435072
-2106.326758182327 979.6512582368936
-2116.43822607432 960.0339760713606
-2127.281541690645 940.7174083550659
-2136.1119474107813 920.489950042324
-2146.5941766520973 900.9536285310714
-2157.8235285454393 881.6794313443568
-2169.809384645853 862.6425878095663
-2183.493357625612 844.17874718855
-2195.1495992778778 824.8292167413637
-2203.6423169539908 804.7835354489098
-2213.0096525057625 784.6606132056867
-2220.3020227301754 763.7819897459567
-2229.2946907124324 743.4683463076016
-2238.101505830103 723.0530060797922
-2251.4934850381123 704.0298905806034
-2263.7678807140114 684.5290222098646
-2274.9142807208223 664.578825552292
-2282.035360879753 643.3938231708597
-2293.784057734363 623.4450228237287
-2305.3589058073535 603.3318451853187
-2314.8183286185654 582.5676831850114
-2323.118765705409 561.443853316944
-2334.1489397625196 540.8925281472322
-2347.926361054466 520.8327976093036
-2360.553936139611 500.3539892673887
-2369.0826438370445 478.8908295948868
-2379.3801027097816 457.6891159168944
-2391.45529066716 436.69507982120416
-2402.3600101473057 415.343690989807
-2412.0871261123284 393.6644459983232
-2421.61845892194 371.83872768786097
-2436.890919628517 350.72303293635997
-2447.0238972614543 328.6868513210763
-2460.926577625187 306.9859598385333
-2468.676000491003 284.36561782280455
-2477.21165741149 261.7315502277502
-2305.370166503423 221.6402386661292
-2306.3592157696685 199.83034763098524
-2228.376161303238 171.94383889934684
-2194.976730259519 148.58382691003044
-2167.3278942347924 126.21726851655711
-2119.478786084953 103.41022839088018
-1870.5521269503824 73.61209385284343
-1715.2322814475338 51.32465957304014
-1655.6522138004914 33.937397329966444
-1745.8929009221633 19.338523976598932
-1875.997423886437 3.1089502171095798
-1896.9428591514193 -14.723760200412016
-1914.7173792880521 -32.89920139294062
-1940.320939497031 -51.33859902021648
-1946.752190124436 -69.71305649382727
-1941.0210850148042 -87.67067655694578
-1912.1589207431796 -104.27493381575015
-1896.1318984671036 -121.17682788197376
-1898.9064421784951 -139.17731084127564
-2695.7987489234993 -222.92174703804696
-2541.2434975883634 -234.0629957188058
-2477.2631681930625 -251.52971099667295
-2439.0249993617376 -270.6899563864055
-2411.5692275407273 -290.47351132008436
-2379.000533537065 -309.12369923763583
-2192.781902485384 -305.7834660876563
-1970.2532214129506 -293.54087196145383
-1967.4250323287526 -311.9338746693065
-2288.870860696797 -384.85215739697094
-2300.9287946616005 -409.01794813566977
-2292.0929705429558 -429.5739917494639
-2260.508479321047 -445.5529316676613
-2236.6620684516797 -462.6000341001419
-2209.764125293643 -478.6057987166689
-2196.4187634639497 -497.24100344148314
-2221.8474009846477 -524.8648652155777
-2266.369450739481 -557.7862608157558
-2235.8723293981375 -572.4848702208183
-2205.3005725649728 -586.6629225071272
-2181.4088583663397 -602.1830225445268
-1801.69669631334 -515.5240193178164
-1726.809303195244 -511.5961594835866
-1669.3686291450754 -511.59005074990614
-1656.889935547072 -524.7473120301045
-1631.9556704632423 -533.6756408558191
-1609.8435057234924 -543.1435234630864
-1588.642854866925 -552.5738680758132
-1584.3528562710123 -567.7279514220567
-1577.1037040457977 -581.8117450559287
-1560.3806529048054 -592.261106303945
-1565.0269494350184 -610.8114664461694
-1559.2525482580115 -625.405061340966
-1548.7190259979434 -638.0394803709108
-1544.5786708320556 -653.1506178598319
-1542.1164980509886 -669.0573267209284
-1531.2689765297516 -681.3158749930367
-2293.6832887932874 -1046.163453151757
-1004.6852928375956 -469.5619898967917
-986.7521553979252 -472.39409799186615
-973.3438144846389 -477.1350110864774
-967.9774218119848 -485.7043451135918
-988.3339863597142 -507.46126099074434
-2118.5462335685306 -1112.7492333102698
-2109.883906831994 -1133.3202988084893
-2086.9977240227945 -1146.1245568975803
-2076.264929913822 -1165.4548214366575
-2061.8833755782616 -1182.694358451918
-2051.6748535491633 -1202.2954276358282
-2046.4282729884465 -1224.890331218891
-2012.7817021721826 -1230.280788844909
-1986.0002413015786 -1239.3885756896714
-2000.5512443395812 -1274.4327046852468
-1243.313388005516 -808.3692344505976
-1239.0864535351513 -822.0910902483257
-1234.7116026928736 -835.8039591767889
-1227.7200337097354 -847.8015798686426
-1940.8794343509505 -1367.063649327834
-1963.8369794012367 -1410.697812551018
-1969.207286572124 -1442.4644406401333
-2043.8597207761852 -1526.5118544540337
-2029.5965431338184 -1545.4251428326297
-1902.1957329411284 -1476.521382703469
-1849.9760677325332 -1463.717714867479
-1819.1790024133852 -1467.0230936076773
-1158.0707749734665 -951.7736496417383
-1141.5164279582264 -956.0655023069764
-1121.9403448730895 -957.5358283354481
-1088.0993523969876 -946.2577869234451
-1047.08220127357 -927.80378517017
-1035.4525114224912 -934.8064487308887
-1025.255325800969 -943.0273150427558
-1014.9948777234309 -951.1395261449277
-1005.3956109171061 -959.8331446395352
-993.5853988272494 -966.3250256706052
-981.4897957078251 -972.9346231486533
-971.4690757822523 -981.5339193317654
-960.6770123671984 -989.3132354867358
-949.8250353394959 -996.9761292239274
-937.5486886657222 -1003.0610431978628
-927.946293723113 -1011.9509256705771
-918.2596086281404 -1020.7488874165352
-908.4895132724179 -1029.454129271453
-897.9823890097069 -1037.3098037849732
-888.702649147493 -1046.5832988339857
-878.6876777213076 -1055.0056706107011
-867.9602664562309 -1062.5577517731583
-858.4192046166418 -1071.5621629869786
-847.5497963632221 -1078.908403287629
-837.2286150650101 -1086.9370939094522
-826.2287371881972 -1094.0690443680405
-816.9540613939382 -1103.5012739330887
-805.812556945588 -1110.427900887227
-795.7724569058585 -1118.8722879891225
-785.0727458091586 -1126.4056923629553
-774.3017225020347 -1133.836779492702
-763.4603653721374 -1141.1648743743574
-752.5496591959035 -1148.3893113592314
-741.5705950491015 -1155.5094342144166
-730.5241702168074 -1162.5245961823969
-719.4113881028163 -1169.4341600397943
-709.2649161984202 -1177.950881255262
-698.5137180414779 -1185.518699012323
-688.1820540981511 -1193.8548741020616
-679.7193576803586 -1205.5859964326894
-669.6468874027809 -1214.6365901749245
-659.4635120748475 -1223.6044606987616
-649.1698958529003 -1232.4883148810518
-637.394009633938 -1238.6193428502445
-626.0092997296523 -1245.5313551460638
-616.7533856828323 -1256.8274588219194
-608.6346634356006 -1270.765456905653
-597.7658533310153 -1279.226322662039
-585.5468586306098 -1284.8653144776788
-571.9835557563939 -1286.5841643453693
-550.5528521396881 -1270.872360625116
-473.88349545144376 -1123.1186191755176
-448.3399192388123 -1091.508734191777
-428.2677660755644 -1071.5888766409653
-411.8771537180152 -1059.776490702236
-396.45786021677515 -1049.6214389351696
-379.89235989503857 -1035.514748757051
-365.3096289025412 -1025.8995443176138
-352.9038735995328 -1021.7728984458557
-339.6578858122495 -1014.6588198037568
-327.81341533374456 -1011.1910624245181
-315.46748368872795 -1005.6819908574987
-304.7075721101595 -1004.8150553702567
-294.55507441710694 -1005.7540992385428
-283.32478742309013 -1002.7417737541708
-272.44154422997525 -1000.57213881738
-263.14659079014393 -1004.0905694983519
-252.83216665514297 -1003.6438090799276
-243.02028645836776 -1005.0358900903454
-232.7533489241758 -1004.3838302982485
-223.8197373559182 -1009.485376402218
-217.29571395628741 -1026.2473253052733
-211.26348381739658 -1046.8962414706323
-201.84168035404804 -1051.8084122461914
-193.2408461027827 -1061.5549799221333
-183.11477116617243 -1063.348475609365
-168.64375370156554 -1038.3945706413558
-150.89308881142364 -988.5500876278085
-141.4647205577187 -989.9432977890838
-133.21171385413655 -1000.1678055666678
-124.28627581652222 -1006.3542724327548
-115.02874854550406 -1010.4738428123982
-105.80758706081795 -1015.5027102476721
-96.87756911693116 -1024.4294688274026
-88.29486664536306 -1039.2559918153358
-79.13762613815051 -1050.0220169735578
-69.52053405800771 -1056.715617062741
-60.456617428572514 -1075.3018168910044
-51.93035337243696 -1112.7889460264303
-42.73098915690204 -1143.2016718696982
-32.21152467852672 -1156.5515196816286
-21.42347937518017 -1168.8036766418306
-10.466805491257585 -1187.953890512089
0.8489040233827078 -1201.9997002337225
12.308328575005186 -1203.9370851700223
23.90339580832405 -1210.7640677146107
36.00978743938797 -1230.473199711627
47.40803670678439 -1222.080798497222
58.31193992380714 -1206.5917775545806
69.7342429377244 -1204.9838734862399
81.93850459442709 -1215.2407504131966
96.49365849936707 -1253.2908576501336
111.34893116311842 -1286.1891056640277
126.74311271757544 -1317.9196422311416
136.9652477297149 -1294.7758574032564
147.1025338486964 -1274.5390714039697
157.36366433960322 -1258.197391964239
166.79308485105136 -1237.8130177235453
176.27790526864803 -1220.334011700935
185.5977348355368 -1203.7763416947178
194.29503397465217 -1185.179496858087
202.82659370411162 -1167.5129005224683
211.58133514927198 -1152.7433966917579
220.07354634310502 -1137.9141594162406
227.90445990732397 -1121.0689350590137
236.26909175472142 -1108.0911137092469
243.1005691641342 -1089.2006763090417
250.27556392746837 -1073.2036815538734
258.1138602153608 -1061.056659733459
265.00702682043266 -1045.9504174365984
271.89115617281067 -1031.777204242763
278.52980065342456 -1017.5687446791807
286.28880458461083 -1008.1382446715899
292.1998022704187 -992.8969108387478
298.72127430255415 -980.505278047527
305.93519786444494 -970.9416330076916
312.0655723591842 -958.4774794162536
318.30532525747464 -946.9333239002276
324.0262475865148 -934.4131799557424
328.9759927292863 -921.0096612999131
335.71787350275525 -912.1828267462548
341.61220185801653 -901.4416806104085
347.3317031085823 -890.6720429067545
353.24861174359455 -880.8044154641956
358.2462615825689 -869.0567392651147
363.0514518038734 -857.2949570265182
368.46191518661345 -847.3557795029269
372.49281170082725 -834.6526853914819
377.9794956189465 -825.5879728361157
383.75181806761924 -817.4004784252312
388.1011958854367 -806.4753323892145
391.83444049509995 -794.6456891230783
397.180223029761 -786.389770046654
402.8632973130752 -778.9930446916948
407.50550585942017 -769.7923503739551
411.05597001997 -758.8161763635127
415.8879417601815 -750.4673343314017
421.58400193093763 -743.8359559176305
427.19127561097685 -737.164577310838
429.6515038367656 -725.292068928653
435.5490405749784 -719.4289633134156
440.8476740049173 -712.6691576913191
444.98847493062 -704.1833974036316
449.00733845604844 -695.6841309190656
452.9043898961003 -687.1729139109319
457.238061394587 -679.4809454371181
462.03229886619937 -672.593603005868
467.88484631104126 -667.3145964179813
470.7691199015749 -657.9190191407272
474.1062566752163 -649.3375527269418
476.72499672926267 -639.95099616571
479.812729025983 -631.3705291385072
484.6180330159924 -625.1610689060143
489.96870521397386 -619.702079963382
494.00389683077447 -612.6411265300507
496.0434943759035 -603.2427800540534
499.23367618813927 -595.3946057529209
502.96903940705926 -588.3010669699148
505.95737064140695 -580.4370242271198
511.3173926941645 -575.7208732783984
515.371187156046 -569.4001575775756
519.3514164745981 -563.054265773583
523.257967076305 -556.6840215878057
525.707294118034 -548.845917276511
526.6587046392566 -539.5800300490191
529.5982105900167 -532.4722859828971
533.1625968073599 -526.0595454562464
537.3717236448656 -520.3226216751931
540.7952276677213 -513.8643028386165
543.4135163488047 -506.7057827274397
548.1584473332335 -501.5688553102343
552.110736012938 -495.71941174342965
555.2512016317293 -489.17900924561434
557.5610665775366 -481.9695602804391
562.0725592372428 -476.70057494458325
563.4594487650938 -468.8309392492529
566.2976444990358 -462.2423366967198
569.061869791687 -455.64195191969435
570.9657011913694 -448.412943683663
575.160772885664 -443.01928325250776
579.3048948665323 -437.5863786541761
583.3977000334393 -432.11471115398655
586.629681443471 -426.01715558124147
589.7986362836587 -419.89709291436697
593.7244891264861 -414.3274441929873
597.5977478182494 -408.7210929259169
601.4180692524122 -403.0785357429749
604.3492239689691 -396.85137707724385
608.898551398592 -391.6868061406922
611.7119748098941 -385.40557841601037
616.1632850366909 -380.15629177062635
619.7139387529853 -374.3402651535915
621.4881223375654 -367.47314703706894
623.188091299746 -360.6058830110505
625.6842153841109 -354.2319333701714
628.9904532309675 -348.3274461541927
630.4823054281085 -341.4396909295363
633.6679330799469 -335.49061177056495
635.9092867914943 -329.05224353031394
638.9329010406766 -323.1419935071037
641.9348531251851 -317.13663355586505
643.9796912071532 -310.6688869403235
647.7691689885708 -305.0427899620911
652.4183410605757 -299.79044055434184
657.0258088547946 -294.4776502532967
661.5908469895755 -289.104740845971
664.2726420439624 -282.88841798831885
666.8960299082786 -276.6472217329797
671.315241911356 -271.1306806274377
675.6894735778867 -265.5555220590193
678.1498322177074 -259.20803433361283
680.550563494244 -252.837755344543
682.89145631952 -246.44524520835265
685.1723048669465 -240.03106599629152
687.3929085894193 -233.59578168489745
688.6032746167917 -226.82709315033634
692.6052954136186 -220.96810802695964
694.6468225880849 -214.4639640319039
696.6272718761063 -207.94096296413915
698.546469143645 -201.3996783685283
703.2944969998729 -195.64470473206208
707.0298770754054 -189.55936516758328
713.617624097498 -184.17080815765024
716.2837603462998 -177.7120554834831
717.9186426736647 -170.98778465610607
722.415158631392 -164.9161562115145
723.9297866630195 -158.13495496579816
728.3175262775702 -151.95256140296183
730.6911310974671 -145.31163386151917
734.9693052287631 -139.0112239049397
738.2090330854134 -132.46668815630267
741.390477395934 -125.87358748613278
749.4501009052416 -120.02310716325924
752.5203010459056 -113.28811285293602
756.5201278847478 -106.64565675752971
760.461289905677 -99.93811362535277
762.3576115679061 -92.92401242131982
764.1891708598874 -85.88312488770859
764.9608845078145 -78.71369114088138
768.6447918345101 -71.897037391555
774.2657602560865 -65.12704887421509
776.8352285024455 -58.03471166080847
781.3353330882696 -51.03035633662236
788.7673401378589 -44.1144322398839
791.1431249865037 -36.8314510519103
793.4515007778831 -29.507895779348893
797.6911423730588 -22.200031071250617
805.8624616234126 -14.889356811289892
810.9662344023263 -7.4004499397684755
814.9999795970417 0.18236452929533842
816.9625664328846 7.820808615138119
818.8533905021847 15.495962799281118
824.6703386116224 23.320218999660643
830.4120370871863 31.254578235989733
833.0802443094882 39.157458309286454
836.6714189402385 47.16923497925216
841.1831010775518 55.3171805278738
847.6095021185382 63.703468652529146
849.9662369377057 71.87764649705699
854.2351798888155 80.2885884813212
858.4207119993958 88.78559123219415
861.5279091744865 97.25565131876735
867.5292058096582 106.15590924326234
872.4473633988877 115.04606946058243
875.294296270512 123.75740348079873
882.0094548558109 133.12896583747454
884.675753343219 142.00285717762185
891.1962215916326 151.60901892960626
897.6137106411417 161.34939252764732
904.9088106417059 171.4089974972525
909.1512632571815 181.03309232809062
913.2923447914541 190.75139041518875
921.2383575100937 201.41720048720953
928.089031252565 212.02535241964668
932.8755916260308 222.31538531640822
939.4913724767617 233.19511367464443
945.0162456903455 243.96781628182944
950.4211314214726 254.86402835144816
954.7407933849902 265.61441498269545
962.8067302281287 277.5017121161947
971.6125977718801 290.1119781239281
977.3981406302134 302.0295924120705
983.0439175986384 314.08383605706535
990.4470773230679 326.8999648549886
994.8544555556699 338.9182973240477
1002.8957863537429 352.37627859137706
1008.8893141660794 365.33731230398274
1014.7259347357724 378.4445499338218
1021.3369865879387 392.0545368025585
1029.6399767716125 406.5593661862351
1034.978315872081 420.1296058058642
1042.9193798710041 434.9932954534819
1050.6699026637991 450.04639276017207
1059.1424177252304 465.6891011985932
1067.4108757358383 481.5340303248056
1076.379764741152 497.9985964395705
1085.1303605152475 514.6776667857748
1094.5587818962983 532.0057076514231
1101.9636153004135 548.6685616599902
1112.7124727594378 567.3376005215742
1123.2038824019937 586.2610668951916
1132.5519240306123 604.9645769584847
1144.2764274769552 625.3378746890169
1156.5864942450587 646.4771313278801
1167.7274054878962 667.4111974431551
1179.4359095707473 689.1204069065317
1191.6933001829955 711.6256588255941
1203.626810549263 734.4266477511615
1216.9291731178319 758.5772126914637
1229.8783167938518 783.0474608095742
1243.3077354491932 808.3779283059372
1260.5294116588825 836.8002165050576
1274.8360715790732 863.9403860225751
1287.9150231045621 890.8596372389845
1302.2282107735505 919.2593143751753
1318.5487614143517 949.7653203674471
1334.4033192545687 980.664969070676
1349.785872643319 1011.9521223914275
1370.2509233854705 1047.8728009454514
1388.8687680173705 1082.6654816820899
1408.0525233840276 1118.1198913318162
1436.8160857922635 1162.1805090469377
1460.2670872064857 1203.0311858058733
1484.6289730640342 1245.6808629576165
1508.3390572931135 1288.8635646351875
1532.8985036600159 1333.8838695616962
1562.0064433393527 1384.089907110931
1591.8169820380622 1436.2641455161497
1620.0756810598866 1488.4067950793374
1657.7459886116205 1550.734741096001
1688.6293328531153 1608.3391981258314
1726.503800229857 1674.2788381246005
1764.7478695800278 1742.4307609809787
1806.13302639058 1815.6553888282888
1854.026615132377 1897.628601802993
1901.9715695912373 1982.0477159913798
1954.0298690196798 2073.298886069959
2010.7088456148065 2172.2453678547395
2068.45089864868 2275.332037281475
2133.8191301829656 2390.069438251787
2150.477347504154 2452.7721414496496
2123.7672437497104 2466.7058386390054
2086.650856213565 2468.1394215609453
2066.9273044600704 2489.881024884006
2051.40375586016 2516.8932497114038
2019.3164790060798 2523.526294218962
1997.160423427527 2542.3688251500375
1969.9435638469165 2554.6816543863365
1942.6671045003911 2566.711031863943
1917.1228553935487 2580.865156750288
1894.4266476243545 2598.8081261937655
582.9362278840745 814.9781311300852
563.5210385243745 802.9975337075516
536.9977575145473 780.027184413689
542.2735341266223 803.0569183973345
538.8953568815961 813.7369318959643
517.3959408381878 796.7442754134895
510.21050604741095 801.3646108475498
501.39544466385564 803.375135332389
495.48975950420214 810.5491337522161
483.2513517913597 807.4336697164811
470.6097458333445 803.2978694896899
463.0623310031423 807.6721349693428
451.5604116866831 804.9982575119982
444.9599763744305 810.9473592193677
434.97800228979145 810.675112189823
422.71777787236636 805.8595909155941
415.1484625228592 809.7850048407331
403.95990607017836 806.4864501575787
394.1882814963339 805.7447478767497
384.8972308413528 805.7934733482633
378.5978218731699 812.0835482097218
370.5580945416002 814.6850302845257
362.0974076703033 816.2931258796965
355.2267959725074 821.4858023259482
346.7374608797323 822.9350723007715
340.53001520866223 829.848364908908
331.62669596809286 830.2166792598701
324.1953872685576 834.2196059034995
318.8390291395527 843.7687322349339
318.8471636514528 868.3095566855311
347.9809346397839 975.8100579145628
342.7470797307832 990.3678303216539
334.40700549412674 996.3799248662384
325.0564256244676 999.4695193752759
316.5783842758376 1005.3328436937193
308.018925708404 1011.1247902239569
299.0962128556724 1015.8850601595607
290.65815120635045 1022.4905080915453
282.1224691071099 1029.0266820762754
272.7236494057975 1032.5917930405915
264.021633972986 1038.9786219139614
254.5121985837374 1042.3783098146623
245.64646533478444 1048.6118510051879
236.46723154568096 1053.7946898732796
227.6319803188056 1060.8528086101949
217.6819883389536 1062.939110181199
207.71288487171455 1064.932090538298
198.45448726094855 1070.7645943371465
188.86412561230142 1074.5284277564278
179.2944153171717 1079.2078171677936
169.80828709921147 1084.789908522582
160.3787510711624 1091.2779921747044
150.84261244741583 1097.6841559711238
140.6931233215464 1100.0392925027852
130.7479164673725 1104.2866395730055
120.410670218906 1105.4615644595851
98.68048142342383 992.1044111312284
99.07782126713138 1100.5492198593201
91.34784335605751 1133.3245658301937
81.30874349337297 1142.109402917045
70.98985757142128 1148.8087047554911
60.657373285572056 1157.4116307805511
49.869156663405406 1158.9275504593377
39.02423885977311 1159.3433955396545
28.151615551885342 1158.6580541910623
16.54846241293513 1107.876413862019
6.026389249320864 1079.9831862731085
-3.9836206413108446 1054.9924790094885
-13.722466610316804 1044.909897507976
-23.228038830566582 1032.7388141307006
-32.029517250660966 1005.4899850444507
-40.94105581543349 993.1564982160252
-49.826798274150455 984.7402145610522
-59.037684694825245 984.2309443346487
-67.75891670004178 976.6523072248572
-76.26500718650995 968.0003350613271
-83.73652858246739 949.314064881037
-90.6708487481451 928.5837588431596
-96.6923234352326 902.8369701051771
-104.09279957475106 892.953352128033
-111.81719239064917 886.9796590034479
-120.24508609407143 886.8856291936572
-128.39376197336728 884.7321865323576
-136.51268139604664 882.5039874233212
-145.08748640676055 883.1617186496298
-153.51518581682913 882.7508639042073
-162.3089702855258 884.2266667347532
-171.14375981143718 885.6149352159804
-179.7454286514697 885.9501006709687
-188.5167117080185 886.1701018465901
-198.17732723521732 890.2076987815291
-207.70434898324626 893.1673434544311
-217.06911758494925 895.0541872930887
-226.97763713481436 898.7825945359069
-237.22975266641623 903.3703805471104
-248.37788743622576 910.7383954971469
-259.95823935022463 918.9378182412188
-272.5590946402583 929.8777015978407
-285.67962825220025 941.6173054918249
-301.1411146966203 959.8697979618261
-320.98047068288435 990.2790199939581
-334.12180319456183 998.584808932128
-348.4269355490369 1009.5655850829639
-366.65537990540196 1030.7278168296543
-385.3136283250903 1051.633685190311
-389.57755917480694 1032.9788600873687
-391.7156603752661 1009.6770975994103
-387.5215567279465 971.5673126814986
-396.6756349197789 967.8659208077275
-402.3028265517306 955.7831530993253
-406.1510334792611 940.0092222971688
-409.73774570894255 924.2488732702648
-413.47746394736225 909.4159591780088
-417.3965651989645 895.5021537439799
-424.5382669062672 888.8150875925899
