-433.00233497008406 884.7225428971815
-434.0203204769019 866.3644506863884
-436.6795171097316 851.5632679588826
-455.361962285275 867.781933036004
-466.8199396258904 869.6252894020964
-480.2776201141454 874.8356460601572
-497.7900138922053 886.8450270871444
-526.5185892895075 917.6830472077964
-884.1316148790044 1507.9175334120378
-893.1457042884687 1490.9509552332884
-902.4411411538489 1474.8020161204481
-916.8116208950174 1467.0911531980046
-927.3515009207953 1453.3393250510867
-940.9889264537054 1444.5469325333472
-954.5429959609612 1435.6265770951277
-970.2584774744671 1429.8889771198774
-985.3810593712344 1423.160274822349
-1003.9245897066386 1421.1739577484375
-1027.1945975339693 1425.4544043206106
-1055.963386527461 1436.6733540765124
-1092.2305497263467 1457.0770145206748
-1295.9811892026364 1695.4022405414357
-1303.888754115281 1672.8763005350097
-1302.7777405121165 1639.3920088941952
-1223.7262979056904 1510.5065202818669
-1221.9692913345932 1479.6459208321537
-1208.149141591962 1435.1834905929643
-1124.57825980137 1310.668813080605
-1132.914436630407 1295.5098916158097
-1151.045400117942 1291.5086089017475
-1619.6692934534792 1783.242097933959
-1613.2855684285303 1742.9672041378844
-1657.750886456171 1757.5317915912017
-1659.6665519001883 1726.7113066473328
-1520.5052212501143 1552.4151738987678
-1495.4893808992647 1498.3993164765975
-1490.2734012275191 1465.327673114025
-1501.8398757471682 1449.1535417669622
-1513.2341005342305 1432.8916766386628
-1529.5833640308606 1421.3088096821311
-1544.3705182735778 1408.197323633091
-1571.518664232546 1406.4885665972386
-1578.7724076573506 1386.2462569182333
-94.70760364485284 81.58106282618202
-84.01964828872433 70.9978781474423
-86.99875302868182 72.11252991994128
-89.23042470420198 72.54606334672987
-1678.6603878455383 1338.5470863134653
-1734.602293447482 1356.450840822009
-1851.3401479809759 1419.6579364317936
-1865.5169680975573 1402.6412377155095
-1877.1226426868516 1383.7032139560602
-93.21105618329265 67.3550221230389
-91.39736225997564 64.73424265347347
-92.00704406742452 63.86473081423739
-95.91589880898513 65.23910143207463
-1933.931914653961 1288.7526331623399
-1943.5524075476385 1268.717872151164
-1953.809591069801 1249.1553473622314
-998.4633884685989 625.1038808772537
-997.524866586168 611.4279520452494
-998.9898885075212 599.369837962948
-987.3811904463284 579.7442408103693
-1004.1061117269987 576.8317921131669
-1020.8635597403927 573.653721677262
-1036.7736019927038 569.727564903678
-2044.6165354434138 1098.4462767888888
-2054.0543892695596 1078.5455789731166
-2066.8577040329023 1060.3906031646256
-2076.8190940592544 1040.7456224029468
-2086.593768587983 1021.0070738686378
-2096.1808488313195 1001.1767321471315
-2106.4858781502717 981.6787891940418
-2120.2510138712305 963.7305838137644
-2130.207755206586 943.9888344984364
-2143.6528745826877 925.7307131630552
-2157.8646312425362 907.6900535053318
-2170.075691953464 888.7049517093371
-2179.3335283336687 868.4591943670827
-2189.3348781224054 848.4791048910707
-2199.15310204687 828.3873693856207
-2211.4345096353636 809.6804367117924
-2223.684833624588 790.4592087565234
-2235.768891021941 771.0787676615928
-2245.787986429635 750.9063323799616
-2255.6252015240743 730.6134068366653
-2265.2791538956726 710.2016297684094
-2279.5333906474093 691.1233760505604
-2294.5882643365285 672.1202996258028
-2302.7506941360894 650.9902001226742
-2312.648111179424 630.291768832691
-2327.1958285161113 610.7336373061585
-2340.6099757152556 590.7122324636857
-2349.965336892786 569.549747960943
-2364.973627008951 549.6214547778551
-2378.838056405547 529.2433290998376
-2388.61513746717 507.82056384385777
-2402.119525927411 487.05521571816735
-2414.4620290948537 465.890663202387
-2421.7001348105723 443.6355002233871
-2438.5858310440567 422.99426075440766
-2451.349038160397 401.4273198352308
-2197.070855052236 338.53900496107906
-2247.6734304902548 324.6615928442571
-2241.716587585721 302.2428509378363
-2182.9483816978714 273.3795216226761
-2175.4962115566204 251.62717163055567
-2125.0688666538463 225.50235470730226
-1983.768437872481 191.60319647901764
-1720.4901945518711 149.8081788517047
-1691.9166193362726 131.25225031868504
-1665.1441050849885 113.38478425570482
-1842.8361994705729 108.03120808754758
-1880.728612542255 92.46018583630988
-1900.502130931261 75.4695324335302
-1928.1171062068568 58.35601727753982
-1935.5802655421617 40.311730845188485
-1923.8751817417556 21.915407322870195
-1912.9963333752007 3.74546299380761
-1888.94722588931 -14.120120575996005
-1901.7281381068074 -32.15725008168192
-1901.3482321035099 -49.788555681574785
-2555.389488102588 -90.73898883497097
-2483.5047788456745 -111.35534765199414
-2444.4155469287894 -132.42595641651224
-2422.1183594927284 -153.8559475881752
-2386.670237568853 -173.9372792216669
-2356.044279670858 -193.7817128374821
-1998.6266549927614 -183.1406398166324
-1968.9760385889758 -198.93305271488802
-2137.9981288714603 -236.14614318708522
-2311.4474498410914 -277.11854254653633
-2310.7496171414914 -298.891630663105
-2288.05554197799 -317.65049476398787
-2260.2683252695247 -335.27913413050123
-2236.304429064104 -353.0417830063043
-2213.193804555245 -370.5525380810107
-2211.6159062734064 -391.49850972699613
-2288.481636341565 -427.1250403891509
-2270.6663550685344 -445.72447090077515
-2238.0127762215543 -461.003051474814
-2209.184096896311 -476.556005124718
-2174.408916781359 -490.29262958127094
-1755.0721296705365 -412.95377423354205
-1720.0700480200915 -421.66340830591383
-1685.0606745365292 -429.75751666549945
-1689.6846231928578 -447.7386225752812
-1649.7653344044336 -453.64671430247046
-1627.196265143111 -463.7847719625021
-1620.8878381716875 -478.3540697716632
-1605.8414978669628 -490.2184041102386
-1593.5766761071898 -502.7468322795887
-1591.6774984518659 -518.4966161143298
-1571.612894112788 -528.2015818401406
-1566.625117970223 -542.8164880922322
-1575.6284098511858 -562.426985545523
-1574.0761930958722 -578.4575510171916
-1577.9739602162147 -596.6298524877514
-1561.164115983802 -606.9527188871585
-2348.4872488131787 -938.3222485702382
-1031.5165067419578 -423.3186699389343
-1004.508011597212 -423.15913630337155
-987.6813860842551 -426.92092895837817
-991.8991369913326 -439.7284412405565
-993.232274314183 -451.40962468768384
-2165.6350245848985 -1008.6356826382682
-2145.337875033318 -1023.5499020309305
-2127.646990807206 -1039.49135759228
-2126.8390384902473 -1063.6915456813038
-2115.972230664785 -1082.9545323121808
-2112.018465501973 -1105.8182497041237
-2090.190658957581 -1119.260474244701
-2043.7364779660265 -1118.9464726388933
-2051.57539461924 -1148.1460709303974
-2078.143923593885 -1188.5090798264066
-1276.98706398058 -746.1534952181478
-1269.9979898565955 -757.9881963198417
-1274.8536602250617 -777.0438501209329
-2001.9745619983141 -1245.8980107182365
-2035.8897251314374 -1293.4052060758997
-2038.0461289847094 -1321.5176790835758
-2091.5598549311226 -1383.9947157559889
-2116.732602440491 -1429.111293694618
-2011.1223960913296 -1385.1897732584764
-1928.6119860432564 -1354.9556477207238
-1895.6154559105387 -1358.2584596876545
-1878.0668953190866 -1372.2757509722771
-1194.03804404065 -889.6033663288255
-1174.5710149203649 -892.1927655551485
-1155.950603457085 -895.1101621405052
-1101.27104596663 -869.2589276593968
-1086.1332142920683 -873.8138479170378
-1075.6461761123558 -881.967291805579
-1065.8689625907662 -890.6426638027642
-1056.0235355413977 -899.2125957651207
-1043.8450648337655 -905.7104838866512
-1032.3865418722692 -912.7223171156809
-1021.6311079610794 -920.2689168097647
-1012.2982692153932 -929.046938611564
-1002.8905754600464 -937.7310348140435
-993.4089658495299 -946.3205728344743
-985.3096796280955 -956.1871340021155
-975.4071575763655 -964.8652118035943
-966.133015710942 -974.1514235237152
-956.7704699546393 -983.3484976460678
-946.6299102596629 -991.7322284779207
-937.1000858328 -1000.7419393290954
-926.8080119114022 -1008.9236388631372
-917.114648192276 -1017.7429548128339
-907.3373659008975 -1026.4691444169282
-897.4770596861241 -1035.1014092045036
-887.5346317937353 -1043.638959299028
-877.5109919838727 -1052.0810134906342
-867.4070574477972 -1060.4267993075966
-857.2237527239665 -1068.6755530870162
-846.962009613431 -1076.8265200447
-837.2334406471974 -1085.6708367926512
-827.4131128010451 -1094.4274945216266
-817.5018136015942 -1103.0955465226502
-806.3249395095422 -1110.05589585612
-796.8295656073714 -1119.347418531873
-786.6579936746773 -1127.7385339642037
-775.270262862037 -1134.3861862354584
-764.9400275622718 -1142.5811805876338
-753.4272089612175 -1149.0097653183414
-743.482412711206 -1157.847097845447
-735.0341327249172 -1169.1389240502297
-726.4376137540686 -1180.374683447292
-717.1772042756063 -1190.6959551738744
-706.7701443594427 -1199.2247341687598
-696.7649225271005 -1208.5295373865729
-685.1727332247376 -1215.1392206843389
-677.8631251314765 -1229.519248969689
-668.9174787637178 -1241.228990397981
-658.4116752473177 -1250.2252060720982
-646.4223965307929 -1256.4661098745903
-633.0271021702918 -1259.9113809779967
-579.5499086995829 -1181.5150880654487
-511.22663073321047 -1067.9435060101118
-493.79448410443024 -1057.381675398264
-474.53960949844173 -1042.0351045032342
-458.3617101686618 -1031.7681632281835
-442.97444975996206 -1023.2295132861732
-427.40281491628616 -1013.571326450011
-413.95413755073633 -1008.3362395573345
-400.64389342309556 -1002.9379196454701
-387.47396242583363 -997.3785281637176
-375.50594922745796 -994.4668330793068
-363.2841419143082 -990.4794961197252
-351.8430894934028 -988.2345067724247
-341.4570133873697 -988.6976828174412
-329.8242196845374 -985.25985613415
-319.8298902883671 -986.4470798163129
-309.54347199219563 -986.5793627210214
-299.28350224935076 -986.6054861399073
-289.6134234669704 -988.445276658117
-280.20747645867755 -991.1527481355533
-269.98755731135674 -990.8762379313811
-268.6780916898035 -1024.3500783647773
-262.11047695773675 -1039.4624081076659
-252.92681498982367 -1044.8220069749218
-245.69920563013747 -1058.8677445048174
-234.9757379886695 -1058.2260640131105
-211.63038481987158 -997.8038786359738
-198.1755168005804 -980.1665493888387
-189.60777783924414 -985.9335122526588
-182.38436068979092 -999.4958454019587
-173.04840105468273 -1002.1692725744578
-163.99965442309934 -1006.7294141670362
-155.48541464520508 -1015.1617042779976
-147.53561877233224 -1028.471798929589
-139.21416196942155 -1040.7302326285865
-129.9339597050336 -1046.9680826631586
-121.34379063809727 -1060.0776785092578
-114.18452911640537 -1089.0302536249692
-108.76144887060647 -1141.8318384243655
-98.50359430903251 -1149.7882595974797
-88.48372552925629 -1162.6377898195394
-78.56049924635447 -1180.388600401649
-68.30780110944015 -1198.0542743580497
-57.15716762499227 -1203.6436591404818
-46.10912181366528 -1207.1196912011553
-35.20959950967057 -1230.4963568017456
-23.409912801880225 -1229.77720583145
-11.494772552746324 -1214.9456243815855
0.13559865698740597 -1211.9999924146057
11.776313158696182 -1215.9429749985763
24.05095456160168 -1248.7684139121536
36.89741381067121 -1279.468085125254
50.717680036310185 -1320.0260288841787
63.015728152001984 -1312.488102043395
73.90877536646545 -1282.8727500901364
85.3809598970091 -1270.1334936482328
96.23300233248192 -1252.3079530459256
106.66555527804198 -1233.3963107279133
117.2234650158102 -1219.3783905128412
127.10201991287818 -1201.2947500651396
136.7599975593252 -1184.1286682905593
146.59808545397289 -1170.8582328109708
156.06104882456435 -1156.5180279787155
165.11985047473695 -1141.1154345548046
173.74557498624677 -1124.6583815420122
182.071567040657 -1108.1421138443206
191.12690521352678 -1097.4818932918663
199.45200461213926 -1083.800211227235
207.53287891040165 -1070.0607946145678
214.57005241279535 -1052.3477051847312
222.96066683951773 -1042.4224388617492
230.30704546959018 -1028.5303421907727
238.09164565233712 -1017.5152914185427
244.7380559885448 -1002.5603642429456
252.10600361077027 -991.4492235830368
259.0281525917883 -979.3229376282806
265.47653139605757 -966.1916017425933
272.79417185177715 -956.874254959189
278.54114204931284 -942.710895336351
285.5048891266617 -933.3075368198698
292.31431936961536 -923.857856323947
298.3476323654044 -912.4629802145166
304.50969446966167 -901.9855020863658
311.15657367468225 -893.3630766150077
316.0497969709374 -881.0269722514909
321.7018759781568 -870.4549976834728
327.89192560523793 -861.7255277191741
333.94444440760606 -852.9578583079561
338.738858313426 -841.3708967325389
345.2539354458423 -834.3912272184782
350.8841640826657 -825.5236540499666
355.57644989013244 -814.7922362685656
361.32183042226364 -806.7853090260785
366.94662386809773 -798.7434977712212
372.0245481809249 -789.7637213437818
376.09475372162524 -778.9593931798179
381.76601095160436 -771.7355200339683
387.7855064127556 -765.3668408130853
392.7971644623716 -757.1785704774803
395.81185506402085 -745.43207295553
401.0249805260809 -738.0914340337899
407.59138309206173 -733.3418469098161
412.1270060513144 -725.0567776961883
418.04891349973116 -719.3463045861113
422.87788220821375 -711.8695784616001
426.04535114214804 -701.8022219757955
431.1674773981017 -695.1392712501269
436.73640676604447 -689.2875386985348
441.146321212955 -681.7139600156919
445.4514111478924 -674.1194555168626
450.7702198186209 -668.1633100707282
453.74715985734645 -658.8729125722135
457.73787849730684 -651.2234905075098
462.2067507251679 -644.3709487430998
466.586501265254 -637.4927739488888
472.07368925214973 -632.1925592063425
475.68430154372584 -624.4593223460258
478.5767364188442 -615.925569658127
481.9707032855057 -608.1778039146735
484.6318010173155 -599.6440756337988
489.0819105866184 -593.4306065050429
494.1009274867962 -587.9526115740007
499.0599329098394 -582.4329861572287
503.95859051847566 -576.872376737378
504.63160094606025 -566.9461591073849
508.6250125453673 -560.6688832218397
513.2238258632344 -555.1011660646233
516.3913295199185 -548.0410521089192
520.1640261601575 -541.6921504774228
524.5623739936736 -536.0357411498987
526.781899803775 -528.2204369760087
531.0392062086835 -522.5154174464628
535.2357900341814 -516.7771754503925
538.6454669273379 -510.318587706376
541.980994806518 -503.84184152225504
545.2423362379421 -497.34776039888925
547.6843139928504 -490.1702685865197
552.2937747608636 -484.9707067034013
556.0962499918211 -479.07510971144603
560.6004442602656 -473.79651950514886
563.5148767691788 -467.1990835391452
567.9064668210893 -461.850890377822
570.6837830575957 -455.2142569769438
573.386513807981 -448.5665009595901
577.6015153918509 -443.1258166898398
581.7648938798715 -437.64552808059386
585.0715020643722 -431.5325450903319
588.3145964411557 -425.39621015505065
593.125739183776 -420.39369347993227
596.2522365978568 -414.1971394783567
599.3146569396007 -407.97909502493957
603.1447976474069 -402.2951069437318
608.5952972470358 -397.66916421667923
609.8007572481581 -390.2807149470403
615.1577632089819 -385.56053527782404
617.0706419752144 -378.6816906219481
621.4802336959802 -373.34611170492957
625.8440172478082 -367.96095727009566
628.4278548768372 -361.52929509916186
631.8175709103014 -355.5721545467338
636.0268883858653 -350.06541852944304
638.4272991121862 -343.56307099034836
639.8766606178802 -336.58113315590066
644.8087948293485 -331.431166474614
647.8540837350547 -325.4382985879392
650.8928062115945 -319.31732621640765
653.8736988983355 -313.1679834992855
658.608349357672 -307.83768800516077
662.3905721707085 -302.0310081752558
665.2080174507138 -295.774058225685
668.8838972894542 -289.888481914806
673.4290888567268 -284.3488390720081
679.7788526847393 -279.50976985182393
685.1684835315863 -274.2045754086289
689.5863787094278 -268.45972937932004
691.1509295398376 -261.5939460236387
694.5244938702014 -255.412856791393
699.726375006518 -249.86396322846923
703.9402202064273 -243.912210386702
708.1038664513869 -237.90316163640279
710.3148274795666 -231.21817805413457
712.4626792572335 -224.51265146001106
715.5037868192076 -218.07872671898582
718.4868202499082 -211.60739383862773
722.3732260941739 -205.37264234141674
724.2769284524171 -198.55460435742185
729.9837446187995 -192.74006483426132
734.6757248488316 -186.58933334422932
739.3163529091327 -180.3672096616757
744.8783964598372 -174.30196352141746
746.4882343869787 -167.273177532476
751.9430262893966 -161.06733130819455
753.4278039517424 -153.9725437617204
756.8088295357306 -147.24603742293854
761.113165912913 -140.6511595189412
766.3451763557669 -134.16061522014803
771.5221026698869 -127.58387473280685
776.6427842122504 -120.92140311393946
780.716562896819 -114.02915600221421
781.7566919209792 -106.66524568371514
785.7035139826221 -99.66939407541153
788.594453854882 -92.49209344219874
792.4139674379625 -85.37625085014976
801.1451928541915 -78.68532243449448
806.8206947894097 -71.69634899724093
811.445402578429 -64.43879758601284
815.0070385150674 -57.030931702888225
818.5008370288157 -49.5618783252623
822.9246582184132 -42.08333275903523
828.2789787913771 -34.567807166692496
833.5642758863573 -26.955481187558355
837.7794672934901 -19.22405215961954
840.9226998141036 -11.40232157760501
849.9925936789361 -3.5483363644067927
856.9883713857868 4.464449522259792
859.908426203572 12.549842393262795
863.7516503893959 20.714401984971012
867.5170147637131 28.952186367452693
873.2016567201516 37.34791428155531
879.8032362343164 45.90496173208018
882.3280623419163 54.343264568477124
888.7616829182067 63.116328920469535
895.1077350002279 72.01487862075342
899.3724649026433 80.85894740190227
904.544694085313 89.88824395941641
909.6261358981028 99.02167889450358
915.608359515922 108.3758828548223
920.5025936714044 117.72414809297752
927.2828591833384 127.44606335533932
933.9610270556677 137.3054985829859
941.5230714059976 147.45611554024055
947.0031492284763 157.43263750362684
955.3329298372312 168.04461660110363
961.5796520978964 178.4616840425094
968.6957573902152 189.20235097428667
974.7145701086464 199.89123747157305
982.5727577036898 211.1297606178863
990.3049953141308 222.5331801235031
997.9088819776131 234.10011377654283
1005.3820316573787 245.82914884220204
1013.6911856356793 257.96546312351745
1018.959897591518 269.5120166157404
1028.9220560447502 282.5038098586347
1034.8818685061597 294.6107911078604
1044.5754529869255 307.8686782008839
1054.0144175766725 321.6482668078721
1062.3305332826817 335.3354112755361
1069.529450914934 348.9007790555932
1078.4604081504565 363.27282867281815
1087.213088953222 377.8474549455025
1095.7844370503112 392.6225509548997
1104.1714202726187 407.59596986862886
1110.5014998939898 422.05499491559056
1120.3802868350149 438.12899113330724
1130.0518166005122 454.43029366216564
1138.5884685266699 470.5744354914456
1149.6798471446268 488.0955327284892
1161.4553807892032 506.2710720906406
1171.1611207288092 523.8994457844362
1184.2699736123238 543.427667312096
1196.205765081214 562.8283642341307
1207.877073689895 582.506630738514
1220.1762154217797 602.9021507002464
1233.9784190038583 624.4888000859089
1246.589471992998 645.9339659099982
1259.7847618289047 668.1454586118878
1276.1829161650805 692.5757463905237
1293.10100411595 717.865442234352
1311.3889406654484 744.5287410841527
1327.5528772452024 770.6025941547204
1341.6156364624087 796.0323385388095
1360.4417364206083 824.9116812149526
1378.835448056998 854.2229259282716
1398.4802482400153 885.0299403311423
1416.8191935390557 915.7468934259836
1439.7034103741598 950.1995001877308
1459.5670535210372 983.4958140612077
1478.0985900616324 1016.6909845463441
1504.3102772022648 1056.0750872469464
1527.4613608055402 1094.3047067641112
1553.2445255629705 1135.4327121448732
1575.1704755053322 1174.7608152710518
1602.0537808330125 1218.8489173472854
1629.8138965063029 1264.7828520164803
1661.9378238297563 1314.5811765440785
1694.387344820749 1365.2939338147269
1733.782844627694 1423.041126487461
1774.571260846886 1483.5315433708492
1811.3588913388066 1542.2775258583808
1852.5149992531615 1606.3910412916462
1894.1558267792007 1672.6932485899506
1943.6687247135633 1747.8981344947852
1993.4479194513558 1825.4792226796396
2047.0990546414246 1908.8704671837181
2104.477611830795 1998.1936796274163
2170.4693382808337 2098.4336662336414
2231.965404506736 2197.2151540268155
2301.73613302629 2307.182648582721
2282.914497592611 2330.009741756776
2252.7741407448007 2341.155627204549
2219.1851176178975 2348.3139512729635
2206.059022374582 2377.0470314656595
2179.795795391516 2391.691094266454
2158.1167002914385 2411.2710979736794
2132.960960650951 2426.8989555271914
2110.965945430356 2446.0547371703115
2083.627008790663 2458.907783597847
2071.5782279228893 2489.9165941042806
642.7295802238588 786.8638298366892
602.4439029763943 751.2857936674757
593.7817795854828 754.3362633681992
600.3989325818122 777.0747208310283
583.6918842575154 769.7140925382042
565.9734065293316 760.5117376487914
569.1108395841386 779.3188386455424
552.1511380433378 770.605684353189
541.7217702642198 770.6500656081201
530.7692107019642 769.7460912345148
524.3591437671732 775.3344364516238
514.0224045612209 775.0361072937832
505.9147197436446 777.9680561222997
495.645770889062 777.4440621676825
488.6074312002246 781.886678602416
478.3956777599815 781.1488817764306
468.5606738165518 781.2630126612797
460.680608066578 784.776004571628
440.8214859345499 767.399125317755
437.49873656672287 778.4881858464656
432.560873182665 786.9530424310274
424.18824232944087 789.2276826553029
415.3460830877698 790.5293361183046
407.8874041986812 794.4034651838206
400.3925932447265 798.2072232664667
392.4223787397846 801.0422439947903
384.00284234491295 802.8958942920483
378.96688514320925 811.911386768811
372.13738833103815 817.2623594698059
405.01131408802746 912.1238048974981
415.87162433023826 960.8640861625172
407.586866224713 966.5784740418741
399.6111721036744 973.1469113807676
390.8055704086058 977.7934373565841
382.3102500553426 983.2923637975745
373.745975105366 988.7178293590842
365.45814920411806 995.007709105965
357.0849415414994 1001.2289171434793
348.29987081818456 1006.435392853429
339.4483696294855 1011.5650272502921
330.5311077680015 1016.6170305467333
321.8489962859388 1022.5444848952703
313.08450888878775 1028.3983130547554
304.52048951601375 1035.136837072726
295.8572613267757 1041.80491500099
286.0389261451946 1044.5433129984146
277.2153643912292 1051.0569165109177
268.0485253901362 1056.5273247939087
258.5664228061213 1060.9464666029319
248.79721118869276 1064.3067920974333
239.42453695673703 1069.5288173317501
230.3940647796682 1076.624156757734
221.05110327222275 1082.6640336420774
212.37805151763595 1092.5495701493696
200.9964051982942 1088.5997635023457
188.6741867639138 1078.6227566897408
160.71706457507037 971.7998894599509
173.85155493917017 1116.5462985677004
164.90147908558484 1129.0210370915975
154.7851042253842 1134.4895643019097
145.0835127667212 1143.8355538814435
135.4522234622257 1155.0851462810606
124.76475700658652 1158.2999419015298
113.73554229717058 1158.430069714339
100.50700807271235 1133.5529724403143
86.49541034220817 1092.5815960328698
74.51721792143745 1069.4069310759346
63.04417111427155 1047.103830805959
52.55612711831051 1035.6673469325583
42.24824374933427 1023.1280887064419
31.79966587451128 998.4937562400024
22.11088442632344 986.7523036658621
12.763201348725092 983.9172224792754
3.467436152569947 979.993865739234
-5.741386753826276 973.983078127204
-14.775199889530766 963.8867638204316
-23.297212425259413 940.7115604122298
-31.417565222808673 918.4628117651092
-39.20754896159755 898.1446253830304
-47.30653815008267 890.7446836486058
-55.456799469987054 886.2666322233651
-63.81426325611945 885.7040926884547
-72.08478085638517 884.0660520396012
-80.51141335877448 884.342644182091
-88.94966985552055 884.5388381708256
-97.50821938532647 885.648433156353
-106.21440519190735 887.6680123389201
-115.09550452466539 890.5936361990315
-124.0412024175154 893.430344292613
-132.9037533555829 895.1880206660489
-142.2789983313746 899.8209192021603
-152.0843654219858 906.3284977281647
-161.15112174867022 907.8074222868776
-170.99552062199172 913.1273360967866
-181.3411616307931 920.3039623398319
-192.03982707800301 928.3451431530467
-202.33227941306157 934.3434318854684
-214.19476206563493 946.0552858599998
-226.75489812991066 959.5718921342444
-241.50052776616627 980.7025517906351
-256.6628000111644 1001.6387607767728
-269.9235075523872 1013.6776115070394
-282.3672578802856 1021.6989437584675
-299.6676432396976 1045.9174458795328
-317.73189123280747 1070.8573412428116
-321.03132993167577 1045.8369305022172
-324.796444924649 1023.7105398325785
-322.88146399390274 985.4524647131155
-332.7679749055937 984.2695133332284
-339.0398943706508 972.6006117750173
-344.44610950355764 959.0192269437892
-349.28049278923527 944.4851175941889
-353.51685724398703 929.0112117968946
-357.12924128650553 912.6109275140884
-365.6892000720397 909.2147210371551
-373.83501311103896 904.8140046287244
-376.46313837043755 887.452255306324
-382.39089708801356 878.3741809867957
-396.74432587234725 888.4384840201918
-406.3243369488564 887.3987453242607
-420.5929865644242 896.2151190717651
