-1015.9070011328571 2075.7297427770422
-934.3306383021851 1865.0528835209557
-941.9196796698121 1836.5411286030917
-952.3065838603727 1814.2527856768436
-968.9802092230127 1804.2675395112906
-985.5501530549933 1794.1292862592927
-1002.9945003519816 1785.5828270521865
-1027.3370776135278 1789.0074144509565
-1047.278334193939 1784.3679807505987
-1066.194980448626 1777.795619205468
-1086.6481970013072 1773.5827288158307
-1103.4035904831085 1763.207451353636
-1125.9833230710594 1761.9428356691526
-1149.7305146682659 1762.0827856944304
-1174.689522931178 1763.5944898745065
-1279.0528072054694 1881.3954704898724
-1308.7917139910082 1886.4464607797588
-1320.828583809469 1865.7995209003225
-1336.105202705478 1849.95861772726
-1353.5730378879432 1837.216381132828
-1370.3186066633934 1823.5097795822471
-1385.1011077421801 1807.2697422718575
-1402.1622792979465 1794.0652001847611
-1417.8511134202809 1779.1355260836287
-1434.644251629845 1765.6219502672257
-1457.6879774084875 1759.6507495860515
-729.7274935270957 864.0941992576172
-731.3576208563006 849.5628466543318
-729.4806495293471 831.3206252477089
-83.33232614084184 93.17039991304301
-82.86396594988686 90.89864216288377
-86.44413400285123 93.03983929745955
-1567.6665777416158 1655.542660589539
-1578.421032233336 1635.5781989875784
-1593.145591683492 1619.8367583492652
-1609.8374172298952 1606.082030933221
-1630.6990439032268 1596.3535411095822
-85.8213619504001 82.43599840469221
-88.78172347008304 83.67679234818759
-88.10218143932902 81.47395673239117
-1698.160800965803 1540.8111156346138
-1707.8933962715817 1521.0092527568406
-1725.2716712912265 1507.35485544711
-1741.785081226484 1492.8565673958267
-1758.1785112553719 1478.1804093411076
-1773.6785707052577 1462.691125228069
-1786.7103433254883 1445.1540226057969
-1802.7028380318457 1429.987229926173
-1819.3574995168713 1415.2608554438712
-1839.0751674285996 1402.7728000454915
-1857.918321171151 1389.4385599430336
-1872.6411750291904 1372.916250025941
-1887.217630751176 1356.2395121002473
-1904.0987640557335 1341.1371655134415
-1923.3318604475849 1327.5404154251698
-1936.679393615274 1309.777433897063
-1955.698352771595 1295.74687071452
-1970.4306909340219 1278.7509109381988
-1989.2362187809483 1264.273809698704
-2008.7928965450985 1250.0828367712088
-2024.8427340543897 1233.5529588741392
-2041.618299936776 1217.3428922712237
-2059.9955895436055 1201.9330975810979
-2073.9213144768405 1183.80504364471
-2092.0539998573645 1167.9580735971654
-2112.7053067547436 1153.3105769090755
-2129.7372312551597 1136.4925542235667
-2143.0930051176383 1117.60519478743
-2171.4293155260175 1106.2837464566724
-2166.6163002788885 1078.0416538176157
-1993.2602764389735 968.2817102323203
-1996.0397428571887 946.3119701951404
-1959.5545573022102 906.326065473204
-1947.1063594156512 878.2213986934779
-1947.1190152715274 856.0704061980166
-1890.8154819035876 809.9788968817048
-1771.0602450963333 738.8549304425843
-1542.6596577071857 626.4392871482031
-1496.4555943366206 591.1866491884198
-1544.009355041721 593.0860911736582
-1714.4593968997021 639.9445103931356
-1739.1205233132287 630.8405546496848
-1755.3434177584115 618.1346825184772
-1789.4598982810603 611.3217421652349
-1784.6795170708424 591.0321660855566
-1805.3864135293663 579.1337478023294
-1781.1392647151142 552.9628556151873
-1769.9712843850532 531.3244323879007
-1782.5662731677796 516.9076143419953
-1794.0828980855895 502.0314280967004
-2400.2220094645068 647.4027380867072
-2340.37869852474 607.7429946051575
-2312.9953416362114 577.5019909655605
-2293.032901070436 549.6945648344187
-2273.72899775453 522.537505611013
-2235.5629683189013 491.71049885189916
-1952.36499826479 410.2388493920658
-1907.105530038027 382.0647815467639
-1922.3971507337537 366.3853092725546
-2251.4680328790273 407.2292928116082
-2256.1786240825354 386.23699490472995
-2245.885378822911 362.8000347153635
-2224.476918615547 337.93851296749375
-2200.8217150087125 313.22959430122364
-2188.7966040172055 290.57430416805533
-2182.4963597954443 268.9063767924334
-2233.611745714889 253.93418321385087
-2273.693327022111 236.88531962771302
-2250.9289673709004 213.16609451451453
-2222.9398964221814 189.47088666742883
-2207.669765620929 167.3027374648476
-1794.0560337594675 119.02498784393305
-1749.1689951968517 99.55815507549349
-1710.07184711271 81.22978340808511
-1696.7694009752 64.6343555259977
-1680.308543557805 48.209941367397654
-1661.6907166592887 32.0618491097974
-1650.9190707325356 16.346923001617064
-1648.9997851665296 0.8417367397569645
-1638.935372237722 -14.55491765691097
-1637.7265888559716 -29.926913542551464
-1637.3787105483507 -45.110511447116515
-1634.8867846353419 -60.342368404904114
-1636.2490685950174 -75.71648117773373
-1635.4697007435193 -91.0102079434149
-1634.547388300782 -106.29598016431548
-1639.465663205039 -122.01778219448745
-1644.2323177993271 -137.8407962261246
-1643.8674904849706 -153.29929460583085
-1076.3393116455834 -110.533642870901
-1067.308754130946 -119.699721618089
-1052.2454755972817 -127.98226082176578
-1038.1133454495603 -136.12377455654809
-1034.8148717247693 -145.54443052638328
-1048.2425985228074 -157.4403208906551
-2312.669552093366 -369.4909238672468
-2310.100130809651 -391.26255332351025
-2303.3882621634943 -412.31361089277397
-2301.398272981296 -434.20040202504094
-2300.181089660754 -456.2805658441603
-2291.898771043539 -476.94970729534515
-2251.1877965870863 -490.4788522427639
-2262.104729032005 -515.055526027089
-2302.918268845839 -547.0433684965793
-1422.1104728026364 -351.8903282914467
-1402.2951472842167 -360.93256974556465
-1396.9274366370937 -373.5100223160265
-1418.4282624760103 -393.50382998045455
-2292.1396841959768 -659.0300965312354
-2300.2549389625256 -684.70958499097
-2362.565767372453 -727.3699160948375
-2399.4975955381665 -763.3710035143844
-2318.1512630292286 -761.4293937825041
-2206.750135844623 -747.765897824806
-2181.725786106595 -762.098152627048
-2163.2144601177215 -778.3984837713879
-2145.5277620955567 -794.7670237731508
-1372.6956520325273 -523.1325328164887
-1348.1924643784298 -528.2812498974538
-1330.2080386626378 -535.6328722896851
-1290.9510987756953 -533.9047298627584
-1261.0916492298434 -535.3016460303047
-1251.5013818143484 -544.9488887196457
-1244.5802960627625 -555.6877600346497
-1234.8398598521915 -565.0969125028203
-1229.5593353367917 -576.4961759510177
-1221.4692228361564 -586.547472643124
-1215.0934221488276 -597.3809299355404
-1206.835213760235 -607.2476980839758
-1201.1659526890858 -618.3860882171599
-1196.278715031423 -629.9374857577277
-1188.6390567915519 -640.0290561136188
-1183.5433654394892 -651.4799322497724
-1174.851256634084 -660.9300453038232
-1167.819773058284 -671.2719103717195
-1162.4222275988743 -682.5529758077909
-1156.0582214794083 -693.2772811436038
-1150.4480931339883 -704.4644668145941
-1143.8818972438655 -715.0770623910229
-1137.21780571346 -725.6284602799584
-1131.294384709226 -736.6634340900691
-1123.598225364808 -746.5440562733417
-1116.6439021367705 -756.9064643803529
-1109.594014349112 -767.2040949581944
-1101.6319309747985 -776.8597612547177
-1094.3980985687547 -787.0176629841889
-1087.0706054422794 -797.1082102094771
-1081.2519334126703 -808.3280624173349
-1072.9325073659163 -817.689937957835
-1066.1118975406062 -828.1940726196776
-1059.1886972885682 -838.6419400054746
-1054.498046450743 -850.9164882828201
-1049.670674117053 -863.1758082213911
-1042.407035322065 -873.4915985349048
-1037.3238059972616 -885.6948241416768
-1029.0858974360629 -895.253157323789
-1024.5017062544082 -908.0513498045177
-1017.5419063620859 -918.8304896970997
-1009.734265749721 -928.8814308461936
-1001.098020538308 -938.1826865138162
-995.9926303833489 -950.856287891108
-993.5853988272494 -966.3250256706052
-988.5643376219869 -980.0023216207205
-980.5585438800341 -990.8284119987007
-972.4359810952805 -1001.5908659084603
-965.5765306290157 -1013.7366341897847
-964.0354425711671 -1031.6877751852128
-952.7784424269 -1039.3811811104579
-861.2242848783942 -957.7247679452059
-784.555964818457 -889.4200009375661
-761.6235579229478 -880.2417599823301
-739.5866703282991 -871.4703420499746
-720.9869983128852 -866.2024868723106
-703.8212718823046 -862.20914936341
-686.7985717785916 -857.967785993674
-674.2441394574323 -858.9871014207994
-659.2937977064465 -856.6753692652843
-646.8590262781704 -857.3502202265171
-637.4451361498539 -861.8861284409294
-622.1345497932175 -858.224097746964
-609.8486250213675 -858.4251013102701
-600.4727452887632 -862.5737546235546
-591.6368442272878 -867.4478915489827
-579.9849735486032 -868.0745535135942
-570.5657563294809 -871.9052228907494
-561.1264001306845 -875.6352911323178
-550.6050220166084 -877.5705725069012
-542.1915140852278 -882.7934991004228
-534.2436485266347 -888.7928465109007
-526.7375504924238 -895.5828006953021
-525.6335139478952 -913.578354064274
-524.7232921330312 -932.5049419134858
-518.6781276676685 -942.7348513124789
-517.6951820721608 -962.6217837028581
-508.0050003123107 -966.641050058236
-484.5836205712623 -943.8748405768886
-453.1293921887853 -903.766979887306
-443.1510342894375 -905.3624472045445
-440.0801549048444 -921.2873912406097
-432.52097557933104 -928.1711079773512
-424.4565923052332 -934.0838298828585
-418.20903605315004 -943.4644678860434
-413.97644588482 -958.4150991363673
-409.109114341839 -972.4478045439951
-401.73795427199707 -980.9213098395563
-397.5740869739001 -997.7027840829501
-399.26951808564667 -1030.3440454176728
-407.42800369216883 -1081.8218068644271
-399.52653623138497 -1092.2213817935226
-392.4676580381952 -1105.3950141890518
-389.1013489999307 -1129.8783740768004
-382.7714148820038 -1146.8073264281272
-372.4634887734712 -1152.2985505200872
-364.7722223284996 -1166.2869397440443
-359.7424399391841 -1189.804343960217
-343.6464529082537 -1176.8530559944923
-332.4394374147523 -1180.0678033279964
-321.20235751331893 -1183.1758303514682
-314.9922853827843 -1205.5272125295764
-313.5010984716686 -1248.233175835772
-312.8657508151267 -1297.8212596374306
-299.83445741859356 -1297.8148165838213
-283.37843927205466 -1282.0552484802417
-266.216994783972 -1261.2095431323817
-251.84468803332737 -1251.9198269495519
-236.92181868826924 -1238.543116661444
-222.45494826618022 -1225.9811564587324
-208.41783658498758 -1214.2429762585548
-194.62430925644065 -1202.3499400118308
-181.07603020534216 -1190.305620958363
-167.63363033286717 -1177.1235984302682
-154.85320872467597 -1166.768821895611
-142.2850308484413 -1156.278500187761
-129.8178195588019 -1144.6621046077303
-117.58454443210732 -1132.9143281425538
-105.4927942751962 -1120.0429770129408
-93.99379860748179 -1111.0311272972222
-82.67581881221209 -1101.902767481655
-71.34402227867001 -1089.6669355748575
-60.47586090607054 -1081.310163758609
-49.72679350585432 -1071.8471187663033
-39.41576837586261 -1062.2689853343834
-29.021695440253865 -1052.5999910667742
-18.869509835250355 -1045.829786150011
-8.82337179824063 -1035.9624260126957
1.035114327614002 -1027.9994788609226
10.730597760167017 -1018.9434990575825
20.273744910621332 -1010.7967032332956
29.633131485076653 -1001.561719275646
38.77938747409481 -991.2417258707051
47.78040545597198 -981.8380889201961
56.72210043999456 -974.3503493721728
65.66078855127954 -968.7774052107245
74.19002020545275 -959.1349440521467
82.71483234506634 -951.4111921299474
91.09931206678755 -943.6126935035147
99.3428148863851 -935.7414200143379
107.55975831859594 -928.7927101299005
115.65342080789297 -921.77290384098
123.62319859825554 -914.6837184340477
131.46850945536477 -907.5268761979364
139.1887927066521 -900.3041041697326
146.94570100142823 -894.0038931443189
154.93846939100663 -889.608380526382
162.4989770092222 -883.1750010450683
169.3801371464677 -873.7335801834812
176.89496367476414 -868.1613743000225
184.52806885137662 -863.503556336615
191.87027431900432 -857.803472732974
198.6655917688851 -850.0946904004982
205.33160460965865 -842.3348100063436
212.36010487896476 -836.4640971708201
219.5507888083548 -831.5031275549294
226.93079872950625 -827.4457157952952
233.7061663547333 -821.3996760455739
239.25582241652234 -811.463277936712
246.09727144372806 -806.2785703390311
252.86174621175334 -801.0374131729072
260.16898279494006 -797.642213270741
266.7962446470409 -792.2851531123351
273.6732990985897 -787.8190943106761
280.2923580223267 -783.3646622322734
286.40566178641683 -776.888535696521
292.4206850831508 -770.3675375659989
298.70095849553053 -764.7344227860096
305.27294107064785 -759.9798888458015
311.78128472829997 -755.1698024240446
318.6159907523929 -751.2255656171926
325.0044949045985 -746.3029400262382
331.32797245115455 -741.3270362474358
337.16921779814487 -735.3896372463968
343.3526579192784 -730.3135985997844
348.6015919151206 -723.3850496894746
352.4211785201688 -713.7333626295293
357.89329727811867 -707.6449588341574
365.1205941396006 -705.069465893358
371.3946777787973 -700.6532618332575
377.14089814017404 -695.3026268827286
383.30394532584404 -690.7807796237836
388.9214448673841 -685.3350346525897
395.9754605204102 -682.4400593939728
401.4792514415489 -676.8924660992568
407.43152394042795 -672.1573872982283
412.80342048596845 -666.5203192964823
417.0354565742758 -659.1520522306558
423.33530509437355 -655.1238199460112
427.943953902577 -648.5313965555015
434.70022606363244 -645.2284196005527
439.1657862713559 -638.5596386937259
445.2672070831679 -634.3201985561828
450.7453474690842 -629.2095292785818
456.16647581768524 -624.052198409775
460.93236461023554 -618.04721118602
467.44163556783144 -614.3958962571859
472.6970134525714 -609.0964894604298
477.8938013627538 -603.7528588910009
483.6597646403421 -599.1437490853501
488.7457172697235 -593.7075238284449
494.4148814935057 -588.9948428957275
500.0386067250602 -584.2280306391166
505.6163761182804 -579.4075251504917
510.96686738664033 -574.6945801319894
517.0365607890697 -570.5902161861966
521.717356570862 -564.9530952678392
527.7085424219082 -560.7349590091071
532.2821628732445 -555.0105396179255
538.891660437625 -551.3953013136579
543.3631926888264 -545.578995958427
549.1976473464133 -541.1311709273128
554.2775686052396 -535.9266525757643
560.033603072656 -531.3627418529255
564.2890067470074 -525.3750249721392
569.2196328247952 -520.028854590594
575.588844206356 -515.9713969060602
580.4302654946989 -510.519056351233
585.9771172081007 -505.67461683229055
591.4841547438408 -500.7709003995381
598.4892856879966 -497.08608401027635
605.4773249029682 -493.3134997426539
611.6660556101056 -488.82884163516286
617.8239165975397 -484.27121335061446
623.9500808701592 -479.64079953869816
630.0437221820773 -474.9377939677505
635.2998381248758 -469.56800964131554
639.7008913863355 -463.5544947031879
646.4907654691797 -459.23707402938845
651.614544957284 -453.6898552977703
656.6911243086573 -448.086785404604
661.7199052943898 -442.4282619105427
666.7002929924844 -436.71468869702045
675.8399144996126 -433.6466418285241
684.1338283115234 -429.9126713180469
690.7136946045906 -425.01246109458526
695.5485881468393 -418.99422612601535
701.1927434478293 -413.43044945444757
706.7936710685705 -407.7973841718622
710.6088767854382 -401.1122339616904
716.987180086701 -395.8413616479721
720.6891541367429 -389.0605905378571
726.9802146359931 -383.64536687910805
731.4554696179335 -377.22923530130635
740.2795440878327 -373.1316076200334
747.3369973490298 -367.93533724465266
754.3618003620932 -362.63931689002163
760.4474065441096 -356.81892029478723
765.5807252608128 -350.4998617818958
773.4015743011597 -345.3389709669151
782.1094717237485 -340.46112001225515
788.9522476473932 -334.6690169886158
793.9064228036108 -328.01462136797267
799.7327856871954 -321.669817510127
805.5097362751062 -315.24445239529416
814.9746907799424 -310.16165686321887
823.4767080460707 -304.5818630608305
829.1219315089173 -297.8553721035128
832.8246883304568 -290.391181869005
841.1967558107975 -284.4855321688424
848.5805663204842 -278.1366974406764
857.825157994878 -272.27926529771315
864.1661482127967 -265.39191450204146
869.494431977524 -258.1248394867938
876.6847276023094 -251.3322271195331
887.6789678433414 -245.4934827008248
893.808665633417 -238.1828483300393
897.9416801790395 -230.28186858118795
907.8305992933587 -223.76014610886654
918.648652738277 -217.30313578535555
926.4989077730743 -209.99946165478707
935.2697625187593 -202.7793661053897
945.9445736899008 -195.8184452666085
953.6270333680671 -188.09434130143174
962.2301799097412 -180.42749477523418
970.7728064544672 -172.61563732326712
981.2252601087453 -164.99087527655985
987.6686431336335 -156.55877928294925
998.9852168529807 -148.75663517706747
1010.2414638613174 -140.7557625653126
1017.4679133286933 -132.04183180551075
1029.5834993575568 -123.80152604329145
1039.6452193835396 -115.12522665754814
1048.6390673644241 -106.17017658961855
1060.5322478670148 -97.4492238765234
1069.371106584109 -88.1727645198794
1080.1232169478828 -78.88495553752344
1091.7922604861099 -69.46697015582724
1103.3786721347528 -59.83732846768593
1115.8785068976633 -50.04156116510717
1131.2887006106998 -40.12325847378972
1140.6117181530706 -29.764213611315505
1152.838721264208 -19.284261819048055
1164.968419697688 -8.577943055994176
1180.9976383398766 2.361828874907578
1192.9229845106893 13.555553330996158
1205.74098570251 24.993507099632208
1218.448241274329 36.67265105626872
1230.042136854054 48.55246197169477
1245.5145738462193 60.84773074380774
1259.8648957383405 73.37877408502007
1273.0907202564592 86.11630505827313
1290.1754245460306 99.41515929409208
1306.1248492441794 112.95520433724872
1320.936914525416 126.70701576500862
1337.5935593428183 140.95556038911897
1356.0845578611697 155.75516662530183
1374.413941638914 170.9131856486921
1391.5854643766113 186.2951833401263
1412.547273293824 202.58134344056091
1429.370112378477 218.67117285810735
1454.8972040842832 236.53778883665868
1477.2561306194978 254.3920685617172
1496.4545202051324 272.1486155717619
1518.394443834997 290.8510150077013
1539.132846793001 309.7903806170757
1566.4967871017882 330.58859024439266
1589.6976445139105 351.06324077995487
1613.6245264730035 372.22558692918375
1641.1811526962185 394.801752826291
1668.4537554946157 417.92590943361387
1695.4344953826644 441.59469184596213
1723.0808826435268 466.06573771132827
1757.1546415453229 492.98333206684384
1791.8796206242528 520.6951365160652
1820.3584798640222 547.8101904739868
1854.2092646518715 577.2971530149493
1888.6120585043245 607.7832610989361
1925.4458020636896 639.9214508948072
1967.5105423426055 674.7608952589852
2008.1394002622442 710.1240378373308
2051.087825113224 747.3471306376334
2097.2502255984473 786.8554449371641
2144.707357264208 828.0285935260796
2191.565788043955 870.1743484355767
2242.440638629325 915.1742906264934
2300.0299145339436 964.3123934954792
2360.5550265718525 1016.2086235248943
2420.294370151292 1069.3414617482863
2487.4272232479743 1127.4159875772882
2560.921652750442 1190.233711702851
2639.7576271820703 1257.5594100216833
2714.8399655542653 1325.1735589836208
2805.860943706336 1402.8233547326581
2903.651773546402 1486.4220053473484
2907.975640530301 1523.7344499887067
2885.4113020293194 1547.0868166077396
2843.377556425513 1559.568232433477
2838.872812486597 1592.427754883856
2824.457131492589 1619.8697207987614
2808.05079688253 1646.1700161670385
0 0
859.7300182627687 526.2397701598572
817.3754500608808 511.07081078630637
827.6454411467224 528.5139768719908
815.877027503669 531.9968759229489
806.6151490486516 536.9664806347055
793.1974081486292 538.9980256979584
780.6365261351654 541.393215753228
782.7952808811339 553.996884675561
795.3236390140399 574.3007132378168
764.058378051253 562.8639222136097
757.0683188680557 568.9082180512916
758.7630991196851 581.5621715812428
740.7301083903187 578.7217868061186
726.8609672061297 578.544842127358
720.8237775114319 584.4630713519458
712.4259813636705 588.4090593099421
700.9550688699818 589.6761750532905
690.2793646453412 591.4350334101152
682.643468436824 595.6793558623153
677.2299194533474 601.8269154808653
671.7610105056085 607.9252789319455
664.7664663772445 612.6185968286565
659.2004972439734 618.6038348032594
653.5806419563538 624.5385051859657
646.4739365452059 629.0273836390154
641.470737519771 635.5503858120464
637.1063598287393 642.7444953212537
636.8494271392266 654.2108277554255
700.0113550718844 732.224762467389
721.4256093551662 768.4146603016676
717.8379688089703 778.5818200653106
710.7693261802156 785.040104046489
703.6425819180783 791.434215150988
699.0889449176312 800.7769021980798
692.471217557613 807.8239986867666
686.427083448737 815.5819144071676
679.6621841691785 822.5255712805417
673.4577753838196 830.1901136336646
666.5472878974174 837.0273071988736
658.3364818364332 842.2316051320014
653.1295810665055 851.3229412719306
646.6089105514162 858.7909622227697
640.0064920570117 866.2105345266116
633.9096231590463 874.3904103238758
627.1374064791454 881.7157554419741
617.9955816611058 885.7095805326662
611.6567979992599 893.736516799718
604.6659518518491 900.8907184953663
598.145415373984 908.826750303425
591.5306700421369 916.7183135508424
584.2874165897392 923.7192294279083
576.9658370817933 930.6639688096374
569.3499987649935 937.6830908714852
560.5258965867704 942.9844745570296
547.126572585859 940.4235819940134
489.79315746475083 860.3503140585873
543.0052816305729 974.9878276785317
540.0507554100944 991.4565959138031
533.5438392785413 1001.7764079713166
525.5052133539144 1009.3999557845527
517.823808243576 1017.8519065247755
510.02989530958007 1026.248267180266
500.81395610111804 1031.8887446688948
493.2497048275152 1041.0613472257862
473.38681212930896 1023.8598176030009
446.9018076603031 990.8823211209055
424.70193127250855 965.7397525075799
408.5297569607977 953.1382049197018
394.17335104274554 944.0107887771901
374.37516941585426 920.8035797741288
361.3029385881226 913.1178382703886
349.8450414340565 909.0018960288276
339.54769045329977 907.5617697478393
327.60029728809957 901.3096278287217
316.4659860854782 896.8000221069053
300.91067736375544 878.9162441600939
284.7744511884346 857.974074171432
269.67064259846916 838.7125517842981
260.005559834189 835.4771743472768
251.57780566646164 835.9650756437425
243.44301878035967 837.3287864435962
235.3048162552934 838.6135244837532
227.68617910287807 841.7499651592104
220.0293758734535 844.8171836277589
212.09208935612702 846.844699831411
204.36995939927246 849.7699216229884
197.06098369104745 854.5735595644863
189.67979218133036 859.3145968957162
182.2269185402992 863.9921007505261
175.0972708142081 870.5658767453592
167.86020870650972 877.081495833202
160.51619991703103 883.5375201790786
153.3349127083057 890.9008949062384
145.94286160104832 898.2208420804415
138.42701494961378 905.4799619716272
131.3552779304036 916.6361278936296
124.08650710833233 927.738399956396
117.11421218950291 942.7535527926862
109.52935835327698 954.7378277091149
102.67204088172485 975.6123472061951
95.81432539903857 1000.4222183899792
87.5544257007699 1014.2278947752366
79.12079394269955 1028.962535744561
70.55327663157229 1045.6224151941985
62.95575791196472 1084.1736819097437
52.60002765157346 1080.720702629062
41.56874553406057 1058.1838400744573
30.57594280333474 1022.542963264472
20.706255613409237 1008.7875152768655
11.230883979912802 1006.9373700707655
1.775955482883766 995.9984166564336
-7.4578196408102375 982.9717091179202
-16.46428771527107 970.8604056351401
-25.165495737473712 955.6687176131105
-33.79763210764162 946.3967033247297
-42.7538177449025 948.0364502846056
-51.362822628068564 942.60164462602
-59.17236215492345 926.11156539426
-68.43215313124827 933.4950671630897
-78.49507445464239 948.7584114443256
-87.65668518723626 950.9686143832433
-97.6754883963788 961.0491657384282
-108.774241323581 978.9755688598564
-123.92920918744 1027.553673104318
-224.9089085618731 1728.428472008462
-239.15759978832955 1712.3798183999616
-251.3543207777982 1684.3485403639984
-266.4979059178398 1677.968970553808
-280.7135496105474 1666.5232980864823
-295.43957431646453 1658.8973620835336
-310.60107016902003 1654.090679258504
-324.72969716156655 1644.2404397719201
-342.19226659210574 1651.9302202830959
-358.41137068129746 1651.557231635148
-375.9816593281302 1656.8762150048706
-392.7621969961724 1658.1175641705083
-412.23599001642793 1669.8687039809972
-434.95231966112834 1693.0211102113888
-456.0783072895988 1708.1617539389688
-559.7873739587891 2019.8648707169307
-573.587646766148 1996.2279958655206
-584.4249021644648 1963.886079621233
-565.571317262509 1836.9031234907166
-570.4566160569774 1792.4118525597912
-573.3042156387606 1744.1955957778432
-544.1356696983053 1604.2295262717168
-553.976872014395 1583.9171775295408
-569.5861764195334 1580.4972596090688
-591.0946544673055 1592.8616102663084
-840.8464763896754 2201.9142133932164
-864.5246623999808 2201.3228086998506
-886.020456493668 2194.916114723921
-892.1498234203966 2151.3506670394195
-822.3176204346785 1931.2158685974616
-826.5009265923645 1891.2937948245808
-835.7318756829077 1864.2428039200067
-853.7151459991414 1857.1770108128262
