-967.9553505041172 2001.197501355239
-986.9124590389993 1993.0328141286573
-1006.0788893001877 1984.5478750850284
-1025.1729869593123 1975.8786265378048
-1044.1929797442872 1967.025678798512
-1063.1371004673977 1957.9896592193163
-1083.459850428963 1951.3940536212694
-1103.2588239274132 1943.7193643698417
-1122.0055951475272 1934.1146409811504
-1141.6890779434232 1926.0495967925374
-1162.8739554399622 1920.3513125882505
-1184.0524304484927 1914.4244153136517
-1203.6200931942083 1905.732056522943
-1224.754660966857 1899.3620035264364
-1244.2262163159976 1890.2566287760972
-1264.1923730048723 1881.7828365771406
-1284.674480821996 1873.9251528075329
-1302.254538158971 1861.751089121305
-1320.8809620044085 1851.0401087535374
-1340.0095202983573 1840.9517879373611
-1366.2180062515356 1840.3022467502667
-75.45146164558592 99.65980601799643
-72.71956265132827 94.19588742508635
-76.07693886004829 96.65039769025513
-1450.7894794013846 1807.8533918596
-1467.7403268180988 1794.1188179805429
-1486.4825042489672 1782.5293166065233
-1507.7269696114088 1773.7935012583616
-1528.938272075791 1764.8152198408463
-1550.7756011064441 1756.3439398400722
-1570.5817343630265 1745.387354052168
-1593.022176787114 1737.1612890760734
-1616.1291394825585 1729.3974686333288
-1635.782362244684 1717.7310800498433
-1660.930093005673 1711.5888017126565
-1592.5899841826447 1610.5533652385207
-1570.7684531918776 1558.8635175849092
-1552.4166212096738 1511.9165433951505
-1522.4792744698814 1455.0920447894916
-1526.6246960043657 1431.805167454559
-1527.524275640017 1405.861155068466
-1495.9707210209237 1351.4168867703768
-1380.7456482123873 1223.750977504228
-1217.2133498967232 1058.376426812879
-1210.4559159248533 1032.5102786909795
-1197.1834406862577 1001.7348997347622
-1322.5753445818577 1085.5023988477317
-1395.1254557975617 1123.0787873455922
-1415.1299340003445 1117.2359956142573
-1446.2182080568564 1119.6847300400302
-1468.7169699072174 1114.9916871019989
-1488.8491383050487 1108.1806005197504
-1478.2866614099298 1078.6883454907093
-1464.8605752877334 1047.7521152294044
-1469.816157661567 1030.371516821475
-1486.937959148716 1021.4849512560877
-2038.270169235641 1371.970742109361
-2007.7757837981676 1323.9567220999536
-1992.5183496388158 1286.9555650264733
-1976.7422485195582 1250.3643800580057
-1967.255126086812 1218.4019324037374
-1955.6313008693955 1185.6960888270971
-1878.2073394481888 1114.537208909131
-1648.2803595164255 957.0829934924157
-1650.3249754243072 937.4601194134926
-1701.9729225187696 945.5671160805659
-1967.447356899889 1068.7712092995587
-1975.7262709596903 1049.1304505349733
-1960.7318944201368 1017.4534083699469
-1949.7763647562692 988.4169805491146
-1939.3445141670022 960.1243957791896
-1940.2577778983857 937.7764953893964
-1950.8711438368439 920.1906216348459
-2031.2752964164865 934.6746333179875
-2029.0979154575894 910.4601306403622
-2016.56669819804 881.9635773197523
-2004.599372376664 854.1793466638519
-1986.7464503936756 824.402536294091
-1622.6542449514825 655.35730814643
-1565.5048730729106 615.0760053724822
-1553.5173174393383 593.4247588499169
-1537.3917493598271 570.9873982850502
-1551.1793329634193 559.5030625359988
-1525.2450714654785 533.9320855410984
-1522.6419613960963 516.9385431517449
-1527.4538858019268 502.54216415002895
-1528.318429808656 486.8868216610552
-1521.3787418540642 468.90374687620545
-1524.778908787265 454.2359291354188
-1528.9988415084404 439.8221716396833
-1523.4465559672467 422.6956246657103
-1537.0295925516505 410.8783659679677
-1537.934277846316 395.60353515272163
-1546.4540545321388 382.2680436828438
-1559.7236925428854 369.9608126820824
-1565.096809364567 355.66413555045483
-1594.7684909843751 346.60851138340354
-1599.9276260332524 331.9451633261155
-1020.2627967814817 201.6527349272237
-1011.309994306324 189.98182917358932
-1002.2287308673691 178.49809809626126
-992.0356251889311 167.03687723376083
-991.5929249344713 157.3514258591257
-1010.8375011740903 150.6371342668234
-2281.9393996746853 318.07008066201007
-2279.8818057920716 295.87151200864525
-2293.494578218601 275.64945071935387
-2295.0005133457125 253.87722178824257
-2262.472222564872 228.68196719979278
-2260.54677365633 206.94995557370032
-2312.2321987867804 189.68990192852027
-2328.880488480671 168.93984247071955
-2328.3754373196407 146.82241956380912
-1429.9484659941613 76.62496069130782
-1407.630430316252 62.10935233669403
-1416.1492057256016 49.096100891492775
-2355.251073327288 59.40018173926297
-2370.704990286526 37.401190229222166
-2493.949951972064 15.799906915590386
-2480.9880428429587 -7.702679421093418
-2339.815884387497 -29.35348647019319
-2291.4545660671515 -49.999716499213754
-2270.901149902853 -70.65385601579837
-2261.154493993801 -91.37480118521385
-2257.21220640728 -112.21878294643376
-1436.4994718428552 -84.79544442479234
-1426.6710852121334 -97.51725293317747
-1410.749100054535 -109.59916375283018
-1392.7345760157527 -121.22046349615044
-1359.6965505268993 -131.07742172186263
-1334.5539175385331 -141.17308944184077
-1328.2182982309967 -152.98742511839035
-1323.763424903039 -164.94361124025417
-1321.1835633005362 -177.095996748933
-1316.5125252634416 -188.93059790429916
-1312.7243761214127 -200.84499579687855
-1309.8156985205105 -212.86576969824728
-1306.7970545861267 -224.84985684901758
-1303.668874710716 -236.7962523151398
-1300.4315984604636 -248.7039559909802
-1299.0464994275342 -260.96588345044154
-1296.5671844666688 -273.0174649434999
-1292.9994807512585 -284.8303754464685
-1290.2988229063806 -296.824775930866
-1288.4593246704083 -309.02680898244967
-1285.5341765927756 -320.978006741793
-1283.466100000216 -333.1527729889625
-1278.386038862383 -344.5361165999083
-1275.131588746185 -356.39224371698975
-1272.7277332109306 -368.49574911492005
-1269.251039984748 -380.2983006767652
-1266.620117978709 -392.36395952177025
-1264.8269097561451 -404.7182827062802
-1261.0141978711467 -416.44590617196377
-1258.0393546631522 -428.46001227503126
-1254.0064717836294 -440.123583468068
-1249.8654558721819 -451.7492027855978
-1248.4284397740455 -464.38177264330943
-1243.1284241359053 -475.59722571245163
-1240.5197169554297 -487.8522643637323
-1238.717629701228 -500.47440880365843
-1234.024020024131 -511.93819744524177
-1233.8210377832208 -525.3252770651112
-1230.7262714966525 -537.5517134638748
-1227.5106834034916 -549.7658793798438
-1223.265420084154 -561.5493852069814
-1219.8119960678596 -573.7270206718035
-1221.643250130247 -588.4927946977829
-1222.408037737823 -602.8993193510547
-1220.3319902277156 -616.0185335092303
-1217.2289323038965 -628.6920759499963
-1214.8797140792772 -641.8280769167502
-1215.910497046207 -656.8756831949604
-1215.8906530722365 -671.513901398601
-1211.3490796965643 -683.7502520060133
-1204.9524664076057 -694.9608288948577
-1197.5905305150181 -705.6039407633418
-1183.2802736312988 -712.0454999752745
-1094.8296019899255 -672.7355666282118
-1008.9115869606574 -632.9126398615593
-980.2574756789542 -627.6872480587164
-959.3231127993553 -626.9092161142277
-942.6488547233342 -628.571504833608
-922.7200370716478 -627.7290284720764
-907.8185579864111 -629.9924331096946
-889.6903806702296 -629.722976032209
-875.7005908465048 -632.0984695370511
-862.5493859051231 -634.861840776948
-853.4220871532017 -640.4371484845901
-841.0889462400763 -643.4674696616435
-828.7735960085031 -646.324474671302
-820.3922723078865 -652.1200192736785
-813.5289746579807 -659.0748116806882
-801.9805033358625 -662.1384086950075
-794.2716594437662 -668.2638184163841
-786.5183236370606 -674.3032897614753
-780.2276569770033 -681.5723023188191
-773.1228339540572 -688.1177832456063
-765.9637830246287 -694.5901547636558
-760.9547857050043 -703.0247606682506
-758.7678198273503 -714.1676242973002
-771.6020380317398 -739.8589696051982
-770.9732594985624 -753.4482285719188
-775.114910822235 -772.0316541574178
-770.5506564769491 -782.2120465723744
-758.9129099212819 -785.1848159222212
-720.4522924852618 -759.7088220184961
-685.2719224826488 -736.5041698842815
-689.7035741799343 -755.5382053631861
-684.4942470486299 -764.2928926513247
-677.8605565336403 -771.5141384938473
-673.1099888761546 -780.9506660955883
-674.6974889620276 -798.0026932212288
-675.3825191310808 -814.3847081399276
-672.0302950064944 -826.1962736502048
-670.3850200054246 -840.3623771637604
-679.6214672654204 -868.7483302038613
-703.5935325768216 -917.2197887726087
-705.6651233066649 -938.2498248060532
-705.6192223447467 -956.9861613720414
-709.380616554816 -981.4785483424022
-709.2707635111457 -1001.2312340455209
-703.1460026856768 -1012.8547274447378
-697.4265142763401 -1025.2786241721585
-695.9705113879493 -1044.3419206746403
-680.548793980267 -1042.5345744923782
-666.3020545831762 -1042.2142639871315
-660.0824408050905 -1054.432155873859
-663.0960733989938 -1081.9725493018925
-676.9617080562543 -1128.529505961434
-681.9004256268797 -1161.6457332293182
-669.834862334291 -1166.3388260713957
-650.8851942479116 -1158.7016285087625
-629.7346268449713 -1146.4284974443128
-611.7155916898411 -1139.1457478670354
-594.3571799139772 -1132.5107251963243
-576.7244268207779 -1124.759945725418
-560.6366486515756 -1119.4599359462266
-544.2628881193681 -1113.0583581358007
-528.0619345079419 -1106.4477363724552
-512.0362721279324 -1099.6307816832566
-497.68155998362136 -1095.226946733995
-481.5810824402984 -1087.1065545914212
-466.8693610334756 -1081.5345578058032
-451.53225646335784 -1073.9383694482233
-437.8973504072551 -1069.8513497240192
-422.53124040390304 -1060.9577516954853
-408.81875663983874 -1055.5999356856064
-394.1897728424917 -1047.2704631499853
-381.8165859801906 -1044.3946067796558
-367.19293070038884 -1034.7817893854044
-353.76321963426005 -1027.8232262573183
-340.4992402728913 -1020.7038098163364
-328.01766899963366 -1015.3292120411226
-315.66924168168055 -1009.8103435081821
-304.034127365522 -1006.06374022578
-292.21873583782155 -1001.2278514031386
-280.5229095691045 -996.2589508791798
-269.2099803430212 -992.1239773756656
-258.25382979682416 -988.832118913657
-247.38468947771977 -985.4221508632795
-236.13528734450588 -979.9510835091351
-224.78736111296746 -973.3815502072496
-215.09600027316588 -973.520780808754
-204.39005817960822 -968.6716183089791
-193.40153568570398 -961.7467681226755
-183.5023508778246 -959.6123629999313
-173.48278348438103 -956.3930801895795
-163.03368478715953 -950.1136866842415
-152.87946493069146 -944.7099391890114
-143.2938509521095 -942.1655227608971
-133.77045423524385 -939.5245955129097
-123.78405908756335 -932.822869957532
-113.81508821448244 -925.0243919458176
-104.56901804176351 -922.0896488225976
-95.38904219075256 -919.0630721718346
-86.27606763062376 -915.9456534938064
-77.14667514571371 -911.7419539068944
-68.10500445074638 -907.4479094519771
-59.15194389415092 -903.0648080473202
-50.34424122690732 -899.5923840136081
-41.907888403788895 -898.0226772690852
-33.21719007197274 -895.3840618883734
-24.55320544263251 -891.6620100141599
-15.963364669326431 -887.856503602037
-7.440042187161417 -882.9686550338315
0.9906979013974068 -879.9994423394076
9.364037939844232 -876.9500070092143
17.699445150554073 -874.8209700512228
25.935485541344477 -870.613778084022
34.053457946881366 -865.3302040272603
42.17061144896386 -861.9690478955845
50.22667625921348 -858.532050066829
58.288882499337504 -856.0177604331457
66.23019031757218 -852.4309719211863
74.19529968732762 -849.7670607315323
82.21207119521365 -848.0242775709862
89.67234953075857 -841.2341349051603
97.58791615785103 -839.345935011285
105.10069061281033 -834.406882062169
112.93138866117178 -832.3740153651239
120.73285355874985 -830.2677749205743
128.50439893005625 -828.0885335854041
136.57089922887315 -827.8099960038035
144.47159288066334 -826.467760321311
151.9959134532611 -823.0833750559592
159.46879539319582 -819.6308335438846
167.08997258199153 -817.0905341897857
174.67718932763228 -814.4795144929052
182.22979081747306 -811.7981912634568
189.74712710114878 -809.0469873603514
197.22855314630752 -806.2263316363551
204.42653694090242 -802.367615868406
212.33725592937847 -801.3450503649359
218.12420488325245 -792.531280924639
225.68420949746758 -790.4116886683187
232.65616963654597 -786.3021726601363
240.15601328155662 -784.0440608057105
247.3319535647341 -780.7611060662872
254.7782015900845 -778.3630695212372
262.20120480880854 -775.8940186628644
269.3839681179332 -773.4295557586589
277.0971053219198 -771.7623949261929
284.10914567605585 -768.142560559706
291.4331885005397 -765.3938180050901
298.73064228377626 -762.5752443927894
306.0008412392075 -759.6870968766663
313.24312206688023 -756.7296389581907
320.0655458405673 -752.7828680076212
327.64128893504517 -750.607877513274
334.7958613521484 -747.4441325085595
341.91988851456483 -744.2121940939879
349.0127204583935 -740.9123571369499
355.6389436310868 -736.6443794484314
362.6588648787016 -733.2138485632222
369.6456987776635 -729.716422574669
377.05919762164837 -727.0401374676082
383.9864056886784 -723.4054466523525
391.35584380319204 -720.5835159931787
399.6776336210926 -719.4350486201264
406.53116899346475 -715.58466210282
414.3521042570153 -713.3984396519126
422.67875560555103 -711.9878296429953
429.9787803673859 -708.7730584847136
436.72909422816116 -704.6337334066898
444.5093809133816 -702.1199400957091
451.73843873929246 -698.6818896789773
458.94232416774656 -695.1697225048765
466.6791773643182 -692.4128431900748
474.97192736041495 -690.3952985207335
482.1192870408654 -686.6454638772527
488.0734415287086 -681.1962387405866
495.7380306778953 -678.1178400098335
502.7903861163596 -674.153415498996
509.8121825715319 -670.1160634559144
516.8026696205833 -666.0060064842045
525.6228083751924 -664.1759279857828
534.4549109711837 -662.2378335151082
542.6622800155444 -659.4191761302752
550.221608654639 -655.7378907532348
557.7600055947497 -651.9722203889861
564.4381576376215 -647.5264984559686
572.4954831637888 -644.43224760797
579.8732070103197 -640.5021965548339
586.5494360455534 -635.7552666511252
595.9275048681601 -633.8536179131654
605.3213829613968 -631.8314833321477
613.3325177333717 -628.2572902011113
620.624524791898 -623.8791543454797
627.8883066722058 -619.4193041424444
635.8414350792195 -615.5734476375654
643.7775718491494 -611.6326004915151
653.8898933784213 -609.6425242201833
664.7591390793434 -608.1909955026382
674.1702286158137 -605.2524290311453
680.5830463100364 -599.5462593289619
687.7046494608184 -594.4268795318504
699.3660288706078 -593.1072058757643
707.2192917670712 -588.4223596639425
718.9195801177048 -586.8037468552694
729.090208737841 -583.7666207677615
736.9075234384478 -578.7368157459948
749.4478796197826 -577.2727914369531
759.6314517249415 -573.8153514417838
767.4051606441737 -568.4314553371319
777.571962277101 -564.7148337705844
789.3655423307522 -562.0169397632758
799.5365025503696 -558.0021335886833
808.05056442938 -552.7162792295522
820.6889141449882 -550.1033595602923
832.513071802764 -546.7522156128184
840.9822668376224 -541.0626829348462
850.263817687786 -535.7951477299804
862.9243415818439 -532.501249487305
874.7415271708346 -528.4990639942855
882.2554697906397 -521.7760880152498
894.0475326852736 -517.4630511441127
905.8358939499086 -512.9740083395745
915.8687721648462 -507.33952356706556
927.6338744448444 -502.5140744122961
940.2723148290338 -497.9798931343017
951.9532598998097 -492.9188482561052
964.5810762288864 -488.00035592315203
977.1999249867469 -482.887467849287
990.7079057664178 -478.0144824708963
1006.0193128360954 -473.78174532245373
1019.52051627457 -468.4676263043522
1034.8351068749612 -463.7588830190614
1048.3176815901593 -458.0022253935381
1065.4631092589154 -453.5993417194566
1078.9224416871318 -447.3816768977889
1095.1401969155106 -442.07346572697264
1106.6986344679137 -434.6712924347031
1122.884991158909 -428.874453226182
1138.1216928788508 -422.46303057022476
1152.3954503543453 -415.4632667307731
1165.6934681624732 -407.9016281940353
1184.6320847969444 -402.05450335700164
1200.7127638402067 -394.94918502411423
1215.8107107354754 -387.27292141446964
1230.8695135273952 -379.34712423957234
1248.7609306447532 -372.0284103334716
1267.5833632898775 -364.6826251834906
1287.340357765564 -357.28252583638823
1304.1707347563026 -348.76739326549125
1323.8589890283595 -340.7145097714658
1344.4804730270616 -332.56165992027474
1364.091254648551 -323.8194697533516
1387.555477512999 -315.62445536376435
1410.9844631148642 -307.01603353645714
1432.414316679366 -297.5873407455111
1455.7519606248657 -288.17048623490194
1478.0546602007832 -278.15539084969697
1504.233839486833 -268.448423617463
1529.3730813023399 -258.1065248841774
1554.4488930975288 -247.31485751540973
1580.444046246267 -236.22154153405992
1607.3563408930904 -224.79900664988642
1638.1579149020922 -213.40723006409434
1667.892100110089 -201.3353977579642
1700.5233324412764 -189.05394950335335
1730.0591716360943 -176.11434534935313
1760.5014415955454 -162.66122506610546
1795.8235502707912 -149.0697027997652
1835.0314627007851 -135.1278316936127
1879.1218720942766 -120.78903020101367
1918.1081754629904 -105.36615785933405
1955.9679458260453 -89.18180812834353
1998.6861432908825 -72.48241591598607
2041.259308066101 -54.99488370295799
2088.6756873704585 -36.80859936946764
2136.9262655434864 -17.75205989087027
2187.9988908051546 2.2031421681121364
2239.8806967002824 23.118489342021807
2294.557616906339 45.05932419714195
2354.0132733881533 68.16530431525354
2413.232367803537 92.3825686227338
2478.192569403431 117.99402083842523
2547.871227169535 145.10757995917328
2616.2558453006973 173.46282578677472
2689.3129868847427 203.48134699048995
2771.9954620637723 235.72263000792566
2864.2590199829783 270.46121061281514
2949.1451737148427 306.21519288639325
3050.498202359221 345.48620436011845
3156.329269991115 387.279665613048
3271.5507691706143 432.3835851869986
3282.2334304803917 464.9394668523221
3263.917941972266 493.3970693787395
3223.6369968506065 518.0632321792402
987.7823385319615 168.19646751441996
981.2519086699281 176.50408417830744
987.425512094814 187.1252469986192
994.4664451554087 198.0719300152456
987.6841201880095 206.30336577098697
972.0428097847831 212.5035904301478
947.5988083749495 216.4266581694032
945.541933785 225.24309413192415
956.9911426991474 237.4109365538579
939.2457029956022 242.31696062037634
924.3910157586383 247.68982616311234
923.0182026965563 256.51783074636137
911.8853405146524 262.8043488119567
901.6754509148758 269.18837496715076
898.1154617932797 277.4682275285659
894.4796342312233 285.70471460159183
881.2720054908016 290.76391168475607
876.5696668303999 298.4989433697241
873.687114728859 306.8335469872249
873.5462418787515 316.161293170922
865.8104951654645 322.71998150305654
862.6977583647226 330.95102011095634
852.0651561322404 336.2156595183227
845.1178573417592 342.81162057619053
842.7377557253612 351.2293767254975
840.2738887133029 359.632857156606
835.8952169103044 367.21681108913725
838.7417957147017 378.0372999074003
893.1976178510495 412.8607700729272
951.5793738759098 450.8943282122002
956.2377111235836 464.30425350747095
952.6678391228736 473.83540211866244
949.8941586065268 483.79446818375084
947.0170319750622 493.743598590548
942.2718436747643 502.74026357330933
939.1966973496241 512.6495525088837
935.1449612858045 522.0583313977197
931.8675905097447 531.9321326612661
927.6231037631312 541.2867792259988
925.0026194534524 551.6331697824664
923.9768733773286 563.019304699098
921.9688060800395 573.9072404277076
918.9929645040805 584.2712821900473
915.9031106790378 594.630550719068
911.0320367489375 603.8788189836456
905.2395913467712 612.5277808053531
899.3650389708326 621.1211851780558
893.4089124543326 629.6582526634321
886.5598840037686 637.5543679367464
881.2541052781481 646.5602848384756
875.8571277480935 655.5229147580272
870.5365275426144 664.2222174950541
865.336822172854 672.6129527386358
860.8405836378746 681.584543224099
854.6960863545039 689.2739658294765
767.3438301860226 630.2637910236034
851.4059299524222 712.1853287184812
851.0774979927863 724.976615078265
849.8322598542312 737.1635707975879
848.4364948259362 749.3860915759507
845.4023930828382 760.3050662528893
842.2404114493119 771.2295957247063
834.5616289423349 778.066762879071
829.7291579216621 787.5820747672012
822.6357200548539 794.9883471409074
807.6350582953752 794.6160158291714
760.9147148891091 762.1927555843245
733.0474148059487 747.5630325573326
714.5234968955235 741.8599412181471
691.3510882654672 730.8007065911705
668.4356999550598 719.3870411854729
653.8709366388849 716.4864257046237
646.0869949414995 720.8297961151875
632.9918903308829 719.0864112019748
619.980492448773 717.1667790569896
597.9943824567194 704.3995446834181
573.7269589720121 688.224800881752
552.3326565742801 674.7685799454495
541.87652728281 674.2364786778613
533.9524129228332 676.7117707960193
527.2523587463157 680.6805052272662
520.5241084510961 684.5835613869147
513.7683005665457 688.4207531248339
508.1673592460806 693.8054013892258
501.92748124435616 698.3328744744132
496.22360249598125 703.6214439070986
490.4651958701992 708.8638033078056
485.21422260910873 714.8868149419446
480.4487397365744 721.704931731478
475.5998760775402 728.4948578233262
471.74603254712537 736.9400795017506
466.4868169876811 743.8239372167998
462.1767019956303 752.3840084241839
457.7476103542238 760.9278055209953
453.1994760631428 769.4538549491404
449.0317293690804 778.8270064782121
445.7115530378502 789.9305105441792
442.7068498065808 801.9143627185721
439.0424889922574 813.029945856537
438.0113164914537 829.4516782944162
438.08865207031437 848.5890247506239
439.1990511437757 870.4764175291638
435.5184537519116 883.4866588927895
430.76611782821396 894.7008168830569
427.54443944004174 909.522265974781
422.83321859413337 921.633370301513
437.134867152723 976.6335586694588
420.4462495151024 963.2372248146789
394.6483857072652 927.5325609695057
376.82746968310914 908.9868305383887
370.24225101274226 917.0832435308246
357.68726520900196 910.2438246466191
343.1491225232929 897.6467455026471
329.92145515799683 887.6715797108917
316.2297217307896 875.6481959634631
305.76846655691276 871.9413081506314
297.65851203571384 874.743053823627
287.32953517787126 870.8218751354771
272.8361728091962 853.4497189681595
266.67322902897206 861.6782397851656
262.10141854159406 875.6134114998948
254.51495740711664 879.9307566258004
249.0222485027889 891.8878403423915
243.58915674198943 904.7835778337969
240.69867577377784 928.3022931571104
242.9577019574443 974.1599227332018
462.21125944631734 1929.4083942081961
438.67678887120366 1909.2521244994464
371.723683323208 1689.5921115040242
348.40398758329735 1656.7630070218424
329.4639010602218 1642.2784593052972
311.9715026874008 1633.47567521251
295.8247540410632 1632.4119317428872
279.5569331796215 1630.203644061442
263.83636183029296 1630.7956261212362
248.43031724054694 1633.2135125193404
232.72004994078827 1633.5058550111037
218.21164343760285 1642.5689266110753
203.43045913372347 1650.5105417102438
188.63167392915068 1659.3125358384677
174.8240250869999 1678.922440213478
161.03949493685974 1702.4001530399605
147.6748433633863 1735.7292820706805
154.87224117237537 2049.1558234829886
135.3899446361685 2048.530830349257
114.46360402485541 2021.7623706443944
91.79413651419375 1946.8371366145689
69.64573668778581 1847.6878717362454
51.49513799357902 1823.2729501539318
31.687943087674576 1685.7021902646009
15.399704767866213 1645.9279598734151
-0.13744467843298774 1637.9999942335044
-15.799731800267926 1658.9247627529826
-44.58092449066015 2350.577278281137
-65.29099393240989 2298.0726894750997
-87.88932289246682 2321.3367844674117
-109.9872891087883 2324.399233400859
-128.63593498130348 2265.3507004946246
-135.40315331381103 2043.51902023756
-152.34595198022635 2011.2383525865946
-169.8807480821614 1992.7720721224105
-188.5900901422042 1990.0841132726414
-207.3675671801877 1988.2152026583465
-226.23968539052711 1987.1627021344768
-246.5803289705443 1997.8406196102776
-266.3514416937652 2002.362831633581
-285.80619635558844 2003.7192463328665
-305.00914894307283 2002.9092388475876
-323.9025047598454 1999.9407909761476
-344.45883844898714 2006.649971622947
-364.99207019090494 2012.1644536910392
-386.6345562469829 2024.4097213547702
-419.26633401544933 2089.348401095721
-460.553229868601 2189.0773678555993
-479.65500320706803 2178.8281432684007
-499.7262591927488 2173.2863745657683
-519.7358916295382 2167.559826844936
-539.1977461225093 2159.7087281798918
-559.0609662440838 2153.6192411896377
-578.3369725817466 2145.4161242390674
-597.2394076510722 2136.077969070557
-617.1310259409186 2130.4162261917527
-636.1074422289875 2121.6956242451215
-318.9005579552269 1028.7037640330889
-325.7337618391853 1017.1143084226536
-329.2401926532232 995.9929194234609
-339.1582875642219 994.7726654751349
-354.3863891183328 1008.5491000480193
-366.49742606519374 1012.7233761929207
-772.093775813113 2072.8760699450054
-790.6729336503369 2063.719048706187
-810.2479036480474 2057.1872385939846
-829.7697774191467 2050.4697306914286
-848.8530440259034 2042.643510172041
-868.2548493549472 2035.5595094645644
-887.9992196447957 2029.2073294540983
-906.8816963466842 2020.8390803899651
-926.1032401442492 2013.203613297553
