-974.0654251828992 2008.2381700045585
-994.8674604686488 2003.5986963712721
-1016.4276324322698 1999.4808996407369
-1038.9214024201508 1996.9084404632445
-1060.9867770253204 1993.2062259027348
-1082.5961934346778 1988.3866530332439
-1103.7223284662698 1982.462615447009
-1125.3274050209457 1977.1856846307644
-1146.930802026573 1971.6771377085759
-1168.0191238584387 1965.0769263061854
-1187.008598702174 1954.8349256668967
-1209.0710731107433 1949.50843552082
-1228.9980898017911 1940.5598922124377
-1252.1215977563973 1936.4471344273684
-1278.5815842859506 1937.0777300678535
-67.60481187641685 100.35232638635881
-71.94676506670896 104.65497119791199
-1344.3242507231716 1916.5263653071884
-1366.4028464119485 1909.462558239183
-1386.1090247528189 1898.9214758643363
-1399.7660331053528 1880.1571882596688
-1300.113214589909 1712.3684268429774
-1339.4588241266179 1730.0849859094603
-1298.702561675088 1645.1710112625267
-1287.818655829645 1600.137215896539
-1292.6952156128375 1575.5580216328688
-1285.0342001146203 1536.4556955980795
-1232.6374479796525 1445.892430936067
-1059.2796228138407 1219.078209423566
-1048.8447445457703 1184.33470853417
-1014.4004826839191 1123.9162160635606
-1087.9084106139223 1182.7528440530123
-1189.281672540892 1268.7513954113858
-1224.6727656771254 1282.0708315099992
-1248.5606887996692 1282.6520207695055
-1264.1164055578868 1274.3762055215122
-1291.001188337822 1277.1734148933465
-1311.5921784205152 1273.3067020581207
-1292.402292187916 1231.2275643224611
-1292.2620628935188 1208.0644688120692
-1309.486848517409 1201.238191850369
-1319.8252100478517 1188.3759568933324
-1815.1934302160107 1603.4827130033655
-1779.6941701139483 1542.307900797511
-1767.5824135680202 1502.6817398388298
-1764.8653035595814 1471.7521735304306
-1759.3997720170619 1439.1113376755497
-1748.7953543734018 1402.9536016996458
-1520.7518974956154 1196.469250028385
-1483.7396040981332 1144.7238912640526
-1494.5347348222422 1130.593616826935
-1534.9136722345197 1138.4028367794685
-1791.5264486009964 1302.5582459003904
-1796.4761322397337 1280.277120897256
-1788.8675032810215 1249.4306926377008
-1780.0117856997122 1218.2803629584291
-1776.5416731921132 1191.310489927696
-1781.9151024917546 1170.5565204259892
-1792.9419275017788 1153.5957890900115
-1867.2620813852338 1176.5123541301573
-1868.1285736431626 1152.4411622022023
-1862.7151103516262 1124.8415077990896
-1854.364862722496 1095.922878627953
-1845.6352343951712 1067.2650006250003
-1494.4657586281544 845.3763045460731
-1467.4189428174234 811.7947069675898
-1452.1866661239624 785.4647584276275
-1439.2410616425393 760.9002342502313
-1431.2925671568225 739.4069158464994
-1423.0671310670102 718.1336508455157
-1421.7442163982407 700.6199990994779
-1422.921254740283 684.4969706348878
-1433.8783052759377 673.0891513454994
-1435.6543989071101 657.3716200891735
-1436.3485998941464 641.273498268972
-1437.784010497056 625.6206032085274
-1449.1797938535617 614.2914007916347
-1450.3215702532773 598.6053314647872
-1457.7921353353174 585.5622000731396
-1468.8713276117453 573.886768378666
-1481.7293932910536 562.7637204523103
-1491.5740904809952 550.7329049601013
-1497.6289593590723 537.0181562005725
-1513.0021670354229 526.5248736252775
-1543.4694709501975 520.9059341615504
-966.6183666487565 316.12961464767926
-958.1086435158688 303.4020883583068
-954.2267273099708 292.32747542320186
-943.5098804544103 279.36554097616323
-945.1340452835595 270.2048046314766
-968.8419431051873 267.1521837458287
-2206.472029153462 586.1486027991571
-2220.60670472558 567.600090669302
-2226.817787938375 546.9291904088152
-2195.8495637114033 517.4753071871546
-2190.8646742634996 494.5988061694959
-2234.5185619342797 482.4135118040952
-2274.215892642183 468.642799639255
-2270.6725883076824 445.6927155654347
-1382.1598590856668 257.8180054462646
-1382.5540034129913 244.45946012930364
-1371.969798617768 229.30301280341098
-1390.8587048474637 219.03438805364624
-2328.6830697169225 344.3125917153937
-2411.0644262015494 333.3531651348065
-2444.8393665878766 314.6195664325236
-2361.301104496278 281.3202692744658
-2273.384203333361 249.1852002714879
-2253.7365946759796 225.60222033109198
-2242.8117012715093 203.22320890980782
-2234.6565346201774 181.31236107706118
-2232.2731435076143 160.00191490926804
-1419.2546136436388 88.31954286139333
-1411.034987717683 74.49337847459144
-1400.683506390393 60.7430236810284
-1388.2003190890698 47.12615071279003
-1360.5905592203758 33.38158415032882
-1329.8478780169326 20.115201561539756
-1320.9783905447778 7.555905884052579
-1320.9910306879433 -4.867940222015405
-1319.8869123976892 -17.278266154174595
-1319.6699738677855 -29.515420915143686
-1318.3359926078742 -41.847468198341566
-1315.8877065629254 -54.11602088627721
-1311.3279784786835 -66.24147385897666
-1311.6479535151486 -78.58527877104427
-1309.8564394514526 -90.80257720771694
-1309.9450500080375 -103.15021066115274
-1307.924912796222 -115.33179304508727
-1306.7868597736476 -127.58175074409773
-1307.5227045025417 -140.03348603230262
-1306.1532187285336 -152.27859076407043
-1304.6690586493364 -164.51032612895122
-1303.0703545674473 -176.72761823627576
-1303.3364974073438 -189.21673955006457
-1301.5063571847832 -201.42046124362787
-1299.561950630318 -213.6064991378372
-1297.5034484539904 -225.77378335405436
-1296.3145781037854 -238.1018996051996
-1295.9903226970114 -250.61740457457466
-1294.5651805809746 -262.9486513130438
-1293.022651360457 -275.2751769934479
-1291.3626985529174 -287.59586364571913
-1288.6112893062618 -299.68307438434664
-1284.7749040223428 -311.5083401682531
-1282.7693196958387 -323.77750454142847
-1280.64652791614 -336.0364125155714
-1278.4065450083506 -348.2839440453901
-1277.9740577294904 -361.0627476913418
-1278.3738251985733 -374.14484233671817
-1280.554434382474 -387.84576906727017
-1278.7727921715612 -400.4249567668696
-1277.819146031407 -413.31250892704213
-1275.787470767971 -425.900609804052
-1272.6863869490176 -438.1613406893122
-1271.352347942139 -451.0700692597667
-1272.705690439335 -465.021747366008
-1273.908707689609 -479.03820773774424
-1274.0276359251245 -492.7571236410879
-1272.1424118134348 -505.7812610857554
-1270.124729138469 -518.8132346335536
-1274.4817428485644 -534.4345489820862
-1272.2083074018424 -547.4586948599313
-1272.5471304948715 -561.6981401689601
-1272.730627005531 -575.991103301178
-1246.4499367699818 -578.133682746567
-1133.5329219436844 -538.6354192492478
-1061.9314935136185 -516.7809043336795
-1037.384371663703 -516.8313703984154
-1017.3843982541476 -518.7417336103257
-998.3266492976485 -520.7877699237283
-983.7315226796011 -524.8783585617466
-967.391868399213 -527.7849684815586
-950.2109548761204 -529.9463569394659
-935.681018212595 -533.3198216423626
-926.3562535368173 -539.4887316091334
-918.7169194217482 -546.5530367386251
-905.8988270533815 -550.4064999101188
-893.9390046500481 -554.5962999924191
-887.049104122659 -561.8219352029503
-880.1022866310938 -568.9674551911736
-870.5953364406762 -574.3803271071754
-859.4051449889861 -578.5488715454036
-853.9834335213275 -586.5222035619151
-848.4877499456691 -594.4447309818935
-842.9185702985278 -602.3157675554291
-836.4681951515911 -609.5456984507723
-831.5616587252529 -617.900645523296
-828.9632306535357 -628.0286316916236
-838.1194160699262 -647.3305526596176
-844.6297159421264 -665.0004834190145
-848.5428884325265 -680.9691376931737
-849.1349000972986 -694.5350397472764
-843.4022888931613 -703.0480631434643
-835.2983032749516 -709.5722264477288
-769.6843648134231 -666.2656966719488
-762.7002172803894 -672.7387149261195
-763.8437008479624 -686.4923893787086
-758.1590184962855 -694.247004079059
-756.7832430049391 -706.0482441780641
-755.9778412396637 -718.5725457840829
-756.4667112440205 -732.5074161943043
-756.5683841399499 -746.7082965387924
-757.1724396255988 -761.6862192999286
-769.428603571755 -788.9129381659417
-802.6648435520641 -838.8385714340635
-805.5847445382861 -858.115504677071
-807.5316585089005 -876.7876712784371
-817.2399292582301 -904.477693492771
-817.8689889678197 -922.7021821176952
-811.0063630134651 -932.7189711545872
-817.0055594176222 -957.9054837929983
-803.3474414577531 -960.2795886111929
-793.5245640541042 -967.119313343883
-785.5250889769029 -976.1963606712682
-778.6634834001947 -986.7786882675744
-797.9852232441311 -1031.3270982011547
-816.5259308154434 -1076.3300629016983
-808.0210294822597 -1086.4704395032702
-791.1495685278352 -1085.2333206358069
-770.8874952647602 -1078.8922419057542
-749.0983065259138 -1069.8073317939115
-731.51359728228 -1066.1786233981331
-714.624633063825 -1063.1428097007445
-696.7607314949555 -1058.2123997792762
-679.5983667074566 -1053.8795282045085
-661.5147019897074 -1047.6255528820727
-645.7160144358877 -1044.526126385086
-629.0016264900155 -1039.5104395208905
-614.4801859032195 -1037.7138821141139
-598.0453605787408 -1032.2745500545113
-583.2497021101678 -1029.2272756725797
-568.5668999805434 -1025.9925342060315
-553.9991760342273 -1022.5722042738092
-540.4846306403517 -1020.7356974464852
-524.7582137343466 -1014.2942458272835
-511.459328441928 -1012.1093593825383
-496.4801015922438 -1006.1766786817091
-483.39661500741664 -1003.6551761433661
-469.9812822399666 -1000.0712946305762
-456.67851996001485 -996.3236067699743
-443.74697002776077 -992.2991618414185
-430.66705153426153 -988.235746531558
-418.09608184112074 -984.9343462125295
-406.77338926307016 -984.2562724145754
-393.6362637105328 -978.8133079867744
-382.0973035159564 -976.9353359592615
-369.91947320837886 -973.0573381570254
-357.15779653077936 -967.1604356968281
-345.554938963059 -963.9334957133902
-334.04634112211676 -960.5738087117129
-321.9945958047491 -955.1876675672358
-310.38662840637 -950.6104043752761
-300.100714514817 -949.7134100073013
-289.2758603931139 -946.7943158858865
-277.9680216426788 -941.8374482595472
-267.3290628989371 -938.6752218576861
-257.3052950560074 -937.3249090556278
-247.84271554218196 -937.8027449057062
-237.4093732119144 -934.3087228058646
-226.82834036709352 -929.7300167286792
-217.03962597705745 -927.9562493758739
-207.30546377165655 -926.0806901617258
-197.20864361703417 -922.1484429758202
-187.4055972765356 -919.0882123656168
-177.48851796849476 -914.943619022149
-168.2108495529844 -913.6444111866844
-158.8024807907861 -911.2665757585384
-149.9416577900311 -911.7529814917949
-140.32173763944328 -907.2121085754131
-130.65873581820367 -901.5815519155152
-121.6519060213641 -899.8137661546244
-112.6907195976159 -897.9564586975092
-103.89111334497532 -897.0036993056057
-94.80323886075891 -892.981716443013
-85.80158360024384 -888.8684313506079
-76.97364267620529 -885.6613677547169
-68.2147140854289 -882.367130384084
-59.660786185846234 -880.9821738217447
-51.1394943817726 -879.5144979557623
-42.700159604633 -878.9634215197689
-34.50937805222166 -878.3223228555954
-25.992528008826635 -875.6142920759747
-17.53082172067258 -872.8239629443029
-9.146028860191073 -871.9520343207466
-0.7777902140920381 -868.9996519230505
7.532958623564932 -865.9672364093087
15.785454896959232 -862.8556191007253
24.006829005379924 -860.6652497696805
32.1876341972881 -858.3967359005867
40.32712955213591 -856.0506542384541
48.481218418327245 -854.6259833755785
56.54547629378793 -852.125935006504
64.6420217005473 -850.5471233450066
72.62814110805454 -847.8951309679686
80.56934164553141 -845.1683744596727
88.56937060649767 -843.3620021025188
96.4281842541753 -840.486528911346
104.36350569503885 -838.5304160726918
112.27018141805459 -836.49949573467
120.14750731364882 -834.3941373753274
128.14679653110394 -833.2030956128378
135.97280339427806 -830.9484922286706
143.9383083049829 -829.6057879513014
151.89056532124502 -828.1867278376252
159.828842527685 -826.6914424960866
167.75240929560846 -825.120069550801
175.6605363502484 -823.4727536288879
183.55249583788893 -821.7496463471596
191.20021274512317 -818.9770928702583
199.04832767206833 -817.1051115070526
206.87812245016 -815.1579248535197
214.43359834201877 -812.1688444542143
222.74441279376418 -812.0030335960336
230.25038827878475 -808.8669598255753
237.71671778327737 -805.6616920807056
245.72713428925735 -804.3004261306775
253.43193829721469 -801.9060123548874
260.8029370726312 -798.4872121795622
268.45127782864665 -795.9484351590665
276.73223189456365 -795.2252962718511
283.75620547743387 -791.6839115790142
291.6680713797522 -789.8694424635097
299.21580646436433 -787.0412321866498
307.100417100281 -785.0721838256871
314.6015228955015 -782.096465784005
323.2199697700417 -781.8214957020901
332.2527618884213 -782.3733777535608
340.92591672234647 -781.9069761212185
349.2120437220906 -780.433180047748
356.6668127374909 -777.0545570882907
364.08889800485446 -773.6047274607432
372.3465728848801 -771.8853733948355
379.71845723949355 -768.2856846457956
387.95882562363204 -766.399993228557
395.7376453911589 -763.5389420456964
403.497198876103 -760.5991128703337
411.23668990714395 -757.5806127893028
418.4698587283585 -753.6093001919945
426.15849091219167 -750.4384988947751
436.3352791536558 -751.5134890112761
444.5299545753787 -749.022108809354
452.71682282077427 -746.4425485829862
460.8949450949351 -743.7747304029202
469.0633804042719 -741.0185862471449
477.76409940962515 -739.013846497689
485.91834361109164 -736.0756505565533
494.06001522985014 -733.0489078847878
502.7549685879948 -730.7574437254023
513.1751623237948 -730.8216285619541
522.4773956780813 -729.1271295223142
531.7939996766089 -727.3212095820903
539.9278372683544 -723.800338866125
548.0428893650919 -720.1902466823343
556.1381917615175 -716.4909710974938
565.4541715234694 -714.2706629189714
574.1502051015151 -711.1592943791765
584.1094995607431 -709.4907275806346
593.4462173268653 -706.9303976633307
602.1369513716704 -703.4963338872709
610.8161422807315 -699.9604562611271
619.9376947616846 -697.2562331120234
631.8735934493291 -697.2924507704296
641.8297029441688 -694.9608855314088
651.1125173535843 -691.7748837197535
660.3922110489176 -688.4752192969054
669.6674621606165 -685.0616688469433
681.0542113162949 -683.6593897902227
691.7614352301503 -681.4008487874979
701.0483950364103 -677.6106166648168
711.0508223546663 -674.3936002281997
722.5188265768634 -672.4102506966952
734.0124228524486 -670.2699180914195
744.7848790956256 -667.3046409778029
755.5664724237565 -664.1952316518998
770.1417781787402 -664.2067761651399
780.2036345577059 -660.1259642090635
790.2568234014963 -655.9139829790004
801.8507297270362 -652.8333686601961
816.5822069925167 -652.0878002410647
827.4340713023485 -648.0384692655368
838.2819328802485 -643.8419068424752
850.7215739322208 -640.7010251640659
863.1761791639045 -637.3820547552332
876.4535201021005 -634.4708244676323
888.1212351886509 -630.2076416602587
900.6071398839797 -626.3511631584936
916.4042526236994 -624.5672467982922
928.0891360613267 -619.7633060491239
942.2750744795882 -616.4362773348812
956.4803072455301 -612.8959306860312
969.0079944153455 -608.0785366703462
984.9375651324849 -605.1726966667384
999.1840188080243 -600.9885993582953
1016.0239273229332 -598.1106746307768
1030.298147547666 -593.4700726741387
1047.1882730851244 -590.0853503629752
1058.8506309034424 -583.5377806409639
1077.524881600863 -580.6170248374106
1091.8134831669402 -575.0646206948171
1111.4274677082403 -572.0393203475164
1123.8303756052392 -565.3045965379965
1142.5602425102097 -561.324409085344
1163.116739655342 -557.9063092791903
1179.1803074396 -552.0306173996604
1200.6929698910217 -548.3943763882686
1219.4996400698801 -543.1810267944132
1238.3132409610253 -537.6618986506315
1258.9716277138207 -532.615659375138
1279.6432431704302 -527.2278162315257
1299.3953442042923 -521.1254546270104
1321.007734277749 -515.4246462659388
1345.4312750353736 -510.4269626074714
1366.1228357175542 -503.63121203022035
1388.6871319457443 -497.16501241368803
1411.2490556521182 -490.31836894104276
1434.7510973938615 -483.4100625008854
1459.1969649951434 -476.41286438231504
1484.5898528084479 -469.2994448517821
1511.888726265004 -462.33481308764135
1539.1858827319268 -454.89759111116365
1569.3596942612357 -447.8103951766645
1598.569890511939 -439.92988662813923
1629.701670004871 -432.05146311907674
1658.886311028968 -423.13143003173616
1689.0163491241076 -413.9381262839539
1721.064783086267 -404.67272260460135
1756.0125260341015 -395.4996945780545
1791.914784237883 -385.9150243637863
1826.8097054479542 -375.4880824755412
1867.5524630200903 -365.5910254199287
1907.284211244632 -354.777306964443
1947.9593417294648 -343.42161109765726
1989.5726711788561 -331.4959820242641
2037.0580065591034 -319.7478348846978
2083.505094992465 -306.98944467267887
2132.8604724413963 -293.7944946677258
2185.123486341741 -280.0791842278092
2240.291901600476 -265.75965762945185
2296.3736969315532 -250.53511538487243
2356.3428439088943 -234.67509872021847
2421.162505474758 -218.47911132003932
2487.8950019578115 -200.9837287775847
2556.5015778848415 -182.39704567869714
2628.9648733152553 -162.78726877278788
2708.269390529198 -142.20024023399577
2790.4093974483444 -120.26801167379176
2877.366309603932 -96.97484393516197
2968.123031630459 -72.15725261408727
3065.6586589660897 -45.7491716453696
3172.951341927318 -17.57218716136336
3291.975654413147 12.66059837190783
3330.7084949117384 44.06724319471476
3322.150374688222 75.13912402273957
3310.304644098474 105.95830906576568
1003.1404775278224 41.535314435456904
1020.6833618258759 51.8601474335354
1031.1318840306897 62.09700262750388
1000.5762727048714 69.68588451061561
997.8845245178769 78.91435691767886
997.100071942867 88.27483521100136
1000.2087473503799 98.01766026479028
975.3823652765925 104.83435270673417
973.3624482974847 113.86634377341878
971.258999855243 122.86966753512887
963.1271506723355 131.03469631280274
957.8968897644096 139.49031715381042
950.6167621859871 147.55260570735575
935.3767225909426 154.18945111461716
933.8886554323221 162.9600541691416
915.5995631557558 168.63700646355514
921.830514841278 178.7442360118619
910.3137703021107 185.39104508674652
913.4238663858243 194.96881883206783
904.7223242805927 202.0062274988622
902.7869035421627 210.48707036954534
902.7153985801062 219.4217609225663
897.7083000272412 227.14710665601876
894.5701681411716 235.30663881810915
896.1814026567062 244.74454750261287
898.6561027881636 254.50581313909044
980.7016956713778 287.5903060036694
1024.7917501408383 311.1958689367157
1021.768088967067 320.98438025640434
1018.6509331365847 330.7435206016363
1016.3886916574573 340.7902983813392
1013.0823264321622 350.49707540976436
1010.6251300358008 360.50776210800336
1007.1304191112295 370.1585051040153
1004.4788218395867 380.12931546482434
1000.7967001672613 389.7203676154492
997.9513295975711 399.64752439423404
994.0828031687546 409.17524417314297
991.9654052538706 419.4444358666882
987.9077833337504 428.91399094526605
987.4134689330533 439.97231886744225
984.9786755897366 450.22884029511977
984.2487926746003 461.32777297556214
981.5936276276753 471.5876908918854
976.140510690263 480.513999160641
971.4994457068937 489.82938559379886
968.5466355792461 500.0174144048615
966.3717947332686 510.66089956447735
962.32244006207 520.3571094479096
957.3008839800997 529.5384948527535
955.6732375914453 540.6409741699982
951.3235849194846 550.2585181311964
945.1557095567483 558.824377324647
887.5576998781684 536.2931375534981
908.7651410973996 561.0435975271649
949.0321907036781 598.5164166572021
949.1484907057953 611.3576225016834
948.2699435124227 623.7059517360298
945.5811781916083 634.978137773081
942.7632279154794 646.2557513015925
935.7189019575497 654.6710139599563
930.2276172425175 664.172854096965
925.4483491827075 674.2183273947703
913.338629198699 678.8641605015259
885.2884384713345 671.2565684661761
838.4847709791487 648.4930908159657
810.4470726689287 638.9049556877486
785.1673473400477 630.5245726147339
757.7837769873317 619.8425181728129
742.1826375523158 618.3210594148383
732.7712530105222 621.7453584558467
720.3320934713184 622.4352778524268
704.9375680381785 620.3096204061471
685.1720380632058 613.9538079174303
655.2373547238722 597.8570138205811
634.4415055405917 589.4403922767656
625.4748836348473 591.6943213703967
617.9598854206187 595.2222946185196
611.8601613238828 600.0634491324331
606.4310399349689 605.5496625408953
600.9527286634635 610.9867575585722
596.1204509559867 617.0935163749747
590.5385913080589 622.437283728966
585.5905427973942 628.4621835769065
580.5818165736674 634.4483858156
576.1811324451811 641.1390665169208
571.7069174881119 647.8018219303193
567.1593188405027 654.4358693198111
564.4827492438192 663.32512827884
561.050603194091 671.4515772976833
557.5176591521705 679.5697607556448
553.8837898576826 687.6785203370034
550.7691162462149 696.5611104485832
548.1522671736362 706.2330295252428
546.6175920765252 717.5048487867252
544.9239533359089 728.805793802961
544.2538670878079 741.7464042110124
543.9787047742833 755.5449482010274
546.3834342263883 773.4818309456131
549.6476178805927 793.1661214135346
546.9791528012528 804.7004451352216
543.5924592945313 815.4184436215086
540.0567609520456 826.1402392753819
539.6093751889798 841.9155077608197
544.7731303222034 867.0629945274724
556.3432990775111 903.4396125760433
533.4824389552512 884.5820975615302
498.7105472983987 844.7773612102372
489.24872230644263 846.8291963090984
480.7767005074127 850.519114570158
465.9879828375867 842.7480049522259
449.9614493032199 832.1362233077863
435.11095813574684 823.0671018271793
420.4712862619205 813.7935226021685
406.49561427404547 805.2113483899532
398.91045747921066 808.9959498747363
388.687252340463 807.3030533003212
373.85285088571516 795.5344404138788
374.27912317092967 816.2837361839325
369.0407184039518 825.2423572259819
362.8675037004307 832.3407804248317
358.5483299220947 843.9976866734154
355.18879931885743 858.4182645065449
357.19399584892454 886.7629048000816
363.4406208200474 927.3224439955815
705.1459702663425 1850.180845381645
683.2118420394198 1844.5353287202452
634.0272765899964 1762.4240161039204
558.0992034221041 1598.3661280005945
536.6381710064417 1584.597259059494
517.0450337221135 1575.3185179839975
497.37119922848024 1564.8597030334774
482.0551427277579 1567.5531376542617
466.44750106217845 1569.1385307718529
450.8527118085664 1570.5692701230537
436.0729243949141 1574.7369318745489
422.285845923151 1582.6302993222923
408.38883010433346 1590.4032706977227
394.86212699440586 1599.9962189534867
382.57385805166774 1615.3133575673367
371.13888076237873 1635.4158282181475
360.63234275570113 1661.3080127894812
350.0773812221188 1689.10355726245
395.98866291385013 2005.2752875462515
375.4654878107451 2000.0626658840067
350.8691834876775 1971.013651926006
312.14582753589355 1852.891249467149
286.8891523977218 1806.3597687715803
263.27250340560846 1764.4669418695676
225.94917659637505 1618.3024963199618
209.45233342001762 1610.4364998424835
193.60188639323948 1606.3755194801056
181.48701877026122 1634.9579389139903
235.50429864755677 2320.0779567330324
209.49105439387566 2276.380789351584
189.2567867417996 2292.2002243853326
168.45208619714526 2303.84979863181
144.71239337392686 2272.396823445234
110.09245431196155 2029.015438951505
89.86873025712181 2003.98593091917
70.16032850827861 1979.7571892289243
51.48764805398628 1977.3297707003424
33.01652518456375 1983.72526047957
14.429816671375944 1989.9476828275738
-4.266571574944279 1993.9954353927183
-23.060770524792993 1999.8670457964956
-41.94469778283735 2004.561209424124
-60.91881339050498 2009.076628248682
-79.98142145086494 2013.4120224689977
-99.08173532667215 2016.5673332980118
-118.18989515857665 2018.5428280525546
-138.36124245914704 2035.3024754530127
-160.32429408533108 2070.803013501294
-191.53447208860646 2204.695794435536
-211.84626963558406 2198.8183549446476
-232.38033872842004 2195.73754765283
-252.76065842505918 2191.471662959056
-272.9574689937264 2186.0245241352027
-293.3407282900498 2182.373757431633
-313.53698715556834 2177.5432389932944
-333.51661028760424 2171.537628193964
-354.05545209452475 2169.2968300447365
-180.22161873903153 1042.5373701403146
-188.56722526907734 1032.9290399414285
-197.50366446228398 1027.1846486995264
-203.37843723499478 1006.6609216950121
-212.70338334940834 1004.7319397290576
-226.0866541679891 1020.2498835124286
-237.75185289725087 1026.8349704036789
-514.1485124066974 2128.79104357144
-533.7626435208712 2121.8957185454733
-553.7986116558259 2116.7548506447506
-574.0473258895577 2112.389800117168
-594.262980415443 2107.830996571536
-614.1632809164477 2102.11880358222
-634.5876939867417 2098.1330888770117
-654.9915864006451 2093.948906192404
-675.0654825328525 2088.6147548776644
-695.0970357967207 2083.0881188338176
-715.0844000968324 2077.3693221808567
-735.3601382955142 2072.4011356409746
-755.6057915901937 2067.235082837788
-775.1150994463959 2059.9994132548204
-795.63812344477 2055.3773319080087
-816.1429347288785 2050.5510747338467
-837.0060692202023 2046.4461488366965
-857.8643974046606 2042.1296911963104
-878.7157812750843 2037.6014271044567
-899.153417709161 2031.9466359680648
-919.5625631152077 2026.087286500014
-940.3630507647016 2020.9300662706028
