-961.8808784003004 2015.2107025737696
-981.841740822228 2008.9008925228684
-1005.628542302462 2009.4079314331934
-1027.2317292877706 2005.1942485316617
-1047.91584771199 1998.9800839713391
-1069.5190470323512 1994.3164262561272
-1091.1270365649787 1989.422727847686
-67.00880139431565 119.49401882812863
-1138.3261161361413 1985.883846885917
-1157.9772777133926 1976.8079381415587
-1178.5854354950152 1969.2540138943543
-1198.6321992728335 1960.6337880558854
-1221.7985939941702 1956.8998941473394
-1247.6882851434634 1957.119041631286
-66.54823950121467 102.2513169562572
-66.9543166686591 100.78749664235598
-66.77762710551774 98.49745437399093
-1338.6732103601366 1935.0873457971052
-1348.1769678344208 1910.1473407569342
-1233.458859810926 1713.155054615294
-1309.903165972283 1783.6823416112493
-1243.9055486594457 1660.8202750491225
-1240.6653636685683 1624.4031074191957
-1246.0680140925774 1600.0307822836974
-1245.5261910411832 1568.6534057689234
-1183.4756479044888 1462.0350169599394
-1002.426435162022 1214.8111960664341
-1013.1718705213518 1204.5574958399723
-985.4120213104866 1149.416873139063
-1046.1931424203203 1197.3219737199745
-1155.1768037684183 1297.2029725665068
-1184.1356350417354 1304.786111906586
-1203.153342490948 1300.9250687310393
-1227.6895453984189 1302.642844420305
-1246.1294580930796 1297.5216274392685
-1269.477227459783 1297.1709867866387
-1258.3273209449821 1261.7988561428574
-1253.040989979116 1233.0662096708988
-1272.5035140235784 1228.8595553592136
-1288.3679461713766 1220.955787601725
-1761.872783611731 1638.4871968887187
-1739.32213686006 1587.697548095529
-1726.7357945085485 1546.4499655543118
-1720.2870626596073 1511.5265204573752
-1717.877846782271 1480.7834762498899
-1706.642216991578 1443.120695985638
-1596.329246009286 1324.087964727202
-1452.8953884576893 1182.0422962814741
-1457.784610133836 1163.223551367896
-1607.3541580811752 1257.8130268442746
-1750.109297011092 1342.9644256328393
-1759.5678957009065 1323.905140264469
-1752.7278579036094 1292.9149454347819
-1743.839401952223 1261.0028311621325
-1740.216233396141 1233.4246880229648
-1743.619962774496 1211.1640786508924
-1755.8521435246594 1195.1398454071636
-1831.9988576437588 1221.7136266703267
-1835.9656779069485 1199.366094879991
-1827.8813130077906 1169.5084033716537
-1820.2449624086933 1140.443894641808
-1812.2234611685153 1111.630391267892
-1491.7530194948147 895.6968956226781
-1438.9644985532477 845.5425311026056
-1429.578260319723 821.8923272675282
-1411.1582287000854 793.5952706336128
-1406.3521756226728 773.4329693783261
-1399.5302261540012 752.4866417959391
-1403.9465261479338 737.7873350208374
-1407.3205572008662 722.6152844216925
-1406.9579192301983 705.6524736124934
-1412.6873698164961 691.8405850779139
-1412.8681847855016 675.3958042665954
-1416.4897796127548 660.7009189130958
-1422.6906695880778 647.2404952311214
-1425.1071883076493 632.1000726418771
-1434.708184432798 620.1462936449307
-1448.8184912272193 610.0073601835342
-1461.0142142230939 598.8977089938444
-1470.3424350388332 586.4998923478796
-1479.5665690375627 573.9788914118844
-1489.502948050779 562.0008609851398
-1511.6498208464525 554.0891797670193
-2414.665143341202 859.2794920938193
-947.1424081844946 326.9942791831014
-944.5016282509655 316.121296706304
-932.2278976665601 302.24352236596496
-932.1811879335195 292.51877352206367
-944.4740628826737 286.59683274923907
-2186.0058772718266 640.8293880066918
-2202.5509768987126 623.1293558824894
-2211.2377348732657 603.0685532114483
-2183.955101567643 573.5016254001961
-2168.918354742382 547.6880229305724
-2204.126067358513 534.464478885824
-2250.9631660849514 523.3410216377204
-2256.786217452967 502.25488421152414
-2251.6522604628026 478.8173952069328
-1376.972171510125 279.2358123283819
-1366.7859331597779 263.7427021105139
-1364.3000373453597 249.90879956386112
-1378.425157690098 239.0503809807223
-2351.698172750207 384.97364102408017
-2440.230416928163 375.81446525992664
-2399.1358039781258 346.2995727260321
-2275.448161057792 306.5153606896608
-2250.4607235452017 281.514709705207
-2239.1139788362493 258.62055173574186
-2231.5144858763024 236.38760399864898
-2226.681796405875 214.60936036134572
-2245.5473989582333 195.02020159950771
-1407.797025187823 108.86475955200635
-1400.7816301992668 95.00960212675638
-1389.637593136476 81.0639238000607
-1372.3632914712953 67.04473299277602
-1337.962895351085 52.690517778264585
-1320.4092761234072 39.501183871630964
-1316.7245403740387 26.93482461008875
-1315.9203942325628 14.474669005428538
-1314.9984298331965 2.0321260364097444
-1314.9588770485886 -10.399599565127737
-1312.8062240236097 -22.556998135212027
-1308.5415609116083 -34.640776074036914
-1308.1634718741352 -46.79028589577671
-1307.6725798442933 -58.93576098915335
-1307.068927151723 -71.07615404932962
-1303.3586333073683 -83.01971442463919
-1304.526213509326 -95.26467481191769
-1302.5887244470134 -107.29219423379512
-1301.5362573029727 -119.38329416534728
-1300.3715586315602 -131.4640996703163
-1300.0886804553545 -143.64338812439405
-1300.6845450007027 -155.94779381676088
-1299.1803482807431 -168.01911391602778
-1299.5451371120723 -180.35087082785353
-1297.8143846626524 -192.41055834517283
-1297.947288271914 -204.76532144771298
-1295.0036005653521 -216.64411952041087
-1294.9054659381059 -229.00837164526718
-1295.6722623377104 -241.57273978799705
-1294.354490910449 -253.78623260522372
-1291.9420478602212 -265.79455406523647
-1291.3733457025428 -278.2011538599741
-1289.709891148978 -290.4004074936738
-1286.9576523006879 -302.3640209824937
-1285.065766148473 -314.5393086296821
-1284.9968083890883 -327.19902571654546
-1284.803297146991 -339.8845210365134
-1281.5917646632302 -351.8004388106813
-1283.0788616270752 -365.0542902716923
-1283.4706617462114 -378.083404074739
-1283.7307965077057 -391.1511755033999
-1281.9509176171284 -403.65560174560017
-1280.0493403567116 -416.16064957219004
-1280.8701714827623 -429.6191380813004
-1283.4412170871894 -443.78220140261755
-1283.9750651093004 -457.3587565331701
-1282.4893071589813 -470.2947767335672
-1280.8737780370293 -483.2425526970354
-1280.9927504064099 -496.92411232120844
-1283.754410777645 -511.76030796549793
-1281.7305347571946 -524.7778923230628
-1282.3372729646453 -538.9732074654517
-1277.2809783849261 -550.848710859929
-1249.2513970832924 -552.5639753779125
-1120.2098210884171 -507.96649174631244
-1071.9185285414344 -498.1111002272145
-1045.58038890402 -497.7204540093951
-1023.838117613455 -499.075654507147
-1003.9517672805697 -500.9639198327766
-986.7916557805072 -503.89108751987754
-974.9828245145753 -509.3215996809686
-960.5127475400753 -513.1629973147085
-945.178560995497 -516.3007726456367
-935.1084540446229 -522.1237201796862
-923.2750049401654 -526.8133115751134
-914.8913185996153 -533.3431120311365
-904.7478255556565 -538.7396144264047
-896.2922521074705 -545.0332089076026
-888.6476439236742 -551.7439305954375
-878.4219800805174 -556.7538279270498
-868.1802924595978 -561.6217408405477
-862.0971166890461 -569.1024173173342
-856.779346937975 -577.0772484343297
-850.5636187365284 -584.4360790384366
-845.9229649565316 -592.8771688631217
-842.0123644959681 -601.8639198655366
-840.4320064945125 -612.5961495631585
-851.5663478743097 -632.8947425662582
-856.8156367503744 -649.2241251063075
-865.7912452087506 -668.7611828746351
-861.9056708425533 -678.6218494636377
-855.5716871742803 -686.5901893456936
-836.7787836956388 -684.3699782696838
-779.6932779734268 -649.8487456962987
-776.6786043706845 -659.6448631747281
-776.5736347769382 -672.0583231902826
-771.0542799058002 -679.8965343630956
-770.6634488025144 -692.3682897705629
-770.8446948196422 -705.5660539371297
-773.7722163130825 -721.5542649461232
-772.8487463405552 -734.207610475288
-771.5424934548163 -747.1266163064496
-779.3114539595659 -769.2195120558417
-817.7451071879343 -822.7350361265733
-822.4100843145767 -843.4012409391457
-825.3710185202958 -862.785420476476
-831.4571477966228 -885.9480861641413
-833.7879431721888 -905.626118119774
-828.4446394393492 -917.2652175811565
-832.9017801479071 -940.1120277001286
-821.9097058850031 -945.7660574222507
-812.1832409020091 -952.8181270304995
-803.0385209524323 -960.5379398371153
-795.7225537310886 -970.4898853072476
-820.8738370891917 -1020.9143664296565
-840.796696564626 -1066.407480771779
-828.1184775471755 -1071.2309681599706
-809.9889259405301 -1068.737077046411
-789.0015671429979 -1061.981886401973
-769.3956836776127 -1056.5411879989624
-752.2904391985685 -1054.0797384877603
-733.5838495575895 -1048.930281605154
-716.7409841941756 -1045.9953927127808
-700.57921464353 -1043.6655422162096
-681.7811312640077 -1036.9452681083847
-664.800440564658 -1032.4845636739742
-647.9679628799735 -1027.7949791087606
-632.3369062074814 -1024.580908004805
-617.3440643082705 -1022.0187406615136
-602.9672855326058 -1020.1252141661047
-588.6835303044081 -1018.0509324922496
-573.0180830513252 -1013.1862003088003
-559.4357269349078 -1011.6163637608929
-543.5583211698023 -1005.4816514919931
-531.1197405053451 -1005.3262262795768
-515.982146867953 -999.6936651362447
-502.3516706493016 -996.5434255444444
-488.8289332217301 -993.2246845730856
-474.9829199041758 -988.8378157207093
-462.9632211421377 -987.8998207661019
-449.2083138894474 -982.1465729373593
-437.0178082782866 -979.9716502264965
-425.307880721374 -978.5715132765175
-413.66408728305686 -977.0378820149583
-400.56339839979256 -971.6737949859557
-388.7191030319306 -968.9341871035676
-376.5995853917704 -965.1262882559705
-364.5875926911604 -961.1763039399507
-353.72203176378497 -959.9008929284835
-341.5662554943457 -954.7400133583861
-329.868441305931 -950.3803509281931
-318.2843519188962 -945.8853373023436
-308.05515480819366 -945.0597978943448
-296.9677557611105 -941.2646556830917
-285.9803046042044 -937.344795354669
-275.942347615148 -936.1793742614931
-265.67874441256185 -933.9463607549229
-254.9535369502735 -929.6745097057063
-244.84410945652593 -927.2175376169504
-235.05050526610765 -925.6220934993652
-225.30931213672227 -923.9246256402505
-215.849270209684 -923.099719721519
-205.98835175825343 -920.2270366273303
-196.2014820913775 -917.250771831317
-186.6896167118534 -915.1518928636826
-176.8541687378639 -910.9920982094407
-167.83958370784342 -910.6623271777404
-158.67530039195432 -909.2585710596975
-149.22770010839622 -905.7897623181434
-139.55391334546525 -900.2475799856206
-130.71785534819122 -899.5520231166007
-122.04199561767682 -899.7609411980801
-113.24895389741913 -898.8941397301132
-104.13663576600806 -894.9617651561086
-95.2153410806174 -891.932194072454
-86.2642453040856 -887.8189454962744
-77.48708487438631 -884.6127693390309
-68.85637147606293 -882.317289928714
-60.34455836817155 -880.935601661864
-51.8063072130468 -878.4737369625499
-43.609321941241404 -877.9175513906902
-35.151057945950996 -877.2960749514843
-26.67826654848962 -875.5936672303927
-18.24135181932119 -873.8096206175597
-9.852384247212521 -872.9444028829357
-1.4765855961793524 -868.9987455082874
6.8384311780342335 -866.9730306411055
15.11447435178876 -864.8679394364606
23.350787980366082 -862.6840329464178
31.546623294038724 -860.4218794049486
39.70123876612839 -858.0820541419305
47.92548454456982 -857.6620243027951
56.01460322352084 -855.16744806249
64.06030959094309 -852.5967843799978
72.14637052288987 -850.9470613501018
80.20669625939003 -849.2207521458446
88.34413116067033 -848.4128207950811
96.3603478318414 -846.5333326961949
104.34865841087314 -844.5782127712336
112.44047787004023 -843.5390559638345
120.52196353426797 -842.4223740534463
128.59237267800887 -841.2282696682513
136.32980974271217 -837.9828058949157
144.0168687707942 -834.6664851960068
152.0118458399661 -833.2475014809984
160.18174589249898 -832.7339360701178
167.56255696457038 -828.2196505175998
175.91002092519892 -828.5316315857204
183.62766620223883 -825.8310240025614
191.30971919623315 -823.0586803752564
199.1912439297208 -821.186853488127
207.54453180824035 -821.1785843021592
214.64433303771654 -816.2498455098132
222.72308968984834 -815.1192706095272
230.2542460519988 -811.9845947892272
238.0278186152153 -809.7399320555224
246.36193124474585 -809.3341700641083
253.808989452825 -805.9813874233919
262.45241673212416 -806.3638936308269
269.85202899139057 -802.8629288049298
277.93926226545165 -802.216159455378
286.9570438945922 -803.2836702929278
295.3298312835452 -802.3747819778689
303.71147593714335 -801.3790235488335
311.73774951393017 -799.3644822782597
319.38102562247474 -796.3414848369612
327.75721804362684 -795.0944635829773
334.9689019299199 -790.9973670878201
343.32846953935695 -789.58632333885
350.87662539074125 -786.26114857241
359.22508418938276 -784.6823171762767
366.72553227456126 -781.2050844547415
374.19232575194235 -777.6561601044206
382.5091937104194 -775.8296956980989
390.82532680198693 -773.9150883204954
399.1397979507801 -771.91218522045
407.91947465718 -770.7046789759423
416.2362741617141 -768.5202431113798
425.5178582464334 -767.9964533208264
433.3484224304011 -764.7549573406391
442.15851402499266 -763.1643653075072
449.44902363003047 -758.8936520738675
457.2160855574589 -755.4087973458572
464.9575792286382 -751.8446977387315
474.27497874872927 -750.737800122581
484.69797991561285 -751.2016162560649
494.62290103959396 -750.699131321714
503.46609072175 -748.4155900924022
511.74467855284996 -745.2069403681372
519.4339306367158 -741.0893277488832
528.8365382106986 -739.3327504265751
538.8424896078413 -738.271475402662
547.0846071540093 -734.6798163929259
557.1219813298595 -733.3867314855728
566.5719994981924 -731.1779327801271
576.0306014701705 -728.8550927104192
584.8689250069253 -725.6392633817741
593.0633543310125 -721.5482366062907
602.517645993064 -718.8994966384222
614.5740015288916 -719.1764711423518
624.4991182145867 -717.2181337286472
633.9116957708432 -714.2695303349667
644.665797210196 -712.6899816240876
654.7685764493759 -710.2352506701268
664.8823075314402 -707.6528224572183
673.622267471396 -703.4977190913237
682.3429329246699 -699.2403891994222
694.5688804388125 -698.4261380604069
706.8399908258359 -697.4426337479894
716.9988439557728 -694.2021735532707
727.1593286606648 -690.8316080940212
740.2457620991469 -690.0581219681812
753.3820568130188 -689.0983068272518
763.5888985789404 -685.2795006178142
776.0421560710274 -683.3114750980194
788.525984972251 -681.168680301393
800.2752950872393 -678.203842567286
809.7316791077997 -673.159422313365
823.8139079217194 -671.7883931080864
835.599176600659 -668.3367534890631
846.6055751194008 -664.1046605594246
859.9841021735756 -661.5529789886137
873.3894865338749 -658.8071074389637
887.6232532730685 -656.460935813346
901.8900820710207 -653.9038766224952
912.1116855874485 -648.238592660776
928.8709134014148 -647.0106847933977
942.3838810784245 -643.2679229400187
959.2334047629954 -641.5506801389828
971.9515829464412 -636.8313123645123
984.6657232562764 -631.9283293572097
999.9134865001482 -628.4377610512579
1012.6275147064347 -623.1424527822426
1030.4697376202712 -620.7585036459905
1044.910709647305 -616.0605561666524
1061.9528326982215 -612.6436004107306
1074.6684110705132 -606.5012829724094
1094.3661400843941 -604.0387002806895
1110.5921084705712 -599.3572962790147
1129.4799439979327 -595.8221681898274
1145.621021066241 -590.8244037708188
1163.6663676249068 -586.2504455082786
1180.8293897819876 -580.9457394861407
1204.3052124054573 -578.3986128726852
1222.4041298155448 -572.9119857446698
1241.4154345232882 -567.5497501782161
1265.0003441882857 -563.9141150951256
1285.8745393264269 -558.686557124878
1307.6826481352157 -553.503470419174
1331.3554971980598 -548.7189991976834
1355.0533128377604 -543.5352052695491
1378.7706493407752 -537.9512027279212
1400.6320438768798 -531.2568848168221
1422.4887624290648 -524.196261683568
1449.985115808346 -518.7900962183616
1471.8364106554325 -510.9418560550045
1498.406340486107 -504.32076973988785
1524.9808780095063 -497.2417135612769
1552.5073555479046 -490.0050111678982
1584.8136276029425 -483.7507268873113
1614.2606818914333 -476.0792485494462
1646.587675649685 -468.714226793435
1676.0243884626116 -459.98505332078855
1710.2751794591527 -452.0174891815172
1742.5842942639688 -442.9491814921278
1780.7012951917104 -434.7319832984056
1816.8685162965078 -425.3760624324392
1853.0153201442838 -415.3735948644036
1893.0439476850802 -405.5620940532876
1933.049650713086 -395.0291734518044
1974.9855568754044 -384.15628347529105
2021.8022606521847 -373.43221449376284
2068.5890579471825 -361.85537075078474
2117.307250451183 -349.75135051469294
2169.930121222381 -337.3711146672507
2224.483010126082 -324.31364087932815
2279.9694095707764 -310.3876470181834
2338.363087496228 -295.81594114433085
2403.632896483874 -280.9784670407027
2482.7458331326184 -266.4247136859114
2550.795093197676 -249.82672498886024
2622.7498642139903 -232.1037478488758
2699.574706021875 -213.44883838266017
2782.259088220159 -193.79206902330023
2871.7922868013106 -173.02618723331756
2965.1676722532925 -150.8034330643399
3060.3689034905105 -126.92980165544472
3167.3686142425663 -101.671340657652
3284.1517595434534 -74.64730596369955
3327.7028786861138 -44.46966588754708
3322.9734198518413 -13.291010426524943
1037.9850712784425 5.567028209616748
1022.8890773857916 15.064374027622069
1024.702616482585 24.689021320104604
1022.4276613784841 34.215161085751255
1008.0753254209205 43.18724669975236
1031.594121291435 53.87549458661216
1010.084231356062 62.24022466085304
1006.4647505378555 71.48220705023263
995.7835560127545 80.1006215618419
966.1063484433605 86.82467101829984
970.2265984559342 96.36050876073371
957.3522415009388 104.14262188522079
958.3213674972491 113.33647514459976
951.2665964510045 121.54366489670139
943.151967023524 129.49272991043807
932.9937086183292 137.00999846221578
926.7300866194602 144.96670843434313
931.2511367914719 154.61992182313142
925.8229661386941 162.64020219536872
924.2596131101174 171.30139396261862
907.8926518200262 177.07606493030178
913.0526155441711 186.97304952304745
919.0839894177562 197.191836534735
907.4400113078576 203.5991794619894
904.5203227773972 211.85840951605675
895.6967809701706 218.65789846167073
923.6557288388875 234.66805190119842
1018.1041396249707 268.8363087056845
1030.9732902713022 282.58640226869636
1032.1565938833435 293.2264751060773
1031.2124212560643 303.6872441298863
1027.2928171416863 313.2817706938878
1024.2377918247287 323.1299209265581
1022.039093567691 333.2582950495493
1020.6879524702239 343.6933279569767
1019.2304766271361 354.13307599604565
1016.7250394632531 364.2391990553
1014.1194120484807 374.3298252964139
1010.4788982200595 384.04868994956195
1007.6765548087074 394.09638527757926
1004.774337297305 404.1256377771168
1002.6964860617828 414.517498833708
1000.5115420308041 424.90664182046214
997.3027280199822 434.89224951003837
994.9070734765335 445.2638713688317
987.8600536838738 453.54328827102495
985.2697507935226 463.8582953567499
981.6716591262557 473.73067630068493
977.0783366769078 483.1334432604384
975.0712704586481 493.8471600871648
972.0605757564475 504.1063747464852
968.0593382943326 513.8843425724693
965.7173164486153 524.586565507815
949.273177256062 527.5191322996551
863.3110441039695 490.6557256652713
964.9080827038582 560.7213139633308
966.3583693381369 574.0448606251405
965.9315200173958 586.4096679258308
964.5060667456385 598.2917743132176
962.9411047640308 610.2003185477928
957.8779677131454 619.9603204800565
954.384611929778 630.7820641962223
948.2847654729312 639.9156222283901
949.5091191545105 654.0958894859573
928.4611771299873 652.8283408082084
879.9025470090842 631.3956824107419
843.1405844699334 617.3645234540928
820.3510747611559 612.8622309607734
790.5692082303207 602.5249596473858
771.5239816682142 599.3994875797151
756.668061645007 598.8976911680222
747.3342590445624 602.5707470980606
731.8139990763126 601.0468124496915
711.7810575550194 595.4424624645593
685.8208769090461 584.3378515856276
657.8552485128001 570.8480288169189
645.9272305835639 570.8082101640159
637.7707885753817 573.944615132798
632.5596349247196 579.6829377029355
626.5657376068236 584.6916935079691
620.5330282763435 589.6395176870277
614.4621181521652 594.52611831269
609.0659784247346 600.0530259281431
604.3261162094165 606.2391815671789
598.1250106268418 610.9594681013139
594.6603073837805 618.5007023619518
589.7349212970847 624.5748334689138
586.7880841262686 632.810196131054
583.7403584251953 641.043051553969
582.5912924298763 651.5085463636577
578.0013007108982 658.2480507958302
574.6429862187761 666.4723838161394
571.1830335998766 674.6895153532788
568.2605142927945 683.6673079032583
566.4866179534973 694.196594402197
565.1937079194787 705.5296397234002
564.3599934882604 717.6815434090043
563.963401123162 730.6670118416429
564.5854150407266 745.2974635159376
568.5681713352984 764.8132023863309
569.8861768981415 781.228996761142
566.879227017417 792.037841252636
562.5738766919067 801.2188423045475
560.4175707557167 813.6806169427051
559.2011220876432 827.825528149453
580.4166599826592 876.1948988750015
570.2984686199559 878.0482086364809
541.9329726490494 851.110834824563
515.1613174846162 825.4318972316944
509.0505318695803 832.7325837285925
498.10358602001844 832.3417673011478
481.6499922204845 822.327358777517
464.43548814043646 810.3429381167917
449.93561097066123 802.4699034733065
436.10667542356157 795.2735175089186
424.8164894770327 792.2953680720404
416.8709802022715 795.3757513686204
399.788000741482 780.5757839333274
395.99784883082856 791.4611195260044
394.67186627181377 807.7345591056034
388.33808770037837 814.1237802946265
383.6068898737452 824.0914718897365
379.9624710112402 836.7732791043417
379.7565426472278 857.688153303183
385.52929466655723 893.3622797912989
387.17443611836757 920.9217969059176
747.4950776043485 1825.9189765587269
726.5627313481474 1823.5886590500393
617.5684796673082 1593.5150369298087
594.775730775007 1578.673756696125
573.0054998111882 1565.4244463359228
552.5428519739638 1554.7335452522013
534.6148261412642 1550.4151017291936
516.500391286045 1544.9493020165298
501.617847126408 1548.7942198511291
487.00786781320653 1553.4501397495944
472.3546835475698 1557.968245161202
458.7840650358646 1566.186828468803
446.1886990705686 1578.1367636620453
432.35677088044406 1586.1285013118688
420.19103147692783 1600.7699700663914
409.5009850199261 1622.1091033798282
399.8596125208431 1649.2183876838994
457.0030050624163 1965.5717370179907
441.7286636363589 1984.4305953401436
419.06474324497736 1969.9189681225523
392.33893685686076 1933.5974655098275
350.78684848868033 1816.4384346647644
326.9894280748121 1783.268603976223
301.5370429187522 1734.9917612910485
262.7892133243603 1601.5838502433658
246.88481899607365 1599.053434425903
230.90850962801727 1595.3762127414861
220.51318436060618 1632.1712335178393
289.75834751784794 2308.8891484962473
261.7163232941532 2257.882540373035
243.12459031205492 2286.1083599833137
221.9029000920755 2292.284472514423
194.8476979868964 2232.5132417500254
156.5369578952054 2012.9225471470368
135.94789573750026 1991.3649011782209
115.78024185748092 1969.599943032956
97.415035594965 1975.5997344705306
78.74772408275993 1976.4318343802768
60.19486798926684 1981.0857068455557
41.602955010480684 1987.5646389826911
22.90547472992636 1994.8685017382466
4.0696351109331035 1999.99585951323
-14.838798873305254 2001.9450067491857
-33.83426889207945 2006.7147884660985
-53.00008167021094 2014.3028549210148
-72.13353471174845 2016.7103791000802
-91.76903617283304 2028.925687155621
-112.5702390958381 2057.9234536954737
-141.4851863709243 2204.464320881058
-162.00996501235284 2199.040193183539
-182.52780766032862 2194.4219283061116
-203.15748038861832 2191.603987531084
-223.64850532793363 2187.5973912181785
-244.08198025898673 2183.399410761314
-264.3356384761505 2178.0180601251695
-284.63929281999435 2173.4406992101103
-304.88007816558144 2168.6742811998647
-156.58559092707662 1042.3036758613193
-165.16178156770107 1032.878301596748
-173.40676143297625 1022.3986967369075
-179.703360087304 1002.0133244489979
-190.83344217439776 1009.1142637718837
-202.69884457475695 1019.0359063389566
-213.1594384145842 1022.0073648534922
-465.7529886686146 2132.73607217261
-485.3043506813244 2126.3209276141215
-505.47132613655594 2122.6452219939515
-525.6120348484865 2118.7781830154927
-545.4747870658156 2113.751701755791
-565.5484388718487 2109.50490952015
-585.5904020492471 2105.0674290929023
-605.598864671114 2100.439481420271
-625.2859750089154 2094.6630873381882
-645.8030694540276 2091.5686446979826
-666.0131048287685 2087.3206615650465
-686.5131412524714 2083.827177787943
-706.6843826078856 2079.18570199444
-726.8289169466294 2074.3489883551874
-746.9448547709668 2069.317129859795
-766.68197250888 2063.1528671016827
-786.3691483100946 2056.8003215154495
-807.1021862120632 2053.051889507839
-827.8340046619717 2049.0951321803786
-848.179245239662 2044.006107609436
-869.2856286275533 2040.5554380760154
-890.4017830718286 2036.8882307830513
-910.7072538854065 2031.1790412763967
-931.8192224677517 2027.0850837198705
