-990.7187917433151 2031.2745446361173
-1009.51003838749 2022.0013556857198
-1032.732998873314 2020.3523338858824
-59.337107193716946 113.41564138107823
-1078.4095406749839 2014.5118174339832
-1102.7452368922125 2013.844319333433
-1123.256076947114 2005.9154482682911
-1144.21240438221 1998.646285278584
-1168.1619424878832 1996.3383170502277
-1193.1965351668468 1995.4716305840661
-62.558108443739826 102.40353054431907
-62.46748440744935 100.10900754580015
-67.71312546151397 106.25880029547326
-68.17221736953171 104.77379815068899
-1133.1598097166593 1705.9463196838592
-1118.9807435745872 1650.4296699675704
-1119.7854003271523 1618.364809681105
-1102.2041145841868 1561.110851218993
-1022.8539784991812 1419.9541325931611
-930.2757927094656 1265.949426122061
-918.2465550443065 1225.065004050505
-926.1769950935727 1211.5366993035911
-1008.943597386391 1294.184614841719
-1081.5309291359463 1360.4906649155432
-1102.5678957708242 1360.273882427909
-1124.9712832527175 1361.321274298148
-1139.7612367109891 1352.887771875789
-1162.3104604426576 1353.3995690650922
-1165.8691694421082 1331.7841716075354
-1171.7864543400476 1313.2084775180135
-1173.4199015655279 1290.2022068691197
-1191.7188081095187 1285.6186380097436
-1209.3490004585083 1280.0765582925137
-1551.586163124478 1611.4432594418772
-1591.3096418123025 1621.6404113968058
-1591.057006313605 1590.9235062253588
-1591.793956709301 1561.7592642221616
-1596.4446846512508 1536.8865829490373
-1586.9555026790179 1499.020090764892
-1415.5373401104061 1311.9276042347597
-1362.8060912851222 1239.243138999029
-1381.6982586142674 1233.2128454335452
-1639.4036904933705 1435.4081439077588
-1660.585710758863 1426.245454759973
-1660.3275029634467 1398.7685951947756
-1654.3016644498998 1366.9681792193596
-1653.26081485424 1339.8181511188354
-1653.4198859261983 1314.0573354400476
-1661.1269656161294 1294.5629394135112
-1681.3263702743038 1284.755866544393
-1749.5083662382167 1310.6549799479974
-1747.4032800329792 1283.27930589174
-1742.5019654651346 1254.3109265051244
-1737.2089203347646 1225.5534125893173
-1732.3503055204385 1197.5802348749928
-1424.0857396189738 964.5619763467148
-1409.0427627990175 934.9221853201001
-1386.0201977416946 900.7535797608988
-1366.6957026475309 869.7947208190976
-1349.4559080855963 840.8738027390782
-1330.0840945518025 811.320098000975
-1341.1850336096009 800.6664134467073
-1347.0225226004486 786.848348544447
-1355.323340872352 774.4802397005402
-1360.0189742192226 760.0739370375051
-1360.175710840317 743.2509910118107
-1367.192486272702 730.2634493656847
-1374.0852547143568 717.2096714187428
-1382.635137288854 704.9993454849673
-1394.6575523090582 694.474126074763
-1400.3088668372845 680.7232017912129
-1408.535302352487 668.2135152979084
-1416.6503089839712 655.6088026068741
-1425.564308290751 643.321383856866
-2291.151495534862 1007.7865967100201
-2324.5434287335065 996.1620590706486
-2354.228130939142 982.4514784429784
-2188.371135849943 888.8620656653263
-920.7323155875919 363.8021481969439
-912.9534008223236 350.7136836893503
-905.009714429023 337.8067743386716
-902.4625418274051 327.35509862902563
-924.3795989366114 325.4571508966879
-2151.9763684977092 734.8970740365023
-2161.6707724186645 715.4777925770261
-2128.3376372896882 682.2051756591607
-2126.091222429079 659.4028464527762
-2175.3298466530446 652.2124333838186
-2208.2892727928097 639.4212130264392
-2213.268049871413 618.2625165885385
-2201.62857396157 592.64797503741
-1338.7979381416994 346.85599436586756
-1343.9555854444982 334.6765369017313
-1336.3585670542366 319.40848495421585
-1355.8871751028184 310.5655621470276
-2339.4905869252484 512.6488015085537
-2405.893532649824 503.42855456732855
-2316.3954629001373 461.9048164456169
-2234.1959443893743 423.6088786534962
-2212.508461098289 397.88228104362963
-2204.3383433309527 374.95128766407936
-2196.92086588185 352.3687117962395
-2196.1962409732423 331.00312858793495
-2219.029060520527 313.03518742369624
-2293.2731387247422 301.44205281209406
-1385.7508688792302 168.85061267421779
-1378.3403127338188 154.7481253289971
-1367.8034796168695 140.49427443132532
-1343.1817957069954 125.15455917117673
-1310.4225160716642 109.62586087419854
-1300.4297665257666 96.42832744448222
-1298.2889238061732 83.94563908987934
-1299.0240044595698 71.67730350552834
-1300.6421136892066 59.448230403209024
-1299.1469811788559 47.08631748040566
-1299.5338233465286 34.81152077047697
-1300.8045412789306 22.550950935844675
-1299.9595615149217 10.253703035114013
-1299.9984195215889 -2.027126382643969
-1301.9211409331515 -14.329786855403473
-1300.727886884301 -26.607598191135192
-1299.4257127670485 -38.6369900464299
-1301.005121077637 -50.888848776158845
-1298.4735389829536 -62.97990601044031
-1297.8264285921625 -75.14360417036342
-1296.0676323543255 -87.23355067548773
-1296.1904448748342 -99.4501413532419
-1295.2017151802177 -111.59084637290901
-1295.0947336515362 -123.816924804553
-1294.8722652399642 -136.05078725359746
-1294.534154765459 -148.29134211301206
-1294.080257372744 -160.53749555195162
-1292.5192428209887 -172.6557468995992
-1291.8346625838863 -184.90052608572168
-1293.0110911760191 -197.44953303515393
-1294.0655127383084 -210.03677949668534
-1294.0117760541582 -222.4916255349026
-1293.8380800566945 -234.9638750855263
-1296.4906638695397 -248.01604484210316
-1295.090271556171 -260.3501267919094
-1294.5509794833936 -272.8859862993815
-1290.9607381937576 -284.7882940751398
-1290.184572306192 -297.32098712181204
-1293.1759686743073 -310.79883211374323
-1295.0574747272246 -324.1159316558564
-1294.867006090067 -336.9917455062457
-1294.5486946003875 -349.89237960897776
-1294.1020590460878 -362.81656628753336
-1292.566328890355 -375.4840681292763
-1294.737245534825 -389.3063896533092
-1299.6268313197677 -404.0929340062017
-1302.4480762511978 -418.39336594830723
-1300.3689802553881 -431.2082039914849
-1303.8410228580794 -445.96254003267705
-1307.1500764367802 -460.81957171035987
-1303.7148522924372 -473.38840703180387
-1301.095485822491 -486.28339142143903
-1296.4819830337324 -498.453074691009
-1252.695119025008 -495.1403223036084
-1124.7757343814037 -456.8101874375985
-1082.605692556361 -451.54613766985307
-1058.1472235424328 -452.9077757219903
-1039.239397244301 -456.2964773207239
-1020.3613279915587 -459.37322553595004
-1007.8731341894451 -465.0717636872236
-993.5597904639047 -469.7232619035614
-978.347916766654 -473.7133666663294
-963.1486950274842 -477.46161234894504
-953.31600171259 -483.6833684123543
-945.2264235842022 -490.6852434689863
-936.2061579773246 -497.10967579130545
-928.0273475673615 -503.886140082348
-918.9294345949893 -510.06832310479086
-910.666964421762 -516.618505195907
-903.2276018277875 -523.5607885398064
-894.8776429508114 -529.8999944770713
-889.0552447048907 -537.6818500402695
-882.3147435940627 -544.8758512143324
-878.9011194928379 -554.1243742646918
-872.8688973253061 -561.732933058143
-869.2787813267353 -570.924163383462
-868.0851706807008 -581.76725281186
-875.8450975984084 -598.8458608129761
-885.8219206616419 -617.8345449028565
-890.6308630764977 -633.5816172645895
-895.2226116852779 -649.4709196933994
-881.1046091137207 -651.8210397022771
-878.1980844097578 -662.3957461661662
-820.4726276599555 -630.9117745459884
-804.33842079407 -630.4948095222527
-800.7838576521884 -639.820453974144
-802.5530992815595 -653.5545293497423
-801.0574484930297 -664.8217537158641
-801.7118483815578 -678.0546527859137
-805.2187942006374 -693.9680781318917
-805.4926722187961 -707.3652203789943
-807.0768712583435 -722.1605942446896
-820.2786741541684 -747.8254453599981
-865.309657523723 -803.7413741970594
-863.6081768940729 -817.252663991801
-868.208897960857 -837.047973237851
-876.1062430235461 -860.4776876451634
-874.2016489494556 -875.1802539900297
-876.2949471527683 -894.2097995406486
-878.7964262596556 -914.0792313542944
-862.4714700345932 -914.4353248734259
-855.049638544498 -924.1055760165737
-844.1611039364115 -930.0150700934147
-859.8376791012172 -965.6749792750314
-885.4326201595994 -1013.7677619441774
-890.0150679470761 -1038.8922845161387
-870.3944373516442 -1035.8680048284698
-849.6419050912293 -1031.0211603613898
-831.5767614318163 -1028.98449446363
-811.7656583991036 -1024.3463846980032
-795.1879663155379 -1023.3729028203545
-776.2796911610109 -1018.9950152434336
-759.3236866320849 -1016.7539225001591
-742.4821095925638 -1014.282661261138
-725.7578025418985 -1011.5832205259015
-709.7287251853857 -1009.4756741233181
-693.8068281364493 -1007.154945989563
-677.9947143890213 -1004.6228980371438
-662.2949610833193 -1001.8814223867237
-646.7101191669072 -998.9324410424985
-631.7781182445628 -996.6225009036065
-616.9498554598447 -994.1191457003919
-602.7468184215523 -992.2788281943216
-588.1247916560092 -989.3989233062546
-574.6188172018833 -988.059823551949
-560.6981037342542 -985.684349307024
-544.9312647386683 -979.6381560098174
-532.6759741111459 -979.5311667347506
-520.4727805961684 -979.2798806564406
-505.5581869986114 -973.5604344665394
-493.9674517412963 -973.8891911404552
-481.97302488479585 -973.1896029466201
-467.86125002757086 -967.8485680738692
-456.88221401594785 -968.6586821558385
-444.258877524448 -965.7137514505619
-431.3246638760303 -961.7042343320683
-419.9847770920916 -960.1649790587585
-408.4828319969731 -958.5957312463541
-396.2824235690124 -955.0477688420981
-384.56116471237334 -952.2823691505912
-374.0254257948355 -952.1732935022867
-363.1699233057746 -951.0160917703116
-352.0225682090636 -948.8014078148784
-340.27253346848204 -944.5795905941122
-328.63487547455156 -940.2207818495749
-317.7530559723124 -937.6209230921933
-306.6386368875345 -933.9495416604447
-296.2287635078998 -932.0582168891494
-286.17654566262314 -931.0096587644022
-276.1711666416412 -929.854551376609
-265.9381569850314 -927.6324146230578
-255.50608153272518 -924.3363253165984
-245.67539380693327 -922.8589279395894
-236.39210608370934 -923.2159943270634
-226.64663629392996 -921.5380091220584
-216.49538228444476 -917.8119357741607
-206.65593270704585 -914.9520891702368
-197.10158356300306 -912.9660266170679
-188.0072223886431 -912.8402293554483
-178.93311530814043 -912.6242053803546
-169.69709372019503 -911.33522722592
-160.32811597673398 -908.9685886912434
-151.01955962427553 -906.5065320288045
-141.77238877032042 -903.9499929655165
-132.58755518434108 -901.2999169034907
-123.73824957548486 -900.538641920487
-114.78873979163531 -898.6988067295117
-106.00270680114464 -897.7635691822377
-97.13705334331141 -895.7485098328541
-88.41769180033238 -894.6414431361322
-79.63930521831816 -892.4536856690903
-70.9105485452984 -890.1801469955421
-62.16233294716274 -886.8240210789095
-53.605255418501244 -885.3787193012475
-45.13223850571904 -884.849750549472
-36.6326949603046 -883.2406499136831
-28.377427968827924 -881.5433747592197
-19.865596222892265 -880.7759976785862
-11.371174887583086 -879.926528968002
-2.8949547755946563 -878.9952327725374
5.568611940178128 -878.9823607792478
13.999735963946202 -876.8882525116526
22.442232396016355 -876.7128071410176
30.77700629383754 -873.4579416798437
39.14086126371408 -872.1221204507627
47.37294643326464 -868.7092746979457
55.60701753075994 -866.2169818246083
63.944836585043426 -865.641414139892
72.27672726551316 -864.985592189712
80.50905776481328 -863.2538975398963
88.50986640287799 -859.4544802078494
96.7810472793212 -858.5624199133792
105.16483335423274 -858.5833435523755
113.29572510599816 -856.5395955078236
121.53769096804993 -855.4090189343077
129.7683889795166 -854.1991367483702
137.98705606620703 -852.9100611190968
146.19293026932172 -851.5419115576575
154.5639374489925 -851.078720941996
162.93956202876697 -850.5331851996567
171.12139372651575 -848.9248898513312
179.08033134657273 -846.2595552930566
187.43670567039672 -845.4723421658624
195.56867331170912 -843.6284099170073
204.1529080401009 -843.650158619537
211.77746239884584 -839.7060833529226
220.3605242591171 -839.5625285517733
228.43406288308074 -837.4018622589329
237.30377260254306 -838.0500698100327
245.0802616104262 -834.7668329353803
253.97925980108312 -835.2386099737571
262.00960703348505 -832.7544450930051
270.9435520353254 -833.0459720870637
278.95200100054785 -830.3985676395343
287.5896899156612 -829.5638433865195
295.9004725346319 -827.6979584086102
304.2528084835136 -826.795759864487
312.1534475701494 -823.8453891174423
320.3887344973787 -821.751214667291
328.2403448841282 -818.6466123977724
337.20494403572167 -818.2406893560512
345.8018902406232 -816.8170252302605
354.4024090082547 -815.3035830223891
363.8203950159168 -815.5266520295105
373.27497863089917 -815.6437888736123
381.9153467768261 -813.8437613549278
390.12191207526087 -811.051720742113
399.1941318542608 -809.9710149709822
407.38000605065577 -807.0052854041093
415.5456403152453 -803.9569769676689
424.1578522356861 -801.710119922912
432.765041157659 -799.3718903938327
443.788672637661 -801.3161760744025
452.4246874361585 -798.7714956095356
462.05484900729164 -797.8654751954423
471.19953473157824 -795.987436124933
479.3152280873363 -792.2959750772338
488.45495091908464 -790.2232348663475
498.13267330482574 -788.8934273944661
509.9973963630076 -790.8120229883668
520.294119825572 -790.0696354593899
530.0651492750355 -788.3723343218193
539.2852753469739 -785.7355737103536
547.9295897065724 -782.1752774947488
557.1366168998051 -779.334838249542
568.6966055324809 -779.6211713748119
579.118693007507 -778.1526453140649
589.5645051742106 -776.5556607473081
598.1956999212284 -772.4577040820756
608.661807644128 -770.6197531308047
619.1472601066902 -768.6518524679287
630.9199817512541 -768.0989367438268
639.5279653907664 -763.5574513310355
650.0549156839954 -761.202736854692
662.5650566572048 -760.9786762431883
675.7938400432395 -761.3321783292838
685.5068098331233 -758.0002728709364
693.9765066474732 -752.9758350846124
705.8353316555738 -751.5034827508559
718.4190848943971 -750.5964418111087
731.0479588321421 -749.5184333205948
741.6050005231956 -746.1407529407511
753.5862094036103 -744.0354998228903
765.5931777940318 -741.7702380894208
776.8992302524891 -738.6552551989934
789.6765587886838 -736.7570376315807
803.9617676163198 -736.0336107891015
814.5832853475429 -731.7643549889566
828.9463084322384 -730.6661465652862
843.3603352925123 -729.3616008916985
854.7727103275706 -725.261755285124
870.7937614382134 -724.8497948128892
883.0093230194428 -721.0371248838337
898.3518830040124 -719.5588192101777
913.7442645124298 -717.8547339612929
927.5992829616172 -714.703134349566
942.273299431793 -711.9564798342117
956.9772427254767 -708.9961614180603
974.1356319303502 -707.5844618161549
987.2785670142226 -703.0114018380807
1004.5213500514774 -701.1147247710301
1018.513644439061 -696.6964590777408
1035.8338791747017 -694.3033737163385
1049.8550455515363 -689.449333403102
1068.0811118838524 -687.0973282126438
1086.3550695993592 -684.462316534498
1104.6731966295479 -681.5431964653864
1123.031754481865 -678.338911183329
1141.4269887594235 -674.848449158472
1161.5862567424401 -672.0724426332966
1179.182638106134 -667.4977947447155
1198.5446788542602 -663.6193583600003
1220.5753371086073 -660.8629558707387
1239.123810298814 -655.8781767604015
1257.6856578024247 -650.6018645516494
1284.2894131958096 -649.0929849822465
1305.4952850367783 -644.6844660349286
1326.8135154185613 -639.7615925504116
1352.6772719927617 -636.6232777979612
1380.4151281093489 -633.888849946779
1407.306618275852 -630.2793683415198
1430.5846433954528 -624.6187461813047
1455.7194867301268 -619.3583582661785
1481.8040310969907 -614.062548462865
1511.62543727328 -609.8266453578137
1539.6343932798864 -604.3524923665623
1569.5406136131405 -599.117903437117
1597.607282682978 -592.6777963770127
1629.4528251387128 -587.117952925532
1661.3327706891369 -581.0106927022564
1691.3456276073225 -573.7124436279835
1727.0658651040226 -567.7741607298573
1765.679949045889 -562.1239343216997
1805.2932542278998 -556.091059305254
1841.112563700707 -548.2203277728859
1877.9018521473206 -540.0005867604805
1919.5146342783216 -532.4730686066304
1963.0808583322364 -524.7261606300659
2007.636201984202 -516.4551098425187
2054.1476351713445 -507.87153190543415
2101.644485473946 -498.6887372669975
2154.9971889701383 -489.98685240606517
2210.3221034430067 -480.7496219772639
2264.680279243357 -470.3107832127926
2321.9761308757247 -459.4734460699554
2385.1603310528026 -448.70836316262836
2448.342212217359 -436.7944732647259
2512.49180986604 -423.89728160967235
2585.498324767128 -411.2449545299913
2663.4280695630896 -397.9948721572099
2745.29217777616 -383.86828293182714
2823.1527409303594 -367.7194601559707
2913.8521293797808 -351.6969833662434
3013.437026312514 -334.99446032553186
3109.972346063778 -316.14554673213775
3220.352317391998 -296.7944606423587
3325.614315761873 -275.4240781044575
3347.0014731536603 -245.5954777825264
1025.904401884115 -65.60608351971743
1040.4540968221374 -56.73863239478499
1047.9335948777384 -47.28827261192793
1025.3458633229443 -36.63141502216706
1024.644807064266 -26.98183381894395
1015.8541771020836 -17.213101529030627
999.9714316671261 -7.558825940458728
998.9983362734016 1.8232177532430593
992.9376197194564 11.130289567670708
1002.7873370856676 20.653246249333566
978.5601620339381 29.34295963451468
974.2448267119552 38.36688187737645
964.8525946367901 47.06878607584865
960.375185002804 55.888317480758566
943.8449055625863 63.81844751756759
950.1838037486407 73.21023899540808
949.454977706528 82.12335421971227
943.6654066069129 90.55164478577746
935.8127267888734 98.66884199165077
931.8652556654807 107.10343264110755
942.7273236968075 117.32515994216578
929.6911566858837 124.57268231865214
925.511701548366 132.86493253318665
927.1895989950264 141.998054618513
926.8033049558264 150.85302092751536
983.4890626566545 169.5678732388162
1059.576523933509 192.94193408635235
1060.6656361280516 203.44141254197848
1062.6310295992064 214.17585048957005
1060.5744589637784 224.13794188777806
1057.4480902014566 233.86435497803475
1057.1556687413315 244.2271320882836
1055.7895257267548 254.37074785767754
1054.3260164132944 264.5102098484551
1051.797483674938 274.39215246626236
1050.141535669574 284.51143221591104
1048.3882068791556 294.6237731017449
1046.537481930383 304.72823780347863
1043.6670777258446 314.41855999796843
1041.5868468553122 324.61953184922265
1040.358740690087 335.1159361620043
1037.1272704493394 344.98699234942603
1033.802144711719 354.8268952453439
1030.3836637453912 364.63475627897054
1024.9931387441889 373.72458512564606
1021.3954769816564 383.44788381397336
1019.5712184413854 393.8572463798893
1015.7824874239634 403.52811332394873
1011.9020284033493 413.1625405493426
1008.8523603153434 423.14644638252696
1005.7042389890769 433.10966703526924
1002.457782495592 443.0512321549509
960.8608386328717 435.6276492392724
963.0254534625618 447.689597805474
1004.7683213606583 478.7584154770387
1002.8693561783862 489.6009134370046
1000.8548155550183 500.45043528838124
1002.2849104371345 513.1285982188339
1004.449627863442 526.3429918646137
1002.0465333680869 537.2818114965362
997.7724543175004 547.2605681073976
992.526966202936 556.7173621865909
988.0593297812725 566.6213557854862
980.0421615155285 574.4678943613565
931.6454927763757 558.0615340528892
881.0941657324817 539.22358174711
866.602890276672 541.7411102769645
834.4438517638184 532.7320698564736
815.9402615830643 531.899886752912
803.3565068470637 534.643173440458
793.2765474709502 538.8815447132786
773.3272582997442 536.139861948914
751.0539576684533 531.336007316042
721.6457959179305 520.8909149082718
697.3376039956607 513.4941733394753
687.6291392858664 516.4941111038718
678.7208900918042 519.9643770038376
672.9611835801406 525.7748999281121
666.4927717134956 530.7460647557006
660.8866035476876 536.1248896024148
654.4668604816111 540.8087726094534
648.7816627203305 546.0644230471744
643.814216340712 551.9123615553423
638.7940601177966 557.715114335465
635.2162314848281 564.8011501920063
631.562347894239 571.8679923918774
630.0379652112672 580.9485023583812
625.4846518470673 587.3099269582909
623.0360811886968 595.7096956882871
621.2029748926655 604.8106017461189
619.2558907702684 613.9268211654556
616.4906477754454 622.3465925072713
616.4127041108659 633.6334730826096
615.4897398145819 644.2463660611352
615.1090060785847 655.6232993427061
615.9275100915333 668.5164936727022
616.5624992330759 681.4775744949084
618.3411550926622 695.9994367229561
624.5084858343524 715.8834759378683
623.860268827856 728.3401437364518
621.1063807814111 738.5471303529768
619.4919081524796 750.3057881514708
618.3447593643342 762.872045998976
623.2467024573025 783.3036115556334
646.2941107915498 827.5288045477088
629.0462355313667 820.6441576979734
593.3408256799015 788.7430916220393
569.5506334335353 771.5523805649613
570.7585281649283 788.0125015042622
553.7579266392903 779.2869552893558
536.3909152643834 769.4990487465446
520.9404062961194 761.9383787997781
505.1144192456193 753.3315494987321
490.5863014907918 746.1729563509963
483.8147132997527 750.581323505107
474.3327222618575 750.7013178299712
455.9381028333585 736.2584100604338
451.8515078578143 744.6282393561364
449.5253633788844 756.5229326855082
444.92018170426957 765.0300856255521
440.1947039464693 773.5170473993965
437.2946005444233 785.4772003913884
435.1648169105397 799.2068456433643
438.924634017368 824.4399102740717
448.7111308345908 862.231013745819
972.7658325055972 1912.8624192841712
882.2530340585748 1775.927527770894
854.6371151822171 1761.6354337243042
828.652143211984 1749.694723530418
708.574642088191 1533.1806731724712
680.593819411837 1509.6781289329217
659.1538807248189 1499.5199770344545
641.5094064944578 1497.3665821632085
624.3488647979952 1495.9376641509682
608.0248736401325 1496.172033235116
592.4872136817506 1498.092087164082
576.6081560066647 1498.919288829987
565.3192820008287 1511.757291828972
553.1570874552134 1522.6349649860485
539.5098647677605 1529.6447645836836
528.3697840404471 1544.1014770127808
516.690744972999 1557.5338436320565
510.3128633608765 1588.0191376329265
503.1106212661541 1617.5647445370416
583.5329204436842 1940.145698332593
557.7676510677222 1919.6083578226041
535.9498655381867 1911.2777772028846
496.3321338137075 1836.0986936828672
455.4037269146159 1749.7061026104577
430.70990827560956 1720.9198049046956
382.9958384209164 1593.6232891597247
360.1657486351553 1563.0408291244596
343.5441286331138 1557.5629783998188
330.97528838491434 1570.5032182324628
456.50446583937605 2271.5837366623105
433.4779313389049 2266.9276307465448
399.1493483983428 2199.069075239152
386.79426679117256 2251.0100388886494
365.4258228829942 2251.538355873665
329.50524149843744 2157.9887154072553
282.3392637103349 1972.8997795548323
261.57693236564086 1958.6100960768533
240.6152998308729 1940.1364069279507
223.32255519949896 1950.2553772106787
205.13000456504759 1953.258221850645
187.09099629463464 1958.0822145930138
169.1510847849412 1964.7320200261606
151.02644749103072 1970.2200415583634
132.67958060540235 1973.5450663439065
114.57221990479813 1981.6907443963314
96.0335970409549 1983.676775142406
77.70172249142975 1991.4847331380338
59.17260850109311 1997.1235821558907
40.726741956659296 2011.5877640534593
22.29731712665796 2051.878853550802
3.248387981703231 2180.997580919227
-17.21044617124481 2181.9321255581226
-37.65199283510871 2180.6749706078494
-58.04483976829582 2178.2267550868696
-78.43109968856609 2176.587366177072
-98.7463422211696 2173.7583030083956
-118.90594390327193 2168.7428101332052
-139.10839910337887 2165.536620170367
-159.33465284392224 2163.1397246602232
-85.29245373757036 1026.4624675726943
-94.26860517434012 1018.6473531495011
-103.10575108284395 1010.7547695131805
-109.91953196409044 985.8913208324715
-120.72077924382725 997.7231547171605
-132.1417152690216 1012.4127454184685
-143.43241861586702 1024.003486952072
-319.375653612614 2134.2359738040955
-339.2166787253342 2130.1598636897074
-359.17587382406725 2126.8854439444353
-379.27924281177974 2124.4084484797463
-399.182746691262 2120.758622461316
-419.05115181598165 2116.922325490876
-439.28946072664104 2114.8580968222186
-458.6669472833473 2109.716955297505
-478.938704647624 2107.258578625427
-499.20476471075665 2104.605331859177
-518.9833797994133 2099.815527967154
-539.2141750399619 2096.7768296688073
-560.2081688772503 2096.441462937422
-580.7089912180521 2093.9689748223377
-600.9365145369303 2090.3349744708876
-621.1470125638082 2086.5055448723488
-641.338596887635 2082.4806851786643
-661.8126831164711 2079.213306148789
-682.5942349598752 2076.6947561930097
-703.0656866839881 2073.0218619704838
-723.858440338851 2070.0912922743787
-744.6581676098767 2066.9526393732153
-765.1150109238453 2062.667937419643
-785.2004688007664 2057.246758119953
-806.3476592773637 2054.422656703804
-828.2592539539792 2053.237104729894
-849.0712566000814 2049.0490480258295
-870.2691185415484 2045.5709866227855
-891.8766439746498 2042.7914851821063
-913.5086904214381 2039.7859869418921
-934.7456163278896 2035.6450163905772
-956.8369576568457 2033.0942025548131
