-997.9997001041842 2037.7334464036157
-56.01864919865281 111.74484749624153
-49.31068409220587 96.0856723677296
-1068.9679061918616 2035.3644920583113
-1087.68859519077 2024.286916395976
-1103.4056594045576 2007.7791090640405
-1029.7481877364587 1832.4908375905945
-1112.278373378634 1936.2659476720082
-59.74158725621656 101.75923914862896
-62.75857987319761 104.62007767297574
-64.2673234600617 104.87474021555335
-63.66430104407008 101.71950045379705
-71.0853927626524 111.22439901289395
-880.3590341812628 1349.180851826557
-847.0625724581596 1271.7189148316404
-824.7527778751395 1213.2072598642167
-879.5050046860956 1267.8012252447586
-969.4459008317491 1369.6198908312185
-996.4008962764387 1379.8511709237014
-1023.6347275732871 1389.6934714194933
-1048.1391687324387 1395.1448967648028
-1064.93075352666 1389.9365058135354
-1078.6389047705534 1380.594840318977
-1079.803879997871 1355.4750387747993
-1082.4827152505688 1332.7866187742716
-1095.6719014247276 1323.2638000143138
-1110.7127648397905 1315.9031704582023
-1328.5490467392933 1544.1264295413491
-1365.5051830722425 1557.060241288962
-1396.158359842229 1561.975298858038
-1416.2499970882475 1554.6205150285195
-1455.378106976104 1567.5444382009246
-1471.5068030301934 1555.1683923729481
-1460.4601833988074 1514.553416920883
-1292.476683368925 1315.233828240311
-1279.3784366422676 1277.5190080209325
-1306.3982307077506 1280.0643197916497
-1540.4641361541376 1481.127693760024
-1569.672318514639 1480.9094545207272
-1568.9257124390203 1452.4173328791253
-1565.5613396346494 1422.0557977243236
-1565.9900960967045 1396.1658278754119
-1566.342714700432 1370.0844864842757
-1576.2085261988968 1352.5885116833947
-1606.5392267562816 1352.416989280055
-1663.2231697371503 1373.4400924865658
-1661.3875220033526 1345.6728806554586
-1659.1765044826655 1318.0646141114191
-1655.0152648213996 1289.3907372120188
-1650.4612860326486 1260.9149627581771
-1607.901544700156 1204.4640395424235
-1341.9725921394108 985.5630684774216
-1351.2434708875253 972.8134879738428
-1323.6258403281959 934.0313885600832
-1299.5106505434464 898.7057745025056
-1293.0602701503624 876.2643081620248
-1273.8063096243807 845.7295581692272
-1286.7861232904722 836.9029053044787
-1289.5914751129642 821.4589626487555
-1299.007951929872 810.2711526538258
-1304.0608144349408 796.3726466016262
-1309.8255140043855 782.9643177458009
-1308.548103493515 765.4788441515057
-1327.8873902033263 760.0099202898597
-1323.6800920536746 741.0533138045979
-1342.0397956464392 734.7306900499422
-1350.6991779327961 722.9354955538347
-1369.8883825762668 716.604367334291
-2146.8373456805843 1097.274082073911
-2200.9702626728354 1098.7856491736093
-2240.9380396930133 1092.3578636403154
-2285.4937403145823 1087.4186695945866
-2208.612027426485 1025.3086912277065
-2122.5681508289726 961.0434147771244
-2109.6157930895733 931.2127606229692
-880.9565688842312 378.94131965216314
-882.660151446181 369.8108395504448
-872.2327954752013 355.77232958384457
-869.9852232088457 345.28497128930337
-902.1358805901247 348.1951363127872
-2093.5435792603753 785.3478730713268
-2069.7315813610335 754.5993513890378
-2084.268055630018 737.7992086470853
-2150.688388122618 738.6578756058418
-2160.376486003498 719.3764235246924
-2164.1816218010463 698.1360238940501
-2139.142161051611 667.9459669849381
-1308.6358594233761 395.17235155213143
-1314.2090936491463 383.42594874354666
-1305.2384710291453 367.5439208387196
-1316.3529926619417 357.3664767573336
-2361.6333268781477 617.3888801869141
-2332.4134988983737 586.4062330472321
-2224.085812839006 537.0161050920713
-2187.139002425293 506.40693525078666
-2170.319480621297 481.08455809317445
-2163.002052976077 458.1955028383384
-2160.3481372917554 436.4767183940538
-2171.225817139416 417.49185739038717
-2202.5953982119936 402.11256107631016
-2263.4266960992827 391.29092934169114
-1370.8598080360418 223.7507244935457
-1363.0164648236303 209.3492694510615
-1354.0346143884317 194.97246738442576
-1340.9395633412616 180.25006925420757
-1311.8120279583438 163.80843477616594
-1287.4637282574793 148.50302495690732
-1281.8404005129266 135.66940558895305
-1279.0763614838859 123.24228776334716
-1283.1660452497663 111.48497799288677
-1282.1623657215007 99.27571670577122
-1282.04041062077 87.16298259770379
-1281.8041196848399 75.06130000854304
-1282.4524845459275 63.0208289534286
-1282.987751207782 50.9748001545745
-1282.4103320666557 38.89396108253487
-1281.7192490823995 26.828464951426753
-1282.9146064035747 14.802455078837
-1285.9970368534562 2.7606528450003487
-1285.9662561868463 -9.31600497995176
-1287.8217907225232 -21.42511004017158
-1288.5674457052892 -33.3906853560536
-1290.1977263723645 -45.506338718700874
-1288.7169059707117 -57.521615635135866
-1290.1199163525152 -69.67496990009566
-1290.4101529905952 -81.79631445724647
-1291.5837833625044 -94.00175825482832
-1291.6451714701586 -106.15437352188876
-1291.5921346915172 -118.31634545999894
-1291.4245035147096 -130.48659594680947
-1290.1481677701859 -142.5542184547071
-1289.7519501339323 -154.72849487317723
-1288.2490537747865 -166.77942153745252
-1288.6145209356184 -179.09108418306786
-1288.8622118952603 -191.4241331401483
-1289.9794921031719 -203.93359201770278
-1292.9477258180534 -216.81138877356952
-1294.802850373301 -229.5878452034753
-1295.5487820440947 -242.23408790684806
-1296.1711698604563 -254.91429623027483
-1295.6900868157718 -267.4251277036955
-1295.088197932886 -279.94920892002835
-1294.36521376209 -292.4853729720839
-1300.3339832862434 -306.63909064392254
-1302.2660141445588 -319.97535593236535
-1302.1242312420336 -332.8790867752776
-1300.8882614646793 -345.55134377311254
-1302.4211169623418 -359.02678742757615
-1307.6613556008733 -373.65997787839996
-1311.7821612183736 -388.1385854424329
-1311.9210304672552 -401.5559859069906
-1317.6439404536366 -416.81944074840516
-1320.3435773763556 -431.29321543586565
-1318.14903779233 -444.25681105319524
-1312.993545990376 -456.232340137805
-1308.670921822471 -468.48737269677184
-1188.8232890681313 -438.16456653776817
-1124.8334884944736 -426.5660829945965
-1088.188057356768 -424.34744234660263
-1063.7522711369031 -426.31808037084295
-1042.1506707177778 -429.0116309874198
-1028.9166787767388 -434.7636922916234
-1011.968818027409 -438.7802540454717
-999.6053299456898 -444.550541945647
-988.1328962495843 -450.5434267075799
-973.0124360462776 -454.6677900393742
-965.1178643841386 -462.00379635518107
-957.1714357051653 -469.23218417976454
-950.0682311238909 -476.8011705198732
-938.459682477845 -481.99421611009217
-929.4932867227278 -488.40785204312687
-924.0127187448421 -496.5898665878767
-917.5840754745234 -504.23056674061723
-910.2215953071095 -511.30484785163196
-903.6744778537869 -518.7836139236528
-900.5174616336458 -528.2085774510817
-894.689668935246 -536.0777894117047
-889.6464762699458 -544.4062336715745
-886.2218769153334 -553.7470405127813
-886.915643182221 -565.7602335607086
-895.8420262897447 -583.2907199099644
-906.1829433433377 -602.1432331211614
-910.4547722096032 -617.3103820289754
-916.9887696690361 -634.3158490065241
-911.0275670181067 -642.8481719139203
-904.9869760731721 -651.324476077735
-838.4055821965042 -615.3666222194221
-822.2168831785118 -615.3766302161738
-822.0014111975252 -627.2716158007449
-824.0028517595462 -641.0579539262699
-821.1167975562905 -651.2074974774952
-822.7788284772435 -665.1308137574254
-828.1106473778854 -682.3208597862003
-829.3632139736051 -696.4521945599513
-834.9820396679065 -714.5669971612336
-856.160795868577 -746.6489748320056
-891.7608100528072 -792.4718655283359
-894.7019961915635 -810.1588350507767
-902.5345173808915 -832.7157047492507
-910.0225288897146 -855.4881629298961
-907.0522449621634 -868.7877904926493
-914.7039947127207 -892.5248467446668
-901.174019971508 -896.2847682117509
-891.8696823878715 -904.139629502743
-885.9747124590673 -915.4915668006303
-882.0095964199837 -928.9887361120464
-925.5771982472519 -993.7156786952531
-928.8598970767883 -1016.5374029530336
-914.4356501133478 -1020.1506956336298
-890.782951837451 -1013.0679803032754
-871.9221267548942 -1010.9286843666184
-853.830136802394 -1009.2859344546545
-833.9342226765411 -1005.0819430518453
-818.615575783974 -1006.0206454560823
-800.2369828149765 -1002.8508220743417
-785.0755714852135 -1003.3605269578654
-766.934548067629 -999.705656171006
-751.9411088403592 -999.7927629443668
-734.6428267424902 -996.4657129654806
-719.8201929496937 -996.1425047762322
-703.3374581438018 -993.1794500349954
-689.2580567985759 -993.2795835706335
-674.1168628481267 -991.5480095405364
-659.0721452921168 -989.6185665699925
-643.5799626874507 -986.6553763230704
-629.2816810074067 -985.1728609480126
-616.1313465271372 -985.2036154149337
-600.4276210996046 -980.8091923614245
-586.9203911998505 -979.6368992610551
-574.5021587588926 -980.0220760683771
-559.6430903636897 -975.922441287308
-547.3610121244097 -975.9902265935565
-535.6097647414806 -976.7897316790219
-521.058992539183 -972.1658944306015
-508.5017370350776 -970.8975143815688
-497.3829838250485 -972.1492516076386
-484.0521037449627 -968.804707286291
-471.26925124512246 -966.1937139263854
-459.4403301598115 -965.2334344720158
-447.6729852540516 -964.13582978423
-434.73138009021005 -960.1690617619698
-423.79010198962106 -959.5847797123641
-413.8079816695159 -961.7546227113243
-403.43673986938967 -962.8991623859471
-390.8159332250111 -958.3777472048606
-378.6874673256921 -954.6333338462747
-368.46571119301524 -955.4103933258343
-356.8602187912016 -952.3338617545297
-345.6893600663799 -950.0630854511171
-333.92884559850796 -945.7803794101715
-323.5776393957187 -945.1447038856506
-312.9543712612153 -943.4487593444052
-301.475964029063 -938.7801889221711
-291.59883343828267 -938.754025470694
-281.7498299157899 -938.6250760247264
-271.6516818322926 -937.4333916378736
-261.6021603874786 -936.1347711096965
-252.12222352031137 -936.6612965246158
-241.65345935102084 -933.2200199222499
-231.99789542605882 -932.5759896747716
-222.37678939700135 -931.832905373856
-212.56833217779064 -930.0165074637937
-203.66895712354804 -932.0058776124785
-193.93440709758355 -929.9943256513498
-184.64654567856044 -929.8438864502875
-175.00853464766547 -927.635711257645
-165.07769848974215 -923.3598179806883
-155.91097859744215 -922.9234891109816
-146.45343577783726 -920.4213117637308
-137.2057223448861 -918.8120535538364
-128.14042656409364 -918.1007739240678
-119.10129009276497 -917.3003230666819
-109.96991439171305 -915.4182748496336
-100.88543308598759 -913.4457451819745
-91.84873900081453 -911.3834588931052
-82.95147192047546 -910.2280226988325
-73.92223583319515 -906.9925595336609
-65.2492716738787 -907.6577177251502
-56.50818053293288 -907.2418781851163
-47.72838427956482 -905.7433418657088
-39.02548307278601 -905.1591084836609
-30.59742543885279 -904.4826131864082
-21.90721942826795 -903.734515074489
-13.234156523938953 -902.9030164425744
-4.584112763451013 -902.9883642163791
4.061848525624227 -901.9908543807719
12.70236051974614 -901.9105554528268
21.29438595344236 -899.7480475815804
29.84614957511324 -897.5038759557198
38.35687702749012 -895.1786134535934
46.878179087504954 -893.771467616549
55.37604623909583 -892.2833033868366
63.92120935359224 -891.7118811560011
72.37945436228895 -890.0619161531503
80.9025573020376 -889.327710251958
89.3181033658463 -887.5169161267452
97.81604902596978 -886.6205617697736
106.42419408161413 -886.635714887506
115.04159515526253 -886.5672176344739
123.52926276798806 -885.424486469624
132.15325129499817 -885.1895379929437
140.94118627148788 -885.8581048973847
149.2542940150844 -883.4812707228482
158.0628627786635 -883.9797121032888
166.52376911838266 -882.4249737618534
174.9693934784051 -880.7892547856151
184.01165220483497 -882.0094737886021
192.4524938109813 -880.2062472091039
201.3215688915332 -880.2719045266931
209.5126953188231 -877.3302858674389
218.14912476333689 -876.2533648237763
226.53325882487658 -874.1233795329933
235.4168620608873 -873.8443231247801
243.77712616689445 -871.5490306103324
252.39359884046834 -870.1341685420455
260.7175422216654 -867.6764161701608
269.31448828129305 -866.0939362458239
278.5171398658068 -866.3303081394363
286.4882765345672 -862.6734419282034
295.71192138807066 -862.7273378935986
305.2960934432556 -863.626247475311
314.6585318596147 -864.5172111230358
324.0573922560083 -864.2429094440032
332.7600161195822 -862.001607696932
342.18783267619233 -861.5314777582826
351.2594678467651 -860.0335959996024
360.33406337119953 -858.4406576895111
369.80656598344575 -857.6707432083313
378.892965044164 -855.8832403079534
387.56567684061986 -853.0895885750056
397.90938873527864 -853.8337767717536
408.3035417433927 -854.4572650517998
417.42718453006927 -852.2649503618576
426.54652828549075 -849.9759168397626
436.1177004369407 -848.4794348513079
445.69969174109315 -846.8770777284592
456.7141326234895 -847.8096490734071
467.7880262508025 -848.6078967911967
477.4462006001346 -846.6576200167905
486.6106643696243 -843.7334065460208
495.76312855551697 -840.7109612493738
505.93506931108936 -839.3031071318534
518.2240246434685 -841.1824179583913
528.9980690335108 -840.3630423565859
539.2635950881149 -838.5724625890368
548.9947646304869 -835.8257883125624
559.8371928443956 -834.630048289724
572.9678040675253 -836.6025911399258
583.8964098620484 -835.1203401607524
594.2687558755972 -832.6906062818709
604.0597452400827 -829.3297439381313
613.8411433708869 -825.8571611998785
627.2373523956007 -827.0533862815367
638.2657882236422 -824.9034995581318
648.6914449461075 -821.8323486294095
659.7442951268697 -819.4153190217704
672.7146797491891 -819.1794428877874
684.4575665272364 -817.2354860281176
695.5759435875275 -814.3801978819971
707.3595906881876 -812.1400183844162
721.8207868292945 -812.7384276021025
732.6801747141557 -809.7183223694733
743.0365532551612 -805.6752947228122
757.4912455319284 -805.8802720891532
772.0160114957324 -805.8829182916221
783.1153755267394 -802.104300333575
797.7388749395741 -801.7316804331375
810.2889927480334 -799.0467747456199
824.2967770149955 -797.5862482532474
840.5247784643251 -797.9969278058012
853.1753370891925 -794.7627596853936
868.054095153985 -793.3839473334435
880.7492324529901 -789.790978381919
897.2078159576214 -789.3308146680674
915.2501079472964 -789.9355922494327
928.804427956333 -786.3913368092943
943.9118417171237 -783.9384128017886
956.729628929489 -779.374375463065
977.3578533094168 -780.8793931039598
991.80228087607 -777.1281976926491
1011.0205488348602 -776.8284558598881
1025.5290390872735 -772.6229287231472
1044.8742363278259 -771.7764120898894
1061.0546342521977 -768.2857952168158
1078.8929557127638 -765.7146923713665
1096.77696088289 -762.8737104373773
1114.7031293156851 -759.7617610105281
1133.4995452075163 -756.9331417069498
1152.3414910479678 -753.8156857013165
1171.2251728170227 -750.4082852419309
1193.5350979099412 -748.8357430418948
1214.2149685783038 -745.8599131743096
1235.8014911685016 -743.0738014663872
1257.4430332670236 -739.9446047429682
1279.1350221370685 -736.471041618339
1306.9720687950567 -736.0869591220657
1329.6593812918195 -732.3454988887796
1353.272291694664 -728.7133212254815
1376.9343621378541 -724.6983940675051
1402.4190407377196 -721.2141389187365
1428.8533515756587 -717.759778540848
1458.7875503139235 -715.9356696303809
1489.8453017919026 -713.7681533443442
1520.9904332444764 -711.0760170184196
1552.2157882180618 -707.8574339558644
1581.6867005229299 -703.2980743531773
1612.1257775609774 -698.641164921889
1643.5374416015068 -693.8592638669415
1677.775406896011 -689.6852064637353
1713.0074772197738 -685.2958361095928
1751.099886552904 -681.3884261670478
1787.3982106990134 -676.1128873124408
1825.6280235965833 -670.9003796830292
1860.1489466150326 -663.6798146749564
1904.143969949286 -659.136360479205
1950.1122120946416 -654.4550100956857
1997.109751630594 -649.2708525276544
2043.2262011743894 -642.9546569039481
2088.441624751475 -635.5317301326655
2137.533551172338 -628.4379982246248
2194.370490330175 -622.6549214196464
2249.3556447983196 -615.3236410328591
2305.361103644326 -607.2612138147932
2368.1965057883403 -599.9119185112885
2430.122415578607 -591.1903629985823
2493.06408049087 -581.576728012919
2565.795800646235 -573.0034113215618
2640.538375332301 -563.522038963386
2723.164254731841 -554.2719925729385
2806.826279203572 -543.6977454176465
2887.5744177922443 -531.0461201362659
2984.0903975085657 -519.6590223378889
3083.6014322785218 -506.97850728591044
3185.1076384598655 -492.76600067843503
1038.1379886312516 -150.56731571180774
1041.4979211835337 -141.007376297759
1051.7149970868809 -132.270801398275
1027.0929832351258 -119.31472578508397
1027.1814527922852 -109.48636006156333
1026.1806512052383 -99.57043282015547
1001.1756715822042 -87.59152146139661
1017.8961377921693 -79.55157237783078
984.6815953453967 -67.61032308785737
1004.242758019997 -59.43469495496448
987.780031918938 -49.10813112124992
984.2028263511363 -39.62065878345629
971.5391472944269 -29.928001510590796
965.779740694951 -20.627468656944398
960.9317829385097 -11.450263692016739
959.9970588775051 -2.376330477871759
960.9766935629318 6.692864024844135
955.8713707474292 15.681919060839443
929.6894308754098 24.03252210144646
947.4099438386131 33.44246276391642
947.0520434480434 42.38427775585364
946.6097505811425 51.322315854871334
946.0831046509402 60.25578058608404
940.4854851157754 68.81898202200166
944.7769488323729 78.10580615416345
1014.6977941855154 93.53815518305662
1081.4205729608116 109.99338333331767
1084.3095511704907 120.6391198593922
1082.1296577581193 130.74939311635595
1081.838805545602 141.0879116567576
1080.458770410676 151.29390418206012
1077.9934699969174 161.33839792189968
1078.3975338936352 171.82188129608525
1077.713545577755 182.16068093368568
1076.9303749696935 192.50186354327974
1075.0652241126154 202.65923098564235
1073.1042734342839 212.79853932082756
1071.047697676398 222.91888502791207
1069.8727328259179 233.23236386831528
1067.6234110274067 243.32129423090993
1065.278952552861 253.3885420611587
1063.8101960595604 263.6737885337104
1062.2421006950308 273.95386383661065
1057.676888512543 283.4512295024059
1054.9540569905516 293.42279672713886
1054.0589295808836 303.922314038969
1053.0594131669588 314.43102954457294
1049.1432611405644 323.8864270131451
1047.8976917674565 334.5301594601549
1046.544302925529 345.17969525178927
1041.2963375271881 354.54469034589215
1019.9256288149206 358.2076376719076
960.0302894768619 347.53826161585835
1041.9221801625426 388.51276746760095
1041.8869418548873 399.90949025031983
1039.868397177634 410.6065227821135
1037.7403500628875 421.30151418118095
1038.271378704208 433.1484089358556
1037.7510639972181 444.65011995122813
1037.1053313787452 456.1814678675399
1034.5106404425405 466.9183384823993
1030.8977679869265 477.2271911360176
1024.4719974259485 486.2233298496561
1012.5730466886237 492.5158120504542
948.7362313208989 472.7574043619177
913.8793766289544 466.3694725990046
887.2116829118631 463.5260830899374
858.0388206574795 458.80102685665577
842.1995402696115 460.7601701206986
833.3837386850435 466.36524752101667
819.3306280850669 468.8638628447812
794.9493560080818 465.07689835374094
762.9933095880926 456.2479693366416
736.4017180359845 449.9794547239357
728.6642300477931 454.894976724141
721.7436145464449 460.2414093293136
715.6256370166612 466.0428603084676
710.2956000462974 472.3231526771372
704.0836273519776 477.98247425494753
697.8285628297865 483.5662280380162
692.3477310212744 489.6515284870386
686.0035460511762 495.0910368863607
680.4240661616457 501.0469939916339
674.7935039003985 506.9415420872735
672.287434398841 515.2073422899017
668.8968423152763 522.8556343204617
666.9851241550782 531.7328691700701
664.354609922615 539.7860245269137
660.953486526071 547.0872769942937
659.003368790749 555.6604718013007
656.9516790850504 564.2432909192037
654.7980824848278 572.834593206619
654.0354881541028 582.7637430683419
653.1460042708122 592.7261569266808
655.8008623002676 606.1140396049456
656.0809090371233 617.5425821731016
656.9286361115974 629.7180059808966
664.7642086114939 648.9449490897777
668.7571141918735 664.8405238985944
668.2984724484264 676.5930473505472
666.2883509469818 686.9562092246866
664.8342434418453 698.0626252329437
668.0140204447163 714.311744611053
672.9813324323889 732.8854795924984
700.4322626288496 776.8594760113506
668.8055366470965 755.4999365653111
623.8519097058771 717.7811607700011
617.2912924327885 723.431033538552
608.1109315772741 725.9546093911243
589.4089152123416 716.7852751474536
570.2971801321268 706.5586503138608
552.6634895456768 697.6124047945217
539.537549275799 693.93100011562
534.4107521581212 700.4042746712723
523.8167144297653 699.6370842686983
507.95310965894805 691.4822039559692
501.0520661773047 695.2667308159178
500.473991835377 707.965241728973
496.85680257217996 716.6012264417009
490.87447527906653 721.9219137271712
488.7195329584573 733.0172017796494
487.49715386695567 745.8066270633547
490.39788980135825 765.3697862330174
499.3636615433521 795.2087358235048
505.20508550689965 821.013898529109
1167.8620179094928 1937.1996043578904
1109.498892186331 1878.8656706207885
984.9294257689347 1703.8010524279166
955.0065226268565 1688.6570231222677
920.6186045676736 1664.351340590042
791.1533128576727 1462.752691179999
763.744938532663 1444.5240284833405
741.8021772471595 1435.6829489240909
725.9534480528275 1438.1629223631828
708.3555869961895 1436.8842550363213
693.0154092731201 1439.9075117902573
677.6814821714414 1442.7694925808205
664.4383595780292 1450.016091745625
651.1187645947928 1457.1411580188621
638.5224645529498 1465.9775108306494
625.8172158973479 1474.7056697139576
615.6774784185817 1489.7936912767946
608.2936751378305 1512.242971478893
599.4468562475927 1531.890487774788
593.838545082085 1560.8509801947118
692.4532968517619 1873.1036895161799
669.3217563672852 1864.5024501065727
650.3625745421207 1866.9647885364482
614.1351677621898 1818.0756298123868
558.9830116234542 1707.8486445573487
530.7415732285565 1674.921604865994
474.16088791276144 1546.9633002672629
447.88162550893924 1512.0618537386194
431.9279652389658 1510.456630573856
420.56408656425475 1525.0737192320814
415.38044147466303 1563.7720706165314
566.7175919761264 2217.7358208192386
537.3972663423855 2188.999812272201
508.2127148577733 2157.9640489259527
497.4856025093341 2205.5904142192685
473.2549150372482 2194.5511580715283
401.9108684642637 1953.0754347465183
377.6738028798655 1927.3449350384224
355.42341225075097 1909.1983129114776
336.85069282008544 1909.5163290075914
318.9613827788707 1913.5996541324391
301.33514652113666 1919.491112110469
283.81665094972965 1924.181152761787
266.48671736849235 1932.714627012008
248.76656563272772 1939.1080928672588
231.18530174466986 1947.3249231335858
213.25412490378474 1953.3938871132777
194.93158632408176 1956.3122646073598
177.11157596941536 1965.0344754374235
159.3051538857981 1975.587474131536
142.59305165224498 2003.9331879133347
130.77890847929902 2119.9700179712363
112.56426320491745 2155.06224658341
92.07518470192888 2152.031170862101
71.71991693847218 2150.8045595809813
51.44376936394363 2151.3850279746835
31.119608256223607 2148.774667102621
10.8542864413373 2146.9725625787232
-9.369926894309774 2143.979525198409
-29.5919368372381 2144.795868439284
-23.220022064066065 999.7303789399141
-32.348426495337435 990.4718972809252
-41.388506635297766 983.1291835351547
-49.6238642287439 962.7219079770686
-59.24403480669889 971.1946995015071
-69.52034559799988 986.5535573641882
-80.25074362707507 1003.7971997108287
-189.84041492919772 2122.5271769425026
-209.6414684436905 2118.6532171898198
-229.7099112609661 2117.577237474109
-249.65947561676114 2115.3179775709286
-269.58685850909785 2112.8707782822867
-289.62620038635475 2111.2265780938255
-309.51324328143744 2108.402843916078
-329.52734943967306 2106.379767746373
-349.2030667628078 2102.19366809137
-369.1754802633241 2099.7936719526383
-389.31609532641966 2098.1870693338547
-409.26749678835114 2095.4057163405364
-429.20103802018417 2092.434579374561
-449.32507450569125 2090.2514148830173
-469.66541817319796 2088.850256713534
-489.6981122434537 2087.3264619759884
-510.44584354384216 2086.468078070886
-530.9744884400025 2084.434477892236
-551.2544288983928 2081.2322202531623
-571.7865907118173 2078.796790136582
-592.3221316960326 2076.158831183941
-612.8590544741064 2073.31806034412
-633.3953566052884 2070.2742142602415
-655.1355419060511 2070.840752383308
-675.700733025371 2067.3784170753493
-696.2591557021177 2063.711992527294
-717.46610715657 2061.7301921157377
-738.3604357752589 2058.5900191348856
-759.6062313964421 2056.1766395968257
-781.2280362971854 2054.479679944108
-802.5216222064921 2051.6257080401047
-823.8312805904533 2048.55217681188
-846.3004714388967 2048.031130633102
-867.2711163449974 2043.585283454963
-889.8310362552054 2042.5926483068001
-912.4500092028247 2041.3551823986352
-935.5421360745598 2040.7807113036545
-959.5559502820521 2041.761097258518
