-55.45513327591252 114.25291328167864
-62.296796975949896 125.37587122942469
-699.1693409336463 1374.3821276116807
-671.9435001247996 1290.5490818407618
-662.9471043533085 1244.4280360187822
-694.7699546629048 1274.989690192711
-61.33244737877709 110.06512117164792
-59.89448770577302 105.13634168289767
-56.35637304040183 96.78821838287485
-57.26819087166969 96.25151590643135
-868.9875378436693 1429.611716191637
-886.146199518212 1427.285855419099
-900.6607882258431 1420.5400890338867
-897.1939030133904 1385.9452010796097
-900.8739071576739 1363.2249276632476
-919.8627900406524 1363.773239031558
-941.20985552749 1367.378516672659
-1118.4636386157445 1592.4682380174586
-1141.6117241516954 1593.2114333255938
-1161.9223989413033 1589.6217596769638
-1187.646032044199 1593.0053052547153
-1207.4837748387733 1588.0831003134272
-1231.0105643178 1587.6693580648246
-1203.1610820457013 1521.8421109466703
-1103.2662771586301 1368.7101671590435
-1101.5442840979179 1340.457082554755
-1146.9085406965623 1369.0861182837557
-1349.4094015661854 1580.2462678218196
-1364.9338886825822 1568.1825402439108
-1362.4328011877842 1535.768817969556
-1363.4666603100445 1507.9945842817122
-1364.7761967573772 1481.0745871712434
-1372.545563460374 1461.5552251712024
-1382.1427392031017 1444.189201063402
-1418.7649024118016 1454.6924594856575
-1469.1007110319701 1478.1065931946046
-1467.3429834348149 1448.7058255438253
-1463.007626733885 1417.3840990072117
-1465.460625905542 1393.165156727851
-1465.3938749161882 1366.9809038015562
-1465.7020146972295 1341.5985256821364
-1466.1762284621675 1317.2578589981742
-1451.5937618247801 1279.4923019039165
-1469.7115733761166 1270.9039661140016
-1495.4222966964614 1268.55553861196
-1215.2844106007567 1011.2590179329783
-1211.6481415982107 988.9412424212079
-1187.401631791454 950.5358303709505
-1635.262594762513 1283.805766528011
-1666.3789032956918 1282.88360760088
-1169.2608098081464 882.6404469809878
-1181.596210872103 874.4886474121253
-1193.0723753491955 865.5947707666842
-1228.1191699089027 873.368367014897
-1218.2961436353874 849.1051209380047
-1193.2608906545925 814.9561011700009
-1237.5026610125242 828.0749748585099
-1218.5359574427173 798.7609907970971
-1980.032202702135 1271.2519326484942
-2016.5475655071082 1267.8564256442269
-2059.1354481294075 1267.5508692975218
-2104.465632073399 1268.098341384417
-2130.1767293163343 1256.214990309845
-1934.115722122596 1116.0131600649647
-1988.1530296137594 1122.2016444639662
-1962.8096528882777 1083.4861635150673
-1954.5143800935894 1054.852851352914
-1949.3921664615837 1028.3414711749267
-1952.8329128721853 1006.6044975079022
-1960.503109730864 987.1436353113018
-802.2681772543596 394.46390426117273
-796.9569496829273 382.5122486301374
-797.8311972047111 373.66613542960715
-810.4341022704241 370.2398761305051
-2018.7845814714012 899.2267865301498
-2036.3929676799962 884.0269685837973
-2039.1573293976476 862.3418034421467
-2020.426398417025 831.9267807803815
-2020.7976609311359 809.7566384879165
-2052.609767958492 800.0013377997477
-2107.7947626322702 798.571999646852
-1229.277765858275 452.742945131659
-1225.945571436559 438.4762888402159
-1245.1274974006608 432.18227082652015
-2109.690773541088 710.1273407182725
-2080.144413154209 678.4859765856121
-2069.2644159337406 653.4866310418257
-2074.357999842586 633.7190927288401
-2067.7540489946196 610.5155140259385
-2076.2852974618045 591.878672992992
-2100.0761826563958 577.3768501068778
-2169.209796494622 574.5127142124543
-2178.389290231243 555.0892722849368
-2189.337576549874 536.0195667200262
-1316.1775744254007 309.1611110402933
-1305.3663407971417 293.70515200432004
-1296.3373150328307 278.90063759961436
-1290.0850467755915 264.8953983858913
-1272.8892991205723 248.92133734241838
-1242.7277650402598 230.91925428175279
-1235.9794188120886 217.66918999466057
-1237.9704467174063 206.0441046337067
-1239.8521366061668 194.40082137975494
-1241.6243222868097 182.74036857197228
-1242.2961804286792 170.9274702682822
-1242.8557565574702 159.118095740108
-1245.2892836630804 147.54863602857222
-1245.6268067461012 135.730830379509
-1246.8473692551947 124.01869932151385
-1248.9537856402003 112.38523628578986
-1249.954804275843 100.64286992996288
-1249.8479420408569 88.82072830277244
-1252.6236799663411 77.19401782250395
-1253.293816913996 65.41871662717969
-1253.853262479261 53.637637626140695
-1255.3014110503004 41.88516939352834
-1254.6398916015185 30.062308662672645
-1256.8667937399957 18.299256644547913
-1257.98324949216 6.491840813361459
-1262.9886607709893 -5.351893487625887
-1268.8820332285975 -17.30276710992064
-1269.6667976212707 -29.089912652795373
-1270.3396938057585 -40.96415923086102
-1273.8988643033806 -52.978141969653976
-1273.3492696747662 -64.85859556558285
-1272.6888796724102 -76.73340575124936
-1274.910499408691 -88.81001349781569
-1274.0266258572767 -100.69834460765954
-1274.0280105909326 -112.66600298985817
-1276.9026402541485 -124.93457212471048
-1280.6531947697513 -137.37319507833269
-1286.2688852943136 -150.1244641080317
-1286.7968511258543 -162.36644952879203
-1286.2172582303126 -174.49689003101798
-1286.5128676002635 -186.77430631365525
-1289.6559017967147 -199.53108770540604
-1293.6592325694578 -212.52479852431648
-1298.5170730235811 -225.78177753368746
-1298.3216721873841 -238.2453263519655
-1300.9521207708865 -251.29381102950504
-1308.3518756894161 -265.40604623856314
-1312.6662755465336 -279.05420448864743
-1312.9346658196753 -291.9376017045039
-1316.9730383877106 -305.7548301496509
-1325.7269899163725 -320.8487933704505
-1328.4947038062805 -334.6667326739581
-1330.1520971301036 -348.3107786164358
-1329.740166844612 -361.4900948574704
-1340.7477254333903 -377.94779632270684
-1340.0436990561045 -391.2785256310808
-1298.0451874666467 -392.1921611846394
-1177.8788441844067 -367.9095383688852
-1137.2795525157046 -366.90628153477957
-1109.1390041134534 -369.28534976927625
-1090.513225226557 -374.41942471775195
-1071.8894904127728 -379.2386060815094
-1053.2720493210254 -383.74339097773054
-1042.1559307510065 -390.7429026873085
-1028.2024300052835 -396.48929737286716
-1014.2332980945946 -402.00972256422006
-1001.1776921137056 -407.6815286640716
-989.9736840559573 -413.86121451118794
-983.3250197042969 -421.867165851461
-974.7827296427165 -428.9797547557396
-965.2820870605822 -435.55882771442805
-955.7438570089006 -441.99850654696803
-949.7845928428073 -450.01136341032844
-945.558459820877 -458.82480214257237
-941.2505454801864 -467.5985571334151
-935.9698225810689 -475.8786517774908
-930.6165774416911 -484.1010078389767
-926.9570593845094 -493.20443028953326
-922.3302224393907 -501.803707414467
-917.623613184966 -510.3595835539566
-912.8376386957078 -518.8713187105685
-911.4316565786163 -529.3470840444475
-931.4101760892913 -552.5975786024721
-944.1909503173662 -572.1183875202659
-949.8845336104766 -587.714533432352
-952.8323614924368 -601.8633490193154
-962.3220963802999 -620.4524017345932
-968.2056598665558 -637.0704829156404
-880.0461134955423 -590.8627912818603
-860.4878824820468 -589.4146283403247
-860.7072231587291 -601.4009278363226
-864.0349847263634 -615.7633840761506
-864.7424956261053 -628.4754698938815
-868.5014312997766 -643.6351946795945
-874.4459132199531 -660.7271334317385
-873.8088810714202 -673.1025474329396
-888.7468527169752 -697.8746533480572
-943.8954615648038 -755.4749219116184
-950.7766267759904 -775.5983535158317
-961.2087664854488 -799.1105725940072
-972.8102635743148 -824.1754613457452
-970.4020541671786 -837.7612149461922
-973.080669524712 -855.9965015099878
-965.077908848433 -865.0090345497761
-957.7300981220226 -874.6210946182244
-950.286910736037 -884.1712431897789
-985.568095699575 -934.2481087693533
-1010.6724194758048 -975.9950104948913
-994.9241757276272 -979.2557809646576
-974.9700543051455 -978.0564366171421
-955.8290451249744 -977.2818613355513
-936.7919671121019 -976.2324571300826
-919.9187592076274 -977.0944050898557
-901.0791023464302 -975.5206052742052
-885.0395842176677 -976.641661187878
-867.0676874425084 -975.3043757684576
-852.4885690382289 -977.4826032514097
-835.3466962502027 -976.4327406759113
-820.8739787649822 -978.2100546337414
-803.9015739357908 -976.7124753086541
-788.9170652798693 -977.3156420063061
-773.373711583635 -976.9386379048341
-758.5227423579223 -977.1449479610571
-746.1609903319987 -980.3406430964549
-731.4151862757731 -980.1840772452774
-716.1500328229079 -979.0291775466899
-703.3043909522027 -980.9240203335584
-687.6132242028787 -978.5724571544622
-674.8666598889695 -980.1300890036516
-661.5937822827892 -980.7051887518252
-647.2687625241987 -979.4483901974583
-634.1147763582941 -979.6874248473698
-621.5505653424466 -980.6099605462333
-607.4446302850836 -978.8335002122772
-593.9484157172451 -977.7327239419649
-583.5947161543816 -981.6217231075761
-570.2039298034013 -980.2160366147649
-556.8931181082086 -978.6450096964255
-543.664209280628 -976.9100406625317
-533.3867830051421 -980.2828875969554
-521.685793353704 -980.9000627041046
-507.25473364719875 -976.0597498065933
-495.6795613775442 -976.3845412707872
-485.4768610829537 -979.2656520847867
-474.39305198644917 -980.24090519983
-461.6266607032838 -977.477276527662
-450.21138123039157 -977.2848674826716
-439.9007947285144 -978.6808932421341
-429.3495763242491 -980.0810891503763
-418.41922285738593 -980.4495672615808
-406.7535288921395 -978.8521679670487
-394.7815884272332 -976.1949075050898
-384.7277785607752 -978.051908849265
-374.31732540288255 -978.8720753516429
-363.5780281472151 -978.6455014194787
-351.85926245615235 -975.4814500664851
-340.8946976881186 -974.0712525724831
-329.98912430810117 -972.5410931361063
-320.08065029934465 -973.7419459507477
-309.87611225605224 -973.8895189153
-300.28613814957765 -975.8428332652819
-289.83214365799705 -974.8263068375875
-279.70074454758816 -974.6607068613799
-269.3322385195191 -973.4270107686887
-258.4978159828373 -970.151987645288
-248.99165933261926 -971.6028785377227
-239.00334339857878 -971.0187443321066
-229.50832025442512 -972.279245347751
-220.01100112317596 -973.4470501186893
-210.51228958843618 -974.5222295731558
-201.01308767145412 -975.5048634347182
-191.70677242475878 -977.3763417468635
-182.01681245127494 -977.1928571091161
-171.826583816837 -973.9592522759027
-162.3719807041377 -974.5662316549939
-152.45662383139086 -972.1177798239953
-143.03928197351888 -972.5372814512049
-133.35565112746733 -970.8842723581267
-123.8431878553804 -970.1272415625782
-114.357290946303 -969.2772616787328
-105.11426442699388 -970.3231376268279
-95.8616898363982 -971.2808741150575
-86.51167770777555 -971.1543284258099
-77.2520262213563 -971.9347326053817
-67.98535753458414 -972.6268509355964
-58.71251338681312 -973.230620547773
-49.383634195191675 -972.7472727659921
-40.32082827644386 -972.1641995090652
-31.053649948891003 -972.5043294632944
-21.78365085800113 -972.7561218287432
-12.485955320989122 -970.9197190909877
-3.231901880951498 -970.9946214115874
6.022445129416879 -970.981323277983
15.276245090004256 -970.8798258981129
24.528657430386783 -970.6901384915079
33.77884170618532 -970.4122782884542
43.02595767540992 -970.046270528429
52.269165374778176 -969.592148457806
61.57096981516828 -970.0479450398416
70.74049796212707 -968.4197343859068
80.04930025078163 -968.6981519180059
89.27797800626273 -967.8912349242105
98.70121808783017 -968.9861038982853
107.93179308499279 -968.0014091112978
117.27284392011087 -967.9215257854788
126.6221651531043 -967.7514284628776
136.1180648520565 -968.4812194466815
145.4907401779974 -968.1288367373727
154.86904944579527 -967.6856811608591
164.58697961440845 -969.1233802470181
174.34633609675973 -970.4634743717229
184.14613858869026 -971.7053049370858
193.98539799966608 -972.8482231894711
203.65822899727885 -972.9128048091935
213.34987447639188 -972.881200898089
223.05937795782543 -972.7530590571628
232.5529921798123 -971.5555083618311
242.0440200422729 -970.265269069122
251.78283657092547 -969.8501962717224
260.75420061771194 -966.441020890679
270.7622097177811 -966.8008201220892
281.3583867076839 -968.9780483732587
292.02053253807185 -971.0406832755159
302.7474212673418 -972.9876663740268
313.23162351226154 -973.8659815559186
322.8142116683227 -971.7854623037738
332.3855662739632 -969.6106617260027
341.69447516245464 -967.430041730902
353.0461595230321 -969.7331639404923
364.82481441937165 -972.8431809823571
375.97560262861884 -973.9498684367933
386.4431672873475 -973.0728022388269
396.92859655158674 -972.0841986369223
407.04378675866826 -970.0615215857002
416.76096955757475 -967.0156639131708
429.28945716593 -970.2739623251678
440.67884379304866 -970.6483176893792
451.6929046200282 -969.9863503760876
461.8732132635679 -967.3970926509893
472.92449913157714 -966.4980176498796
486.69002423789544 -970.8392350473464
498.2988984916872 -970.5561332359769
509.481950392483 -969.2539100897512
521.6335135705432 -969.5872717399141
534.8029450294966 -971.5280798761182
545.1138449607644 -968.0763895644246
556.4058038017546 -966.2492336326707
569.2349484240071 -966.8792962374972
583.1587084664811 -969.0649724036597
596.1292234063657 -969.3678089357637
608.095261507394 -967.8166938693784
622.2470306275281 -969.4909142819359
636.4869665857437 -970.9816380171554
647.4753393071118 -967.3012379756062
661.2728226021308 -967.6271255436212
675.7083402947599 -968.5965304790745
686.7432378187543 -964.4893598740289
700.1128720707533 -963.495182323628
715.9090411907988 -965.5455684437018
728.1891651601433 -962.5952107419679
742.9223903634544 -962.6641791905686
757.7239448810273 -962.5380113813345
770.087082318568 -959.0963901746659
786.255298657597 -960.1476997487694
801.8735233291787 -960.2082339699285
816.2685203283355 -958.5336210696992
832.6720725346613 -958.9354616557007
848.153661716144 -958.6633226099227
863.8620106843678 -958.0409315349534
880.3102332879719 -957.9430531970448
896.8329240971627 -957.6192908746841
913.4272774682426 -957.0682362177498
932.182125588042 -958.4390876493715
948.2275604871256 -956.699270164159
967.8757300861039 -958.2591356779707
984.7679440031371 -956.7450530124701
1005.3360380856981 -958.4468949953107
1021.6413906696126 -955.7457134984494
1040.1947272570326 -954.8502130631107
1061.7934731294652 -956.3658402618047
1082.763083127564 -956.8955563780677
1102.3251732406382 -955.8034381817199
1121.2005028180752 -953.7785028404109
1144.7415551271877 -955.3260029775112
1167.6366527528537 -955.8795149746186
1191.4226948815271 -956.7110128566723
1215.3271640288083 -957.177561570315
1237.762463336639 -956.0544358742421
1259.4865150195715 -953.9883219850518
1283.6891432908296 -953.3851180909297
1309.6080579525267 -953.5862491383834
1337.2714886618382 -954.5438521158421
1362.6099246544707 -953.3431665634037
1388.8681407924025 -952.3136497456367
1415.2267999544038 -950.8722862145147
1443.351001795727 -950.1167747257554
1473.266191230903 -949.9977525110197
1500.7693677345928 -947.7954973882871
1532.613126682439 -947.7874254919601
1568.0101567482013 -949.3330018146853
1602.7102910128303 -949.7835137975225
1637.5563573859667 -949.6621380179395
1670.8011264684649 -947.9792169619063
1709.4041296300436 -948.6635449956708
1749.0452068572938 -949.1790475824497
1788.8456014833926 -949.0291955748885
1829.6840356610742 -948.6713496501334
1871.4052091243811 -948.3915558787577
1916.0967631667054 -948.481520211161
1960.952610573181 -947.8126708829265
2008.6756164018916 -947.6620009647323
2058.382803510763 -947.5316534085663
2108.2618513674615 -946.5479206403893
2161.9654321319563 -946.3115080492695
2216.7671638805537 -945.538651320488
2274.512204808784 -944.9673169882036
2337.0737360995317 -945.2657573580975
2397.976545621267 -943.7359199745954
2465.5905187467283 -943.6436795031475
2536.2217402616875 -943.4062137933885
2603.29942920937 -940.5615779299991
2686.58520540223 -942.1618407226315
2757.817650147144 -938.0889129165132
1032.3419910625569 -340.35130892798946
1047.883655622285 -334.57412374491327
1047.164410771739 -323.5161461396891
1043.4556457887466 -311.64292912175927
1040.5775691091262 -300.1455024932765
1042.3929867920026 -290.07044159453415
1029.622892373262 -276.10269738073606
1015.7153131188225 -262.15148806736227
1005.520105310666 -249.4500306995911
1002.9593238739009 -238.8170736241604
1004.1876536527731 -229.14440043635847
993.5989598343866 -216.91036631757564
981.8911033487728 -204.69211309801213
974.9466446595263 -193.68799670380008
972.795921447645 -183.7609730460391
971.5293743535512 -174.068017648841
976.0824579148817 -165.4177600828979
967.7213918434302 -154.645749274315
972.100757257019 -145.9764287148104
967.4900014944457 -135.98565000865855
968.7270157447723 -126.87383089600397
969.8782168343831 -117.75077286437359
972.9311046340166 -108.83963265112716
988.8344345520578 -101.20504455861929
1095.2749745874353 -101.84660054460724
1112.1282306008927 -92.88056147831918
1112.9519906721262 -82.42491406699463
1113.6774544039715 -71.96198685618728
1114.304557723198 -61.49270393557083
1114.8332452438046 -51.01798995616064
1115.2634702719097 -40.53877004864521
1115.595194809877 -30.055969741675376
1116.828235786874 -19.588051183784167
1116.9630008017177 -9.091470729298523
1116.9991152232467 1.4059126873086631
1116.936575861821 11.903171933177713
1116.7753882409409 22.39937988641424
1116.5155665967577 32.89360951797485
1117.1563792965817 43.42377455901545
1116.698958015327 53.920656222668676
1116.1429094611156 64.41277559363675
1115.4882827443653 74.89920600398031
1113.7380559541537 85.30265364842172
1111.8908987728107 95.679826641729
1110.9426186959174 106.12491679646958
1109.8962197481262 116.56063395855061
1108.7517943477867 126.9860564414982
1107.5094435709818 137.40026346806724
1106.1692771426 147.80233525156933
1090.872775623803 156.20687373742507
987.5383364125177 150.894115576444
1108.472556755111 180.04885703826835
1109.6880855297632 190.9668893638083
1112.7637952500288 202.2813287991552
1117.688720694723 214.04654547969972
1118.5688215250907 225.13283081765306
1115.4252314230293 235.428445827775
1114.1399264984707 246.1162818303216
1112.7521660671366 256.80073386362403
1113.206365664446 267.9488522911711
1108.699098719694 277.9124115582796
1104.103051077205 287.81496243594927
1056.9480010259047 286.15716508126167
987.782279118638 277.4205635117722
953.4809182902758 277.35020904324625
930.6907772531415 280.35455611768356
915.5693306249946 285.3310372512942
900.4385806887669 290.0454488648271
864.4268509002267 287.5538548562988
827.6012738499205 284.07944579287835
807.8917552076377 285.9369018988671
800.4366093384799 291.8993566808905
794.8139266080824 298.44902759071243
786.3409644674596 303.8369424549712
780.6258943098788 310.1986672003956
775.7869700195887 316.85734510632017
771.8142968979989 323.83898947447256
766.8606895293233 330.3780907605872
762.7672791134484 337.25669439444295
759.5231818265755 344.50041548310895
756.2102954472928 351.7129355874166
753.731592585668 359.32392953750343
749.3793617908555 366.0417628111992
747.6505709125244 374.05163255114456
746.7270544008599 382.51758943323813
745.7098746763037 390.99972226365
746.3610050533639 400.44256783680305
747.7761884701686 410.4141468773061
747.3246521533823 419.46974179769643
746.7681671478966 428.5537358775106
747.8312546638548 438.67689082955434
752.1996152031796 450.9154453865918
752.1381670780612 460.6649298833747
752.8066488509692 470.9842348165951
757.5597262821232 484.0498539565472
760.4564487811712 496.1552070744899
767.3520400415356 511.1309486267619
769.89563384108 523.4708329911434
764.05751069687 530.2038479186116
761.4254567253015 539.1848234609965
761.1231464135342 549.9204997029677
762.2949369291622 561.8856014636473
777.6942873838932 584.7397672216749
847.4786387956486 649.9261164048374
746.8750015930053 583.8507788771445
722.7879295727597 575.6332242530164
719.8796174246312 584.0396702421563
703.77393951336 581.6109026332343
680.8866636293707 573.1433950519399
656.693312156971 563.0087865817966
638.7667605724351 557.7463810620354
630.7049009696478 560.845190665719
620.4157930102945 561.8302624311077
605.750118378622 558.6079072876479
607.9606336902679 570.9114361115286
605.6610215427943 579.153457197433
601.1124078022343 585.3075031008917
595.0817130416982 590.0184359859935
593.2373695280033 598.9310673153425
592.6747005536411 609.2919655827178
595.4264562766289 623.306774522671
604.8142293107796 644.7136946142898
613.1845790350283 665.6047415949162
619.2126201575263 684.4740543202869
1542.77912229567 1736.7099872484762
1513.197756741536 1734.7727658089352
1487.68185663205 1737.000775315836
1448.7348058813463 1722.8373290093114
1413.3509800381046 1711.969335947735
1370.728359273001 1691.2813973685004
1219.0229477525638 1532.2359651348256
1168.1803251266758 1495.914010893318
1045.0990540138528 1363.5585676087956
961.7867768007526 1278.6579667648496
935.331351181801 1267.1938539530668
917.9616972982512 1267.5059456638905
900.6634526145627 1267.6081196980458
888.5852343127559 1274.8852032090358
875.3203950636997 1280.396503426001
862.0287095183851 1285.772337533386
844.3169184037215 1284.3278169132846
840.2459541725598 1303.6823756178667
828.949725068658 1312.0771140861334
818.0967758070104 1321.224305488729
810.4781729032069 1336.44832718945
801.4844145643674 1350.0084196813045
796.3266178442891 1370.433842880668
794.3155726979151 1396.9652003430806
822.014958673584 1477.759252285996
935.2424879690876 1719.0609322235762
1540.413469300742 2895.7773297677522
882.5418969613861 1697.2592023930224
828.5362517635291 1630.5731138203041
768.7482346415392 1548.698534814157
731.073897926987 1508.1468614726623
654.8771640410704 1383.8702612663967
636.0025794490234 1377.239891570887
624.2926559724854 1385.8783062371747
617.3023605804734 1405.4048511449557
652.5034752621336 1524.205765233434
858.7366569068645 2059.109602251522
833.7474236158666 2053.173454341816
794.9791696204416 2011.6105785836367
781.1049085964895 2032.0443208174545
764.8167157510791 2046.773165572515
733.6477816912698 2020.9554503797156
637.5480255089341 1808.9379522719014
614.0870404878847 1795.9123326891072
592.8149049408403 1788.3026836864005
575.7145218924796 1792.8306638615131
559.7685818710381 1801.015029018383
542.8561936176235 1806.1846951657478
527.5691260983696 1816.957571653175
511.58796271550636 1825.676246327535
495.48958501416075 1834.2546363966196
479.27522185047314 1842.6913093950868
462.2182159440403 1848.074490070546
446.27001034097833 1858.1614778781372
430.8463526367712 1871.0348528072884
415.00508230449447 1882.805030177432
403.5146827509501 1915.9697024755897
407.7810165094778 2030.4570033799032
392.6655472740908 2054.8181836804783
372.3097596177155 2052.5061371146735
353.2630650290656 2055.86993919515
333.6929806774693 2057.1108367432676
314.1306274684796 2058.1656757623423
294.8610200685621 2061.0145508569626
276.0950272199845 2067.6478268661704
114.21534436984659 920.9445450788431
104.11491186735687 909.0572507421371
95.08293156145216 905.0189147889012
85.08872159692956 889.9415202455722
78.04675151061416 905.6432545868381
70.02949641215343 912.3162114268605
62.02857710978704 920.9133811720487
119.20313527394961 2056.548227623379
99.95719180175473 2057.5734640121864
80.74167469015187 2059.417825980981
61.440741460372024 2059.0835425715004
42.173606073515856 2059.5682525594425
22.891661226515918 2058.8727429946443
3.626423104682496 2057.9968049186728
-15.620420809519342 2056.940690067104
-34.88108432276463 2057.7043786599834
-54.13110078277624 2057.287977879627
-73.41203317156761 2057.6908595281307
-92.66023677309181 2056.913970131263
-111.90032949346504 2055.957031715219
-131.19431373878868 2055.818097994715
-150.42246714740745 2054.500689067124
-169.7198018191647 2054.0000459762564
-188.92925969596394 2052.3222785008047
-208.42512341386873 2053.449528946332
-227.95859100511092 2054.391365048774
-247.52789715699436 2055.1471821086284
-267.26013070126055 2056.708054765563
-286.9050583048359 2057.0888380230685
-306.72786341414735 2058.270880570726
-326.12792376747257 2056.2987568296385
-345.5179176642288 2054.143706894183
-365.5964960271897 2055.7439534369646
-385.5508877117344 2056.1650014005913
-405.5450953438522 2056.3922718300964
-426.2149748651037 2060.377828263724
-446.2394479138458 2059.203573016895
-466.05857561318214 2056.859354476482
-486.33342129221694 2056.2706055707276
-506.8777668430944 2056.4529971482834
-527.7170498255299 2057.3990170415263
-548.3614313189317 2057.168136211003
-569.0481740733042 2056.730457688571
-589.4994852089052 2055.123927391834
-611.1099931689083 2057.1486519571445
-631.929398528432 2056.080308566641
-652.7827714778082 2054.8018525545845
-674.2914750131748 2055.2128859864024
-696.507001762894 2057.2948248841885
-717.5029921195985 2055.3633392418537
-739.2011747697811 2055.100392491563
-763.0417231470341 2060.2369593657922
-784.5513303102184 2058.564599449934
-806.0969477090322 2056.6693246349014
-786.1990485192773 1951.5909038800582
-759.8078817251424 1835.9904637193385
-50.448838256371346 118.7262174862085
-45.56903279639329 104.49623557813571
-49.818087761199195 111.36497713292746
-51.2818207984295 111.7997086561399
