-559.3984188775145 1164.6189973366127
-716.6875875831747 1457.3039840075267
-737.62889257336 1464.7537734517016
-758.774464827347 1471.93658542954
-776.855058759642 1472.6578752987923
-800.2408548314199 1482.8484663844374
-811.3242248358304 1469.9639458825304
-824.2016574119258 1460.4864353767325
-826.4791078158698 1432.70662884761
-742.9869297247707 1260.2933873738125
-706.3667533118041 1172.6922059158323
-711.1329241926715 1155.741737642619
-728.4121238302574 1159.1275934327048
-912.1557974610281 1421.5107460579522
-922.2656739034933 1407.80503861129
-927.1953753177265 1386.5542672356607
-932.9338639658523 1366.9891753286654
-938.385949558341 1347.4404660954376
-945.2901294492511 1330.3573095848417
-954.3033058474361 1316.5033993304594
-967.3010532681717 1308.226919286668
-1019.9665059751284 1352.5177731508331
-1041.2420293702182 1353.91249210316
-1043.5044338566456 1330.6312398713333
-1046.6696568531281 1308.9914550610922
-1051.4154076847758 1289.7370431537804
-1055.2521709465855 1269.741649199757
-1060.7447894296668 1252.0788680022565
-1062.0768261030173 1229.8852854859842
-1065.7278237339096 1210.782063675947
-1067.1099244956533 1189.487456446213
-1023.6496960591307 1119.567014411397
-863.7549346759362 926.9392713781033
-843.5573975909016 888.2769370920679
-832.444834106505 860.1421964822988
-834.2193393868474 845.8262787316152
-833.6714188730058 829.4383433108632
-830.7423418154326 811.04140554907
-836.9283562880956 801.7680003847163
-843.7420309771741 793.135161975885
-846.7920335782463 781.0552169138992
-851.0322531889475 770.485628699292
-854.5665763203074 759.0553119741592
-857.9609432071312 747.6275944152475
-865.0163231764473 739.4530144899676
-871.2275683333561 730.5693151070247
-874.2589227062799 719.0934126165076
-879.4862042948982 709.5097014523146
-885.3946973363722 700.512119758562
-892.7918595801959 692.692352684318
-900.1202705090722 684.7952238579609
-912.1885575038393 680.4087268392909
-920.2180951432824 672.9031560119694
-931.4382757689532 667.6366814612267
-942.6409273254909 662.2175489451623
-952.1767953349785 655.5115181486979
-964.986079965877 650.9207827931829
-971.1190211550177 641.7350284587249
-983.0409444685434 636.2951371010108
-995.7911472482697 631.221823974722
-1010.2322711043455 627.0181483971228
-1020.4094421246215 620.0004600183123
-1052.0315827825998 625.624127434307
-1087.3072558527206 632.7139411851348
-1619.0357535771955 921.67902690618
-1625.9609848921423 905.3020908009518
-1654.6783400988322 900.8305005980724
-1709.9387193554733 909.9882285221955
-1726.4810869282064 897.8747443152631
-1725.1161536438885 876.4697692658403
-1717.2308056388363 852.0606552147525
-1711.7389168253358 829.1886881920342
-1736.706984991717 821.0297487186319
-1792.5474693040653 826.7100884176937
-1825.8474930943662 821.1485443943858
-1934.3018030129592 847.9507856360619
-1949.6177109380035 832.7008953981373
-1872.48605328489 778.8324468417939
-1825.1036292816782 738.8895332746614
-1807.8411673278276 712.0107539319599
-1801.4416017244432 689.8182047296754
-1803.0743673756817 671.3410651172658
-1808.3771973747512 653.9884647415732
-1814.4567458467573 636.9267755803614
-1821.3219576384633 620.1308947504516
-1873.6137504569676 618.3045480170562
-1922.2184445318278 614.3291068325184
-1020.3260259607747 315.52939759567954
-1006.9649343695027 301.0359130572681
-703.2741570060532 203.0503880504177
-643.5025102584538 179.24430058182776
-632.606673703588 169.805171846096
-616.7501763462782 159.33681299949114
-615.3120038188754 152.79770271964267
-615.7511251456574 146.7635918130138
-616.1312524918919 140.73478497788855
-621.3372517416524 135.77930474903172
-2145.776937921138 447.7782181904161
-2144.995306993504 426.57254128207
-2152.8482950978037 407.0936235001476
-2166.4300544657913 388.5637902678894
-2173.9373985683433 368.810502976669
-1137.5358471748343 181.97856025431062
-1130.2994068335404 169.91836543395345
-1128.878956575421 158.84678593282507
-1128.3419964600446 147.94708183861206
-1127.7000373776516 137.0716079224402
-1120.9907714684227 125.55353552421502
-1107.2017498412322 113.46050038896219
-1086.31575265548 100.9905219936894
-1072.2707598901777 89.50652202236954
-1070.0744171167592 79.18170137240084
-1070.77274507319 69.0994096098181
-1074.3715389980555 59.17597646807084
-1077.8781279238929 49.19086646201732
-1086.288395904305 39.325830234743854
-1089.609536895551 29.172883063948518
-1091.835676055252 18.94350793730428
-1092.9656379098435 8.666853427216012
-1096.9987832500651 -1.6338751104674913
-1106.9341390351658 -12.075257284059493
-1111.7735781787158 -22.439047744837364
-1115.513238727385 -32.95776424364899
-1117.1545564675907 -43.47064485029886
-1121.6931394017997 -54.16180405908445
-1126.12902425431 -64.94167176809893
-1130.4609486358802 -75.80925807093675
-1132.6934810649416 -86.61107292364379
-1135.818917322121 -97.54684542928571
-1141.8249915284637 -108.83330703890205
-1147.7186894969404 -120.24063281364444
-1151.5111988274334 -131.5407122339207
-1153.2074273838584 -142.67666041333675
-1158.7607832037675 -154.38409020683312
-1165.185372532329 -166.34917383833834
-1167.532426521333 -177.8455313501254
-1170.753155462287 -189.56014606213554
-1177.7988736393775 -202.02676370672782
-1181.7610815628732 -214.1068567406192
-1183.6352910144033 -225.9037358373003
-1188.3332799998086 -238.3443216124452
-1197.7944430507298 -251.92155961090722
-1198.3149482396614 -263.76179561372703
-1201.6421972374853 -276.3060437599368
-1207.7563893013998 -289.63512235508597
-1213.7255899872525 -303.1026100351096
-1219.5477463792542 -316.7069533516466
-1225.2208220045222 -330.4465725749977
-1230.7427971449874 -344.3198618664514
-1237.0721288749025 -358.60360840476307
-1243.2410784308531 -373.0356831485281
-1253.0677552122283 -388.7996924476498
-1261.754848140157 -404.47460142116415
-1273.1053496106438 -421.2882253193891
-1281.411188299221 -437.3801167195165
-1285.752980391715 -452.3364604073187
-1298.387953567306 -470.47818443717745
-1271.4425855459465 -474.2180423183399
-1347.2433204362337 -516.8988639375712
-1378.6280200724123 -543.7911200738946
-1267.8277493957858 -513.8451107697891
-1211.3067968388873 -504.0633332547753
-1178.0684143953574 -503.1061627569359
-1146.7864706694127 -502.379130427999
-1130.2169530192782 -507.67178285563443
-1110.923895710371 -511.44608507612315
-1088.946038101498 -513.626835458439
-1068.8257266576193 -516.3144061856228
-1056.8179286172196 -522.6632431625636
-1048.3538174817973 -530.6404369922657
-1036.2810177416227 -536.6662391732749
-1028.6056765302403 -544.8544413049843
-1021.747132703646 -553.4228011311767
-1007.8195463589401 -558.0356278741172
-997.3763255269453 -564.4080662768464
-988.6334762254538 -571.6361164992771
-980.7036840600306 -579.2592546270484
-971.8615012322718 -586.2680465645002
-964.6768558275149 -594.2117163358023
-958.2751499869728 -602.6049592539417
-952.6423723206273 -611.4707764556925
-946.0910634728107 -619.7359918682197
-940.2998528344855 -628.4880164008263
-935.2538781696514 -637.7493107551171
-930.1169227637494 -646.971027163113
-927.3360841474391 -657.8881265367946
-924.432450112139 -668.8091246235114
-920.6009895917232 -679.1390269766124
-919.8539265291303 -691.8596344988927
-918.9495787314222 -704.6244898875866
-915.5234064378635 -715.5843012981842
-953.4259983936215 -759.5655768840014
-976.613577871346 -792.9627478749101
-1016.9809845177778 -841.516296413356
-1011.4223147714627 -852.8504565176338
-987.5372212165817 -848.5129561249092
-922.4392200631894 -807.5777890019109
-879.0859191239749 -784.1504618362194
-885.0927988175276 -804.3797221967717
-890.7988096683241 -824.7869304817438
-906.3852805374191 -854.9746915699341
-971.24435546653 -933.3238462475952
-1043.7545186682464 -1022.3001050374673
-1034.678871874768 -1032.900591584668
-1028.2997374308293 -1046.273697461466
-1050.9128724148657 -1089.8523453168948
-1081.0331772310874 -1142.6706742214312
-1061.2579420306704 -1143.3860155156817
-1047.6274774192036 -1150.4836672270824
-1030.6272728452604 -1153.6968511994567
-1011.6841985128826 -1154.4349624293898
-997.3844592633145 -1160.2259436937384
-981.7772073139512 -1164.3206238827943
-963.6335416737053 -1165.1413636814166
-950.6035759655022 -1171.9359373965797
-934.4191115662279 -1174.6752419029615
-917.0390447942598 -1175.6361640927996
-902.7635489398124 -1180.344854144582
-888.481817993167 -1184.8886272960665
-871.2343273869558 -1185.2391095397581
-856.3995776188442 -1188.6146404340916
-842.7335131840679 -1193.4492975222863
-828.4842340741069 -1197.3094311374318
-811.4323428115861 -1196.8682270990823
-797.7839989812657 -1201.2096781867267
-784.6720512668803 -1206.2382732945537
-770.9995494196163 -1210.282898662436
-756.79214931343 -1213.3283326196413
-739.9913098745571 -1211.9458986729305
-727.3896671203361 -1217.221537833835
-713.7452087914066 -1220.640723934488
-700.598309078709 -1224.778759334131
-686.949227318927 -1227.9046213309603
-670.904812595748 -1226.49530469377
-657.307572090983 -1229.3017349991244
-644.6441129157165 -1233.7333454531854
-631.9559466171844 -1238.0354120683214
-618.7982490283308 -1241.3129045488377
-605.1979671380484 -1243.5531434450133
-591.1822849908745 -1244.7439519487405
-577.1990083450835 -1245.7810019282892
-565.2114428587306 -1250.1679986552015
-552.4292884908831 -1253.6833257316046
-539.2371798127076 -1256.149777656963
-526.8198346388859 -1260.32410983487
-513.9951633977676 -1263.4496317636497
-499.3191542372062 -1261.7960937535988
-486.5172212314723 -1264.6446115194603
-472.30605770490286 -1263.617025785603
-459.18262156755924 -1265.2538559713398
-446.73543208164 -1268.6419722375697
-434.2654566855477 -1271.9078241483116
-421.773894620038 -1275.051285955606
-408.95698125335434 -1277.1198798406294
-396.43496193897477 -1280.0153596548926
-384.18168491504866 -1283.7462494495687
-371.61577324292085 -1286.3991282168479
-359.0342735986599 -1288.9291642217902
-346.4383854179665 -1291.3363020952336
-333.57943553219644 -1292.6522193498224
-321.44884465881 -1296.752343459427
-309.03901106092377 -1299.7657056725593
-296.6009408500838 -1302.6603094770505
-284.1357704814361 -1305.4358903955876
-271.6446388862423 -1308.0921948258704
-259.128687367821 -1310.6289800637821
-246.58905949726125 -1313.0460143255666
-234.02690100893986 -1315.3430767690047
-221.44335969583454 -1317.5199575135935
-209.1522194143933 -1321.5518715184937
-196.36359824024257 -1322.5015452868647
-183.8507597026167 -1325.308604875397
-171.55805285504434 -1329.980764710748
-158.71900245337739 -1330.5669010839722
-146.10233325214244 -1333.017294793387
-133.3538677970387 -1334.352931552807
-120.68314574892612 -1336.5625979848992
-107.9823572316452 -1338.6518630796795
-95.1817746363136 -1339.6228684883974
-82.49516475890427 -1342.4677082862743
-69.71106364337342 -1344.1935751987917
-57.329859115194765 -1346.7803411298487
-44.5245822973291 -1348.265019041601
-31.837082232209706 -1355.6262022382643
-18.92960049084868 -1356.867963445691
-6.010178348292944 -1359.9867196984762
6.961861512772188 -1361.9822071100184
19.97139105418223 -1363.8537837830568
33.041395700321324 -1366.6006242389087
46.064473679018796 -1366.2236508949313
59.25625214567804 -1369.71883851455
72.46608097107557 -1372.0877038690687
85.91319940638958 -1377.3231001358242
99.251363934137 -1379.434002320232
112.71881741579008 -1382.412191858993
126.16126149072241 -1384.262740992139
139.4486921449268 -1383.992435766565
153.07160746051812 -1386.576389164857
167.35238749723993 -1393.990379593408
181.27367797609273 -1397.2905401787489
195.27301678993743 -1400.4515160882067
209.20147837598873 -1402.48306280158
223.6572051685638 -1407.3387845775399
238.22439128666502 -1412.045728507437
252.55001175306663 -1414.6333417403698
266.7613923611485 -1416.0929911363667
281.2179488233505 -1418.3908013166142
296.76154619166863 -1425.4362787237912
311.18595233686705 -1426.4512971245101
325.2116989275162 -1425.370601240491
340.6354209433781 -1429.9886398145713
356.41752643446847 -1435.4119780921208
371.33285517597255 -1436.7908374801325
386.3067283405836 -1438.0153377620122
403.2179846046834 -1445.8271877687655
418.3683350136523 -1446.7217895151455
435.00695739419547 -1452.2482387727812
451.4926021589756 -1456.632908524216
466.5753429879745 -1456.0729546680186
483.5735880563401 -1461.0535872904584
500.7088663895072 -1465.8416118799926
515.9385563086495 -1465.852450321705
532.757235187652 -1468.3370622425932
550.7216678740767 -1473.4431256529704
567.0379034364151 -1473.6719499489818
585.2498117533521 -1478.3716237274937
602.4733657345402 -1480.0776478213888
620.9415050088372 -1484.355970566818
639.1527119945827 -1487.4961548689698
659.4996444166958 -1494.9970632125844
677.57530962844 -1496.7767701905063
696.588352928366 -1500.1602136320462
716.1588076527673 -1504.2182561787258
735.8715113405152 -1508.0375057661615
755.7236702828912 -1511.6156039728342
775.7124585881483 -1514.9502241298658
795.8350185348587 -1518.0390717216803
817.5069229130672 -1523.5233608281853
839.3575635112595 -1528.7298258935232
859.4247847768648 -1530.1679774819625
881.0912378509186 -1533.9619390918199
902.909782918993 -1537.4794060114032
924.8770934121028 -1540.717807413668
948.0356271924674 -1545.3793869382964
972.4310854593698 -1551.4312050594806
996.4908641109013 -1556.3129369582164
1021.2812659547701 -1561.7107849438135
1045.7117430918456 -1565.9425118310742
1070.3175193385173 -1569.8472561994824
1095.6658046905623 -1574.2428162236545
1121.197012246568 -1578.2944147811488
1146.3199018792745 -1581.1893253356761
1172.1962825161536 -1584.5494234183134
1199.4475219132441 -1589.1528064274303
1226.894967092894 -1593.376835441675
1257.0045958009248 -1600.3638480468603
1287.361145790226 -1606.917011021315
1317.3263155203367 -1612.2578511012482
1348.7926339287258 -1618.705479900408
1379.856245480212 -1623.9328008908662
1413.1085964716492 -1630.977649932066
1444.7152290316035 -1636.5472516869659
1477.5354718870346 -1642.1236035437644
1511.9410077598977 -1648.6974825764687
1551.3815567421004 -1659.879292418716
1588.4083745714356 -1667.5634427485302
1624.3247691536048 -1673.2582120862544
1663.3027671856237 -1681.2640793975963
1701.155886421705 -1687.2713623163238
1744.286316418905 -1697.5927798956286
1785.5926222086437 -1705.1744742148996
1830.8451341039552 -1715.5427989204668
1870.5622019604891 -1719.7901176006117
1915.719387346812 -1728.1259297121708
1040.132149315253 -920.5683635454958
1046.5359760583056 -908.7125237475764
1050.5249975224017 -894.8727449087708
1032.0928737939005 -862.4437951912274
1049.492685376914 -860.240724065278
1031.8713104893825 -829.5888129603269
1030.2562929842977 -812.3521223990573
1025.2438996267472 -792.7742088880921
1021.547955103736 -774.5732860248767
1028.0330811933145 -764.2702296780767
1032.7984845526307 -752.7358702133101
1031.7421124927203 -737.1107198440808
1026.387460489048 -718.7056288570745
1012.532507927796 -694.8107083151838
1019.8952507905509 -685.7511774797616
1043.8792034491205 -687.6163236910756
1251.1680684292342 -807.2790499839937
1240.1569481940485 -783.6451645011435
1178.639179573966 -729.2500835606454
1172.660696056899 -710.287189750279
1172.4513384464988 -695.0732759752843
1173.7896099335514 -680.9309448189596
1173.226252250023 -665.8386899477721
1175.9802971918693 -652.7597878366305
1182.107730615066 -641.5966904684735
1186.362465565141 -629.4387184612967
1186.9420454531082 -615.4165912092326
1188.1371489769665 -602.1246675073905
1189.2911170370085 -588.6557898609886
1194.7989237464942 -577.3946066722649
1195.6778723060338 -563.9489566243707
1200.9519951538834 -552.6285419121118
1203.3819093249485 -540.0305364601537
1202.0165394604471 -525.8329001341884
1199.5709760886941 -511.3173900090015
1179.4110810640136 -489.61056142960643
1172.8577513972575 -473.95115253301066
1207.994430012725 -474.924685669456
1209.624795089823 -462.4206473589864
1213.9391846993879 -450.97301011411463
1216.2639336251812 -438.8063852801156
1216.5796826756398 -425.9752055000849
1217.7087823344464 -413.49887717569385
1224.4103352332913 -402.9147936895576
1217.6811058447408 -387.9906242020922
1190.7119335959578 -367.0437183663211
1021.6199788668849 -304.3823562232631
950.451091857676 -273.4295558028639
934.6834648149099 -259.35847894679495
927.4311077389964 -247.93454861720673
921.9841303492827 -237.16927158482568
915.4464365497848 -226.2892436867047
912.6782595952723 -216.47723774601513
908.8316896709745 -206.51624597062954
906.8332762145798 -197.07209125071915
906.696192525213 -188.09044223532953
905.4894887214541 -178.93514415832254
902.2253557362756 -169.4503097269261
901.8168168027106 -160.56907838007382
902.3073016232787 -151.87670472234223
899.7511693499771 -142.71942143012262
900.070165490137 -134.06601804542973
901.2964890922533 -125.55731261052756
903.4340734206086 -117.1660146230395
905.4934627264843 -108.74552386006992
909.4621916173959 -100.51627738074586
914.3509253031366 -92.32218258521512
919.1509457731029 -84.20533762422893
921.8960452541838 -75.7144751331991
923.5651909515898 -67.10691516195281
930.1439307607274 -58.79003375558825
937.6459574980838 -50.408911786524165
948.0690550288401 -42.024598709827835
951.4207640765308 -33.204362424693024
951.6911359346595 -24.248335683039475
951.8772037287207 -15.290160940665341
951.9789509761912 -6.330631743407611
946.9963877360939 2.615648063071297
956.9290847409353 11.650183555458314
857.8001154342682 18.51923219132847
823.6041565375408 25.538076162584083
798.3477281340404 32.27855299136387
802.0036061810373 39.99019470584723
802.5899516482636 47.5958980715551
802.1064417847052 55.147584239739516
801.551878582197 62.694385245816875
795.9454261461607 69.79884380852387
789.2813773579601 76.7066317597211
789.5188295511206 84.23786431426544
789.6843464122333 91.78035209936884
789.7777372046357 99.33340735082699
794.7536409714194 107.56695664874108
802.6129698971168 116.33323064769561
809.3886349496341 125.1041071043152
816.0695988673881 134.01272254685537
819.6982275284522 142.5440836608582
824.2216776875979 151.336135902307
834.5426081673467 161.36491301780117
851.6066224566752 172.9946836984706
875.3704734523797 186.417633843359
903.8351619627683 201.39016857765478
938.9106934844142 218.50105185242558
0 0
2587.6884470123655 653.7809275275107
2521.4550373072693 662.3545084301886
2476.5193328131913 675.5301578778739
2420.015599344807 684.6528309499611
2366.539819240987 693.2858601953716
2319.588929100236 703.7635966683839
2279.3371909413677 715.5019007602397
2236.223254913686 725.6077137015836
2158.994234987926 723.5142661267292
2099.029151748687 725.8909147448996
2082.5496312072814 742.6358687529289
1997.4222863739458 733.9538200027839
1904.2427946290998 720.524377868755
1883.265040042288 733.316977135071
1872.4299489928549 749.863378299417
1865.1499143886897 767.7921573289633
1859.5402546818848 786.4292982955498
1856.4962216314525 806.2243974652101
1969.2420571543548 877.7367033082784
1966.1873848982623 899.0835152903941
1960.1876772464211 919.1785843737224
1947.6741319511777 936.2085642249947
2010.3698018334246 990.1991011287765
2009.7057995650293 1013.9445740249741
1963.4597891695978 1014.3597272733566
1939.494115014438 1025.6698191057205
1269.0803702331345 686.7925552078518
1244.9358344092286 689.248698369317
1222.602947228277 692.291147876911
1202.0585338642625 695.9714657686044
1189.3024021728434 703.906098983312
1181.6390588581535 714.7657900185329
1169.623712596911 722.9144976627724
1161.7890042384274 733.5682038029479
1153.017218642808 743.5961898189119
1146.6655690178288 755.173538220864
1141.857505137888 767.8134135063531
1138.5611204121526 781.5622656486327
1135.1056502159595 795.3182777025836
1130.6772194436319 808.4980058300805
1130.9469972677205 825.2023323834748
1135.0102262433825 844.9714707153998
1145.168018502564 869.7322630550801
1142.3051396320602 884.9655179554624
1431.4937556762313 1130.398879803036
1413.4154006896545 1137.0368969797346
1382.959283240118 1133.2994400863254
1335.7987550531898 1115.0074824853637
996.5270779105042 847.2294748125515
980.5046334589694 849.0109915457468
963.0321676318684 849.2496947931538
970.9327887011096 871.9601595400367
974.8103303727321 891.5076106229295
1081.5960435980717 1007.2904240947585
1078.9680297568707 1023.2287089221923
1076.858952611638 1039.896050660914
1081.6663034268222 1063.6197666605083
1443.6996244547126 1445.5380985464622
1425.659460010741 1453.5443247737173
1404.1243241954899 1457.7417062712307
1381.9434409245275 1460.9426156032537
1361.8620938546674 1466.0602434149084
1340.4539677097273 1469.4570971795158
1313.75875980261 1466.6284195534695
1255.523767732128 1427.3966052431683
1259.5515010977647 1458.3754715718337
1166.10620258022 1375.138292792379
1067.2387354575005 1281.8835678559403
1026.485166714079 1255.8710931126527
1010.0732428762744 1258.8677627238721
990.5978549611222 1257.7427756685481
379.80570375858684 491.3131663129379
371.7181486658337 489.94960756433426
360.1035412607987 483.66769539781365
352.17306104420356 482.0613395354949
343.7188475840073 479.53868854923684
332.4634700434584 472.81290283436897
334.41724855401594 484.8567869686487
332.25768702159206 491.17596583613675
332.22209578802085 500.82879217374784
333.12910281435234 512.1972284756182
332.24429921005014 521.0928186440709
862.2461784232357 1379.7320492742515
863.3057372677395 1409.6496742100871
888.2593673778101 1481.055129380933
903.5996746913513 1539.3935909629104
886.5376624795738 1543.519022560219
870.9480477045241 1550.0753201698549
855.7953362923379 1557.3513869324047
837.7431030821132 1559.1941807351488
819.7326346374906 1560.835483870827
802.6792944094491 1564.0556097295098
786.0865782037534 1567.9872102692402
770.810450458295 1574.4396620589434
753.7577455711989 1577.134509479589
735.455017057518 1576.9292685104572
719.7082410183556 1581.9810516596792
704.33719125298 1587.7903265286204
688.1269478559849 1591.6146844115276
671.907372632329 1595.2747357751016
656.0595652912227 1599.695860715371
637.9640682279203 1598.387577419845
620.6758172655357 1598.74529862069
605.2033262541029 1603.5974974696644
590.0388152444475 1609.2390116154058
574.8217254593237 1614.7371253364945
557.9211100662358 1615.365294582764
542.6476207687962 1620.5599525083805
527.0172176687213 1624.6589956913174
510.7586795445729 1626.6992872900278
494.21811909793627 1627.6207945204246
478.2687790290393 1630.2944442664557
462.58548174209267 1633.7743638830414
446.08912416429337 1634.2094398522893
430.896950208777 1639.314740463458
414.91289285342634 1641.3702480988259
399.40029529680953 1645.2137867513818
383.62537795107164 1647.9367613448937
368.26971316659876 1652.460716133425
352.23789958654646 1653.9073317737177
336.80880728519753 1658.1386634823768
321.14140017589455 1661.2441726287757
305.44537592965514 1664.2016471339018
289.72213323028325 1667.010823455113
274.25327379164287 1669.6254495588423
258.70318357895593 1673.1173487852288
243.111669762671 1676.4643497626803
227.48008321999174 1679.665982193551
211.8097800102043 1682.7217883809637
196.33323748720485 1687.6179247263858
180.46469121269294 1689.3884974231082
164.96768169943422 1694.9910513022521
149.38127344201203 1700.451185757722
133.55048710163578 1703.773831057079
117.67042933305927 1706.9489359850731
101.74247671721314 1709.9758677921297
85.71800287389458 1711.8552578951617
69.66718632649938 1713.584396272722
53.59143668447528 1715.1629537493206
37.579510848243416 1720.5896606583472
21.482749844230902 1726.8663791559352
5.262201535311136 1729.9919968702172
-11.002485714279665 1730.9650329536144
-27.300749879444883 1732.784945991862
-43.63418932088468 1734.4512266196214
-60.03589733193426 1736.9627776758919
-76.53258977767517 1740.3180061994192
-93.15095307358901 1744.5148035890902
-109.91763602549612 1749.5505460804973
-126.49884610361639 1750.4351007490834
-143.10637713189055 1751.1623467926054
-159.92035969328742 1753.7236038086417
-177.2959256326564 1761.0979969195523
-194.6051155702153 1766.3119342273333
-211.5524967350426 1767.38381262395
-228.6653562273261 1769.2846449515775
-246.24505284908878 1773.9910862085383
-263.3461496548662 1774.5660893474655
-280.167599082036 1773.0005968483506
-298.47109072567764 1780.1516811780461
-288.12144507936074 1624.649510782366
-296.3899734960518 1584.5179025845714
-308.1783416438549 1565.9636361492062
-316.0029030631464 1529.701332043502
-321.083342874676 1484.6772332491744
-327.8575748628378 1449.381043964995
-333.07287462054575 1410.1997944234733
-341.8791571162914 1388.531109456844
-345.33972996883915 1347.449988276021
-341.359936340874 1281.3076889886186
-314.2994003562338 1136.3348480688744
-298.5862309983256 1041.026062429858
-303.3116614666667 1020.8952130450657
-29.09321877743731 94.62866701569969
-34.8353078276718 109.59699507081089
-35.24846745991817 107.36175083206817
-37.86890777563326 111.75842618738231
-38.266513100082975 109.50650197664602
-39.98015757925906 111.02066023915374
-36.51014099683262 98.44800457292875
-453.5762926042575 1188.382323491635
-466.27926270395693 1187.7540356371155
-480.13360899798755 1189.7733891420532
-45.576803227260854 109.92613432475257
-46.224731280530804 108.5692139514822
-46.851069966718335 107.20996802057942
-50.728650328700446 113.1485927257977
-520.0748493078479 1131.1706993718585
-533.328912277357 1131.618871939246
