-531.5210476316608 1098.1281236379211
-556.3319649116164 1122.7215793853702
-739.2538602110126 1457.2095697473019
-772.2997570628239 1487.4572549289285
-788.6212007159029 1484.5327890556705
-795.4071558561741 1463.8590971855153
-809.1596183572141 1456.3024109092205
-822.8402961805635 1448.6165286166945
-832.4314187376489 1433.8835144803168
-835.696047026094 1408.778235559082
-777.9247991501755 1283.6798693082162
-704.1935640435071 1137.6974221469006
-706.8637046728815 1118.3347902198739
-716.2812294642669 1109.946935811419
-810.8715980617573 1230.9196770938272
-918.3980650371474 1365.965224350907
-926.1312906040927 1349.833261023004
-927.9076521769637 1325.4853409341936
-933.9579359179011 1307.7352843507642
-941.5231990480052 1292.4144326238431
-948.2867225016033 1276.2649771607646
-965.0970232313638 1273.6529102349512
-983.7760802200472 1273.2107539550864
-1033.4741705270408 1311.8045353075454
-1042.6528172332207 1298.1140561274376
-1042.7960633289288 1273.5353824317913
-1046.4146316086365 1253.6767600762814
-1051.0483538489168 1235.3871287460793
-1055.4310097476252 1217.1221728582173
-1058.2390278301273 1197.3863870852829
-1062.777434804581 1179.935644037502
-1065.0529161757413 1160.2962060377297
-1069.1029018735096 1142.9103137191653
-1073.610453634424 1126.2755408188914
-872.3534937866614 898.0553334167139
-851.2266599449352 859.9495179363668
-835.1432655342154 827.9563551497429
-835.7369912838643 813.0803658924463
-836.1252158299241 798.2672631727814
-832.6603638486455 780.1010950354071
-835.5539924458584 768.1630853586928
-835.2162846234773 753.6834600147163
-838.5760784847724 742.4218211994449
-844.8176884751433 733.7874850660207
-846.4041027504543 721.21015997225
-850.8975659426178 711.234372252163
-855.2781839208484 701.2383532787231
-861.1045385801445 692.4766953744194
-862.1306187505314 679.952054348559
-871.6983238581884 674.2002908504452
-875.6567163038619 664.098121659697
-884.3169401198264 657.5618217453833
-889.6993663420326 648.564597808565
-895.8043879330878 640.1058494966484
-907.5626906794197 635.6051938796063
-913.5441239600335 626.9777775791539
-922.7628373367306 620.5261848063033
-931.9410095749679 613.9559875694589
-945.2784564722244 609.9783928382127
-956.9328196227724 604.7343042434508
-966.8713974906732 598.271427292356
-981.0496212198311 594.26479005947
-995.2379517029586 590.0427268343363
-1008.5685935397607 585.1028902041322
-1025.3730630733833 581.9373518889361
-1047.453082554543 581.4172682738155
-1070.4926990708311 581.0072127229121
-1613.9242791666884 856.2578006163127
-1634.3934722095455 847.3718062331469
-1703.0112335361216 862.5739031815056
-1721.8634678851201 851.720140634603
-1726.2539847150265 833.6283226087586
-1715.9833324079552 808.7089729303674
-1712.6656742781538 787.4016053764154
-1722.786674375511 772.3665416071353
-1766.6804091202125 772.026121339711
-1808.8788990425405 770.1383827589991
-1894.6133758918302 785.5196725046186
-1944.6284623407128 784.7478215671549
-1935.2212654466446 759.7102432921962
-1830.22088971707 698.5502808268402
-1812.2433741287662 672.5049835699248
-1804.390238515891 650.3075173704863
-1798.168754179206 628.9786415241794
-1801.1765008948928 611.0378160343515
-1805.9060036740514 593.7208989870724
-1812.3749266637374 576.9758445555697
-1832.0682815169203 564.2825638451353
-1902.4787611269626 566.3917049717608
-1917.3436623404118 551.1971339575862
-1935.9448425182477 536.8412863472752
-1028.909263464715 274.90130511966953
-1014.9901734748746 260.9577508897635
-1012.5507779441334 250.17977952810304
-1021.6750981346229 242.2395381675102
-1878.1489938606132 426.65250129392894
-1875.2466833338615 407.44432336866913
-621.7652134204435 128.96906365570928
-629.8204244411415 124.45976440914677
-604.4296378520405 113.53331179020131
-604.4884156197564 107.65572619009474
-604.4901811512386 101.7871351976404
-607.3980265764438 96.39832628755349
-611.2468889933921 91.11114474036518
-2127.418568993966 296.63821786760013
-2063.6778078938 267.94571317085905
-1139.7867652756756 137.0770940106763
-1127.1132095394091 124.78707017063851
-1114.3104710331634 112.74827779549256
-1113.332057945206 102.05747768533409
-1115.241209851522 91.64084159867761
-1113.063345558485 80.90728504994078
-1109.7844813749987 70.1598524743664
-1092.422446754956 58.729871666089686
-1073.9461178602267 47.58924177740635
-1066.3518338486722 37.1855677323065
-1066.654964968464 27.132742362780057
-1067.8631990403949 17.093511494543474
-1069.976836881173 7.040492721356535
-1070.995662758809 -3.048007844436183
-1075.9189791789195 -13.204175195434942
-1082.7486779272194 -23.330247466721545
-1087.4829765146471 -33.537677183184364
-1091.1214435478423 -43.79492470678415
-1092.6652838877121 -54.023859419571636
-1095.1113477750223 -64.34388839955112
-1100.45278414756 -74.91775398317937
-1105.6917598371112 -85.59633303075422
-1109.8305338525481 -96.29219142053024
-1110.879345753687 -106.78520111822868
-1114.8122528285603 -117.62075047928518
-1121.6196752274432 -128.88096889255883
-1127.3210596944807 -140.15430200073465
-1130.9268527897304 -151.27938934010544
-1134.4228142936504 -162.48347119037734
-1139.784865567587 -174.06740137968836
-1142.0677248229265 -185.28440818855853
-1147.1969000456227 -197.06667025581362
-1152.2051427946674 -208.96006536541915
-1156.1085821079193 -220.7757830388479
-1158.910962338494 -232.48522828701496
-1164.530937628815 -244.8830237181681
-1170.9965654220714 -257.6199599598461
-1172.4522694530917 -269.37831363028187
-1173.7902383033877 -281.18583972824143
-1182.771929005037 -294.9772261678921
-1186.7577422805894 -307.70450295222906
-1189.6429736687467 -320.27112764122484
-1195.2861455484847 -333.7244825598603
-1199.8206744983124 -347.0322017427412
-1204.2104616953313 -360.4527208158052
-1212.275002863161 -375.1670527020237
-1216.3590707219903 -388.84394179713826
-1225.041233047929 -404.19546921311473
-1229.7553361471464 -418.45288052254904
-1238.0842006888615 -434.1560917511383
-1244.3453154662748 -449.37037716914216
-1253.2418019781114 -465.78319610593104
-1261.93964082315 -482.39956770206504
-1272.2972671842667 -499.94866127978236
-1282.4365078357791 -517.731207645407
-1284.9712161809362 -532.6630957617449
-1322.3174723896557 -562.5348897739879
-1373.8819079693244 -599.5410769535051
-1334.5034492833236 -597.1135100220996
-1214.3915376245643 -556.9103997465361
-1181.1301239534628 -554.9384022481036
-1157.9237146398384 -557.1693378809339
-1126.7051305315072 -555.0419343022465
-1108.1282753975056 -558.6883972882828
-1089.5815256557553 -562.0392325716031
-1071.0687557428967 -565.0953198101743
-1056.1142069890248 -569.7567742431355
-1041.1659051237295 -574.1903499780232
-1034.0672246368897 -582.8155582444244
-1023.431892398176 -589.3625044251528
-1008.4547360320645 -593.2276505478308
-1000.3520635090676 -600.986479908783
-993.044762407522 -609.16918820225
-984.8242983834796 -616.7374654692929
-973.1786952925258 -622.0516273017355
-964.0322398075194 -628.8424608848369
-954.843714217124 -635.5174910417866
-948.0964043514011 -643.7617634311193
-942.1004250933526 -652.5050107385572
-934.3902696239232 -660.0385019316161
-929.8671062581498 -669.8232339200356
-922.8248530618841 -677.8047584454627
-917.3154748826917 -686.912162900572
-914.1011126193313 -697.7959271220352
-913.1312832355046 -710.5211183185764
-910.4367545423756 -722.0449542641692
-906.8290987214436 -732.9508753743694
-903.8691913496822 -744.4873974278353
-907.6667860490174 -761.8175670745899
-917.3000444901884 -784.4804831085974
-955.9938408703657 -833.0064682929693
-1003.5861559966012 -890.9426622920051
-999.751074199839 -904.2133540466365
-977.3705174429447 -900.5486503422848
-923.7924490902913 -867.1196636011443
-872.3484068687368 -834.1805901803139
-867.2525490119197 -845.2183245956799
-871.958274683621 -866.1003216780161
-889.6969533762895 -900.6638280473735
-923.558905413316 -952.8735216343025
-1023.3508606663319 -1076.0938694990682
-1015.133120199773 -1087.9562253480024
-1011.508865380083 -1104.9225381254096
-1052.4230660061476 -1171.7639225280066
-1047.860027616294 -1189.2074514246788
-1031.2888035511533 -1193.0517187741825
-1018.619985945414 -1201.2653013521056
-1002.0514615994014 -1204.7331108201947
-984.2451050337608 -1206.4454290257315
-969.6209329351711 -1211.8330109441351
-952.5142216647157 -1213.905127069847
-936.0659046593993 -1216.554816740364
-922.6649029380864 -1222.99365365739
-908.0368786070746 -1227.6799367463495
-890.4683552320139 -1228.151093445099
-874.7111275637628 -1230.84541812371
-860.1264152727541 -1234.9929351012665
-844.9783716189851 -1238.1488406068668
-827.6249514621755 -1237.8036757568752
-814.1901298482913 -1243.0971130437165
-799.1097367551421 -1245.7221313852972
-784.0531986028325 -1248.1732979681417
-768.4985956799643 -1249.5994992148173
-754.5351714375712 -1253.4136089350852
-741.5839666968405 -1258.7987211378074
-728.0992371085185 -1263.1846661996785
-711.651419379031 -1262.2017498386738
-696.2539980319523 -1262.772493454194
-683.2827212763415 -1267.5664569580551
-670.7493892881649 -1273.1128216971008
-657.2569782113192 -1276.7573240802362
-642.8574852631923 -1278.4737985743332
-628.0441287810305 -1279.134696700733
-612.8442366555036 -1278.728251661835
-599.827000169736 -1282.678279954633
-587.0779357960915 -1286.365227025902
-574.023491557462 -1290.0546620745108
-560.5541517500611 -1292.6948762007876
-547.0865379816287 -1295.195861620657
-532.8613902935972 -1295.708199686324
-518.6760148558024 -1296.0675875946067
-504.5320297514451 -1296.274828481556
-492.20027313325664 -1301.0072602132348
-479.4791857844045 -1304.6837587705015
-466.3966688598776 -1307.294208384788
-453.3078711658516 -1309.7740163627784
-439.57794496636035 -1310.2271674404983
-426.18945918096057 -1311.489056333693
-413.71676521026393 -1315.4768862218582
-400.62488568327444 -1317.4326172413007
-387.5332214579146 -1319.2585047163618
-374.44305630452624 -1320.9547295745322
-361.3556705722318 -1322.5214854002534
-348.52674014485126 -1324.9260777130185
-335.6847496069712 -1327.2063701178145
-323.0668894709519 -1330.3340877116407
-310.19314903032046 -1332.3678960011957
-297.52742598905024 -1335.2533208287969
-284.62666228550887 -1337.0402623392501
-272.1166402900279 -1340.6627219689774
-259.5634697030393 -1344.1680717810998
-246.96824741084714 -1347.5558187959468
-233.990234670434 -1348.8549106849391
-221.17139183498094 -1351.0159937742326
-208.18042731029476 -1352.0669028139484
-195.4750347939123 -1354.972512921321
-182.7332195397089 -1357.7586569330547
-169.70817544234333 -1358.440331846795
-156.9157477207551 -1360.983999949021
-144.09030453769645 -1363.407123400136
-131.32863342017478 -1366.7047194050328
-118.51731184220394 -1369.882712787375
-105.73419238925969 -1373.9375096996919
-92.81747374106446 -1376.8750548137355
-79.91227086914543 -1380.6893310823173
-67.20422846865536 -1383.3685668237272
-54.06547387915157 -1384.945098021659
-40.93227275854748 -1387.3963201071351
-27.71734244517158 -1387.7232249003318
-14.51034472794993 -1388.9242059579335
-1.2829846381647392 -1389.9994078957077
11.96353910840668 -1390.9485517919063
25.264271491567314 -1393.7710416657394
38.64748970094352 -1397.4656960154032
52.140526169302284 -1402.0308004929093
65.58396713980432 -1403.4684689205544
79.00332245458915 -1403.7786417527288
92.56592158419258 -1405.956098233963
106.40273207971767 -1410.993784042287
120.25916230028598 -1414.8984888969362
134.29375425728708 -1419.6623498450197
148.32628917519818 -1423.2920683891678
162.44009411039863 -1426.7828201325542
176.02090444785293 -1425.1710919034808
190.2458668620505 -1428.3863308439727
204.5479764441559 -1431.4594389407619
219.07669120280067 -1435.3777911656682
233.69851076004753 -1439.1487088096685
248.0725789752611 -1440.7997763605333
262.49923090591386 -1442.3072327953582
277.9191302485218 -1448.5806698426932
292.6911198962777 -1450.7694194233152
307.32282656325685 -1451.829425336589
322.0011959902614 -1452.7419694429018
338.07886412677993 -1459.3514592553593
353.13665396183757 -1460.9255640273523
368.49918500354215 -1463.3145084539158
384.69939173137084 -1468.444884223277
400.7679085393226 -1472.4337280451766
416.1316928976909 -1473.36194268961
432.67321091196374 -1477.9695167895484
448.75983749149117 -1480.4808706142105
465.2325436005248 -1483.7734599240498
481.8084509198929 -1486.885878815914
498.4856152123999 -1489.8164623289392
513.5819950654452 -1488.9118625172537
530.7750965435267 -1492.4254744841398
549.1138354052388 -1498.562643257381
565.1465786936922 -1497.935360618346
583.7504729560076 -1503.6636543202196
601.402316667803 -1506.3861568358227
619.1588921762683 -1508.907971428031
637.0179698296653 -1511.2273509019387
654.9772962036192 -1513.3425724064582
674.6583207670817 -1518.9075515711093
692.4314529667786 -1519.6837443831253
712.8202015931329 -1525.6943862388448
731.2264967004121 -1526.9436173360307
751.0425943614641 -1530.6730615826496
770.9958698804279 -1534.1624322826192
791.0835371064361 -1537.4094566247372
811.3027790576107 -1540.4118931939593
831.6507482673233 -1543.167532352337
852.6073572579754 -1546.5499327049129
874.1946901183195 -1550.543015775098
895.4357206081149 -1553.3975248657462
917.8254288138736 -1557.7100122367542
940.378162600833 -1561.735544611661
965.1864269564503 -1568.878313069258
987.5551411392338 -1571.4550083312815
1011.1404085936302 -1575.429806151041
1035.4386877840739 -1579.932822571895
1058.2457172826385 -1581.6210044928443
1082.8704184105181 -1585.4941365175177
1107.6643953807138 -1589.040146505392
1132.6236361856918 -1592.256166184795
1158.3314787721056 -1595.9486787756136
1184.2118282727192 -1599.2943274391314
1212.6712714540788 -1605.4819797773964
1240.7449629941793 -1610.4784807021088
1270.2587733954285 -1616.6566266872942
1298.126104823718 -1620.0754969985817
1328.0712164596428 -1625.4315869981747
1358.23526169364 -1630.3622216832705
1389.9075774227078 -1636.3880732341397
1420.7261683437935 -1641.5779465450805
1453.3238845265057 -1647.622131031502
1487.4970482605452 -1654.6835139736438
1522.606014992419 -1661.9828287647576
1558.665136137475 -1669.4966287445886
1594.3097783909836 -1675.752168587853
1630.2087633570943 -1681.4824970465002
1667.7609560450794 -1688.1061558716035
1706.2900895320392 -1694.8743700831474
1745.80874325907 -1701.7625662706846
1789.2195559984118 -1711.5108473021273
1830.0500313865934 -1717.8524042018068
1873.3630501061753 -1725.6071054840058
1916.2402208793947 -1732.0255240278905
1055.6381819281885 -936.2419713168968
1072.707619061954 -933.4786360739245
1063.199893587125 -907.7499580150507
2126.5400981755374 -1781.2644977238995
1058.4771528487643 -869.7850981116966
1082.1936342534361 -872.3284576243859
1062.1222990764797 -839.7691479236976
1035.214220220906 -802.7649209154703
1042.72935478561 -792.9788727755522
1058.1684108647814 -789.1005095980505
1041.3366929643687 -761.3920750086857
1036.2704576893432 -742.8112401682674
1036.675156285517 -728.4185749556356
1035.2540638790895 -712.950224925857
1053.5278080901069 -710.9994075812263
1172.7852119445715 -775.5068321066723
1280.7519453556072 -829.668882427097
1242.0692055781456 -788.1022069214591
1184.884227442311 -736.2569983086327
1188.3490494781745 -722.9851565587769
1193.3876237945055 -710.7369269807947
1194.8452417507342 -696.4437150736802
1193.5339729036045 -680.700121584342
1195.5259645179572 -666.9922549500919
1201.7551772135828 -655.7022907084818
1206.9954694469436 -643.8834807125836
1208.4804643788832 -630.3522564523737
1209.026920342798 -616.2003780317
1209.4143987878738 -602.094520822575
1210.5431822498294 -588.4736221008179
1214.233355265382 -576.1712930726179
1220.5216652471026 -565.1122584605995
1222.1524316171754 -551.9279245447051
1220.897746697334 -537.5543620038554
1215.8053087942446 -521.6765771124209
1159.7768578439545 -484.73357631755175
1224.5039518261103 -498.2710828075806
1228.2197755039238 -486.33032299157634
1230.8861718493683 -474.00446406126525
1233.4294862360225 -461.6716392454071
1234.9100153444965 -448.99137408401873
1235.3183337029027 -435.9915302130123
1238.4298854742337 -423.99577682363355
1236.6796237089152 -410.40529760612986
1102.451419804981 -354.3513326770222
989.2501687562916 -307.70132208953635
957.6338099364065 -287.9886908659481
943.982499136743 -274.2007318070998
937.8609028946754 -262.8553343981901
933.5408335421229 -252.17159259020107
928.1354451563174 -241.3412427341929
925.5199310611016 -231.36304201115107
921.8267980301231 -221.22240942890645
918.9997767119667 -211.3963348862879
917.0464584511417 -201.85834895346437
914.9953203646536 -192.37609963502447
912.8472408539844 -182.95058039062778
912.56773207829 -173.9572774260573
914.1680279152537 -165.34151546885008
913.7156431967937 -156.37366586951146
915.1500261629345 -147.74785823821722
915.5143038786279 -138.9588406458237
916.7843371416841 -130.31684147370584
918.9641274027132 -121.79463266897241
921.0646280520189 -113.24288477161016
926.0663760205244 -105.00032001957197
928.9893949644786 -96.61627214673442
933.833047929612 -88.3166948797966
944.5807155902899 -80.44421504953584
950.2762042430595 -72.0009420035812
952.9025260021086 -63.25959167431288
958.4434194864398 -54.646240887553034
954.9163086019125 -45.50652223689274
956.2987663996911 -36.62880536448132
955.5994434645752 -27.671350711414814
946.8178465653658 -18.57324487867883
914.9516621291315 -9.405103249817456
827.9996310789644 -0.7816220946029937
800.971801368157 6.721116949566997
808.8729049446085 14.33958320420217
808.7038037701645 21.889672625859195
809.4635686853942 29.474242502669927
812.1500254329867 37.166331392794675
807.7737599962784 44.52586508395878
802.3332871683814 51.742596587140525
798.8234708825502 59.00900242467697
799.2343764479946 66.54631097052012
798.5783528087587 74.00415140550967
799.8423975723039 81.65867403888323
805.0083001137904 89.78661786650463
811.0843954267863 98.13818571363859
820.0488977670498 106.99909004775125
823.9660653932572 115.3426334030686
827.7984902018828 123.76857282639757
831.5449758120931 132.27604923668346
842.106849696235 142.0283552488114
861.4183851024221 153.56876572902152
879.6032482565201 165.29708302501476
905.4907399042102 178.92881251415585
947.8440080765165 196.50887092812005
1013.3978878015836 219.98572908097702
0 0
0 0
0 0
2582.392850335616 662.4221965902798
2528.749101952083 673.8820218528866
2451.067408322508 677.5821425179267
2411.795923202305 691.6078548026634
2382.069034362443 707.7938368844269
2289.1715386400697 704.0729129005435
2254.7011879665665 717.132172602899
2199.2924616381674 722.7293187504777
2125.047354368107 720.908969075229
2098.2379743722117 734.2522747001856
2077.01354073944 749.1853919992135
1929.1489585684596 716.7623704228811
1890.4529544041795 723.0239464806883
1875.080437767131 737.7657839064
1867.9427610613363 755.6552397744299
1859.7110203590667 773.0917932270647
1852.236378294758 790.832724994052
1861.0784300545592 815.7273301696205
1969.9329569198803 885.9820230912686
1956.8339878035124 902.6769877298317
1949.9242510648594 922.195432166711
1934.72117210755 937.738762235404
2051.9573874241296 1018.8973845267933
1985.076842380654 1009.4547685974109
1949.6143258474929 1014.9916159507062
1274.3880430311392 679.0221762058021
1238.8651486585318 675.377037986393
1215.7584822035626 677.9345934159795
1201.4045782133342 685.0664489288907
1182.7065298988418 689.4681023329798
1174.3440094714058 699.7179056009807
1164.1854918802233 708.8308264287062
1155.658620766249 718.8700524077012
1139.4500198546095 723.9845663087922
1140.8664029079484 740.2863302235686
1137.9063305768236 753.9192150576804
1133.132867504247 766.4423687281401
1125.7549780794416 777.2385279496611
1127.2662005908978 794.2996367904002
1126.9294820935572 810.2925042158214
1129.6145204736565 828.7171019926348
1140.0553472699132 853.2583460835748
1154.3552858373298 880.7768582674142
1436.1046345974291 1116.4069502147436
1410.2894951053042 1116.9084743145365
1388.4750756691085 1120.1754167297474
1357.4464326247073 1115.5214845777089
999.1800647631577 836.3301968600034
974.8475191045678 831.0435093878474
956.7341527554518 830.6315434362627
959.6852548915692 848.5076378817716
960.1612497185279 864.4966018087953
1074.6748073840536 985.3111480004919
1070.8531208614802 999.7492653366783
1067.5826908200963 1014.8872835252804
1057.6590808129235 1023.7877068874978
1133.1271126290085 1116.8276261917263
1426.5123884919399 1431.608677495013
1410.033736509776 1440.8542125781776
1390.0399904244873 1446.3142207074823
1368.003925215654 1449.3495991632121
1347.3866857046646 1453.5725366096456
1325.4589673451208 1456.0630226348055
1306.262641289044 1461.2590160449208
1254.095846155422 1428.6513250810067
1238.5364548593523 1436.8842855235168
1189.33738268104 1405.2606840573792
370.04526892400867 445.3173014233313
372.963784181065 457.1630077875286
363.82071286745816 454.2669797471687
356.6148788738024 453.60205926100383
348.22909347135334 451.26100923979624
340.51874073028836 449.6031441298633
334.65660034406903 450.2509964965653
331.1677244249633 454.0616018770928
329.9650700336323 461.09874491013323
329.81128286827885 469.78773684801536
330.094355328467 479.3346603160299
328.5524274350539 486.4383850258259
330.22218409197546 498.55522174933185
868.7366754331791 1337.6552578139508
856.6259945070448 1345.443014599584
845.7019962257765 1355.8731996686624
835.0360324203574 1367.1572055033275
848.8672280565722 1419.5564198479578
873.9104368303163 1493.0440544066491
874.7830993037813 1527.20480917671
858.4688190486152 1531.8509348893176
840.2217913583097 1532.8181044490025
824.3946082353432 1537.985217715858
806.6879363850959 1539.4474896178679
790.3940772748285 1543.3836861289135
773.6500346084775 1546.255678712386
757.3608747831137 1549.8482201001996
739.3500975124558 1549.6613931140964
723.9424622418825 1554.7129353559649
708.5051749715614 1559.6119443754324
692.229640960899 1562.5297194534078
675.5653684067862 1564.361669502741
658.1521143726372 1564.1754359236138
642.3186828234398 1567.5020605077243
626.4808340601891 1570.6695274803194
611.3636656896597 1575.5425948778732
595.8572297532496 1579.3347212515728
579.9892875764264 1582.0358486129792
563.1170069371136 1581.752267739227
547.6073773676134 1585.0726040950187
531.4497243760503 1586.3449153512045
515.6252295023173 1588.4050562437412
500.10873487773495 1591.2621573138072
485.4566494473006 1596.838389289098
470.4620541163641 1601.3202227026957
455.15321905579316 1604.6992076969282
439.8224058723463 1607.9319796846696
424.725794262349 1611.9854216736007
409.34613202438584 1614.9277829663697
394.1852619200819 1618.6951471123266
378.76224763910506 1621.3464033831183
363.3241920411022 1623.8508341216814
347.87249174094234 1626.2083905483787
332.6085480842298 1629.3988320056267
317.12455031581766 1631.4643788900175
301.8023978642091 1633.3512520714623
286.55439325701883 1637.1104360137413
270.93607594409633 1638.7539909187146
255.61986904817056 1642.2248574868777
240.26227638885484 1645.5525025183626
224.86463792501635 1648.7364539582582
209.3025160776936 1650.784194485623
193.7217707561826 1652.6850503151195
178.23083386143475 1655.4331064289665
162.7052811118099 1658.0358836582297
147.05820550539423 1659.4968768254832
131.3980448451254 1660.8102100513709
115.72619255236945 1661.9757664771566
100.04404308879937 1662.9934423930981
84.45425592815347 1665.8605819982722
68.86048067604104 1669.5805563676956
53.33116018357686 1677.1522850813142
37.55333669246832 1679.580229373775
21.721528393211365 1680.859653630922
5.879391174812363 1684.989742627359
-10.032787125792963 1687.9701843286475
-25.96991639301333 1688.8003326155938
-41.94840502115535 1690.4796157647631
-57.99511612507626 1693.006959969639
-74.2242141227338 1698.3788641047859
-90.50670967979394 1702.5961163772627
-106.68784595706653 1703.6627317415384
-123.04096997572735 1706.5702211475016
-139.37709572917097 1708.3237471820444
-155.8479437017817 1710.916543389515
-172.48017995305736 1714.3452358038508
-189.1909228146034 1717.6119453254157
-205.74087881985875 1718.7296735619689
-222.45694082554226 1720.6794906311115
-239.5031809226757 1724.4475133583858
-256.787130536038 1729.035676205401
-274.1788573222326 1733.4505917958766
-290.6834015144417 1731.7734147641816
-307.35551877621833 1730.9236219653951
-324.77388652538275 1733.8448381072621
-310.5008339888607 1576.7175498776633
-313.31371706373125 1515.9612510548243
-326.86426917969777 1510.0280624987147
-336.79989700129585 1488.3688485654075
-347.048334088384 1469.5773044676748
-343.5940508610676 1396.347781970123
-358.145764479795 1398.8808424541323
-360.9489782817019 1356.80943211543
-367.5205542249647 1331.198573550233
-370.61799793554917 1295.0101542483153
-30.970826658119186 104.50745378255435
-33.70694179584434 109.94927046038805
-35.0373296242956 110.58203078619265
-35.76057823830824 109.29858665171217
-37.102585398084315 109.90631536348519
-38.78779627622727 111.44284122380355
-37.804655170918195 105.4267899891103
-39.483145048304934 106.94429043709866
-425.0724234086454 1118.982767900159
-440.26464828773044 1127.061240336159
-448.1938122460297 1116.3920936052757
-42.69877961490559 103.54136477465285
-46.78575916490744 110.50381323449105
-47.42023202863487 109.14358246983848
-47.626301237137774 106.86784095540347
-50.70316963829994 110.96480788353476
-519.9473821752787 1110.2840716542207
