-52.71053539937577 111.13325091038755
-535.2023925678936 1101.8999042515625
-539.344994521979 1084.2637948783895
-540.9338658392011 1062.1932746860418
-554.1719602589149 1063.2471201290844
-569.8305928975303 1068.557015511128
-587.0749148854469 1076.2987709331667
-822.2580365373167 1474.1898525460676
-834.6513456417616 1463.7561720513415
-840.3753132913193 1441.9883261699856
-852.4149064057018 1431.4135766218508
-863.2903942189657 1419.031604739395
-874.0083076696036 1406.5722441895814
-882.9608268026739 1391.5042861349507
-881.9201065781778 1361.286496521998
-787.1647004964392 1190.2523826030979
-739.0613631767864 1094.9106362892226
-738.5859711955195 1072.2382026178564
-755.5749425591779 1075.036048780084
-921.857333400956 1285.6527746070783
-964.6513072780095 1318.864608429094
-966.8928371532695 1296.0737793280525
-971.2129319310903 1276.542768907417
-975.2511532587275 1257.0466133232776
-985.2126627829779 1245.4316557290786
-990.6474520109862 1228.2921581709054
-1002.8331804228866 1219.658399816489
-1036.7846984954276 1236.9613934823292
-1082.193033907725 1266.6547427620492
-1082.2806829706572 1242.8083212098993
-1083.3432388034573 1220.570123728594
-1086.7667128030455 1201.3900748479916
-1090.6031464876257 1182.9901846047962
-1093.5049822369772 1163.8968398543354
-1096.144262117808 1144.8549063642108
-1099.918945126817 1127.2991236362732
-1104.165571107162 1110.483854714509
-1106.0580662998373 1091.5821334068569
-1110.5662534660662 1075.5271250239787
-895.9556693447408 851.4454994707633
-877.6244419430045 818.3980320749984
-865.2584112933318 791.9955061022375
-858.592700602367 771.0606814462362
-862.1134851547016 759.5797118896832
-859.4416741336523 742.8701156745673
-859.5822533773436 728.8671687480019
-864.1480641747916 718.7656942168013
-864.725585922143 705.4825731735734
-864.348660051261 691.6287977431172
-866.9341606539153 680.3154864408801
-873.3457337475286 672.0648996525491
-877.2840192378683 661.9469386513179
-882.7170303974161 653.0043217669904
-884.0117305782054 641.0828809133233
-882.7149629973403 627.4578026454082
-894.3682958929998 623.0612741147146
-903.5393862969452 616.808379815109
-909.3471589044219 608.2135682410053
-915.0731770597305 599.5640754963653
-922.4001378982247 591.9408632670464
-928.8179655923581 583.700425554816
-937.7174669760323 576.9635622186672
-949.998919750933 572.1739704600867
-959.6887943867137 565.6796071351486
-966.7417676646397 557.5539029122187
-979.8234539516701 552.7847674151483
-990.274189042307 546.3680357749722
-1009.4920103539849 544.5501639256662
-1028.7631227929628 542.4162950919443
-1046.3053363284162 539.0492956777516
-1061.1952856580097 534.0492165495754
-1088.648380089503 534.9894433804287
-1074.73790844365 515.56030506059
-1654.6887357592996 774.5541864526269
-1722.906012863927 786.6580393266994
-1743.0772909965754 775.9803848113946
-1746.6870342468753 757.8261043233173
-1744.5828895600273 737.3374678221535
-1737.6242735002083 715.0544623613456
-1743.3977646365008 698.174930988253
-1780.6890081914878 693.5904094680195
-1832.8650109845828 694.4104344755235
-1899.3593160529122 699.2926343977987
-1968.9262158749852 703.9961338247615
-1942.3798826500472 674.0151270382502
-1848.155358015683 621.9499759931844
-1830.142162491819 596.8288406819564
-1818.497475589588 574.2089613322796
-1816.154679664809 554.782100947403
-1821.2806829514584 537.7152349597967
-1823.3612431623815 519.7785845274261
-1829.1226816131716 502.9107431823662
-1846.3279936014628 489.05310554539585
-1919.6365858820216 489.24061375075485
-1931.9133952381173 473.10847942045
-1946.9762619844498 457.4750651883221
-1960.9393121698579 441.3808038268144
-1029.4226516835126 221.58069455818026
-1014.8044014136062 208.48987234772915
-1015.7347625906618 198.76592279586546
-1035.251833958531 192.51659742863185
-1881.0013588325505 331.56279657117534
-1882.0570546535712 313.56856192661405
-630.281355542141 98.94146176381915
-626.23548445171 92.29365099253607
-609.2424900373785 83.95587134355004
-605.0441132509079 77.59910450786465
-605.7456486375186 71.91807253195776
-605.3997551777488 66.12213268431205
-607.9837039421164 60.63675239345307
-2065.601958229602 186.4525413021556
-2041.345131869307 164.96682270529942
-1119.1529634079516 79.8789364926705
-1115.8609099393827 69.12618656669005
-1114.4632005652295 58.54719964187019
-1114.96352746985 48.08671762544292
-1114.3662416257202 37.588289731868905
-1111.6707866619608 27.056645807955107
-1098.8771880625181 16.429411304524706
-1078.983285936938 6.005719667785081
-1066.9922234896421 -4.073697660561819
-1063.9088445387436 -13.927329687910431
-1065.7323109091508 -23.88810340401794
-1068.4618469278373 -33.91580250494855
-1069.098465148583 -43.914369139770095
-1068.6427028884318 -53.877393805816695
-1071.0887526718366 -64.01471627594006
-1074.4360285031305 -74.27126398830465
-1079.678680919448 -84.7522623181287
-1084.8187771455223 -95.33740479210564
-1086.8689279915995 -105.73520400694905
-1088.8192359514514 -116.17947935026066
-1093.6489829744423 -127.01536142911183
-1100.3552194303934 -138.20054657016067
-1103.9742709837722 -149.1201160335146
-1105.5055126779255 -159.8329172564815
-1109.897703312525 -171.04411180038352
-1114.1764294409304 -182.35099143755627
-1117.354967843083 -193.58170325829673
-1120.4205184120665 -204.88743719719963
-1124.353927963524 -216.45610333967133
-1131.1089995885827 -228.7103649809414
-1133.819452851595 -240.27993743820875
-1136.4120754999133 -251.919817914311
-1140.8342719009174 -264.0798440932281
-1145.127923799474 -276.3440575346355
-1146.3818758004095 -287.9801986879207
-1152.3558279774686 -300.9269773987752
-1158.187271334486 -314.00994334380187
-1160.0234876242591 -326.1449189548262
-1164.6140240173202 -339.18015133876145
-1170.9766020269806 -352.9062163030662
-1173.3647276137199 -365.5902296177797
-1176.5695555757495 -378.65562308287895
-1183.4282664969908 -393.07319681698925
-1187.2813998509087 -406.67908425202603
-1190.0400756136266 -420.057875099984
-1195.4714336354416 -434.54810017030536
-1199.7986324132878 -448.8254021991227
-1206.762721721505 -464.2981083994479
-1211.6818049762533 -479.20371815073486
-1222.0100507128766 -496.4397606525011
-1231.1591281701456 -513.6177577959385
-1236.4155416867177 -529.4351785398668
-1247.8917641278697 -548.2108581757875
-1258.2118028872733 -566.8360072147476
-1265.5677055600988 -584.4436522397577
-1288.9736003171456 -609.9369292684737
-1361.5037829761504 -659.906394075426
-1331.089579788779 -660.603156651353
-1221.4347790993625 -620.4813296195877
-1174.7655025118868 -610.6570347650097
-1150.463603184034 -611.7536250393698
-1111.310885815726 -604.328648226664
-1092.5025161304993 -607.4028747450311
-1073.7349430320185 -610.1788853377576
-1054.1473285481336 -612.1555437262926
-1033.757780433655 -613.3097515879585
-1018.5714066797777 -617.246538665369
-1011.0556703299249 -625.6895647952795
-1001.7804748068872 -632.9777881534924
-988.2559027055421 -637.4372681038142
-980.5829145949207 -645.5487182270061
-969.5244940884181 -651.3418882296738
-961.7431861989347 -659.2465728389652
-953.0794614870402 -666.4897149180724
-942.7363658881732 -672.4672069565628
-933.1738053987116 -678.8981137974148
-926.7861125171104 -687.5925404230488
-918.7224117697962 -695.0202371959315
-911.3928003000165 -702.968109917722
-904.7810326633879 -711.4578574536748
-896.5296456703128 -718.6345346796684
-891.3208410681488 -728.2500657587117
-889.0842291553117 -740.3905952045212
-885.9356952220538 -751.9055418943367
-881.1365528932317 -762.1176911445062
-875.4735103983621 -771.6444340437952
-873.4291079669078 -784.4728123753758
-872.6963034522863 -798.68026264627
-871.0422586284321 -812.2600468344356
-909.8735240688525 -864.38138006237
-956.2767797632109 -925.7946427181914
-961.7322493358782 -948.8266862748708
-941.4494312372924 -946.5188684981291
-894.7545986642091 -916.7198089761397
-847.3262214842631 -884.6825839730324
-826.6100517341306 -879.5253392439004
-834.5412332518922 -904.932002971721
-844.7488324019477 -933.5311511436275
-858.4728194150904 -966.8885242495671
-978.7068941730823 -1123.4913507891722
-973.9051486431952 -1139.5217248680588
-968.2449518297843 -1154.794662810726
-1011.2959192117737 -1229.530220769548
-1003.4119170950843 -1243.691490937993
-983.5600295825833 -1242.9137814858714
-968.7178589797065 -1248.1929777457383
-953.8639387832515 -1253.303070405918
-935.4116001003948 -1253.4357336527546
-919.4043318426833 -1256.5606529686138
-904.5874957848652 -1261.1207168505584
-888.6164439903323 -1263.8772944672978
-872.6743166337232 -1266.445236513551
-857.8824674728381 -1270.4828499443488
-841.4371180841915 -1271.852419233525
-823.4111576871885 -1270.5077982429875
-808.7016105631907 -1274.0026315014036
-795.0555469838541 -1279.0319297070753
-779.3071990666712 -1280.5004058893771
-762.5787037549134 -1280.067857802654
-748.9502212801568 -1284.6176731013802
-734.8084413939017 -1288.1558735092058
-720.1795119625859 -1290.668613761616
-703.6528347005254 -1289.5090880710827
-690.0367699512848 -1293.447044186656
-676.8715314006272 -1298.1297816394822
-662.7715510163072 -1300.8973330603144
-647.7887553200937 -1301.7241368588216
-632.8496482410096 -1302.384475767901
-618.384573831702 -1303.7827728755217
-604.5888308871031 -1305.830519465128
-591.7136584009673 -1310.6177728314779
-577.996606194757 -1313.4477238273867
-563.0972805988666 -1313.378259520905
-548.251917961647 -1313.1446357699426
-533.8387619396213 -1313.6743037186852
-520.5683143853375 -1316.8388777895375
-506.9273175444895 -1318.9365772193705
-492.9438256978696 -1319.9573420025165
-480.35066130497347 -1324.5921040772796
-466.3861384642424 -1325.3335315491013
-451.15938764418667 -1322.1437920818305
-437.60553296908597 -1323.5321671628697
-424.3711042469916 -1325.7349531034433
-411.4302455685059 -1328.7611346782533
-398.7569336736577 -1332.6191908595576
-385.49238912204413 -1334.4349433108302
-372.49784797103916 -1337.0824033158706
-359.48786910997734 -1339.6034756459717
-346.7136542145465 -1342.9663592142567
-333.6672505611363 -1345.2368437947914
-320.8405564410945 -1348.3535654058132
-307.3181277820545 -1348.4229931058476
-294.6752004632965 -1352.2657010483983
-281.7833343089193 -1355.0107573394935
-268.86590986360926 -1357.632911546127
-255.73918250629944 -1359.149171552192
-242.43242945970428 -1359.5541611669119
-229.6396845877338 -1362.7874431702276
-216.49379652558454 -1363.9250111593153
-203.4944368093457 -1365.9249665291454
-190.47661975590512 -1367.8010298747272
-177.57001381531472 -1370.5447421349033
-164.39033816871523 -1371.1808110955956
-151.4338155543127 -1373.6782008558855
-138.54472957343762 -1377.0480594036735
-125.42392563208742 -1378.3050601659404
-112.37288115346901 -1380.433749073554
-99.22102001445965 -1381.44134482333
-86.12229663706674 -1383.3217087944354
-73.34541487738478 -1385.0593670007306
-60.122202462868586 -1385.6963306478854
-46.92732210953334 -1387.206482986447
-33.68481964896299 -1387.5911980569842
-20.483425486239486 -1390.8491756047272
-7.207359437757198 -1390.9813276855787
6.069363215083082 -1390.9867586825417
19.401163513599716 -1394.8650812370058
32.784095227214216 -1397.6155419499787
46.2542838873311 -1401.2367898474797
59.75404455255658 -1403.728768017387
73.14938657912582 -1403.0944969042882
86.72284334091013 -1405.3267052336505
100.20332524868678 -1405.4324222847238
114.01625472917966 -1409.395719327092
127.91393256000961 -1413.2229215014286
141.89501484507392 -1416.9127724606467
155.95814143002667 -1420.464029154449
169.983315437112 -1422.8825223724575
184.06882152452349 -1425.1623307337916
197.9381813852553 -1425.3215343738752
212.41532518638488 -1429.3021827542145
226.9864087733747 -1433.135782203545
241.31822992435582 -1434.8486024337815
255.52810665586068 -1435.433518735323
269.7710856573577 -1435.8776275655423
284.6278320072922 -1439.12334330551
299.97775674620175 -1444.1739318577652
315.23716471157496 -1448.0847799713272
329.7103121490879 -1447.9351194243998
344.6719075678598 -1449.5865880082958
360.4167560638623 -1453.9957915855198
375.77729401980304 -1456.2992224468
390.4372534782189 -1455.5437990992868
406.19011319901216 -1458.4942893063976
423.144581484095 -1465.1189928332271
437.96920454172545 -1463.8876240589946
453.99183325299816 -1466.3275266254745
471.0153419982768 -1471.451510448865
486.92198285140057 -1472.585475487267
502.1684117702553 -1472.7399248408183
519.6230823365909 -1477.277175178382
536.1885046536404 -1478.7937271564595
552.8309031228858 -1480.1276946778391
571.3427103671614 -1485.9446514962478
587.810032466315 -1485.9621010415945
604.7070664637852 -1486.726055387731
622.8298443934165 -1490.0697919670986
640.6779568186415 -1492.2827331463334
659.4325145630828 -1496.1195669922272
677.0833607486162 -1496.9993729448784
695.6534650449918 -1499.4916660558324
714.33369553578 -1501.7644194154407
733.1215392771311 -1503.8157495677222
752.4612870679209 -1506.5384201752333
771.9207059359841 -1509.0273104709843
791.9610286208035 -1512.166237272172
811.6601082079659 -1514.1769608417087
832.913272374351 -1518.5781114920135
852.8575623057084 -1520.093082155815
873.4051488122327 -1522.2314035744637
894.5781238878913 -1524.9767146619718
916.9125251009831 -1529.1698471108234
938.8870649198735 -1532.2206366336884
961.5350018247734 -1535.8367231792035
984.8773023801236 -1540.0002270312984
1008.3877523239986 -1543.8556088452553
1032.6174449572563 -1548.231963360125
1055.3350997842872 -1549.8041254182053
1080.4607798498853 -1554.36594893422
1102.8776136456647 -1554.5085941606253
1127.1557227353765 -1556.7928496447082
1152.1730503268118 -1559.557072408897
1177.948709265996 -1562.7814429211057
1203.8918771290503 -1565.6530101471053
1230.6152989707284 -1568.9556991639965
1258.1371299823863 -1572.6687388511557
1285.8429645116926 -1575.9961518404104
1315.0071074364214 -1580.4721786199516
1345.021841119968 -1585.2940569213813
1375.358721211688 -1590.9108673923095
1405.4538446279078 -1595.1725582583952
1434.4129961488768 -1597.5194385293728
1464.8892780728165 -1600.937039045353
1499.6469184150649 -1608.3097090076276
1534.6707651975225 -1615.1686111511858
1570.6498074982808 -1622.2278453428214
1604.7882887772612 -1626.6159805569812
1637.7283465773585 -1629.0935709212629
1678.0108387448365 -1638.0795539456715
1714.2720436619895 -1642.2994125064242
1753.673204955669 -1648.7205009402023
1793.3443359869898 -1654.5440739319647
1834.0189846598046 -1660.4367991307045
1875.7081451802762 -1666.3732937443422
1918.4223563562684 -1672.327917195806
1960.6518120682833 -1676.9747976142507
1100.767110527816 -923.7319786497828
1105.5394144673212 -910.1684476289278
1107.8204537062388 -894.7121561430265
2148.4894399345876 -1702.0793537580912
2221.2440850943617 -1725.9906472612513
2256.4552899040054 -1719.5867307769706
1101.413267674712 -823.1122728948424
1068.769152610536 -783.1714361671758
1063.0878368451592 -763.7573247778907
1089.0229711179088 -766.9765109685709
1072.3169216905271 -740.2333547308928
1081.7109121098626 -731.804278904168
1064.3692187983547 -705.5828555701875
1056.696123243853 -686.2895184405861
1076.5987336629305 -684.9169049420333
1151.7355591876506 -717.6030948252036
1309.5279604191494 -798.9321128108836
1277.4861470840233 -763.0027155970135
1218.988966956616 -712.6078153080012
1213.4799142663348 -694.1689258906425
1214.714142624407 -679.8040539068974
1220.1719647879293 -667.8782646153146
1223.7496682953558 -654.9662200045179
1224.453857196134 -640.8094503029034
1225.1151047133476 -626.4734473249471
1224.7205982296575 -611.735609779249
1229.5502553372608 -599.6917288074574
1234.2617329936859 -587.6112443337202
1237.947849635491 -575.0740140041662
1238.7748018927987 -561.2815605339779
1238.537297805599 -547.1209756026581
1238.1432590734853 -533.015262455859
1240.3603068967575 -520.1262434015242
1233.1864062428526 -503.4632930590253
1183.0593983407443 -469.99942552904884
1234.089594572837 -476.81429568234455
1239.478279763379 -465.47781256985235
1242.883946651577 -453.3966201415711
1244.2867682416754 -440.62505418857813
1247.45095764653 -428.51733718340364
1251.446297698637 -416.7051283298237
1253.4263329778325 -404.2417937296239
1254.32814877352 -391.4803892845647
1190.000376043843 -359.0934488618691
1027.2533441929434 -299.4170450131628
972.2789027947836 -273.4478655615578
959.3778534333505 -260.0579442001663
952.1175068824954 -248.4517117829162
945.6942680101889 -237.24955522123304
939.1451005354274 -226.19124682511912
936.369632258611 -216.1779632244546
934.4656629021506 -206.4532025831624
932.4618601549055 -196.78383916483918
930.3591019835782 -187.17088811113223
929.1404546652167 -177.8033056625053
925.8602822928931 -168.11822528365042
923.4660273374187 -158.68048510653634
920.9764297986408 -149.30310028713123
921.358162571308 -140.43908381651855
921.6546999384861 -131.5812071737412
922.8574461995242 -122.86225618184069
923.9777121395601 -114.13232438421652
926.0089694905795 -105.50539523168933
928.936560788291 -97.12294286532833
936.7762414642244 -89.05769718649373
940.5603263038115 -80.51256164889783
941.2749298260904 -71.67640114353256
946.8954349255173 -63.16672634556428
951.4403215054693 -54.5005927818157
958.902167150052 -45.89808095044587
965.2864725162901 -37.12177227796954
964.5929335218656 -28.026284086224848
962.8139757453482 -18.92744328841282
962.9492647082261 -9.885018861221685
958.9996336685685 -0.8382264320610752
936.9660165771196 7.980211751882879
830.8667570768029 14.880590871232856
814.6963412264608 22.245709523816014
804.458242580792 29.528561492621726
811.1380430309557 37.40421297008619
812.7479446611293 45.1306819038866
818.2756769131915 53.14994423570109
809.7625193073366 60.23837917005544
801.1890960854323 67.17166302696333
800.5229726554062 74.6925046504117
800.7810109265558 82.30900642969321
799.9727537838363 89.82534833500824
802.0719377135069 97.69650317437292
805.085059053454 105.74520172989676
811.978266780066 114.41719397380858
821.745491940752 123.6743565782793
823.5101234375599 131.86006444657508
825.1932219775607 140.0897797924321
828.7626744772242 148.71593523680838
843.0507965369899 159.4658410392235
862.1126596010906 171.4723364147524
881.0215529785694 183.85054578986092
906.6108391550252 198.09287298290394
950.5310856510226 217.06140884802218
1018.490236180053 242.6656935083734
0 0
0 0
0 0
2615.6622139659416 727.6923679899276
2539.41924096853 732.6656253699999
2491.1113996786376 744.5562399114925
2430.3922177181116 751.7510678776848
2396.436920119391 766.3850780702137
2315.8992324664164 765.0697648328965
2275.3642540599785 775.8437415782101
2229.177404366357 783.924167163171
2170.825063778898 786.7652397439427
2093.8889355578326 781.5715741686656
2056.462304574926 790.0454353152004
2019.0673926179902 797.8770983471014
1877.9487284268394 762.913870237013
1862.2759672711911 777.3366205989198
1850.1761834520862 793.1059766428898
1843.4373189465664 811.1318333754969
1834.6999741714071 828.2783377436828
1827.6182530943488 846.1722761686066
1908.8957477934134 906.0276066744461
1947.822502638925 947.387723275658
1935.1110934038386 964.151988114633
1925.8204786137137 982.5779786622774
1922.559080638212 1004.1551580585307
2028.4189080012166 1084.2124946997947
1937.2589860865496 1059.3826602445947
1242.8136274553856 695.1189016356742
1220.4972249678372 698.0132691043982
1203.419930135699 703.5740698406881
1186.3486172112493 708.8730199696956
1170.9937115596936 714.9529547373401
1157.328563421812 721.8632808835789
1152.072714980402 733.9512650017614
1137.4709254379152 740.006009288717
1131.1890147122467 751.3823347632925
1124.7934883893397 762.7061088498899
1118.2847778260941 773.9761983953016
1114.113722416906 786.9222410901506
1108.1746066261496 798.6895775136788
1109.3629495513326 815.746802729111
1108.7259392287797 831.6987385353307
1109.7046608518854 848.6251031424903
1111.4344451807983 866.0222133788782
1119.9881516541411 889.1155943713619
1424.456678131914 1152.0187377492575
1397.750367299654 1151.527207978032
1374.2353488426604 1153.2186288780163
1336.3624805126826 1142.2343545341253
971.4630052494906 845.6971262997338
960.0179685394143 851.1489294368267
944.8431212617389 853.112229548009
934.8649398898438 859.6089483973273
939.4457881249095 879.6650562426404
1020.4538601914837 973.0230825732244
1046.748959129563 1016.3649032513747
1045.3176180270405 1033.5429731957324
1042.9555576242635 1050.06842863723
1048.0599041222313 1074.5098591317344
1121.978231530138 1171.3448885671992
1382.6376055508879 1469.910627118706
1361.796504826269 1474.2995894467847
1339.6463410931945 1476.9508051372654
1320.2210750686268 1482.309452491159
1298.8342837703972 1485.179619878565
1276.8530881854253 1487.0259551169045
1251.0784692210675 1484.009320675403
1180.832493639557 1426.7230361794068
1206.320870233629 1484.7083747452832
363.51914121942303 455.78814592647444
355.67525853247196 454.33920199324564
350.32483687792785 455.95779263705236
341.96414135161245 453.52455945588486
333.08187381787377 450.1738168018815
326.638729549697 449.9368181846868
319.6473057292413 448.80574855948197
320.1487651470579 458.24204103815487
319.9398080498126 466.898831895143
320.71545156239716 477.2489907051954
318.0280389422174 482.64082550750663
314.72647413219033 487.18297022814716
845.8312370415006 1335.713486659787
834.9916620305369 1346.0478908045886
822.2954486614293 1353.8412739722107
811.059695867387 1364.0935340875646
800.7096171068376 1375.9825976634374
799.6087682895179 1404.3083057770896
812.6432814850914 1458.9417044752481
839.548193250869 1541.1631423081728
825.0167622330299 1548.9907494993404
804.4093024570021 1545.1503726565384
788.48169352376 1549.973425248931
772.0896284655682 1553.738268054147
755.6966484811899 1557.332198175552
739.3045154678537 1560.7555328778565
722.075850048448 1562.193159240179
705.2967711366871 1564.3568853123522
688.9434644564997 1567.2590413785067
672.5980966805089 1569.9922930835544
656.2623952928809 1572.5570477806045
638.0559099796343 1570.321513493355
622.156048500019 1573.4630123758366
606.9715163084916 1578.311305918503
591.4007040145797 1582.076549124934
575.1301717585391 1583.8087907108588
558.879488049935 1585.3752608884254
542.6503286844803 1586.7764873411206
526.4443612776296 1588.0130145811113
509.95751517138115 1588.1332855652356
494.9989167147813 1592.8590874434542
479.70876697959926 1596.4862977435516
464.67294805505094 1600.9272473619244
449.32632427068836 1604.263648630546
433.95806928205417 1607.4530767972642
418.31804512490834 1609.5275745146073
402.6774294709066 1611.450243660878
387.0376931475011 1613.2212570143815
370.95202328547106 1612.8916877522854
355.9816899236605 1617.285700313675
339.72687728688203 1615.6691025234418
324.7133968672309 1619.7731970541258
309.2780968389144 1621.7731218686845
293.6932018472473 1621.6190376252716
278.29434518500494 1623.3179779199297
263.20890859617606 1626.8451279810288
247.78088020889538 1628.2547820912134
232.63190708453791 1631.4982058850728
217.1801410803705 1632.6180772980283
201.85041082676298 1634.5841708670334
186.84261994139646 1639.3870303785604
171.24288784649545 1639.0789710572194
156.04369627119746 1642.6047500400157
140.70817083287898 1644.993073134615
125.49330085434863 1649.2323764226435
110.14472717369539 1652.3329383256366
94.69185573869136 1654.2921303254643
79.259684595551 1657.1055797376985
63.898242830154786 1662.7726887831718
48.35034006486039 1665.2982449446142
32.72137890640918 1665.6786338794357
17.089536378059513 1665.9123469577812
1.4561889841645594 1665.999363599411
-14.194306190193174 1667.9396037242414
-29.881085303297866 1669.7326494804781
-45.630036742697435 1672.3776187652297
-61.5045589671019 1676.8724427416244
-77.51346960097284 1682.2151057550336
-93.35103483352593 1682.4121327116936
-109.19911857137845 1682.4599705500377
-125.13044409663692 1683.3556878925435
-141.33863525915572 1687.0899176342318
-157.62789092574775 1690.6677521033812
-173.99669907200175 1694.0879991051372
-190.44353244081083 1697.3494810885193
-206.48356357366342 1696.4803382220264
-223.04456643286517 1699.4255268721768
-239.67896861404347 1702.2088567517524
-256.53390195087735 1705.8180902868446
-273.1616225487439 1707.285485197639
-289.83941678032215 1708.590680204139
-306.5657014791861 1709.7328652969663
-323.89604331649645 1713.6590539322337
-340.35551383362923 1713.5247661481424
-358.1661847389492 1718.0634400712754
-375.87956409323687 1721.4408364207811
-351.6269295070434 1540.3760912340365
-356.20280060108433 1495.1550303710796
-368.87084579294606 1485.8988186023962
-377.6444505517295 1462.0139086094505
-383.6669223458703 1429.4053633233814
-383.47214919988915 1376.586397865393
-393.41222547370177 1362.332859784212
-34.38101691558226 114.96932493430779
-35.4659681989215 114.63928253313996
-35.938622856872236 112.39401846696069
-38.253376410790715 115.84765510434107
-38.05640748675169 111.69471719469239
-39.110248851813076 111.33008773350201
-41.52197350651927 114.71671942713456
-39.461284565544915 105.88582067697774
-333.34881603397184 869.2753113074989
-368.32972843112435 933.996365706984
-439.8711756940506 1085.2439121200052
-44.58791733528909 107.08836364284136
-44.41867897572456 103.90371003025602
-46.60388224537984 106.22654169113655
-46.3744853845777 103.04565544124404
-49.022192067415894 106.23476213041278
-529.3132056666894 1119.1387448868227
