-46.7325540627138 99.57945767464057
-535.022645754555 1113.0928840531665
-549.0865461764579 1115.1470597226216
-549.2800675173899 1089.3536649904345
-554.5388628574648 1074.3219487568658
-555.825798274186 1052.2156062199724
-566.2530431622718 1047.7778825254265
-581.9674605203794 1052.864129361173
-594.8764765971174 1052.522198146623
-853.4648528528917 1477.1708584130654
-863.3648916864573 1462.1234776185051
-876.6728883482259 1453.0153635922707
-881.4906818275367 1430.1657868412406
-893.9459623858185 1420.050920331413
-902.5035609575091 1403.940284506081
-906.9955780053642 1381.943566676554
-908.3693967179825 1355.8351813941872
-833.6942597954456 1219.2140423994977
-759.951370524617 1089.0628606456821
-754.5833020320507 1059.8136818773417
-764.0105111970884 1051.8022336829124
-838.8416847219382 1132.0890547889157
-983.9930295982423 1301.991443021832
-987.1367693784748 1280.7224517986042
-991.2023789077716 1261.0843921195656
-996.2358214803025 1243.0459315727103
-1002.2824339064069 1226.574874470633
-1007.4667095928936 1209.3332167198867
-1017.5933020836843 1198.2019327118546
-1042.6535053554428 1204.3764643042505
-1096.3724774142163 1242.4235955456634
-1102.08480719602 1225.2808158735336
-1104.8681204831976 1205.1935265093014
-1106.6876638233853 1184.4337950012816
-1109.5929572921812 1165.1971803637323
-1112.2336996044644 1146.01273878791
-1116.017598110854 1128.3056858435486
-1118.8564037174258 1109.9262803720383
-1120.0145506423025 1090.2001680193969
-1124.5158580309824 1074.006091713098
-1128.8112853782693 1057.8251660849535
-901.5832465262646 829.3205951760517
-878.9355359559938 793.3021641428629
-874.4067671978434 774.3621926970716
-876.3935600453865 761.4823227829872
-877.4545587758154 747.985626388328
-871.435407720438 728.7635625984013
-868.9983577678192 712.8939992711631
-871.0146769885652 700.897590572621
-872.0973976640291 688.3074378412805
-876.9744264623472 678.8201936676878
-874.5814943694359 663.8608360993472
-879.2048134690403 654.3813077807692
-880.4960633022935 642.5159005885874
-884.0820476939615 632.4301802928541
-890.0126345705496 624.0564960841201
-895.0397499604329 615.0608473889114
-899.1469438979161 605.4674006740888
-906.4917517885983 598.0540978366741
-910.4171025067726 588.3848225975689
-917.6206483345568 580.8341809415728
-925.6125849150621 573.7267142524015
-930.9871758350931 564.9636080586052
-937.9983261350455 557.1715536240636
-953.5906011997107 554.3229792310386
-961.3885239452092 546.7797600738821
-973.4981586882984 541.569326153626
-987.3513230564007 537.1344011127709
-996.7922329369345 530.1379484215407
-1006.1886436019331 523.0109114411497
-1022.6717748741225 519.3760110707965
-1035.5915486555014 513.6984955723543
-1050.294537059589 508.6947861171607
-1074.9392281005441 508.16006916187973
-1099.665644078643 507.20456546949873
-1664.3585993397674 748.6891563284245
-1733.6269041906596 760.2544028588785
-1750.8414221992116 748.1779964095725
-1755.9795638743963 730.8486650842876
-1752.6053934170125 710.1093823951344
-1747.136425908808 688.7657869425549
-1751.5801558941307 671.8206289463675
-1787.8424510559591 666.395805960857
-1841.0813565220058 666.4708835853903
-1900.1382885391274 667.5855633756589
-1975.4678696754297 673.1238339860059
-1967.5041804395382 649.7009311621316
-1860.216254796392 594.8146647412837
-1839.0111246040954 568.9139509472243
-1828.0237335832444 546.6198216826535
-1823.5058267580514 526.5268272172228
-1826.478874747305 508.7149694100009
-1830.24411416663 491.1532169887593
-1833.8406294478846 473.5657776763294
-1842.1210670137602 457.15858787086717
-1912.513689741141 455.4639245348932
-1937.2109078900849 442.0213777088992
-1947.1680716974683 424.95352753208533
-1953.059248610354 406.92084170949016
-1032.8486970805104 205.01845999590424
-1019.019518307539 192.27121809639405
-1019.8085661203359 182.44585078204585
-1021.4889947923397 172.78956426282093
-1884.2015544067517 300.41388511715013
-1883.9924434744728 282.1302410786297
-1879.6449777555508 263.3225353028764
-628.6728224068659 82.01513498730124
-618.5000622680886 74.74404975896397
-606.2592357598528 67.45175354191532
-606.8702455083171 61.71308707782218
-606.4311541436177 55.87714455875317
-605.9360467447846 50.055042256521574
-2047.5382284297343 149.65361044366597
-2038.882578163317 129.64116808369675
-1128.3505370581863 61.03331484118059
-1116.8893791010444 49.82082748493395
-1115.3119681245523 39.181803916330615
-1115.6327419074598 28.62839820952742
-1115.8536585376683 18.072430055223712
-1109.97483427251 7.474441899827018
-1097.9959171176802 -2.99432678650689
-1078.9223240848942 -12.94675987460188
-1065.7570986677156 -22.755365067892715
-1060.500142862039 -32.56450505680757
-1062.1477536143825 -42.55760204618
-1063.7010325672843 -52.58434477383262
-1065.1594947021065 -62.64384124519528
-1066.5226634488445 -72.73519333845883
-1067.7900707582921 -82.85749688472099
-1070.9537292278235 -93.18320585286541
-1077.9988288073037 -103.95924725622793
-1079.9631436808818 -114.34862609977974
-1084.8074006613945 -125.12754880628275
-1087.5593901158893 -135.75924635454854
-1094.171448994696 -146.98585035590222
-1099.678149752978 -158.2054580470182
-1100.1279238844982 -168.78255564359628
-1101.4628467816815 -179.54274465874184
-1109.590461366636 -191.5333079236513
-1112.6703228395247 -202.79485366297578
-1117.6003190086876 -214.50763844599913
-1117.506618012045 -225.34187071931737
-1122.1997427257181 -237.22718525989438
-1129.6969196451132 -249.86770448447885
-1131.2089370563099 -261.3184660982332
-1132.605249728187 -272.8192593790831
-1136.794939747469 -285.0986933757295
-1140.8534321663278 -297.4801612113147
-1143.8139429622152 -309.7009265165836
-1147.6079196136952 -322.2732735426971
-1151.266205946867 -334.94346246001817
-1154.7873057210256 -347.7100495320408
-1159.1245356869758 -360.868827648569
-1166.1719221890044 -375.05739280542474
-1167.3599719089068 -387.51863953213416
-1170.3087095842118 -400.68257295686954
-1175.941813906589 -414.9335492655192
-1178.590327869176 -428.29994052442737
-1182.9643879006983 -442.45254769153087
-1188.1094167615302 -457.083158519953
-1191.2236317533234 -471.1127881435851
-1198.848374239926 -487.0303641276243
-1206.2406150812444 -503.2221959814779
-1213.4338401683772 -519.5943759647763
-1223.1719712948159 -537.3512153505885
-1229.9476247064722 -554.1027345889091
-1241.055275108074 -573.1237249725601
-1250.1055324253944 -591.5447217239124
-1246.3203829623055 -604.0782259051322
-1299.7382101436865 -645.0438629213413
-1335.5542329130255 -678.4533078614178
-1287.4507131002626 -669.2321430846141
-1183.1321782552614 -629.1249866099429
-1149.9651774962729 -625.3487751215044
-1124.8405906079622 -625.381999837484
-1092.8622051750988 -621.0484687202926
-1073.1721367745972 -623.2034698640929
-1054.3985347850758 -625.555536977402
-1034.8206566603956 -627.0934607767393
-1019.5590821914045 -630.9518824134063
-1006.0073966415155 -635.6485805085705
-998.3401466107007 -643.9417300232409
-987.2649106057889 -649.9476873460999
-975.3350004742219 -655.2454783132421
-966.6921219769738 -662.6389222703835
-954.7184631405004 -667.6358709196512
-947.6210102710133 -675.9514930029698
-938.0256622725351 -682.4279133492211
-929.1954351666349 -689.3800426945126
-919.5199138633463 -695.623553374053
-913.7682811001033 -704.8003465204615
-907.139280359296 -713.3122219822247
-900.4309931275378 -721.7617519759245
-892.8696175078849 -729.5154872456947
-886.7789113614778 -738.4708270233513
-882.8860026395339 -749.3172267759397
-878.8675317269831 -760.1551563175246
-873.9731273471224 -770.3219928543457
-868.2212683112278 -779.7953765264596
-864.5816294556886 -791.253818953025
-862.9973679106213 -804.758064873748
-860.5736040396238 -817.546373015166
-889.3451317225373 -861.2254273309765
-931.5895247374764 -919.5770535411391
-953.7607123871404 -959.6611399378296
-943.1343651330094 -967.3151344340455
-894.4321841944641 -935.1080514449227
-850.542244037923 -906.436369033665
-817.44519447072 -888.0497475010771
-822.9805735870403 -911.4203067182265
-830.794313830201 -937.9711126188299
-840.1411738754225 -967.017997743179
-957.969759236802 -1124.198799317889
-959.9898850976376 -1148.6637543294487
-953.3875180989494 -1163.2146149069506
-980.4234430914904 -1219.8339527315295
-991.6037566915732 -1258.223346514902
-975.8452716211688 -1262.9101337207676
-953.4461405079485 -1258.6427043249794
-940.1616386962822 -1266.106272444743
-924.4678923912227 -1270.1968807778308
-905.8788495751201 -1270.0328774848535
-891.3883489289967 -1275.3677161484202
-875.1839355416458 -1278.0665393358188
-856.7815982907465 -1277.2506773653924
-841.7702410866995 -1281.214994144558
-826.7617504738255 -1285.0093415821755
-811.2250019351179 -1287.788024573675
-793.6116081058923 -1286.9827564810569
-778.6719670069098 -1290.2398876943737
-764.2514121428318 -1294.1903952037687
-747.3256753971098 -1293.653869816905
-731.9563750034564 -1295.5245520991873
-717.587111454958 -1298.9706453472031
-704.1694191869534 -1304.0204864502355
-688.3873745992092 -1304.5105681796556
-672.2025586079303 -1303.9297221096513
-657.4413392789354 -1305.8387670026952
-644.0287220409126 -1310.277453513701
-630.591451882084 -1314.579180123147
-615.8593592978544 -1316.0266902936414
-600.7227177098655 -1315.3129728042954
-585.7191633289168 -1315.4972678456136
-572.3589817839044 -1319.1850499347286
-558.9817825961353 -1322.7378299291388
-545.2084574382943 -1325.2308243991895
-531.0668561860924 -1326.6533059773456
-515.8594885857771 -1325.1313097334996
-500.729602392488 -1323.4405408962887
-487.4037400625036 -1326.2754593873337
-473.7334059387564 -1328.0348866267277
-460.4008891020428 -1330.5994969614442
-447.06257856455227 -1333.0307764066115
-432.7930513674367 -1332.4755812727162
-419.17453364939803 -1333.6778885247404
-405.863225920762 -1335.6987092324348
-392.2699265582898 -1336.6275863971812
-378.96830806618766 -1338.381119667134
-365.93220696315336 -1340.9674194055112
-353.13530941698497 -1344.39408405533
-340.0615100663388 -1346.729063090049
-327.21087535260773 -1349.9089017600336
-314.33051838584845 -1352.9661212355925
-301.2046029572828 -1354.9242735877697
-288.0699346137665 -1356.7552147574818
-275.32446615542415 -1360.4192141895933
-262.1572854397867 -1361.9994705178274
-248.98500932705514 -1363.4524066245972
-235.97912692007014 -1365.763468415392
-222.951809310748 -1367.950470859623
-209.75279377711158 -1369.0247497772627
-196.8376036787243 -1371.951514368499
-183.75308774413315 -1373.765191997707
-170.52875511300763 -1374.461692328894
-157.42151046008908 -1376.0245157861339
-144.29996639868872 -1377.4623478329045
-131.16531482639454 -1378.7750578634982
-118.10396092443528 -1380.9588894728038
-104.93717483156645 -1382.0217760000635
-91.82706227772336 -1383.9569323622188
-78.63289635040489 -1384.7692470630427
-65.7900344364019 -1385.4388010189614
-52.50445553702909 -1387.0065905210258
-39.22302571397188 -1389.446492044167
-25.880921197339216 -1390.7592091796398
-12.508206201894712 -1390.9437604653938
0.8662874055034954 -1391.9997304403946
14.270166869223074 -1393.926957317895
27.731033763163026 -1396.7247365771204
41.24701306590934 -1399.3922551997853
54.85591282559367 -1402.92794855191
68.34189300618169 -1402.3356893626903
82.05466539523208 -1405.6069976657332
95.70089221527658 -1406.7484989255188
109.37664178761628 -1407.7573477809533
123.25471160925908 -1410.625491073417
137.39124862992912 -1415.3471817189975
151.31136950320166 -1416.943848378991
165.6220801528824 -1421.3832440850822
179.78151306076023 -1423.6936494771562
193.73100444417818 -1423.8810687403109
207.8450309289366 -1424.9212059332085
222.45845916381168 -1428.785580115667
237.0019870125693 -1431.513555001172
251.9640900241893 -1436.063402965998
266.3063723964617 -1436.5242483233749
280.4890360004923 -1435.860334671696
295.6892612848082 -1439.9541175887668
310.9940050031506 -1443.8877133808226
325.9616916271715 -1445.7084683958772
340.76372075373376 -1446.4010808271928
355.60911582752175 -1446.942347414149
371.73627903442156 -1452.17531271181
386.71027286250086 -1452.3994508614392
401.9894166668136 -1453.4333520625826
418.9790197085194 -1460.0745121548039
434.7079344000559 -1461.7298012182814
450.21299493947663 -1462.2613511912386
466.98205434362075 -1466.4408480811667
483.56026829925895 -1469.4823806096992
499.5965102107581 -1470.4463019727145
514.5307600019886 -1469.52614710041
532.3705474570758 -1474.857823724122
548.9658779797422 -1476.23218526556
565.2790786142966 -1476.4892696125398
583.8468181351025 -1482.1511032797962
600.3226604724869 -1482.0302639700835
617.6186030638244 -1483.5754989718218
636.1790352844919 -1487.6828408852787
653.2670997285434 -1487.9069515303224
672.8827950533541 -1493.4097710009755
689.7274044948538 -1492.3176965675882
708.754235490309 -1495.557566152018
727.4697715161672 -1497.6690994776568
747.1821186791482 -1501.3486875227018
766.1237076474508 -1503.0048118953323
786.0911507598968 -1506.2077222936355
806.1904914124891 -1509.1646336818555
826.4188356591719 -1511.8733108523804
846.2852050625354 -1513.4587380210478
866.2579600196289 -1514.8010254494257
887.3437454589999 -1517.6248144369522
908.5633015270121 -1520.182136166037
929.9134435582716 -1522.4706852644476
951.3909549801406 -1524.4881930608633
973.530152690571 -1527.0756503206624
996.3520046042886 -1530.2152407164867
1019.8771453364792 -1533.8887210030307
1044.1258692042431 -1538.077426288574
1068.5485345325455 -1541.940345586803
1092.563640957509 -1544.658114424571
1116.1436441768437 -1546.2446008195582
1141.040453623867 -1549.1296534486194
1165.4942159524348 -1550.8782133299246
1191.911478139791 -1554.6793972644712
1219.1245357877037 -1558.9022952835805
1245.2806878271624 -1561.1806457052653
1272.2233739275864 -1563.87457516014
1300.6088538754143 -1567.7326332065938
1329.1848876999427 -1571.1879372977921
1358.5995133438557 -1574.994400733488
1388.9883227993398 -1580.3567442596868
1419.268351308402 -1584.2368342436462
1449.0713922359143 -1586.944580066824
1482.4586551359837 -1592.888048738018
1515.399331366425 -1597.6134909589966
1548.5615494802032 -1601.855526404136
1585.448267174169 -1609.1720828160128
1620.4856114532988 -1613.8139245504196
1657.1824640105358 -1619.3317390133404
1694.849829293653 -1624.98863261971
1732.7717409105069 -1630.074566975993
1773.880057504803 -1637.298244543967
1815.2791587830254 -1643.8864242057575
1856.960665765184 -1649.8342601003665
1898.916133901329 -1655.1370083498314
1943.4171682569397 -1661.7396637633037
1988.978046651197 -1668.2872444335205
1108.927413857554 -912.3464203882193
1114.4215516734048 -899.2711521926191
1128.3933416429056 -893.0002612183026
2181.9914066276133 -1693.3864005014477
2217.8558421366533 -1687.7453787524694
2292.279722529115 -1710.2788292210842
1109.0028787362808 -811.1649739446607
1076.0148418689598 -771.4713605038864
1094.741344076054 -769.2758865131252
1178.5872986351926 -811.59902630289
1096.7080607129524 -739.9732627380773
1086.1613319039923 -717.9537318494455
1069.4211119176668 -692.397635311373
1064.9639031445586 -675.2576434214628
1095.9611547473146 -680.4183619545645
1301.4779887670536 -791.0019246214672
1303.7683361373884 -775.5495636550546
1256.6207836843869 -731.4507543317167
1222.6624074555039 -696.2367682010994
1222.22460477766 -680.7114039562525
1224.2375434017417 -666.6921608401201
1226.9775923513153 -653.1661257810066
1231.345770960005 -640.5713015261539
1231.8839068678637 -626.4072477230518
1234.1896779383878 -612.9109550908178
1234.5509258484185 -598.5549360641953
1237.4630958959826 -585.530602356128
1241.1474331794036 -572.9241216009129
1245.6159849261167 -560.7109933794237
1247.217420188107 -547.2592683356974
1246.83706589309 -533.0415847896957
1246.2996900075684 -518.8806054257942
1246.5331268034815 -505.1536041458432
1238.2458796259625 -488.1681488886042
1164.3871496509566 -446.3312287166567
1244.4753258982669 -463.53550374313573
1246.9368951618087 -451.02591886079915
1247.3861640113334 -437.84901259805395
1250.5379605492722 -425.6710105530643
1252.6213719539978 -413.159410547653
1254.5801120044057 -400.64665549959756
1254.5034505477954 -387.54366536388505
1244.709373438602 -371.6175126041327
1111.7349362458906 -320.45971904491506
1005.8544141142255 -279.6299297409492
969.8240446554323 -259.72547508509444
958.6876393089753 -247.0182386711229
952.2521014483129 -235.7476092928023
946.6627126586337 -224.8526372133468
942.9031664981824 -214.52882931601766
939.0334632029529 -204.29673268329168
936.034121015704 -194.3608095639612
933.9122100551099 -184.6942985313307
932.6742822295391 -175.27031484998793
933.3108745374674 -166.23721445605312
926.9572333367804 -156.04578675703377
925.4332061236174 -146.77322986076925
922.827840184971 -137.3964241876097
925.0804575858546 -128.7716855242092
924.2772583703583 -119.73115575895056
926.3646282835581 -111.07463916243582
927.3768771173127 -102.27965481042922
930.2955645646024 -93.67583760729153
934.1116953257339 -85.31905212602423
937.861714809692 -76.78804525591154
939.5388484640722 -68.04963061475854
947.1226122219985 -59.663702682433154
952.633979561615 -51.034311836260045
957.0673322370317 -42.262531451527664
967.4159763505132 -33.62036141660597
968.6887193512429 -24.559417779114675
965.8770199206407 -15.413707834988466
966.9791554907014 -6.349239835610165
961.9961613979497 2.717619474810322
958.9284458884187 11.714762738619749
840.8036948759034 18.169938993532437
815.6079996779531 25.290133675568704
809.3394344387888 32.705960654009175
810.9941345095702 40.404378365135635
810.578944846551 48.01847739622568
811.0899216189115 55.69684953592948
810.5311192519481 63.31117377038918
805.9160849926054 70.57098518648881
803.2271810196446 77.94290006944212
801.4654432302812 85.3764798272281
802.6150207337173 93.12963273102014
802.6972776679312 100.78730289323266
806.6703879248626 108.9902988579798
812.5391739231131 117.56313554998785
821.2823952831602 126.7131689997333
823.0167355552682 134.90534828519515
826.6399167980003 143.4832671644861
831.1577562830701 152.32131883125444
842.4551604635083 162.58321748693672
859.5123613599922 174.26273459741816
877.401005931855 186.48451621989702
901.9672656197417 200.5767976373292
943.8772256893498 219.21857317521315
1009.8103929203221 244.5485030624901
1077.2843693146754 271.62361390402396
0 0
0 0
0 0
2556.962074515516 747.5566530299282
2481.7039154986237 751.5282268809327
2446.690430511534 766.6824226779197
2365.9537514175613 766.4410258807708
2300.627804775817 769.7971836090379
2280.832268838805 787.6377094982379
2261.8495302810184 805.5046259131828
2197.6738830397803 806.5423137101075
2113.113342256081 798.6444783377231
2066.1940150837777 803.698508168317
2036.088542668545 814.611837879785
1894.9861252877838 779.3770492943651
1864.3768110795218 787.8293637006386
1848.459867899632 802.1353481579495
1838.8353030951282 819.0566085998255
1832.6945045846694 837.5296131272933
1824.5573287328318 855.1114279246378
1871.234783477089 899.0308032016767
1935.1744942798123 952.7584566346673
1926.8175805816609 971.7705547923518
1917.3853885401488 990.2511155321881
1908.6599984257803 1009.1075316383781
2021.122045406664 1093.5582643696596
1936.1482695479745 1071.7737066780396
1255.6996180577444 710.9623542844129
1219.3816017944598 705.9670737401127
1198.7686296865204 709.5088248073469
1183.3353231899102 715.8257559567348
1168.7427682995276 722.4377769383027
1154.1331673881937 728.8358058811982
1144.5513586000238 738.2724344893555
1134.89501501451 747.5923387082129
1125.9952619849466 757.353068249843
1118.6616114502335 768.1439963103055
1111.224550005784 778.8639158828985
1110.1913812998655 794.1662904502413
1104.9276056600088 806.5723688860412
1101.9336449608206 820.7424943935584
1102.749948846276 837.9543843906632
1100.9652719934297 853.4192813994968
1109.482567786744 876.6096233656874
1123.2541924202917 904.2477642826875
1415.7394548715417 1161.1385773972156
1385.141053354461 1157.328502332892
1362.3466279336667 1159.5398506984427
1329.8056237076416 1152.916737303926
963.1936040408679 850.5780864416646
952.4239058913178 856.650280736968
933.5127126731732 855.1666593580303
932.9882305688528 870.4647963128671
938.0612254478028 891.3344699445694
1039.1252715502035 1005.551923087871
1040.5970996191695 1025.5138596158379
1038.2613036787118 1042.0434085408256
1032.213343855857 1055.0410479056775
1068.9670501074909 1112.7256830793872
1123.2776446340226 1190.8049097419116
1370.5903992406788 1479.7874703852838
1352.3309620535383 1487.044373605358
1327.393253763126 1486.6324864821638
1307.190823089888 1491.154301884812
1285.0598971850875 1493.158082939195
1261.7110637469855 1493.3553467338074
1235.2743562098103 1489.4033251240037
1169.2412743778766 1436.2377387783679
362.6848293035212 453.8950479935595
359.76527790563244 458.7569561472426
352.5178677838354 458.0558403657117
344.10812590165796 455.66500599502774
335.7716433424789 453.1593577618045
328.6857882024951 452.1577740498382
314.67928997546284 441.2946231946845
318.09327336724846 454.7984932236572
316.7613783596147 461.8032364327009
316.4441602041713 470.480704676267
315.44419576762266 478.35547384399996
314.3266604751429 486.2507074694537
309.34471255058395 488.2518293022532
833.9362620618339 1343.1721076683868
822.1741223779603 1351.574530868361
810.6306016862202 1360.857827846038
798.3189900957836 1369.2741836653636
789.8850415227496 1384.5279416388114
787.5702646096919 1411.0949926573405
804.948953632541 1474.6040763696124
825.4394439223397 1546.4988601409245
809.0299224069115 1550.6358646214355
790.3445541693682 1550.1469239058674
774.4150860033527 1554.815189844253
757.5929393797717 1557.5226926763917
741.6463197850369 1561.8584239134195
724.8443064337537 1564.217609998868
706.8278612049061 1563.665685056911
691.3059701261792 1568.4043023620861
674.5733313747671 1570.233046588292
658.2535579923165 1572.8087148125978
641.5676428633468 1574.2906210832766
624.1747528812143 1573.739139077908
608.2887641310194 1576.7323106450115
592.7528563303991 1580.5024679867327
576.5151479586691 1582.2409058592164
561.2977146869357 1586.6423275228804
544.7499178823639 1587.114213586142
527.9271558318007 1586.4668033511907
512.0852259536072 1588.4992040791342
496.5496331007469 1591.328835240383
481.58389320413073 1595.9216628037707
466.29579347479796 1599.4137153931463
451.2554641442095 1603.7220788154018
435.91352911912435 1606.9238921401693
420.04580751122955 1608.0440042462267
404.1955580569038 1609.0080642579353
388.12979038691986 1608.8443883154785
372.7789659499418 1611.4440240186104
357.41356486802374 1613.8973150880236
341.62089521128405 1614.2475534920413
326.64460832961385 1618.3646992718277
311.0552067606636 1619.396695793554
295.6546644871713 1621.262569532455
280.07636984858203 1621.9966791126426
265.1863046978701 1625.5107578237335
249.78455409434292 1627.9486099185963
234.07582225095436 1628.2608849436688
218.78234619102116 1631.395195835501
203.20343532359388 1632.401103856736
187.73922697786395 1634.2518112744297
172.36290599748278 1636.9505272414629
156.95230316767987 1639.5044905490076
141.59464893827482 1642.9096004929931
126.1101408705469 1645.173617698026
110.59544831374039 1647.2916095252483
95.05194914201705 1649.2632073032805
79.6252741904289 1654.084585415782
64.11580758923718 1658.7613340131786
48.46658530321147 1661.2931680197348
32.794860371947 1664.6769948350893
17.022481056802444 1663.9129289535167
1.2697968329338305 1665.9995160911672
-14.512166486538423 1666.9368305439373
-30.31176364511038 1667.7245566893603
-46.155213817282984 1669.3620626567147
-62.1065844468309 1672.847504158209
-78.12807740721976 1676.180182295642
-94.2182265417471 1679.3590818485868
-110.31008683041058 1681.3853468921
-126.37383298132374 1682.2599841693936
-142.37966732932523 1681.9845511571118
-158.67294177284205 1684.543527947305
-175.23380097915245 1688.9337213148415
-191.8919582096621 1693.1607946011688
-208.52378907237866 1696.2307712663683
-224.9680844734461 1697.154489422913
-241.58931382032057 1698.9086507072197
-258.5641813371897 1702.4771846134763
-275.7877028012939 1706.8632467141547
-292.4419680781966 1707.1325945299477
-308.94783903761294 1706.2553246082455
-326.400675187913 1710.1297024602766
-343.3641397767023 1710.8845862639025
-361.19526256117047 1715.3853742828073
-378.1602085198478 1716.8456123636233
-372.6137904615846 1618.6661061373497
-362.44438591524175 1509.0851755678086
-374.51022616846427 1496.8604111590519
-383.1031302244171 1471.9622928635956
-391.78126838866467 1448.968059599579
-395.7373049194113 1410.537835541862
-400.9571348195845 1378.8870062616695
-29.69318120154028 98.6271513840509
-34.192121943879826 109.79935699709199
-35.22860701602839 109.47120739130558
-35.94662228571905 108.18428881426289
-35.994924737960886 105.00173995276712
-37.985594806595444 107.48532265937126
-37.631611862040224 103.36276790346103
-40.36196136828235 107.68431675274391
-39.219314373426144 101.69978062945057
-342.07445281882934 862.6523452287709
-427.956013912168 1050.147442103445
-40.543027386639665 96.8569198887007
-42.24652914972838 98.30681957423477
-42.77051159902838 96.98805770587109
-43.685498812016775 96.57938285962113
-46.27947150962013 99.79083383152111
-47.65007858071017 100.2520324544702
