-545.5389824343902 1114.6605845029464
-541.965518861766 1081.8379621574095
-553.0964569767258 1078.4379023753722
-554.9164306686497 1057.2150939964704
-563.4816165589741 1049.2709220216127
-575.7977357701411 1048.2714188042994
-592.0629268294985 1054.107437918018
-853.4789628250021 1486.3948533331104
-864.9827966289288 1473.93546722236
-876.3274390318396 1461.3918774921042
-880.721476833476 1437.6806600369434
-890.0501613982434 1422.4959438237286
-898.0937937521153 1405.578719824661
-905.3509781006031 1387.7999158568505
-908.4725641404461 1364.1842251705168
-870.1928028334424 1280.2611006731702
-767.1460415191516 1105.9850591131403
-751.5863510481096 1061.9411268607068
-759.265211753476 1051.534753691455
-785.1991780665319 1066.0385784593552
-977.2530402255741 1300.809553843249
-985.8757887762379 1286.7361536479925
-988.7788771504036 1265.5245284470732
-993.2388486137844 1246.720734408618
-998.0625543145275 1228.7229702724537
-1007.0997801479544 1216.1377524055167
-1015.3433221580564 1202.7277074005744
-1029.2940025266917 1196.092745719404
-1089.3695550505224 1241.9251074557703
-1097.7463536295377 1227.8281406992812
-1102.5864650008234 1209.9884657289042
-1103.785235983541 1188.5041660948264
-1107.4266056582271 1170.0116721983152
-1110.1231719114517 1150.8377571079502
-1112.5566880353688 1131.7184349067443
-1115.4362008714477 1113.3634095772466
-1118.783001358225 1095.7557190687542
-1120.454993399799 1076.799242089934
-1123.3241824914062 1059.28220084641
-902.0914225675101 834.6688357247597
-884.7797441770774 803.2370785104142
-875.0174250272938 779.6977016117236
-868.7979302639602 759.5433867588204
-869.1082027305289 745.4367390640938
-869.9951810127359 732.0364642656928
-869.1645784653416 717.4133644846358
-866.5815290685377 701.613464435536
-873.175665157442 693.3896868117225
-872.5911102436039 679.5739505924536
-877.3871527757673 670.0804311006497
-878.0796407266787 657.5599931118884
-884.2567935487156 649.2294841294133
-883.0502721847896 635.5833673046905
-889.0194418840385 627.2068494142842
-894.9091555316018 618.7742749547006
-899.8910201108895 609.7254725889205
-907.2812487088717 602.2970494210232
-904.5514175139415 588.2412201414647
-917.6630292541147 584.4985583730398
-925.6931544671532 577.3847796510149
-931.110225065235 568.6077283848396
-939.8774199240083 561.8322129577383
-946.8731225341061 553.9316653004337
-957.274824660787 547.936045602641
-967.6473262149115 541.792997434567
-977.1116468833076 535.0222701205907
-990.0605263118101 530.0086360043406
-1006.5454047878737 526.6520180350734
-1022.1638886292035 522.5753388578772
-1029.742445531766 514.2290305595922
-1042.647314310957 508.41575306057194
-1072.6893856599054 510.5697620233446
-1112.839668508798 516.8335052927864
-1659.6622365340954 751.801343855306
-1711.518706236257 755.873480288447
-1747.0627786324892 751.9146544102769
-1754.0931019111156 735.364800509136
-1753.5598534356639 715.7260931520473
-1745.377672320762 693.2104882098646
-1749.0546104259797 675.5982310127998
-1771.2786646977404 665.0081894131754
-1828.0967089681662 667.0670301099879
-1869.1932673138563 662.1219898391465
-1973.719735924435 678.2325589518528
-1976.2437530266668 658.2929656490904
-1873.881408742153 604.5903290415124
-1845.1453929100776 576.1314772017887
-1827.5298653975813 551.738698189549
-1823.0603399649553 531.6502580144778
-1825.1135130942953 513.5919239246264
-1828.9187115633042 496.0658691077454
-1832.555746400732 478.5137786246658
-1839.9040734625594 461.9112473797116
-1885.9883617951277 454.5854146069041
-1935.0176947334462 447.1045974584245
-1945.9899164729443 430.316447496053
-1951.9249856503304 412.32735828945124
-1032.2741281594854 207.89209781175953
-1018.4777500214957 195.1206619278229
-1019.2916847964735 185.31179483445308
-1020.9967937792061 175.67454879003165
-1887.2894046101962 306.4028447095278
-1881.2027844412453 287.20216540009903
-1874.9226177804092 268.1439489070322
-634.3812597702683 84.61924871025064
-626.2204986969451 77.51701111207305
-606.0604618807196 69.21500231112441
-604.698135718609 63.27846915372303
-605.2689281014891 57.56322328426652
-605.7857046086906 51.84284031331915
-613.2282528944284 46.64879261081796
-2039.485148072542 135.7804506971529
-1139.1449400883364 65.03695465764527
-1115.7356623734556 53.13126864724917
-1115.1885207844002 42.55071222319516
-1115.5407247780197 32.01392449748178
-1114.7935599754267 21.455037574305056
-1110.9466883120072 10.883736885098102
-1104.9999324636074 0.38633589426327775
-1082.9551858016475 -9.852184799280227
-1068.8161989971932 -19.822531654464637
-1062.5887836283096 -29.564791683849613
-1063.2652598822676 -39.53463200149873
-1064.8470274709748 -49.56619902946692
-1065.3355456258541 -59.57495468788804
-1065.7299065291643 -69.59717184870995
-1067.0271228393694 -79.70645598153914
-1069.2247739768015 -89.92987664985249
-1076.302543283884 -100.66695247519476
-1080.2880899046268 -111.23687702472137
-1084.169640509006 -121.89007588221743
-1086.9533353976165 -132.50451565134176
-1089.6329772177958 -143.18161529848155
-1096.1684998763267 -154.4785418072154
-1099.6207380053304 -165.4636895171039
-1101.9755220484587 -176.36878637113378
-1103.236258048969 -187.16505797319414
-1109.312715306639 -198.88262784620488
-1115.2658187842785 -210.7300487624693
-1116.1895010534854 -221.7318148980239
-1121.8995455740694 -233.78924192677562
-1129.4350575445694 -246.39896669689037
-1130.9820926561702 -257.83620011757495
-1131.4407888986568 -269.0924399093835
-1136.640907045744 -281.5820456460753
-1140.737342962259 -293.9427059333255
-1142.7694307247352 -305.88728022110445
-1146.6045304828801 -318.43060574658
-1150.3043907902588 -331.07221044456696
-1153.86751080844 -343.810656467676
-1158.2480550249145 -356.9389906286545
-1163.4361679567387 -370.48250038313444
-1165.6216025818312 -383.2170137070685
-1168.6171361489983 -396.3457948545861
-1176.1883479832168 -411.21401978593946
-1177.9376401653278 -424.22507691287973
-1180.4836003196106 -437.6522242334087
-1186.618265608411 -452.5893190570081
-1190.7139757913267 -466.94884929209536
-1198.3542524750028 -482.91933650981235
-1203.0269842523385 -497.9257727420062
-1210.3237169487654 -514.1415176693329
-1222.0207055465214 -532.4982584155389
-1228.0022544654585 -548.6669873682497
-1239.243583393745 -567.4895074073444
-1248.4298299569548 -585.7166206226772
-1251.0743014092584 -601.129846500185
-1261.615578166068 -620.6143189845831
-1341.5709527545935 -675.4194094968935
-1314.8232036307954 -677.2598786241891
-1200.5701623538512 -632.5189999246245
-1158.5764201244292 -624.1447578339995
-1134.3622851838581 -624.6976916496934
-1101.5239150107857 -619.9524696775644
-1084.4764952228816 -623.627878874169
-1064.8694883798114 -625.5221600532778
-1044.4637868370805 -626.5934870280295
-1024.130520296332 -627.341754865372
-1010.656842596329 -632.0100841863355
-1002.2425979927905 -639.7114777527928
-993.77255000967 -647.3114542840086
-981.0836612230588 -652.0420612822138
-972.5312339511671 -659.3997262582236
-960.6369744605933 -664.3798637068988
-951.1857495662839 -670.9259793911893
-941.6958688742911 -677.3543316057659
-934.5878230452961 -685.438984166683
-924.2073563911729 -691.0548186594458
-918.5750884427691 -700.1748402308947
-910.4841222647324 -707.4091200315555
-903.1219989767512 -715.1745625819175
-897.2505546920332 -724.120461045563
-890.5184779266584 -732.3836702652426
-885.2431926681056 -741.8689168813984
-881.3894592394329 -752.617845351557
-877.4123868951671 -763.3586989894893
-871.0667801987004 -772.1001647676738
-866.8610017694248 -782.8001045038952
-865.4753787727286 -796.1961873421662
-863.9156625042006 -809.633082377399
-861.4576781311318 -822.4181836443788
-905.4100712256969 -880.5689086738632
-951.6220166129604 -943.4063480269161
-955.2086564907004 -965.2670213807322
-926.421178193272 -954.2765849558448
-877.2437227622424 -921.101216411227
-832.2034433161914 -890.729155766597
-818.9090525793001 -893.494243744006
-823.6900666436703 -916.1652002300382
-839.3551745263396 -951.758315432998
-865.5338330932505 -1000.5899178838977
-968.4853783539833 -1141.509996414636
-960.0722802822207 -1153.8033700044807
-955.9379763559347 -1171.463437483441
-999.6616232703358 -1249.2704426826551
-987.6570627547455 -1258.7825572316567
-970.6841866819107 -1261.8384245717348
-951.3353141861035 -1261.491625014779
-936.2437770275828 -1266.5198735026331
-918.7965604251425 -1268.1359866161545
-901.404681150996 -1269.5347970020637
-886.9262197850746 -1274.8219015445875
-870.1764628036068 -1276.6432248606511
-854.028809391037 -1279.0929570324931
-838.461650364899 -1282.1879974743836
-822.3745354679098 -1284.260535644516
-804.7313936501407 -1283.6013337769255
-789.7919238109702 -1286.9843499759297
-774.8616680252964 -1290.1993626665048
-759.9424699995809 -1293.2468605378233
-743.0427571078893 -1292.6594528759329
-727.6944295816854 -1294.4828377216074
-714.3062043155006 -1299.6367363522709
-700.4128265377398 -1303.772170442909
-683.7170770108803 -1302.448447580056
-668.4801385222122 -1303.5947623404002
-654.6274428083672 -1307.2516632699987
-640.766115412212 -1310.7630546134353
-626.0365471951297 -1312.3239849884633
-611.3360096045877 -1313.7234424949338
-597.4926478680281 -1316.783405022881
-582.4246441137581 -1315.8656975272827
-569.5165388812358 -1320.4146742371267
-556.1872645272789 -1323.9153019652213
-542.4643533385632 -1326.356447323635
-527.2662876009534 -1324.9400974985656
-512.1441754782314 -1323.3553353214404
-498.1560001672715 -1324.4114162515157
-484.8803353203359 -1327.2000830393429
-471.59666326944097 -1329.85622801607
-457.6557607812828 -1330.4887089425845
-444.0617171322247 -1331.9253700480294
-430.1744334536532 -1332.2724784378113
-416.32065530774327 -1332.4763082186983
-403.658462623078 -1336.3666583512077
-390.1197538982309 -1337.2567358657739
-376.8715094311215 -1338.9730637242512
-364.1494470129373 -1342.4888007876164
-351.1419774682883 -1344.916098371813
-337.8778261053825 -1346.247590388299
-325.32270703435523 -1350.3651862691954
-312.04491237230377 -1351.442552483294
-299.42317202855253 -1355.3190635611822
-286.3430463892033 -1357.1207241010472
-273.65001615872103 -1360.7570204324988
-260.72589948299355 -1363.2923403800023
-247.42127851380585 -1363.737038779322
-234.47006615811102 -1366.023348290874
-221.49774277275677 -1368.1866648767534
-208.35503949787724 -1369.2381741376619
-195.21233792148504 -1370.163546122589
-182.33414602613067 -1372.9454683973875
-169.2984878965893 -1374.6137719359313
-156.24758660421116 -1376.1583090910578
-143.1826172156838 -1377.5789407969573
-130.10475606434926 -1378.8755391439202
-117.09966813933421 -1381.0444119294852
-104.06512736638908 -1383.090542685553
-90.93672936507778 -1384.0157192938175
-77.85623606382376 -1385.814708576141
-64.74978530907984 -1387.489987460244
-51.8822936529169 -1388.030701247387
-38.64843256856345 -1390.4629799674615
-25.33632534524077 -1390.769237011662
-12.021896386213644 -1390.9480486370721
1.2945642220307303 -1391.9993980255433
14.630051378805831 -1392.923171462322
28.003416150692058 -1394.7188995220115
41.531072952206955 -1400.3842936777885
55.09132280877818 -1403.9194941844703
68.6254974515614 -1405.3254217794276
82.13329497865848 -1405.602405325186
95.78845252374414 -1407.744853431582
109.41470106846462 -1408.7574039521846
123.15607324979034 -1410.634106216666
137.13639165305534 -1414.367211895263
151.30545290142712 -1418.9558343804413
165.45932837894014 -1422.4089463485493
179.56807910242398 -1424.7285021952307
193.33273705075587 -1423.935199643742
207.5307053580425 -1425.9775616515126
221.93892337191346 -1428.8663738406458
236.5843321935618 -1432.5961935453151
250.97664911516185 -1434.20595508418
265.2396063506296 -1434.6877539112693
279.7259366237707 -1436.0091923034317
295.0641514975939 -1441.1031005799014
310.31541998414946 -1445.056517967398
325.44997547918695 -1447.873721517383
339.5236054219222 -1445.6654942832727
354.77448055478175 -1448.1768082479034
370.59887871650756 -1452.465996536259
385.7682387663181 -1453.6845826929352
400.4633009187715 -1452.817312884604
416.8267465594877 -1457.5703973917118
433.31766123891464 -1462.1425390359304
448.76084172450624 -1462.7076628413188
464.25441499615727 -1463.1106718757046
481.97758234836493 -1470.0022483362482
496.98914689708056 -1468.1627252680514
513.3283346741588 -1469.9466047515652
530.9966693741034 -1476.415773795989
547.2519634194595 -1476.8684059636278
563.2083936434628 -1476.2101155762177
581.3951546565571 -1480.9661286274843
597.8532607354394 -1480.871526712565
615.1296018236933 -1482.444121361822
633.6675285675979 -1486.5804597259553
651.1386159293348 -1487.7481315214716
669.9196476720405 -1491.4532059917165
687.5762354851062 -1492.2090739558348
707.0177812407438 -1496.3792490573423
726.1667280709001 -1499.4125126337992
744.1053942532817 -1499.5276463750738
764.8316696477606 -1504.784541754672
782.9573340676419 -1504.4579798152195
803.4978635688658 -1508.3342412211784
823.7061222691389 -1511.0755190050359
844.0408389770628 -1513.5666692084944
863.012817903874 -1513.1995493435804
884.5740686666541 -1516.9260750091025
906.2861035166418 -1520.3767620470337
927.1050787919175 -1521.8410471787888
947.5069645534542 -1522.195635298794
969.074006133628 -1523.985423367337
993.4857790758955 -1529.6934355530068
1016.9905638630605 -1533.4047714199583
1040.657736223973 -1536.804306356927
1065.0520958449706 -1540.7118592184054
1089.0403837734332 -1543.4740174394299
1112.5950418142752 -1545.1046155294118
1136.8730385572026 -1547.2296837256301
1161.8937146289372 -1549.8296667394677
1187.6760446905032 -1552.8846102876807
1215.4688625028077 -1557.9510404008627
1242.2223640735044 -1561.0600879516567
1269.1469160893832 -1563.7973351367523
1296.87542767973 -1566.9301596052446
1326.0702754759718 -1571.2013316246523
1356.1181210915881 -1575.8123751408418
1386.3758301168896 -1579.9892587190918
1415.6286041207104 -1583.468236244494
1445.2856821882706 -1586.3370691191658
1477.1620694877188 -1590.9849843624418
1510.6270154498718 -1596.6245708346758
1545.7154861130182 -1603.2132222478695
1581.0600120423928 -1609.2809693526203
1616.6538789022566 -1614.8235927897165
1652.4903157753056 -1619.8369536063904
1689.2831800334789 -1625.0102577079251
1725.5907153847577 -1628.9461878705263
1764.320929462776 -1634.3795941762141
1805.5241054125618 -1641.2442550620456
1844.77169340392 -1645.4790789358685
1888.0193135415839 -1652.4115927013968
1930.7997140555349 -1658.022154316119
1975.380076943633 -1664.2603617265438
1106.8575835051283 -914.8564312706053
1115.4189797558686 -904.3984186189057
1116.8377423831323 -888.2581027992641
2169.8726590324086 -1692.6773595649065
2225.41890448494 -1702.561217566361
2274.1407169945965 -1706.1456559471417
1111.6197778426797 -817.7416887434509
1094.123988247336 -789.1094336920218
1084.3552622038587 -766.6535497412118
1130.9754347161195 -783.7541489961533
1086.1848396511805 -737.6798045981327
1087.2520674975187 -723.5460881812372
1063.8571811158251 -693.6194188373698
1063.5959612479332 -679.269925152796
1087.7460929247425 -680.3656644238872
1198.139059532218 -733.8172756369614
1316.4864825787704 -789.3594499259365
1282.459948282034 -752.6390111151844
1220.1129430495796 -700.6949451814916
1221.422751224436 -686.2415484297999
1223.445433966031 -672.3074223208233
1226.1953004632348 -658.8695509141984
1229.6862109427325 -645.9046544322974
1233.0419319560442 -632.9325351394934
1230.8129059354085 -617.4371146787627
1230.3087362868635 -602.6942951581846
1235.9514636103095 -591.0363606408105
1240.577535354321 -578.9027368860836
1242.354286278032 -565.4916686977815
1243.0746445113691 -551.6932373819105
1246.399012141799 -539.1229011384581
1248.6754388262455 -526.1507849201437
1247.117594079059 -511.66561985193
1242.6119254618663 -496.14473966772346
1201.5703599068395 -466.6365504258621
1235.8658223356886 -466.5583234522049
1244.9155608954104 -456.57556465547526
1247.292141938737 -444.11520201168287
1248.5993693529992 -431.3242572025043
1252.6211939381442 -419.50106614522224
1256.5310655899357 -407.6403822089036
1256.5123483086336 -394.5449512386676
1245.8332007440283 -378.29041214903845
1172.5885721955603 -343.9768020613849
1024.7252511096424 -290.10887566270725
971.4685662191868 -265.137369769027
960.3914279617399 -252.3832504299965
953.0392613843775 -240.84261720036216
947.4991803282417 -229.93543284433144
942.812724946973 -219.38132481609125
940.94024758077 -209.58876516321
937.0110489039863 -199.4349373401042
934.9345186241994 -189.77208932015412
931.7775321802168 -179.97674995439016
930.4865412915096 -170.61886318740864
928.1168957921641 -161.13046808446006
925.6513633204298 -151.702187139901
924.0791892458238 -142.48737488907855
924.3952145795803 -133.60197327274636
923.6348930162454 -124.58966410930303
925.763698705377 -115.97661039770013
927.8121146191186 -107.33443047782711
928.7853633386485 -98.55835250192985
934.6524520473872 -90.2540518858113
937.4415417736635 -81.75790944622305
941.1589488603393 -73.18355676039074
941.8047007953514 -64.34209788139182
950.3535602899385 -55.965261048600766
957.8286633848131 -47.38408591987872
966.2249910479431 -38.70744985661383
967.5454099966853 -29.662764442078686
968.7810776164147 -20.596690325832565
965.9319902321321 -11.46255844880808
962.9970496864973 -2.3837565106151084
959.9770439235249 6.638911044057497
901.8800805621876 14.707830742232435
825.7272866411673 21.223762536732536
800.506956941672 28.100033594004245
807.2008540051837 35.927444847944635
814.8162683631315 43.93687302006293
811.3737381937052 51.39705214866572
818.8341977919816 59.59493708665201
808.2720842450639 66.46230382811318
803.6290186474866 73.68446503624372
801.9067057627254 81.12727810529377
802.1034287305314 88.76423614680311
802.22734915987 96.41203379209514
802.2782809094796 104.06997636653041
807.2082422779196 112.4271034875113
815.0187728908923 121.32765486658143
821.7448646952291 130.22817416757198
825.4164874128315 138.768232341062
827.0306277098571 147.0385691913509
833.476335265967 156.27283369675433
847.6696431958918 167.1890427155724
863.6885238038226 178.79075437385958
882.4945821711852 191.34344106476516
907.9660514211358 205.8121703561558
954.6502714716921 225.84034001706712
1030.1621659086486 253.94273356487713
2852.6586144791427 731.6856081938053
0 0
0 0
0 0
2524.1641180317324 749.1892319308173
2485.364216344187 763.5212584570554
2425.555799677475 770.5219417063759
2348.7419708700777 770.8405504858595
2321.399104459431 786.4522857840471
2252.4368390226145 787.0986508779015
2207.199573551959 794.9754980576765
2162.9577471535395 802.4106081231015
2110.3701615061473 805.8652377566096
2057.9172720319666 808.3919231860926
1991.7034312105254 804.3764305996419
1869.4172361663161 775.7932695791394
1851.819294237063 789.2618713021335
1843.2968667606103 806.474215948977
1834.6146434869856 823.5958413585643
1824.865234089853 840.207044370723
1825.8178211251711 861.8296142867987
1927.346554975912 932.3176803120724
1931.8136976104015 957.3044644860004
1923.493980044479 976.1249452465853
1913.2161325782013 993.9517242011859
1940.7404553431143 1031.8577833183224
2011.634816409174 1094.26932946621
1930.332591218542 1074.0098171243637
1242.9211201742557 707.1400773713603
1216.2434386240984 707.3902020835665
1193.9736576096295 709.7520024165366
1178.6082068189098 715.9076021520611
1168.3328331973523 724.9988902564252
1155.4576374563337 732.3534993729651
1145.0673928807307 741.1590016732754
1134.614565363284 749.8331734896009
1125.7586781888097 759.4941727772401
1119.2926983095144 770.7560285271899
1114.3505811683592 783.1135181119914
1108.4617074239152 794.8639148777977
1101.642866285339 805.9826270848661
1101.1239040186754 821.8285392943413
1103.5849642371184 840.1602387103061
1100.2667016024404 854.3197207983008
1108.7650219932952 877.5170231990985
1125.678574211053 907.6143165255662
1407.9642380084078 1156.425831815168
1382.854198280749 1156.9456626381843
1359.3738171674959 1158.4035675011844
1319.3668328818471 1145.111418287026
968.777083015393 856.3410321969783
952.8016362513747 857.7255050170205
933.9328428668412 856.1883233346856
933.4452488644095 871.4407423184095
933.4820666627668 887.4430861858184
1041.0767801759273 1007.8492634211348
1039.7343524569371 1024.9646219850486
1036.0493079920423 1040.0124188725874
1030.0785366992104 1052.932670322093
1071.7615920715473 1115.587777702975
1119.938052355011 1187.0816142486854
1371.46660490042 1480.3389313406965
1351.2658061347506 1485.3096381465389
1329.0894695063314 1487.7991067504304
1307.6391208627035 1490.76119133462
1284.9397172189397 1491.9419972349165
1263.6184349189675 1494.3618875402767
1240.4432194016163 1494.2103665282723
1171.2578238196893 1437.174697154513
372.31863429468825 465.3975016659825
360.6747140286085 459.31443550184827
352.8348761098816 457.8116973172753
343.242481009407 453.81229515131787
335.5399517316307 452.08620946887436
328.4858732307186 451.06654840261905
315.66472645559804 441.81985069902925
319.68304264933096 456.12690366000777
317.8023903421356 462.3014608378659
317.51290082251967 470.96662069754876
317.6436037202416 480.49822165708184
316.53950144559917 488.39199832160597
849.4284806379238 1336.984388944444
837.2776314634586 1344.627148264879
825.0580213034326 1352.159480787257
812.9983622662573 1360.6096659043635
800.7093002606791 1369.0363824515598
792.804347729871 1385.1632633811128
792.9728633689277 1416.0942899258098
812.3255098442164 1483.1076380547481
829.543991177837 1548.8401359406803
813.5927894215741 1553.8927804070725
792.6091460783483 1548.9902328784876
776.7082454605787 1553.6709115618885
759.9118780856894 1556.3926039223782
743.9935608902769 1560.7416766889407
726.7951539719571 1562.2092702845157
709.2215643846059 1562.5814451131346
693.3241246468858 1566.4196941377588
677.4171699873816 1570.0974421373621
661.114786986901 1572.6929892471908
644.0657029535694 1573.2702788392478
626.6939543289756 1572.7376410601712
610.8348157673089 1575.74770437609
596.0324717860836 1581.4061124760367
579.8021521665478 1583.1694363974564
563.9263639630399 1585.7099533103224
547.7277776203272 1587.1468998246814
530.9172532616504 1586.5232019069574
515.4005061770544 1589.52927567643
499.27510993950887 1590.4758296166879
484.04902199715565 1594.1306547154775
469.36143901895514 1599.5589515744819
454.0694903709579 1602.9276022061192
439.019177518445 1607.1148564340472
423.4213433481057 1609.2266359954665
407.3317906466985 1609.2485241032705
391.9879827648442 1612.0255647377148
375.9464574144035 1611.734860688184
360.5989787889826 1614.2132376165
345.23809645328436 1616.5455937762204
329.66552229946484 1617.7520339678206
314.1007137227696 1618.8087415253374
298.7263738965148 1620.6994025847728
283.5162476070779 1623.429252336794
268.2888446808878 1625.0015679437956
252.98281615969879 1627.4546674878254
237.65437755320312 1629.763601517042
222.3048867070529 1631.928165498152
206.93570333177823 1633.9481676866565
191.43188761404727 1634.8302151613552
176.1437064375379 1637.5537837525967
160.82120626265066 1640.1343053592368
145.46572629067634 1642.5713751538244
130.0786103038657 1644.8646008536432
114.73065609754426 1648.0111882361196
99.39503989126327 1652.0125986338646
83.8422702824459 1652.8749116959473
68.4471058399859 1657.5874015273312
52.93879558276751 1661.1566704926558
37.32446573026701 1662.5810910322389
21.701044404967924 1664.858571972927
6.038056833376398 1666.9890647120865
-9.645743168793475 1665.972076488295
-25.355468849107048 1667.8072730982562
-41.075980063890434 1668.4944602430633
-56.879708400163636 1671.0322255337603
-72.8216836531679 1675.4181574729093
-88.74558755345502 1677.654380583138
-104.65580081079128 1678.74094587481
-120.66592927182836 1680.6738926731045
-136.8026906483159 1683.450630054645
-153.0023803695523 1686.0721430594988
-169.36324547234327 1689.5325066665853
-186.13006579654038 1695.8159094095608
-202.67472561774852 1698.9537826544224
-218.5281215743354 1695.9792039058711
-234.61773668643906 1694.8379030550775
-251.73029402476556 1700.4684234263818
-267.56782311879397 1697.0360809456793
-24.259970456684407 144.98432271608127
-300.6834057342246 1698.5919137674205
-24.96540955331486 133.68892372158305
-25.836927779979817 131.4855625644584
-27.07329565877405 131.2365675494929
-28.077836463742372 130.00244266749507
-29.51702073562098 130.7086282036994
-31.43075806025782 133.34581901116186
-32.442351111054215 132.07381971604775
-393.7647613576462 1540.470484207002
-386.89673886865216 1456.4888991862597
-385.93104991091064 1399.7718473789441
-389.9823265879621 1364.3587449600784
-397.66127135146695 1343.3787676106597
-405.2740306481183 1323.3325206017678
-406.510182535328 1284.1956515636914
-404.2518610543334 1236.600757251146
-378.76301322251385 1122.8372900000256
-335.73758942472307 965.2793746098982
-339.72207335326874 947.9651432814164
-343.0653900989185 929.7242269169267
-346.8066609127443 913.3751364836645
-335.7225118857451 859.7786895551237
-381.02285879499664 949.3948499310959
-442.5154011882026 1073.3597345304343
-458.4171415649737 1082.9726332273585
-479.3190302090352 1103.3867260754364
-495.3521938870982 1111.6272774681443
-507.4259406959382 1110.5673841369744
-519.5232815372891 1109.3784565876185
