-540.145926748827 1100.5990994983827
-548.9807436869652 1092.8628198730648
-553.7700166430205 1076.9678586973657
-555.9806809629382 1056.6558012881903
-564.493864498013 1048.7266931589463
-580.140771265074 1053.8717595210364
-593.9723860338357 1055.328292347586
-855.2245702506619 1486.5449654953497
-867.17110525003 1474.9695841675655
-875.886045792696 1458.157959476831
-880.7006948135662 1435.3474444032363
-888.880885888595 1418.5086431537547
-898.4392265660712 1404.1709141580166
-902.8847458659147 1382.2446005257689
-909.2164760511886 1363.6885273687164
-851.7103368226519 1251.713027075074
-764.804756788642 1101.523800920101
-751.4537812361973 1060.8096976676927
-760.8336265264037 1052.8690292466015
-797.4233582992061 1081.8742938247565
-976.433262587928 1298.9238175165988
-986.8080575384895 1287.2815766479039
-990.8918608744821 1267.680685367063
-992.8248172545602 1245.7720025122771
-1000.7395426286217 1231.7018177381476
-1004.6503298930811 1212.9726767927311
-1014.7486776871128 1201.9210128507846
-1032.5553903673972 1199.8826466880969
-1092.6144147314449 1245.7298024535905
-1098.976222841538 1229.4113476086618
-1103.1076088287782 1210.8664680071272
-1104.9465371264134 1190.155094973906
-1108.5556684762519 1171.6967738665028
-1109.8334361449113 1151.1171721483347
-1112.9251055429395 1132.7584515033366
-1114.354921551911 1113.0310457543555
-1119.0833259912365 1096.878074121455
-1120.723846084943 1077.962457981062
-1121.3807487601703 1058.4277095343264
-900.203760790714 833.763868885103
-881.3813757706822 801.0292569217303
-876.8307525873232 782.171868144814
-871.4095276685612 762.6332244850437
-868.7327947490778 745.8742061014423
-867.3473151100596 730.5235348511168
-864.9787667390738 714.62978743581
-870.1569941832176 705.143109924523
-868.9703954045501 690.644953583576
-871.5314650001092 679.3069302714077
-873.9560490352708 667.9826527348292
-877.044863911188 657.2733880867272
-881.6212277192253 647.7499601195246
-883.6616773065963 636.4456300892425
-890.4690904108581 628.6213478898558
-893.0956344086393 617.8803992685235
-898.9097799011518 609.3908496179304
-902.1442140190711 599.1867965099968
-911.1336748415114 592.7937470738057
-914.1793055830391 582.5222718864168
-920.5058894996496 574.363915472115
-927.6132390063002 566.6592263611707
-940.6649683737506 562.4637030728389
-949.4043012344359 555.5461032151629
-959.8323675451722 549.5068936898148
-966.7407182130006 541.3652960331053
-977.0891991479016 535.0632643982507
-990.0494078298326 530.0294048973111
-1003.8872743174833 525.2612116494174
-1017.7228696791186 520.2779646805154
-1031.553357120133 515.0792865318734
-1048.9713384513248 511.4177657332957
-1077.2470900848516 512.6282345947399
-1108.358851947985 514.6111690476071
-1659.7568489316664 751.592444363583
-1718.0334276850867 758.4491686043511
-1746.2703342652562 751.2262772727739
-1755.1542148826095 735.4200717819791
-1750.0062394912413 713.8474359005038
-1744.6081197861502 692.4388120088543
-1752.0233828693085 676.2381724504943
-1771.459951681856 664.5251233680458
-1830.1575671771643 667.2535345010648
-1875.0438831119377 663.5747406317588
-1973.933052714994 677.6114693533942
-1974.5668816745513 656.9981961878113
-1869.3378903781027 602.3884557299749
-1844.408143287308 575.1370279989505
-1828.7070665155738 551.2988888760842
-1822.3231054493283 530.6057852544735
-1823.4141238205257 512.2469453806683
-1828.182204514213 494.9604298300543
-1831.8187275240007 477.3773659196158
-1840.136394273775 460.98487010867296
-1894.0047578628278 455.46676848368537
-1937.2101682275334 446.4983360728815
-1944.280263431298 428.7834619379844
-1957.0594865359487 412.2113125080982
-1034.3612823335384 207.65774151068368
-1023.5116269260282 195.41737268532395
-1017.4440012801068 184.2924422192242
-1021.1144906265598 174.98913404112048
-1879.6035682141223 303.8197267406106
-1880.4184954614063 285.7101361986673
-1877.0990494754196 267.04898138445725
-633.4536622374236 84.00867692087591
-623.302914595714 76.66470280701608
-607.1090756246299 68.84453714135492
-606.7390111527432 62.990255955912694
-606.3126035472375 57.14916254653636
-606.8265004706852 51.406209026746204
-615.263486164481 46.25843266615787
-2040.6046474789885 134.00624122462642
-1144.1966164704252 64.26587630796541
-1117.7831456357355 52.17125005863157
-1115.2290615467475 41.47457391656581
-1115.5717464846964 30.914049315551033
-1114.8145983551012 20.332518150841963
-1111.9572503409809 9.750559682663594
-1105.999729609962 -0.7733709917464018
-1083.9439739593993 -11.0209490110863
-1068.7939400753273 -20.988417240411643
-1062.5559012564572 -30.72387841854907
-1063.2232081025336 -40.649843199654484
-1063.7977073412949 -50.59088707865309
-1065.2775618491482 -60.602939043697766
-1064.6673997626108 -70.51473521698145
-1066.9564828818134 -80.64653517957693
-1071.1417592345576 -90.99632752972558
-1076.2219551135902 -101.52489020669546
-1080.2037768241678 -112.05266857510966
-1083.088769003448 -122.55088110085326
-1085.8715728157117 -133.11246129019085
-1091.5254427927614 -144.12913562519668
-1097.067707974541 -155.26250068669975
-1100.5191142765889 -166.2127525548872
-1100.899234125969 -176.76503132931808
-1105.1214336035678 -188.0096194081444
-1110.2134081555646 -199.52490659465465
-1115.1861686100385 -211.1511528286373
-1116.1150160633317 -222.10644051433684
-1121.8308367498082 -234.11871714415605
-1128.3960294445171 -246.4698779442396
-1128.9781043162727 -257.6284921634936
-1132.3684389598714 -269.51385576178484
-1135.6348286342325 -281.4845217643371
-1140.7126741962322 -294.03842423751473
-1142.7565962089259 -305.9352248777344
-1146.6045304828801 -318.43060574658
-1152.2402820609611 -331.57703840295795
-1154.854741596827 -343.99931077158595
-1158.2929720085838 -356.7932048057003
-1162.5454199090973 -369.9839816105292
-1167.602051045724 -383.5967288622501
-1169.6639676500206 -396.3725555348293
-1175.3649964635492 -410.53882287579233
-1178.079960819698 -423.82968975174316
-1182.524305758588 -437.9009777223265
-1187.7425396758754 -452.44741069465886
-1191.8604893708787 -466.76393806356737
-1198.597231333476 -482.3159514672157
-1202.3741893765916 -496.88762182306806
-1211.5245689841831 -513.8717921307701
-1220.4547509899744 -531.084928035055
-1229.168537415377 -548.5077088137807
-1241.3003197603052 -567.8014760133718
-1247.7454291402994 -584.8207794354524
-1253.078985648646 -601.5754779957044
-1258.208037113607 -618.4792117304545
-1335.487813499338 -671.935487970949
-1319.4107008366948 -679.272701142643
-1204.215502805468 -634.181380050671
-1160.4158427964685 -624.9472552039587
-1135.2906955182757 -625.0848235796719
-1102.421403536221 -620.3966868264438
-1083.609607536852 -623.1293753738698
-1062.256579891827 -624.0472405808061
-1044.4112056629488 -626.6811258412572
-1026.609548972823 -629.0380226646218
-1009.7029868696749 -631.6493317549362
-1002.1083803701152 -639.9217092676138
-993.609570695384 -647.5615963153888
-980.059447979292 -651.7764021706564
-972.3098580924919 -659.7261097274823
-960.3860392890225 -664.7425483138145
-952.5380346400265 -672.4784699632515
-943.8177776018887 -679.5417593368577
-935.0486897119305 -686.5012366106866
-923.8303070099162 -691.5587927645516
-918.1636680194554 -700.7142632550441
-909.2494723755691 -707.3679360734053
-902.6417128067798 -715.7806495716708
-897.5115977765539 -725.3888142621014
-890.7370039757445 -733.6917539050812
-885.4174660128731 -743.2172703048166
-879.9976980103655 -752.7071485620803
-876.7394849515667 -764.1314517325284
-871.1014791550706 -773.5678464193353
-866.8467514937537 -784.3071524758183
-866.1437664304623 -798.4228052063975
-864.5238646652019 -811.90793038641
-865.6179143218665 -828.1966109596573
-908.0295391853086 -885.0459626295778
-956.300748884064 -950.0488817338706
-950.7093738338349 -962.6841052518098
-928.9591131642012 -958.7804577009175
-870.1666641858357 -915.4119163194761
-825.9309787671541 -885.6404565695556
-821.4966054680466 -897.9044087231538
-825.586411531047 -919.8386147011271
-841.2261855223857 -955.4410001624678
-888.2877477902765 -1028.5066247359216
-966.3462479713623 -1140.701507420618
-960.5353328190271 -1156.0194091823203
-957.6782359973536 -1175.2056825496536
-1000.1150708367325 -1251.468675231321
-986.283096047456 -1258.5891523650776
-965.704394147389 -1256.8373097280428
-951.2664714779773 -1262.7957476337328
-934.4267928829377 -1265.3756630908101
-917.6248693121239 -1267.7498172825376
-901.4416772423758 -1270.7347884316587
-885.8561730644 -1274.3480060971162
-869.7211338385513 -1276.9534640520712
-851.9522849524634 -1276.8720782303435
-838.6410807271377 -1283.2654198242928
-822.5902722604538 -1285.309785220074
-806.0461079921675 -1286.3178735408596
-790.0808164487532 -1287.9803195234279
-775.1869357971734 -1291.1704823799948
-760.3043085322977 -1294.1940961182079
-743.4416119678733 -1293.5836152311956
-728.6201055669213 -1296.2568193701618
-715.2604302924705 -1301.3944509094197
-701.8691224450903 -1306.3953210870586
-685.6584548114294 -1305.9469680448756
-669.0641383628622 -1304.4190962864507
-654.3532349629834 -1306.270586017108
-640.986078801662 -1310.655502709415
-626.733395452811 -1313.0994825313846
-611.6483237283284 -1313.5780631847983
-597.0248184333313 -1314.7993634675397
-583.5934531279304 -1317.5354573848167
-569.8212129217492 -1320.2832216249612
-556.4372066917969 -1323.8102715302637
-542.2804256775813 -1325.3512515280397
-527.0354050474773 -1323.955694812497
-511.8664788127115 -1322.3905277443105
-497.12756288361965 -1321.59304864296
-484.1662199772864 -1325.3316835543117
-470.8446323726449 -1328.0008780742085
-457.5162065295453 -1330.536704026918
-443.5499849873896 -1331.0418516401678
-429.61580811199764 -1331.4019894157718
-416.60917917613534 -1334.4814692704379
-402.7162250309283 -1334.5619663757989
-389.6989497422883 -1337.3794258062135
-376.39398390761136 -1339.1073776505589
-363.35293361306987 -1341.6686049970672
-350.0450827364937 -1343.1353022134447
-337.2282454343732 -1346.410453940868
-324.3807759497867 -1349.5633042559414
-311.50384128470995 -1352.5935667689944
-298.5986111175967 -1355.5009662256396
-285.8720691219798 -1359.2638302021862
-272.7079557357232 -1360.9461307775714
-259.5377606297213 -1362.501064516028
-246.5404658414947 -1364.912743988662
-233.18404864192027 -1365.2289915830834
-220.32091358270847 -1368.3766641674654
-207.11985668060066 -1369.4255602144308
-194.1990624744599 -1372.3274842886594
-181.1110831420516 -1374.1159978557534
-168.00665255498015 -1375.7796933729144
-154.66345894801967 -1375.330947250964
-141.65092533904988 -1377.7372809612837
-128.42098406274155 -1378.0290457215904
-115.3649486736455 -1380.1869179997059
-102.27943905139577 -1382.2210085031018
-89.10134286785922 -1383.1330198860644
-75.96992598713486 -1384.9178929978157
-62.8125756997487 -1386.578010908136
-49.989612738692166 -1388.10015439025
-36.689895049931074 -1388.5153407871392
-23.420484621822578 -1390.8028188424407
-10.103353816645704 -1391.963333655616
3.2338628450067133 -1392.9962462731548
16.58994185232199 -1393.9012783656297
30.02809417556517 -1397.6774712215201
43.54010980591201 -1401.3237523278085
57.08410020061569 -1403.8398788694835
70.63008294389321 -1405.2260997374547
84.14808968746091 -1405.483226154603
97.67749903767518 -1405.610225553921
111.45368958388012 -1408.5975561096718
125.38447333551032 -1412.4456569533488
139.39917110231687 -1416.155666265537
153.38892074032663 -1418.7321237619587
167.67480571785072 -1423.1564072608046
181.67991431864954 -1424.4607431351585
195.58935084458818 -1424.6363767067696
209.51880026743206 -1424.6760587356328
224.08681313866407 -1428.5310987785172
238.91225458635648 -1433.2236164006174
253.67419119181488 -1436.7777854362791
267.42628670293954 -1434.281764919389
281.7319496896199 -1434.5978908823495
296.87653541824295 -1438.6887511613
312.1252235121406 -1442.620478451452
327.47634892141593 -1446.3914549308906
341.77745930977517 -1445.1343080515924
357.2818193841247 -1448.5902462523934
373.3811134580513 -1453.8182637843101
388.32304472670853 -1454.039274893969
403.03611573513984 -1453.1434510787747
419.4264915870769 -1457.865020554014
435.94408728698573 -1462.4051260712665
451.1126981927994 -1461.984040107556
467.83306553089693 -1466.1695750478398
484.67477204077585 -1470.1681418624273
500.3470386195877 -1470.1910899419195
516.3953108718989 -1470.991802461698
533.751706377661 -1476.4853930665672
549.5955042401365 -1475.9978935347538
565.1207579016872 -1474.40819618877
584.3338922000173 -1481.9591433053674
600.3614656115601 -1480.9355524832063
617.9609256185817 -1483.4329423363315
636.4494931420618 -1487.5671556871685
653.0626415336926 -1486.9045652741254
671.3646173527529 -1489.7065316923304
690.1991532215096 -1493.2013022001793
709.1615576890441 -1496.4711440906733
727.8123801203832 -1498.6144064913774
746.5686962753965 -1500.5369644702707
765.8819730606152 -1503.1280063057768
785.3126757724891 -1505.4859684736532
806.2709619723646 -1510.2553214209038
825.9536381564822 -1512.1275037562377
845.2576825419923 -1512.8874545397423
865.6435380754448 -1515.152225021706
886.6538738848906 -1518.0279667795703
907.7978349642239 -1520.639369092576
929.0722768890482 -1522.9841444730143
950.4740237554607 -1525.06004149545
971.9998685831296 -1526.8648451891147
995.8268185364396 -1531.749962455881
1019.8353195104188 -1536.3176497974246
1042.8994659843936 -1538.9092578347386
1066.67463397958 -1542.0214736586936
1090.6039377562536 -1544.818452424282
1114.0989884364476 -1546.4861602888286
1138.9094486292067 -1549.4561200056994
1164.4776866159252 -1552.8917275114911
1189.607314728757 -1555.1843738746336
1215.5015441767619 -1557.9255425417184
1242.1787007056191 -1561.094832325474
1269.0266288673579 -1563.8949501886466
1295.403192459487 -1565.552480425287
1324.505904960093 -1569.9044900011736
1354.4612354160545 -1574.5995559999424
1385.9449033403437 -1580.3672753208114
1415.8630159905902 -1584.5999242553403
1445.5707004122178 -1587.430108732265
1476.817160700824 -1591.3051479397523
1509.6384133024128 -1596.183216639548
1544.0696973464617 -1602.021775674852
1578.7440038032196 -1607.350730380703
1614.362195960484 -1612.8728096950622
1650.2234969581825 -1617.8638416402994
1687.7623377309985 -1623.7063439356252
1724.1022188198474 -1627.60945532412
1761.3979173151754 -1631.648974772994
1803.361509115144 -1639.1632827274866
1844.875243937156 -1645.3629794996052
1887.4169555985834 -1651.5814347827284
1930.238052420417 -1657.1412314550125
1973.32987035622 -1662.0376718834934
1104.7047844021993 -912.7520689206299
1114.048589402017 -902.9129196391956
1116.2598896257562 -887.378081097733
2156.115175463195 -1681.0482890557655
2217.168532264853 -1695.2417820283088
2268.276684077631 -1700.6310253755184
1120.7628678656247 -823.8759579048416
1081.4358835211415 -779.3493631439294
1086.2942685222592 -767.3752420919569
1197.9056252932094 -829.379956890016
1068.3148027278282 -724.8341067255332
1074.2766776164342 -714.163580651797
1072.5907175008572 -698.5335730879342
1067.3338443618734 -680.8483419086106
1087.2831579274095 -679.2196511345941
1230.1388984990588 -752.4109850337927
1315.2615404432302 -787.5125905221458
1281.2235668315311 -750.7936945629531
1224.9254796217351 -702.3543047304986
1221.0349320598514 -684.8895492629408
1221.3084802239853 -669.9661156603219
1225.8158755203133 -657.4621200665233
1230.1961905609182 -644.9328125699649
1231.7793080627746 -631.0116767765808
1232.211836604589 -616.8776132520497
1232.5644834888003 -602.6348762243907
1235.4661118278643 -589.732555083183
1239.1408005763763 -577.2513112561437
1243.6005698316649 -565.1668981056469
1246.1142398479565 -552.2393514121839
1247.5769956433487 -538.9180271075703
1244.2912648940996 -523.6785732758614
1245.4565290699818 -510.4449374780337
1239.0526818030764 -494.2716375805961
1191.4361216572968 -462.3461560456831
1238.7672813608306 -467.3666896879759
1244.043691319605 -456.0485654926366
1246.3904139571598 -443.6664693164223
1249.559652748361 -431.6070831478508
1252.6123935726055 -419.52734293286323
1253.6461877758175 -406.81105672678035
1254.5518552676874 -394.11247435777
1249.588983269164 -379.68852088565615
1195.5322617295785 -351.02508623139516
1029.4484824430124 -291.7804345664374
974.2678165551986 -266.27471082467787
961.2542801758591 -253.0340072867498
953.8957287805506 -241.53454952495323
949.3218036232536 -230.90498731186534
943.659090480712 -220.15567436047448
940.8066920014237 -210.18745986699207
937.8507104848127 -200.2923983658195
934.7922698444937 -190.47155230894506
933.5959031009266 -181.10684612450493
931.3228971117105 -171.6002952079341
927.9689079919442 -161.98057229260124
926.4901554084624 -152.76449826842267
923.9322385707788 -143.43715881733513
923.2603078420826 -134.45967411585815
923.4922885047496 -125.64232197894329
925.6243615745781 -117.08347987506498
926.6838115976515 -108.3794875557566
928.6556946027467 -99.77274618797466
933.5332803041047 -91.43092783439364
938.3252893230892 -83.12431303018836
940.0608814192309 -74.39448383649662
941.7151745017899 -65.63939452084695
951.2733528550029 -57.34115579582603
956.7630918639891 -48.666066687785204
961.1742058537923 -39.85154954743554
967.502763537302 -31.02261348892723
965.7517895135935 -21.89705576765499
968.9144814815751 -12.873522256577724
965.9926467293573 -3.769146430053327
960.9855592415755 5.268294710474371
893.9012148602901 13.289773184571835
821.7583180091136 19.931552444115542
813.5396276905623 27.372873015111313
811.2487970477448 34.919754990363565
812.882653228906 42.63557293545142
812.4467790736362 50.26162724061081
812.9368312149994 57.95436527230295
809.3669342049784 65.33885379798178
803.7383800071228 72.48183567988417
802.027765314622 79.92160949601595
802.2365816032639 87.55265351495503
802.3727186444038 95.19464467704286
804.4197620004151 103.10114695383196
808.3701115934656 111.32727735091702
816.1937787608638 120.21944731224733
821.945130692866 128.95814100043236
825.6309077423712 137.48674183537952
827.2589036012583 145.74877842522034
834.7032466760303 155.14989522553375
848.9130371170763 166.0471481617838
866.9086627715246 178.02912798664963
884.7524435161778 190.36311011367897
913.1710724858929 205.46190005683368
951.116652563475 223.39676187548014
1031.5405622884468 252.5234015960403
0 0
0 0
0 0
0 0
2548.405691974173 751.8493393716842
2517.176996776081 768.9239018923453
2431.505921090488 768.2961380235483
2363.195882093263 771.6872571563193
2323.4771301307283 783.4271030284021
2282.8088006559437 794.1492174949062
2226.1493853295697 798.4258977493026
2162.117921989012 798.9187013795074
2114.1755058317153 804.3046254630215
2055.1576111485533 804.472618140712
2011.1778580752848 809.5601417978224
1873.9639747970934 775.2696441643245
1857.247817299312 789.274695614234
1846.852017043727 805.8303960148916
1837.2223950949767 822.6681414528449
1831.0747178441923 841.0650258284498
1826.5523711058577 860.2717219620605
1909.1839164198216 921.6380923572286
1935.2251515944915 957.1753301438965
1925.0749460904865 975.2181560731477
1908.5428730506324 989.9313621295356
1910.4543243420421 1014.2648937051855
2021.9124498669812 1098.3947583054562
1930.0064739634515 1072.5385822706635
1239.769721787183 704.5899778876583
1219.9936966270427 708.8980040811817
1193.371873778549 708.8071464610633
1179.6882644725586 716.0555835029309
1168.5254351685865 724.6884208844971
1155.6163608596971 732.1030163258379
1143.5125913476213 739.8803642680674
1133.0350100545522 748.5957961347905
1124.9827611730943 758.8562360970361
1117.6616129425963 769.598284142158
1115.1468331821945 783.7196823123194
1111.6510066959902 797.2804019363522
1105.5763627122303 809.0741042772255
1103.3841081357816 823.8158228107822
1104.1924699374283 841.0130732238835
1102.4027414624636 856.4602708917936
1110.8775683505396 879.681776630386
1125.4881545145342 907.8504359460693
1410.1124032388313 1158.537012888241
1385.8247948178337 1159.6286638696497
1370.0051117537687 1167.512738161149
1314.883398516893 1141.1234150190176
974.8614333210804 861.5371064691112
949.9722573314201 854.8898819734891
932.6558310648069 854.6216126338102
933.7011378634323 871.1665656764679
938.1484782032628 891.242634104149
1044.3746169733308 1010.1933772411143
1040.941244717554 1025.1645355970277
1037.322534600195 1040.1552572624084
1032.1183780138697 1053.7346220780728
1068.3505193241049 1110.544086409862
1122.1828620346228 1187.7127700567098
1371.285812064953 1477.7791518455533
1353.216365591005 1484.8860117519703
1330.4621575919818 1486.5717094091654
1308.448125374664 1488.7200889366434
1286.503871909953 1490.593434696631
1263.9860172077997 1491.4303028647246
1241.5580243800587 1491.9834691099918
1170.504857840655 1432.6263915520433
372.2979072049343 464.1328132020253
362.538002517646 460.3935237712573
355.3222826126217 459.6814935136678
345.7312856738364 455.6905508196501
337.43579992457137 453.16893199916586
330.39401667852985 452.15018936524547
316.98844354509976 442.10216767038713
319.9013734444755 454.75170287568824
318.0679167816663 460.90432880823647
316.7099950795378 467.8886395465476
317.4641931750847 478.21803191817486
315.3299567952614 484.407904918467
315.2618039107274 493.96962962813217
839.0638871699161 1341.1546492658147
826.9605477068818 1348.6512716548834
814.9352063333719 1357.1181265749804
802.1643951490635 1364.705566470342
793.3119450381055 1379.1073772044938
793.5783986853642 1410.020327917287
807.3191977596996 1466.462312140559
830.0228036257815 1541.772728212948
815.5185655605409 1549.4936170330222
797.2831543597806 1549.9640549942178
780.458215180255 1552.9098410267259
764.0890464133723 1556.5744213339442
747.7199828186973 1560.0688533823136
731.3527732665407 1563.3934632827848
714.1587433593032 1564.7291424663442
697.4109201753652 1566.7938627720464
680.6874133629625 1568.6824552117741
664.3794868427528 1571.3166127367713
647.7014235864444 1572.8585015455437
629.936844580457 1571.441558518807
613.7095825075214 1573.5569733372997
598.9166113395601 1579.2466218616833
583.3792835347249 1582.9205954634967
567.8258041647148 1586.442200688287
551.6013854100554 1587.9221994838751
534.7607872992464 1587.3424017416942
517.6694586509153 1585.6362544985116
502.46594712852595 1589.4706577902698
487.5285429948245 1594.1157171815803
472.54820821102913 1598.6204023834257
457.25180104623524 1602.0227184531354
441.66775090043905 1604.3146816677045
425.8246309578595 1605.4888301291924
410.74028986397207 1609.4139971686777
394.90523486114836 1610.283781039622
378.8610304137635 1610.0249437924313
363.73619107199966 1613.5092138889179
348.1578233764228 1614.896321756227
332.5854898786112 1616.1333150214448
317.02063445794255 1617.2204294182916
301.8309968513304 1620.1240845502334
286.26694722472945 1620.9155545328802
271.5551856235686 1625.4727869641342
255.88812217586778 1625.9880900330445
240.52781362101612 1628.3311613043256
225.1460714628498 1630.5291308360136
209.4894130786912 1630.5981067718512
194.20571265203142 1633.4959874983826
178.88595896431838 1636.2505351215066
163.43220643850236 1637.8662686247137
148.0537833608717 1640.332002136315
132.64336405786176 1642.6532616384425
117.5576804629912 1649.8170176610986
4.685836349867349 75.85540809792181
4.805271515480497 91.87442171607128
4.066192702157051 94.9129394598488
3.203426941800095 95.94653748743906
2.273640634056667 94.97278851474861
1.4060106617869381 96.9898094338727
0.48027816112111943 94.99878595481076
-0.40773865372022416 92.99910617414697
-1.3132554997049963 94.99092251364073
-2.209886747366622 94.97429336701491
-3.106321070459707 94.94920099404322
-4.0446099406370255 95.91475971104812
-4.9498402762354115 95.8723061224656
-5.732658079570031 93.82503200821591
-6.758897069736312 95.76177374297487
-7.9020173938515095 98.68413307673765
-8.56554475654562 95.61710852678831
-9.467763910039022 95.53199174383292
-10.369139384404992 95.43836203763549
-11.269590857438441 95.33622775160521
-12.16903808927286 95.22559798700047
-13.339638448895418 97.08786765632846
-14.11006390075999 95.96825567194847
-15.015350754549486 95.83078441564511
-15.09871712726187 90.75256878519158
-300.8853066651773 1708.710927053784
-317.73252981847116 1709.7271827678105
-334.4337037225569 1709.5958872828435
-350.95942268164254 1708.3218325687253
-368.8868929707121 1714.7706727706811
-386.7596061874389 1719.0290884745775
-361.29774810921856 1538.136514491223
-372.4235147161938 1521.0709140886354
-381.28487219175935 1496.181087381375
-392.78396137337734 1482.8610048442968
-394.2563788239479 1433.7820293742795
-394.01858469582766 1381.9255967360532
-397.08960568755214 1344.5905864072172
-401.83179598655835 1314.9738429848014
-413.28197137154405 1308.2744406810255
-407.8918065846717 1250.1397018417952
-376.5549722598674 1118.3051251185298
-330.6407690468044 952.229322087982
-338.9111925125733 947.1933295741189
-343.3131173832296 931.7645107174928
-347.80966856408327 917.2728244384778
-335.35123918133877 859.9235700802371
-381.7506961102362 952.3352382534997
-441.7198977579428 1072.605953705606
-459.97070941709075 1087.7444306813702
-473.36914226166607 1090.7074104242872
-488.89744497711166 1098.0816400864064
-501.28343051056197 1097.9817495275422
-521.763848104376 1114.9544774614403
