-525.3403677050751 1109.9556288696842
-535.6092153736064 1105.0369986597143
-545.1503730719554 1098.1288953212677
-552.3432810224255 1086.682060176472
-555.6764746969855 1068.1009575261744
-558.2382480491121 1048.6725220082092
-570.5255983430633 1047.7354349430439
-585.2775449167669 1051.0276853709431
-647.6392604318695 1137.560718532097
-872.1296960196335 1498.714713786684
-869.4028604153505 1462.0327172473285
-873.8498433466698 1438.358596207149
-888.4732083085709 1431.7263558787604
-897.6962144544103 1416.4993845936613
-905.0812143736803 1398.7079735912941
-911.1080912612716 1379.2356745814845
-909.0214241854728 1348.1676640432431
-800.4245704885598 1163.2130101396754
-749.9069551408969 1068.0189879544787
-755.3187540922506 1054.3730742562284
-771.7503324325112 1056.0612787098619
-811.5886538620437 1088.8011099013427
-984.6503034639074 1295.2192014822954
-989.507562457773 1276.361932932378
-992.8565107654696 1255.9605682626413
-997.1638646309061 1237.168229091887
-999.9354230116211 1216.8624202458427
-1010.1187433400504 1205.8147139395494
-1022.7801785253664 1197.7252215828219
-1076.7414753854503 1237.0237650040374
-1097.0239531208438 1236.5061448610422
-1101.295353598443 1217.913192367371
-1102.603037143371 1196.409437643407
-1106.341792272345 1177.906549209917
-1107.0638801434131 1156.5511511739594
-1111.6715640970501 1139.5834035199082
-1113.9427653868283 1120.5050269598728
-1117.3766459886224 1102.8913958315284
-1119.859275334971 1084.6179988577699
-1123.5466038042757 1067.7748026058107
-1050.955269226748 980.0316434098105
-901.4030508102741 825.0797173545901
-878.6921268451804 789.0888075624274
-874.1400877049631 770.1325256520201
-870.8215135854836 752.6426054088936
-871.06432513361 738.5194252553744
-869.5803398076018 723.181189343373
-866.3345734755088 706.6741871619538
-867.539818651874 694.0429835777272
-867.7970296588596 680.8357476772647
-871.8451433508881 670.7354515868902
-876.5782431635927 661.2220380569823
-877.1893125354947 648.7063356970598
-881.6904055466443 639.1737078189259
-886.0897031364722 629.6141977397895
-891.2077349107349 620.6003329319743
-897.8865990745828 612.6733674661233
-903.6638675714092 604.1197020838522
-907.6864979037305 594.4158658071478
-914.1316990913614 586.3098470231766
-920.5047261228343 578.134974885213
-926.8048520840986 569.891889882083
-937.3152462459502 564.159666366618
-946.0766115984276 557.2638916944449
-957.3904738774237 551.7503788206783
-964.3287926007989 543.6165742148462
-976.4532671279006 538.2973315141443
-988.563043769111 532.7964981997825
-1001.54051696376 527.5799398005619
-1011.8399249879366 520.7916725528617
-1027.460908025324 516.5501742132865
-1046.6822868651188 513.8211657403821
-1067.7468155235106 511.63731093363623
-1095.2039164406574 512.0638450555218
-1654.1197555571143 754.3287309095897
-1691.3619845518624 751.9944396156036
-1745.222617481403 756.1759156647083
-1752.3243380016356 739.5697495484313
-1757.4181376872125 722.136752511607
-1746.5541225683671 698.3621531407913
-1750.3107785130956 680.6586358967919
-1758.417215976517 665.1081825969335
-1816.2464283746733 667.4383203085083
-1852.6095440401712 661.004445772696
-1962.7187622562444 679.4586523750477
-1977.5820813531216 663.7507902150141
-1910.5379237057073 621.2292991177126
-1851.4582214676554 582.7378949063001
-1835.834016727522 558.8152315623583
-1824.721787562625 536.6510952138818
-1823.938010242059 517.7510355317884
-1826.8186210574142 499.9697248413024
-1831.4601867617905 482.6899463490693
-1840.785029923851 466.5956210770161
-1876.202608886217 456.75460633534203
-1933.0196543965071 451.2870657539477
-1941.1002598529094 433.8787632495594
-1956.8476004274041 418.0292677570682
-1035.7170035759032 211.04333323692634
-1026.8656799695761 199.15540489933989
-1018.8666081192971 187.63484447052647
-1017.6382941929611 177.48606196555386
-1886.5860390445266 310.70422797619574
-1886.472399285318 292.4087665147813
-1883.2129170613543 273.7117261157527
-622.2957163757661 84.45141431836421
-624.0578816022529 78.69409387055963
-606.8943883451674 70.71210218304394
-604.5523178698089 64.6567471981191
-606.131426684012 59.03976275362374
-606.6621131805931 53.31116610295879
-613.1203211394532 48.046558730608844
-2042.1632415907054 140.63532520580583
-1135.999000125986 67.45570185506799
-1120.6054332042047 55.92372549479104
-1118.0861767120925 45.21395188805403
-1115.4648489025776 34.55677737796143
-1115.7415239918332 24.017735954528252
-1112.9188459610345 13.440323833849389
-1107.9961704232521 2.9131301734884025
-1089.974667991526 -7.431227137053572
-1072.8611137769594 -17.263561198724496
-1063.6555565875165 -27.07133060084798
-1062.3563344141799 -36.98673721845837
-1063.9618470923115 -47.01263587501434
-1064.4740069162929 -57.018318105432726
-1066.888037394041 -67.16335061245219
-1068.2077596269617 -77.28636537415579
-1069.4312772498674 -87.4399407577398
-1073.545738163382 -97.89559781338137
-1081.5376308295474 -108.83635927211806
-1083.454023914637 -119.278573361612
-1084.2765083498764 -129.64741972210862
-1088.966731033275 -140.55411307643317
-1095.5283248547416 -151.83441454743965
-1099.0058603137722 -162.8100703150313
-1100.3979057566078 -173.5524387799595
-1103.6574621783102 -184.6651190077104
-1109.759077674838 -196.37665217202675
-1113.771411129457 -207.85149446347089
-1116.684386768009 -219.22586605725996
-1117.522743899914 -230.269226920157
-1126.071895190908 -243.0351556074899
-1129.6016721826086 -254.88048611506997
-1131.0611111226724 -266.3545811619276
-1135.3179497206647 -278.5931676155501
-1140.4131097882823 -291.18196891809555
-1142.4717378236069 -303.12097960106183
-1144.4063684229552 -315.12388661125556
-1148.1391684336254 -327.7383863824058
-1153.6534757452077 -341.017093268067
-1157.1064887923178 -353.8425830715035
-1164.2339471811 -367.9678195591511
-1165.493582590814 -380.3954638788814
-1166.6221694995425 -392.8787518206867
-1173.2868305929555 -407.38435556257826
-1178.8397113473322 -421.7119098988527
-1180.4728865287377 -434.7962329304499
-1185.7043195565009 -449.36540430373043
-1189.833910018824 -463.7070913511213
-1197.5114121426259 -479.65239266386857
-1201.3359779343557 -494.15874789434355
-1208.6966130874375 -510.2906010411686
-1218.613601792237 -527.7924682362867
-1227.3952190109435 -545.1146451427243
-1239.6001631295612 -564.3008378242631
-1246.1163143681035 -581.2221013224239
-1253.3269481505447 -598.742483075689
-1246.84461104431 -609.8545038857734
-1335.9440698409576 -668.7970112498848
-1325.2592543690837 -678.8290717913458
-1224.1535049884928 -641.3830339386817
-1164.4078246832996 -623.8552859568523
-1143.6856061640403 -626.4177793239841
-1109.9278993098967 -621.3244388671025
-1087.648716030168 -622.1167659836268
-1067.1778303448255 -623.5603246042127
-1046.774330707876 -624.6795182900414
-1027.2964014288236 -625.9960891342606
-1013.8283473065029 -630.7044333106949
-1003.738364058145 -637.3619823286284
-994.4514526360895 -644.4309958017005
-985.1198774917192 -651.3830109625981
-974.9159957264321 -657.6585750043402
-964.6805870364279 -663.8014499796251
-953.5966919293303 -669.2371396907361
-946.5610911735378 -677.4349420249605
-937.0321193072061 -683.7914940876685
-925.8621426392303 -688.8361872226905
-921.0534041299627 -698.5675534553603
-912.1880350471544 -705.210598840383
-904.0641924508433 -712.368539400923
-899.784626445298 -722.5673851016909
-891.5241235226051 -729.5812067050867
-885.5149810234378 -738.4254995482353
-882.4666961638219 -749.8109962928718
-877.7712112964562 -759.8938745766754
-872.2145879621232 -769.2923453057773
-866.5591043240308 -778.6528871796042
-866.7059647971553 -793.3761847856489
-864.4600753138596 -806.122061593873
-862.0236016875423 -818.9238732224367
-902.263616931337 -873.7599015530419
-946.508677641945 -934.3561008247854
-955.8351284233896 -961.8290946274407
-937.4957649513974 -961.639584614836
-883.9993278241429 -924.3301295567853
-838.1505010812216 -893.3805110574649
-818.0354365142381 -888.8655829803289
-826.8991781317818 -915.9660196781231
-837.3057486283791 -945.5623106458239
-849.8420630855211 -978.4602535670753
-966.8754493729573 -1135.0034649285622
-960.4382497198142 -1149.592261836839
-955.0773059218247 -1165.7085140433303
-996.4688097182791 -1240.2946872653436
-991.3397908835922 -1258.4313326562065
-973.7288938245354 -1260.7541557858324
-954.3541564759928 -1260.4638606548765
-939.8428917509367 -1266.3428993859588
-921.7773756351891 -1267.2077453074155
-903.201730346716 -1267.0290581903394
-889.8684919619931 -1273.9898221780613
-873.6611802506876 -1276.6852165365492
-854.7002955838311 -1275.0342759035586
-840.7913469540425 -1280.6615130030286
-825.7716478538989 -1284.457156000408
-809.1586204208727 -1285.543980966264
-791.5519310483052 -1284.72819711163
-777.1339386921452 -1288.8319678425241
-762.7102011778572 -1292.7776873922417
-747.2827114260368 -1294.8334059653198
-731.3946505948102 -1295.841759275142
-717.9720388486988 -1301.0427169895086
-703.092789888188 -1303.4652004588554
-687.3007319066678 -1303.9531064883272
-671.1064559839033 -1303.369527316304
-656.7838179278735 -1306.1695971458246
-643.3506388486294 -1310.6105277667582
-629.4607303452988 -1314.0122484030212
-614.718126927427 -1315.4564319759268
-599.1753536935291 -1313.82072427186
-585.398627630554 -1316.7343873265647
-571.6209396222899 -1319.5050213566185
-558.2325036514969 -1323.0542210608685
-544.0685636864583 -1324.618208393707
-529.5546136347723 -1325.1041133352983
-514.356610777331 -1323.5698987774151
-499.2362769120188 -1321.866914562516
-486.261711047739 -1325.6294913620943
-473.26081913745594 -1329.264908537551
-459.5820303079348 -1330.882548318234
-446.2329030740621 -1333.3087400201405
-431.954404922117 -1332.7476850733524
-418.0265740354337 -1332.9901662803811
-405.00387304409475 -1335.9595288852438
-391.68160755369536 -1337.8421126217222
-378.3603249945012 -1339.5922754592366
-365.3039574234937 -1342.1751073130265
-351.9793595456917 -1343.6634736621386
-339.147981969312 -1346.9594078242087
-326.0508456612687 -1349.1607932502232
-313.16821601135337 -1352.2091807410075
-300.0407743617932 -1354.1582380653952
-287.11166396966775 -1356.958323756691
-274.35409691397274 -1360.6152393334858
-261.3645703576376 -1363.1700412500884
-248.17234043263232 -1364.6169753612878
-234.9763020758013 -1365.9363592286363
-221.77768741008182 -1367.128251981882
-208.87913998305484 -1370.1698817591705
-195.51892104692894 -1370.1198310777947
-182.57415144075293 -1372.9135731085512
-169.34914034600874 -1373.599966753082
-156.24054630643184 -1375.1526794104964
-143.22114807028584 -1377.5749354374263
-129.98191308609464 -1377.8826881380282
-116.91868043354793 -1380.056166308342
-103.82580469005025 -1382.1057131350203
-90.63906624929608 -1383.0331014366416
-77.55583443168408 -1385.8315527312855
-64.65655307681334 -1385.4921617043617
-51.5037650743868 -1388.0447983343918
-38.25305274728054 -1388.4731556481436
-25.034850965503686 -1390.77469643258
-11.767742308789042 -1391.9502578184874
1.520617809233132 -1393.9991706315604
14.847017871010873 -1395.9210457831553
28.19006267943914 -1396.7155474061744
41.69822848857003 -1402.3802115478222
55.12078132573238 -1402.917566881975
68.65497767164076 -1405.3239818778113
82.18179262027445 -1406.601277179044
95.67138210641731 -1406.7505061829008
109.24867258178341 -1407.7672845819077
123.11472655185706 -1411.6415140204901
136.9682611975332 -1414.383503659642
151.09708809931706 -1418.9780371689717
165.21067080972932 -1422.4378489939725
179.15431898235082 -1423.7727100875231
193.00415506364038 -1423.9797737777635
207.01800316982707 -1425.0415946082337
221.52926868990812 -1428.9299433890083
236.29616226757506 -1433.6572546106047
250.8293015844162 -1436.2620448465084
264.8893199392747 -1435.769357585719
278.9627512405077 -1435.138942200485
294.04909338094564 -1439.2693044325804
309.23956742811606 -1443.2417988462196
324.0948579400329 -1445.103291483633
339.01375558810565 -1446.8122454285658
353.9946976311667 -1448.3676170258084
370.02283476903483 -1453.6447646345675
384.9041544549672 -1453.9136122491277
399.82422277506 -1454.0304642208564
415.6044697535773 -1456.8795161992111
432.6093222008722 -1463.395084843769
448.02033532201204 -1463.9804572254207
464.3870389021791 -1467.2646925826527
480.85703166856246 -1470.3691764638224
496.4686978420881 -1470.449874039568
511.72456657937727 -1470.5056844361902
528.5718668036548 -1473.036585297086
545.1684013313599 -1474.4407123346157
561.8408449595051 -1475.6611619661167
578.5871930820232 -1476.696603910724
597.2742405504794 -1482.1833495134292
614.2069089459694 -1482.826649680615
632.3818830823132 -1486.0411010296007
649.8746344816569 -1487.2094537950372
669.085223375056 -1491.8277259325728
686.3546971370256 -1491.6706170324405
705.8166589399983 -1495.8405142135903
724.9868009848643 -1498.8726224725478
742.9482178290164 -1498.9853053398117
763.2422585893596 -1503.3486803477806
781.8437600951664 -1503.9100155262786
801.935934996069 -1506.9000484975707
821.6795213932198 -1508.7633227657045
842.5064158546685 -1512.132249257227
863.4739347985936 -1515.2388471536208
884.0754865846462 -1517.2167063475545
904.7947624881539 -1518.9372724948207
926.6687399698604 -1522.1067788964976
947.6306828369151 -1523.296454714591
969.2373797566729 -1525.0665236908255
993.1434697588522 -1529.915699793733
1016.6795950793427 -1533.6109679280803
1039.817771455827 -1536.165356387338
1063.6672890074385 -1539.2377653551664
1089.9773233353255 -1545.260636467117
1113.5798627049487 -1546.8600096253142
1137.3136094341087 -1548.1468773330132
1162.3742824145718 -1550.7191968829204
1187.5891744048445 -1552.9510465035335
1213.5691270926475 -1555.6281605086704
1241.577875602512 -1560.2949653236572
1268.5276831678643 -1563.0120015651737
1295.0063939834477 -1564.5828324323347
1324.8571538797494 -1569.608079048286
1354.923613599914 -1574.2017028669964
1384.6262117101437 -1578.8635957058534
1414.0522401282365 -1582.1947611429878
1444.3349987085426 -1585.8503748795454
1476.170279202091 -1590.5411993407843
1510.28088339682 -1596.9519883973096
1543.2525606551874 -1601.4204738391497
1577.8410420593596 -1606.8359113465922
1613.372911290125 -1612.448091913419
1648.433608820706 -1616.83259408955
1686.5990168407202 -1623.4730537929838
1723.5786005443667 -1628.1639376136304
1760.793102745233 -1632.3016416474056
1802.6736389706703 -1639.9197393044094
1842.6121988206153 -1644.895219993498
1884.305446561075 -1650.581104962815
1927.7824052066671 -1656.9305954612576
1969.2489378658704 -1660.67294212742
1098.7048486708857 -909.0234625723838
1114.9571816930054 -904.9676695833891
1115.5832209312703 -888.228617629838
2161.844098156995 -1688.3361914215332
2218.885178543792 -1699.580408347509
2256.3356543071386 -1694.8844842945423
1121.5834162311612 -826.135364474393
1087.9468079545745 -785.7071611366745
1083.8511100927155 -767.3661258817646
1158.3760473994548 -803.9060472537919
1142.7221737415298 -777.2451567166135
1091.723304447301 -727.6566680287248
1083.4374409812845 -707.53043148682
1063.920299877628 -680.6192735357249
1079.5863327958964 -676.4387260057691
1171.1258017052046 -718.5682685593221
1319.2636069889288 -792.5052272853226
1284.408744514009 -755.2444485171322
1228.1723449317578 -706.7401864510233
1223.4270144381883 -688.797749954848
1223.7097393064475 -673.901679717855
1225.5820195107572 -660.0096313327057
1229.0714121443361 -647.0737700212605
1231.4616342207303 -633.8195669450482
1231.1488882374417 -618.9962964281054
1233.359373533056 -605.5581357046965
1235.4261075864551 -592.1337118369303
1239.1611888163939 -579.5718662350176
1242.7693235600264 -566.9924235985476
1245.336840485798 -553.9902108601292
1245.9348633872767 -540.1947021177906
1247.3049327534015 -526.8267312210274
1247.6090709214452 -513.1009707207037
1239.4099817356553 -496.0724716954392
1221.682812768765 -475.6176037379174
1218.6457301932314 -461.2066611420591
1243.603040967157 -457.2488124612675
1245.0479139182212 -444.4543756651359
1248.252121435792 -432.32816393457955
1253.2343762159849 -420.81777323508
1254.3066695844616 -408.01443434753185
1256.2029709596413 -395.5288810594882
1245.5392085715175 -379.25727403839943
1208.7788829579558 -355.6031666266722
1027.3897637236878 -291.7092274779539
973.1970928736065 -266.39898352351287
961.1692976375779 -253.35662864603597
954.7991642336136 -242.04040154237262
947.330103369723 -230.63103704729284
944.6005670917034 -220.52158318412376
941.7649740999266 -210.48452094765693
938.8244507778858 -200.52094808673013
934.8002602614787 -190.43233290350594
931.6514555608987 -180.6282518081231
930.368206074135 -171.26295900280323
928.0062607347489 -161.76643668298206
923.5748044709667 -152.00519907692487
922.9951145888268 -142.954602742124
923.3166391798982 -134.07230815324135
922.5618647956967 -125.06240692025156
924.6959200226656 -116.4536624303242
926.7495725542776 -107.81572135112582
929.7168103904123 -99.25549091852874
933.5830092841297 -90.92175084097613
939.3770356790924 -82.58198858565518
941.1085777194269 -73.82848327656129
943.756098673756 -65.11855508295255
950.3157777824165 -56.60320218680848
955.7994842887325 -47.920202768696875
962.2026520290627 -39.179796174030045
969.5249361166303 -30.35454246144975
967.7678668936801 -21.198014247948834
966.9244226911975 -12.089698230079236
965.9953443717445 -2.9991085533160504
962.980930230216 6.060364093678366
908.8880984105946 14.262698467444922
822.7409894224459 20.646169721640486
813.5159802604948 28.066881921695465
812.2172514144179 35.66702265130006
811.8461926156534 43.29849345493896
812.4014674559048 50.988779898056556
820.8630409571326 59.269452423730264
809.306280985314 66.08588016906522
802.6742382805488 73.14415356500271
801.9513987567636 80.68428615331678
803.1457150262465 88.43619414571833
802.2791433203314 95.98008227333011
802.3334735650786 103.6436066383035
805.2860687619159 111.72890162343386
813.10309119105 120.61245000230736
821.8112329793088 129.80869519808087
824.5000030813063 138.18735441032928
827.1035257066842 146.62795696446295
833.5527271183786 155.86484887078893
848.7314027466688 166.9730696599662
865.7321093719786 178.78454855592105
881.6067382441721 190.7185336627561
910.0116598106413 205.8343484666295
955.7260646576249 225.63618799751376
1023.4784123224313 251.80933165781474
0 0
0 0
0 0
2608.3104570546802 746.3816447496577
2522.4508493457397 747.9322914776145
2481.737732394487 761.7045540164961
2403.822055646248 762.9701991484637
2352.7206229196854 771.5449892834552
2303.5728643344305 779.8564346737598
2261.093203840718 789.6090954043756
2202.645127493801 792.8653368181872
2156.5346193755936 799.5989216066785
2103.9598997666367 803.0297255855251
2053.3818721946677 806.2622941340617
1991.810281150581 804.11181057291
1872.2804555306236 776.7206034592103
1852.822039035487 789.4596200340967
1843.3701697196775 806.3066522035197
1834.6779870384187 823.4547248493119
1825.8264782260762 840.510363653277
1824.9556645900113 861.3134285965997
1930.079821370055 933.5565773642945
1930.937752254966 956.8199396524612
1925.2843018986875 977.0165591546968
1911.4344057120356 993.0430568008
1951.3141802182286 1037.5321537568186
2004.569145208814 1090.5166399816212
1931.1538440417212 1074.5905409237898
1248.0914825066966 710.1856456548783
1213.5958707314765 705.975256325255
1198.2068634644809 712.4158282538441
1176.8238529301723 714.9927406446756
1163.1488389197825 721.9735303455119
1153.6712052468774 731.43608755941
1141.600897119536 739.1531584833217
1134.493956808889 750.0156411463104
1124.7970067723602 759.1315390338747
1117.5001457562228 769.8327248401569
1113.3737008055925 782.7643338543592
1109.9144383384876 796.2700167454252
1104.6845667115517 808.5994113708662
1102.5252462628994 823.2946503852269
1100.981039197052 838.6278980147154
1103.4261178310187 856.7729001832205
1108.1525547521626 876.6794827051988
1120.3934228086594 903.0169312516219
1412.0226099273548 1159.3623890112797
1383.7992335267986 1157.374477552812
1360.29702498559 1158.8619433803808
1322.5321562231734 1147.5668589479585
992.8511770328334 877.4232389585526
951.3990377876831 856.2942665326392
931.0559698988989 853.407160103324
933.5061821199317 871.3754689821541
933.5317088040264 887.3908657730451
1041.1190636058293 1007.8055841264826
1039.763020331272 1024.9355401934265
1036.7696180419186 1040.7063750670573
1032.8757628681153 1055.7919579536533
1075.209940009477 1119.208463560215
1119.904849220371 1187.1129384741364
1370.7249100547306 1479.6628740883682
1352.5285152574527 1486.8646930421983
1328.319273718756 1487.1462292146243
1308.1733879847625 1491.6227361395602
1285.4461680407073 1492.8255588210773
1260.868813078595 1491.4485697488115
1220.4570410862616 1470.5120233656598
1169.161909387384 1435.012693197397
356.63264634408347 445.930662280153
358.74524167726076 457.0151546436111
350.9207469104136 455.49931875672155
341.94745858300695 452.2841314578953
336.0409251400403 452.95970751384255
328.9734377513336 451.9485338554264
314.97853578976736 441.08108323950404
319.5682116138687 456.20736307726736
317.1132649162965 461.56167216757365
316.26361965400315 469.39676488376875
318.053694376585 481.42584838519616
316.3892227920889 488.4893649825121
850.6063401751161 1339.7902276303907
834.7130756707276 1341.511864019217
823.8000057302116 1351.7553589902661
812.1228996655648 1361.1323946768716
799.333684309711 1368.682089138257
790.4438774233455 1383.057293333847
791.6033861903121 1415.714688407248
811.4127400021245 1483.6072139762075
827.6584035737346 1547.5808757521454
811.2682491933605 1551.723180161571
791.6883437634006 1549.4610567384918
775.7955311913715 1554.1268589737126
759.4466808463698 1557.732242380388
743.0985321293863 1561.168015156329
727.1741311489568 1565.3414269697712
708.7601346027959 1563.8887657368175
692.4587162975089 1566.8024528394146
676.1650644204775 1569.548280766556
659.4938634706984 1571.2045837651099
641.7160471775879 1569.909715491554
625.8690649970757 1573.06608681253
609.6584124649911 1575.1309850646285
594.1685481750735 1578.9023834168868
579.0050156621047 1583.4611431412284
28.106761378482744 79.15813265112455
26.712310366650367 77.5271080002069
26.301609602529854 78.72245761100265
25.870825815945786 79.91683409395665
25.120883825973777 80.15573089805825
24.948944344805554 82.30158064144209
23.895573780932413 81.57206356149153
23.402329407890463 82.75464324305064
22.62590601946349 82.97028610772898
21.847496179512415 83.17864455908253
21.312135301305585 84.34923170307388
20.049118692183605 82.60165155532142
20.181300759840664 86.68168837557823
19.36822306272845 86.86697839451074
18.136513577219528 85.08858252000283
17.53774531651775 86.23472322222041
16.158665796684172 83.44997015979735
15.014255999619502 81.63070572265003
14.4285044267309 82.75154536326079
15.434432770704719 93.73781672861064
12.864857101924276 83.00900825661675
13.663354169554824 94.0123010719199
11.431114787242816 84.2278434647408
10.385844766388237 82.34764251931252
10.187450444530759 87.40832828421001
9.149712348874141 85.51188668210321
7.372612496361902 75.64155329564886
144.7407772779148 1645.6470178604477
129.2113619671122 1646.9391075381639
113.67044959210891 1648.0846546490043
98.17881728753842 1650.081791862458
82.65961696191373 1651.9332273804864
67.27642935712403 1657.6353284281063
51.668503261681494 1659.1956984547355
36.058819450434285 1661.6087871517293
20.395940508419365 1662.8749218178668
4.712382681475854 1663.993327345234
-10.997060747246406 1665.9637044830602
-26.727222719857547 1666.7857257505186
-42.49933356227686 1668.4588117921169
-58.3402741388952 1670.981870761439
-74.32122162767429 1675.3523080283053
-90.38979092258852 1679.5694941552642
-106.41819623835629 1681.6361578859367
-122.42104879908567 1682.5522538129185
-138.53261196926647 1684.3125349592851
-154.68825471062854 1685.918308772575
-170.88649324337035 1687.3689005155286
-187.6765290233097 1693.633230795193
-204.12183430045815 1695.7589087962403
-220.49502913982357 1696.7330202847556
-237.04294664368442 1698.5392669722062
-253.64451006841978 1700.1839496102036
-271.08252281748065 1706.6043085094184
-287.6669895648191 1706.9296128179142
-304.281669560626 1707.0936311665503
-320.9249932488291 1707.0958229426487
-337.9834242376983 1708.8976578310826
-355.23542747917725 1712.5445369577067
-372.54720197497466 1715.0025021266347
-384.400443882996 1692.9064648534354
-357.3689109327139 1508.2398554271022
-369.574358491472 1497.0567101969173
-381.1041882815655 1483.8408262594237
-387.0044843454004 1450.2511951715644
-392.04234505177766 1415.720240614756
-389.84597799407226 1358.1565128665568
-398.5718975685679 1341.022536152391
-406.42345019389694 1321.9338028556836
-408.1990117434894 1284.7091370468409
-404.9489718178984 1234.267932915551
-370.009747921585 1093.0730929096212
-336.08749397452016 963.0395611780064
-340.3637695673342 946.6723321011947
-343.3217160909319 927.4972772253175
-346.66242276844713 910.2203934434289
-336.21739992328156 858.5114210008089
-390.17543095815864 969.4267033028414
-445.4743469884989 1077.5474960182362
-462.97920335608933 1090.814034223873
-479.174033808595 1100.178278881927
-491.097813663386 1099.2901970885769
-505.9619155186289 1104.6390994549847
