-543.7805973177605 1111.0678026028563
-544.6529511867004 1087.2024479201737
-552.176228000596 1076.6621629977687
-554.4369037040808 1056.3374081282134
-562.9865074330312 1048.4017323756946
-578.6568856835311 1053.5464909775158
-590.0673424424645 1050.6405338567931
-851.9228723278061 1483.8289724913518
-863.8984667610538 1472.2528448360697
-873.1603152019492 1456.2949783462252
-878.5417194244367 1434.3250842228042
-886.2381435429701 1416.6237866595034
-897.9856774167846 1405.6477948456075
-905.2345245390236 1387.87587902615
-908.9027615425932 1365.0991795691066
-885.8051218629054 1303.5050004052318
-768.1697509397849 1107.7090022840425
-752.0451439234189 1062.8415222888143
-758.5549030255003 1050.8141886632354
-792.1803875075504 1075.8002759101648
-980.08291417867 1304.9373476665637
-986.9119866719175 1288.4617691508308
-988.5930335718012 1265.6697096688786
-993.047047440167 1246.873514663924
-998.4952920118195 1229.6597707619092
-1007.5333529204179 1217.077048815292
-1014.4881162484903 1202.1409493027802
-1029.0765297195828 1196.2798568814494
-1087.816497661491 1240.6269654555665
-1102.8368694545143 1234.0080386171585
-1104.36125069038 1212.4298857969393
-1106.937668314745 1192.40009999409
-1109.9219917520365 1173.157351860863
-1111.253832146577 1152.5258871450771
-1115.0990287291227 1134.8282496163756
-1117.2942609126067 1115.7484190137811
-1122.0860428971394 1099.528950203422
-1121.6255731490505 1078.4674652756398
-1123.0500845624458 1059.5727948396388
-911.409317589126 843.7399219023144
-880.8595717093299 800.1165008472553
-870.3262402520293 775.943448666697
-870.080155128377 761.1153156071551
-868.1147569811013 745.0589028470455
-870.514382244605 732.9725167462241
-871.2216587131866 719.6338106210992
-867.870472386788 703.1997178320917
-868.9848832282576 690.6267245920704
-869.939807913672 678.095664790097
-874.7084767375198 668.6449586466106
-879.3764008058682 659.1647333601192
-880.7203183807505 647.2872011644517
-882.7301692522572 636.0278675434603
-889.5071996342529 628.2499039385756
-891.2826674954813 616.9855805625765
-898.7179828168356 609.6736728460874
-903.5960909214084 600.6156045854535
-909.2213469713403 592.0654881105821
-918.9812117971685 586.1514585529986
-924.4693467082672 577.4568615894954
-929.8752235015977 568.7108832419631
-935.1983611690534 559.9143017165366
-949.0661602486304 556.1235685267447
-956.872264895994 548.6387414982747
-968.1100646051466 543.0128017001247
-979.3263262097562 537.2233676902952
-989.637717756796 530.7976898905271
-1000.8002183478059 524.6893585303443
-1017.2750136198566 521.1530933082145
-1034.665381609446 517.7997181333526
-1052.0818883640718 514.1640790412035
-1075.8385950967383 513.2595028835574
-1098.763592387771 511.5296355472674
-1658.041294166428 752.9542262574245
-1701.644805513116 753.4759159191684
-1745.4024348370235 753.2405594927757
-1757.9609905048435 739.0684378751603
-1750.0468504344074 716.3916675147827
-1745.5786141098324 695.4108871468699
-1746.4659324107788 676.7464421247807
-1765.8731504521036 665.177432353475
-1830.1850782502436 670.0922170493773
-1856.2253337120173 659.7935362563878
-1970.1521283331638 679.3795634432237
-1975.5383452904082 660.4068793457836
-1889.4109606936709 611.8187816752768
-1849.307220005201 579.5746768421089
-1828.8641938179496 554.235293508651
-1823.4651515839312 533.8303484806677
-1824.581024314597 515.4804416377951
-1830.3375582631943 498.47108523075616
-1826.2624738022812 478.862586533519
-1837.4954806757614 463.28755486862855
-1884.5577517942534 456.2489234531839
-1936.5178620396664 449.49145709492603
-1941.6568905516533 431.3809446107753
-1957.3867312215418 415.4975143582053
-1035.01048814474 209.49770745854704
-1026.1432620426822 197.62339376805375
-1020.0960899575405 186.4751116190508
-1019.8426785617572 176.48204153392038
-1880.0887056339564 307.0691435941345
-1884.8844426859475 289.58528574581413
-1878.6297225406831 270.47063719878344
-628.3557053103598 84.41035246887878
-625.1563712251502 77.97122236185747
-606.9902428072667 69.88451285353231
-605.6348384185901 63.93310952619313
-605.2167579303855 58.10917242770824
-606.7353418685776 52.47118187748664
-612.1895333643022 47.11661319744825
-2036.3715296120668 137.375374013728
-1145.0776024122006 66.37984975823977
-1115.689174405671 54.09867016842635
-1116.1507510863942 43.548832926707064
-1116.5125718702393 32.99510351102877
-1115.7748062060527 22.418337044604787
-1112.9370515448795 11.837199778248982
-1106.9992270408243 1.3081785114319695
-1085.962843703868 -8.983434455069055
-1069.8319014718556 -18.96582698207226
-1062.6126156554428 -28.695453470856588
-1063.2991395084512 -38.61269118550413
-1064.8919842520916 -48.590759158952714
-1065.3925374060823 -58.54691485834006
-1067.7958042222876 -68.64488681087441
-1067.1112369921855 -78.5723099126377
-1070.3206720780663 -88.82375201688296
-1076.418667929643 -99.41756048391389
-1082.4115902474139 -110.13241710806471
-1083.3283195585097 -120.41491619618913
-1084.1472423123594 -130.7239725012447
-1089.826207021482 -141.70334678182437
-1096.3845357004855 -152.93773202460898
-1099.8602320337354 -163.8641815367152
-1102.2394274378512 -174.7118902693177
-1104.5116428605731 -185.61796999600503
-1109.6297604712806 -197.10604931469786
-1114.6291352348924 -208.70527277842325
-1116.5646515179435 -219.8348902713429
-1121.3271991813988 -231.62537075199558
-1127.9212278694863 -243.94610823169597
-1129.5053499904238 -255.3070001841117
-1130.9753782689172 -266.71837909952836
-1134.2727592678582 -278.6562534429818
-1140.3520019550945 -291.4211928412352
-1144.3581310395225 -303.80992071315137
-1145.339604440446 -315.5014904880839
-1150.0485753019527 -328.3356125155309
-1153.6582447598619 -341.00095937928734
-1157.1312284238243 -353.7616714772409
-1164.2802522619002 -367.8212802339827
-1168.4148322389983 -381.113867241686
-1168.6110988921857 -393.23923958068826
-1173.406422752941 -407.0397610088559
-1177.1037144840227 -420.6267292361677
-1179.710614880514 -433.9721939689681
-1185.9115778089156 -448.81814760409185
-1189.1417645247388 -462.7287151917314
-1195.000691561027 -477.85180460961664
-1200.6802976805188 -493.12353701868733
-1209.8783959841626 -510.06202263135606
-1218.8607376755726 -527.2214924990816
-1227.6276220788272 -544.5910589690983
-1235.2656368920673 -561.7542223371672
-1244.502564562403 -579.9503140766471
-1253.5069200151086 -598.3656085323054
-1244.3071024658877 -608.2144644391045
-1338.7719216758162 -669.8497904250194
-1322.7075637263404 -677.230168304048
-1209.1793305144777 -633.3327298162944
-1167.990539092742 -625.6381546787615
-1141.0850173210788 -624.9207815758356
-1107.314479170845 -619.8513081526894
-1086.7589462646927 -621.6582603920378
-1065.4031170988392 -622.633277360018
-1045.8414113537983 -624.2913921379144
-1025.4879871429478 -625.1202990029243
-1011.1534445427651 -629.3248061131083
-1002.7382917083331 -637.0713604784427
-994.2666581044971 -644.7160712916308
-983.2378304553858 -650.6030808114775
-974.6721986945257 -658.0198363970337
-963.5830732085864 -663.6321729888447
-954.1106933306678 -670.2453169340852
-944.5988343100842 -676.7400108018073
-934.2414080958939 -682.5261836728326
-925.462201417627 -689.3734211203964
-919.8221014212118 -698.5358270962671
-910.9286342337384 -705.2042422823731
-904.345884198312 -713.6263179939297
-900.0229918325412 -723.8671246664
-891.7207562561399 -730.919347713534
-886.4351773783229 -740.4442425370471
-880.2879874093655 -749.2856993315492
-877.0747665430482 -760.6976100221806
-872.2265619481072 -770.7897408711306
-867.2663919671221 -780.8572246988115
-865.1419709737567 -793.6027785105364
-865.0470899878728 -808.4241041084271
-861.1297816292943 -819.8637076923725
-903.0208058564848 -875.8523986325008
-949.3584405060034 -938.5859318357641
-954.4243112202977 -961.82079107891
-936.8096510540779 -962.3079952343412
-882.6685771476301 -924.2186878202464
-836.8668886057028 -893.213194458865
-817.4572316584461 -889.3973658659606
-825.6529443798964 -915.7435314741828
-834.0803854491933 -943.0752412235861
-852.5436917267936 -982.736105827424
-967.5285228427218 -1137.0741213684273
-961.092558327475 -1151.6514639106526
-953.8324780135146 -1165.435370960826
-995.2183207726538 -1240.0163281176822
-989.4956344462411 -1257.3378183335738
-973.7578348676157 -1261.9951184667607
-954.402082794075 -1261.6816810742444
-939.9071464104447 -1267.5403568039064
-921.272227910286 -1267.575040019808
-905.0438670894615 -1270.628033156735
-889.9864465460819 -1275.127101493917
-873.2326241143941 -1276.9783804678486
-855.9686873490277 -1277.795604264619
-840.9637732435724 -1281.744487833645
-825.4213358009924 -1284.6823025186052
-806.7050701916643 -1282.3618560012856
-792.304170505296 -1286.6138120663538
-777.8959334945035 -1290.7079129891142
-763.4820584050528 -1294.6444092852614
-748.5645297025077 -1297.557376331106
-730.7129571518402 -1295.0782116344992
-716.8421827171526 -1299.3818857738893
-702.0067695016364 -1301.778589305369
-686.2588977229345 -1302.2414235832398
-670.1089808659674 -1301.6335712337686
-656.7290169650871 -1306.1971513810886
-643.3231453550083 -1310.6240233760936
-629.4607303452988 -1314.0122484030212
-614.7457217992661 -1315.4435364277326
-599.6464288809219 -1315.8039976874813
-585.3894203444345 -1316.7384806972138
-571.6855254558666 -1319.477040339941
-558.3712725297294 -1322.9956621295214
-544.2815918369607 -1324.530690013419
-529.8418409030459 -1324.989291892003
-513.9925850629652 -1321.5655952317657
-500.02430248784685 -1322.6381579712354
-487.1162349917661 -1326.3810815928605
-473.8463513639491 -1329.0562950075036
-459.91583711976904 -1329.7091496889168
-446.6514638300204 -1332.1139102413501
-433.07399653276855 -1333.435755305495
-419.21183648272887 -1333.6661636829429
-405.6751568351804 -1334.7107054065132
-392.15643662448105 -1335.618706522932
-379.20226819177765 -1338.314850772497
-366.4957293257223 -1341.850170617423
-353.50192289386894 -1344.2977313491
-340.4946749146594 -1346.619610860751
-327.71113284317295 -1349.7875438048181
-314.89812804793473 -1352.8341246996642
-302.05681247644986 -1355.7590796437864
-288.98014167215484 -1357.5840591724482
-276.0949537445604 -1360.2630541615063
-263.3745581355559 -1363.8016139185715
-250.2512719757701 -1365.253932744568
-237.12413971053843 -1366.5800899934613
-223.8327610067513 -1366.7932890895004
-211.01543028078277 -1369.8425048827387
-197.87464642371788 -1370.7919697396424
-184.86832051970572 -1372.606536509361
-171.8453741115006 -1374.29769969846
-158.6923159433178 -1374.8719027096838
-145.75430446034287 -1377.309218269914
-132.78433091397207 -1379.6247031217326
-119.78354328933932 -1381.8179701961656
-106.67618258792571 -1382.8916053214248
-93.559231211728 -1383.8409121915245
-80.43386843442995 -1384.665805459452
-67.39832010322186 -1387.3638551033625
-54.492624273587786 -1386.9299023021233
-41.3021432988398 -1389.3862432595631
-28.049539490106074 -1390.7171615157386
-14.764662796552864 -1390.9216386024427
-1.479501902748069 -1391.9992137476659
11.83338599565805 -1393.9497734767483
25.183399359473192 -1395.7728312288864
38.62449320083049 -1399.4670944773868
52.138446965279144 -1403.0315685500625
65.67732510014568 -1405.466288805139
79.21124030718498 -1406.771687022808
92.64457067987239 -1405.950917892777
106.29528843040251 -1407.993363499096
120.07825638970031 -1410.8994338160355
133.92640664018373 -1413.6703001776787
147.9422294811884 -1417.2995790361808
162.0395547601361 -1420.7896335112869
176.21699724969355 -1424.1392382349072
190.20860970500303 -1425.3647549992563
203.9562051669483 -1424.4728380611184
218.61120339958566 -1429.3792854761066
233.21782379086088 -1433.1480895798086
247.74625908226866 -1435.782292379573
261.9873295791174 -1436.3017228771964
276.07204523892585 -1435.6978184275397
290.76370124562965 -1437.8961958493187
306.14511855123357 -1442.87912396959
321.6481023633409 -1447.698690420787
336.13990590015106 -1447.482629830644
350.6568657803368 -1447.1215437830754
366.66615395089576 -1452.4324189258714
381.79260690740256 -1453.6999020811859
396.9766099674164 -1454.8104932047947
412.76144143840725 -1457.6875496695745
429.20053362785865 -1462.3142281785954
444.8930981581903 -1463.8887017841237
460.35483392762103 -1464.3423188856739
476.79269954853316 -1467.486872737614
493.33241146369335 -1470.4503159914711
509.3177733330624 -1471.3410229335182
525.9608126701007 -1475.032617786945
542.1567370712303 -1475.5507691869761
558.410821608018 -1475.8934088581934
576.5353295529577 -1480.7187490463077
593.3164414151543 -1481.61789957683
609.7869883893484 -1481.40603103641
627.8658478539925 -1484.698109751133
645.2670124648417 -1485.9443067035513
664.7850543950218 -1491.5595299729098
682.8063858930658 -1493.2981749749947
700.0728307801004 -1493.0167552989944
719.9957096074022 -1497.9486567125502
738.7516216858945 -1499.943346082265
758.0620900613635 -1502.608021944445
777.4912236613884 -1505.039334080514
797.9712535205101 -1509.003273208811
816.6946229130757 -1509.1937890492623
837.4320767686975 -1512.6627240726423
856.8325305775323 -1513.2610530057602
878.3252521408224 -1517.0872590104238
898.4416418140484 -1518.0575141457841
919.69207861839 -1520.4918548044197
941.0712956010033 -1522.6571566166328
963.1099514411837 -1525.3967423050833
986.3710233520616 -1529.5333289246778
1010.3493094331363 -1534.1979249523135
1032.8330599332683 -1536.052365744372
1057.1424303088365 -1540.0889201733537
1081.049620221491 -1542.9801420040926
1103.9454650708783 -1543.9262968644075
1128.726452735893 -1546.9976066220167
1153.0699173661662 -1548.932137204591
1178.1583113243134 -1551.3371630491683
1204.0104478918392 -1554.1926654592385
1230.0247949509032 -1556.6936126951855
1255.5694454938896 -1558.058525069635
1285.0619851918573 -1563.7108729604597
1313.4926048699178 -1567.4061939880287
1344.0600157259532 -1572.9792351225587
1373.5400506898993 -1576.6003707822692
1403.3675617400866 -1580.9982563733852
1432.8998829742577 -1584.0751009255712
1466.0010412207228 -1590.4118797153635
1500.7149575904475 -1597.7229472171641
1532.9276602378793 -1601.6309776217554
1566.7407167295955 -1606.5053770658951
1602.1883367238968 -1612.3031767213984
1637.169427684444 -1616.8726805334397
1673.811739961988 -1622.3178662535347
1711.4230790466142 -1627.905109183765
1750.0156921521677 -1633.6098301678921
1787.3892697628535 -1637.3807127044745
1830.9351961362288 -1645.9405540752643
1870.2971631636035 -1649.8559093030449
1912.9161001399327 -1655.7934635169422
1956.57096941907 -1661.721710042485
1090.135884826505 -908.3857950306872
1111.7736676357918 -908.8758506813018
1114.7925849499961 -894.0237650870954
1126.2766745163044 -885.9965307158345
2190.701489020243 -1690.3005608484218
2247.135002615768 -1700.443553905578
2295.114661537837 -1703.1185191859258
1110.2157462251564 -807.8056677405274
1064.0171385783872 -759.0234046532829
1094.858458171633 -765.6245532700964
1149.010965504947 -787.5422535644609
1077.4895709915208 -723.7542569163294
1071.7040332177648 -705.3647745562407
1059.7863207436558 -683.3549256167146
1070.3795355816499 -676.0500349885441
1103.8908965802204 -682.8095550351627
1320.666757479394 -799.8595599784151
1298.0081166338653 -769.5816585344314
1242.0330092182076 -720.7288005986467
1225.262378788574 -695.7105023825391
1222.1207284286538 -678.8408687940176
1223.164767585762 -664.4787064585809
1228.4630999453793 -652.5024230396307
1231.8694249866412 -639.5636948600835
1233.287720947607 -625.85173752244
1233.756216500122 -611.5346255505931
1234.0648641937212 -597.2645234421116
1237.8313401333737 -584.7517194362199
1242.3799066861657 -572.6396488739441
1245.8981228088269 -560.083804069928
1246.542480194301 -546.3083790964955
1246.1186062561492 -532.177995732849
1248.3095123955231 -519.2565466730789
1244.8064798268695 -504.08910698510243
1227.1734423309363 -483.5352545964363
1160.7081348913164 -444.7534436034441
1243.5673680241953 -463.10819598164716
1245.0561456970097 -450.34563844019465
1247.3586065884604 -437.9275129170291
1250.4843735237132 -425.82840625421727
1253.4929619904285 -413.70931128083424
1256.3842731595157 -401.5713612266632
1256.292153397349 -388.52931075049077
1234.987986296774 -369.22306767405445
1100.0645956911387 -317.620662594378
1009.5668125012866 -281.20962127208963
970.6425959647274 -260.5339726386081
958.5319946103064 -247.62151624684742
952.0886751239825 -236.406756884527
947.4653932201994 -225.79931056159796
942.727339975203 -215.30016828436956
939.8300562932009 -205.3374424889892
936.8291525146417 -195.44855844620136
932.744959754191 -185.43958599272352
930.5210374386137 -175.89655734029049
928.2004352565754 -166.41199472845747
927.7559094292254 -157.3212398856265
924.2602793142256 -147.78002599130093
923.6343553797221 -138.76446793860828
921.9305095447646 -129.63462334781772
924.1029855146464 -121.06887363363468
924.2103923019879 -112.23257442028897
926.2210120646207 -103.62739410980937
929.1462393074668 -95.0960881466302
933.9708419663767 -86.8473739189469
940.7156089700665 -78.67746208462093
941.4051530109863 -69.94524919078849
946.0052250815421 -61.466365749252354
950.5286588951644 -52.90811486870708
954.9743774383097 -44.271191945922325
963.3385654920071 -35.70445680586426
967.6268505510347 -26.875231955939576
967.8345672588896 -17.895541869356517
965.9590379970485 -8.895892974655743
965.9999976383655 0.06754759839951785
959.9580466677166 8.97488929748199
860.8506192583072 16.037809158016792
813.6830467189643 22.71342074949675
809.4400268337267 30.11383335637964
811.1235978414318 37.71616397211089
808.7418201888296 45.12946130477079
818.2671183518763 53.2815448735904
811.7540515161759 60.426482994409916
807.1723764227571 67.62214681625288
802.5274007448019 74.73801612159683
801.7993637012396 82.18138699418093
802.9898902877827 89.84005841279628
803.1144275561682 97.40747533494738
804.1591469520444 105.11453930527577
810.0814153534144 113.54338597650217
816.904892943422 122.23909311303039
822.6484907334824 130.9139438483294
825.3426252053517 139.2068641236427
827.9533515915966 147.56099616172946
840.3079293622174 157.82136690252887
854.5043215138661 168.71089032462382
869.5488484775884 180.07998253914812
890.3183162857698 193.01371890638222
919.6983032730324 208.33634094105003
973.1978512267955 229.96943789892603
1052.5879419842151 259.0649038164658
0 0
0 0
0 0
0 0
2530.2833483753366 749.6580399985693
2470.387814195267 757.7862808704917
2432.4972556926327 771.7908402202064
2355.6090618840703 772.3645172906699
2295.9898867493716 777.3071721942412
2264.81978033418 791.0703904249208
2217.604605589494 798.5479404946606
2155.457243478971 799.6280832574816
2104.7087230291368 803.8719992667121
2049.4277903538728 805.3879388997844
1970.210023069875 796.1767799898479
1871.0472092562525 777.0832263885183
1852.4630281451412 790.301669842177
1843.8743313140749 807.6487171543541
1834.2112938653556 824.4937413084334
1825.3030473989977 841.646472787674
1826.1791373697622 863.4059058377069
1936.593102673498 938.4621221324999
1928.3897639581783 957.4559615258144
1922.6742359552638 977.7386063738315
1903.4420937697635 991.0722454318751
1989.1492446642842 1060.0949403008715
1985.025654994416 1082.4944106155879
1925.636562057466 1074.220103548385
1232.5251876947764 703.1661693354965
1207.578010789469 704.3857947586315
1190.4529068008014 709.8012938065993
1176.7519006951306 717.0348416990607
1160.4755952549788 722.4855658195552
1150.954420971778 731.9835523053226
1143.035306911695 742.4549058045798
1134.1879462473566 752.2889754523877
1123.601263155231 760.9002572190188
1117.0669928052032 772.2210393307994
1112.870096216254 785.2159887238831
1107.714831364234 797.6169835050572
1103.2296709109412 810.5833043072973
1104.998496584982 828.3352718223036
1102.5555255994395 843.1579407027748
1103.3659321160144 860.1073304220578
1108.8754663962213 880.5970701884959
1134.318080499948 917.6074826694219
1408.4583496591094 1160.5473179821397
1380.3148883435128 1158.4190990385282
1356.1266582677051 1159.1274678548803
1313.1823474411774 1143.0805406308336
963.8309649504195 854.3850835558538
947.9196989659898 855.6735617700406
929.1193647551668 854.0381759833429
935.2497384866541 875.3678807567966
935.2785866212291 891.3573724426112
1044.1768161391674 1013.2718177455994
1039.26243046073 1026.866398628788
1037.0072761245835 1043.2913827232887
1030.3485467248895 1055.465239722232
1083.0713662225899 1129.6819975854855
1379.264357638033 1464.8460095686999
1368.7107236521765 1480.1645026683811
1350.5977316856702 1487.2682230067053
1326.478217425768 1487.4490037291891
1305.7602478245194 1491.0781921821704
1282.4773393392984 1491.4224331426672
1259.2952606207323 1491.4688889072281
1234.9410561612601 1489.6796930237424
1169.0604929241151 1436.384894060093
358.92681046838516 449.21770304273616
358.56305938351136 457.1581044294594
351.98470831464925 457.20429253524213
343.6263376424188 454.7757030432237
335.93639453453153 453.0372377930313
328.8944264153627 452.0060356598234
317.2502789837925 444.37400968632926
319.53950069059 456.22747341475224
316.54376951224276 460.73966834100594
316.8454053284372 470.2105795516072
317.55288113157104 480.55818345444743
313.7489859078484 484.24226771503197
846.6074088149275 1332.8529158686918
835.6074161767136 1342.1330954977886
824.1686091818484 1351.5306521271568
812.0194865629957 1360.029541385763
799.278860163422 1367.5559599869619
791.9300656945285 1384.5113835028803
794.1013029383614 1418.9006732930945
814.4257640056185 1487.6581176210698
829.2840529595182 1548.9793283020388
811.531406853645 1550.4569570581907
792.9129391199997 1549.9580868449584
776.6104674577839 1553.7197887119164
760.7457915824809 1558.2111027038488
744.4347834894953 1561.6391558650635
728.1262687581468 1564.898762458562
709.7551215505034 1563.4374523570905
693.4993714683934 1566.3421151756545
678.4402903147097 1571.8342064218134
661.01300879914 1571.6509797656438
643.6485963737441 1571.279887348562
627.0898399989799 1572.579833448863
611.6482540462389 1576.5048091655754
596.1881255874937 1580.2786839378903
580.7109286054529 1583.9014544466436
565.2181355212176 1587.373131710978
548.0780880680715 1585.9679723688141
531.3316035523624 1585.329848033675
515.880682230193 1588.3221089255512
500.1202665739726 1590.210275077475
485.53402369009314 1595.7696299401453
470.04112003008646 1598.317035347137
454.26988133037156 1599.7524417596899
439.3054101339455 1603.9263563602433
423.28202834335195 1604.0926795174703
407.7861653328249 1606.038431471411
392.0538983360248 1606.8633236213732
376.7977653697665 1609.482042152801
361.74578227432687 1612.931799242217
346.45251185487865 1615.263030292418
331.3478477773632 1618.429054291015
14.738800547121485 75.57623805424673
14.396606513879648 77.67713769755241
13.84888180475171 78.7921853533586
13.434927261673383 80.89192005060546
12.519006691089364 80.02671098744756
12.346847484428865 84.0984860576946
11.555373623570325 84.21088611586804
10.636255578272985 83.3238865348566
10.086717125360504 85.4064291352411
8.959215246094175 82.51504385367649
7.8870198871631985 79.61026891864825
6.781056265598625 75.69687758370742
6.068843841393081 75.75730416553104
5.708469262533252 80.79859762816872
4.76505246801656 77.85431442750651
4.291141482203628 82.88899869572386
3.4267868350685227 80.9274806971464
2.6326223030672224 79.95667139025608
1.9040375575648767 80.9776181483463
1.1141697875573047 78.99214280980415
0.37591568627094335 79.99911679135474
-0.3811810189932596 80.99910308781672
-1.1429429541680274 80.99193590354238
-1.7400084043214195 73.97954021723095
-55.16515033897987 1675.091879924226
-70.95889521951415 1675.498085701451
-86.81686385257525 1676.7539569509904
-102.88801435845953 1680.853966441277
-118.83249062259239 1681.8070160313969
-134.88384167704734 1683.605461280772
-150.97951046025668 1685.2504821008602
-167.21662311811204 1687.7365318535283
-183.62176611902615 1691.0600364881577
-200.1041656625187 1694.2238113320527
-216.53563520726016 1696.2347475173913
-233.02258436141136 1698.0861212487218
-249.70872586802867 1700.7664602247323
-266.9295180498665 1706.2466505150028
-283.45613066351007 1706.6202336751053
-300.1864550548888 1707.818518520507
-316.9643296282989 1708.852718563915
-334.3629806441697 1712.6664582383655
-350.8304411606361 1712.4316049276342
-368.32333633188034 1715.9146015793888
-383.9409523865311 1710.4380564874377
-360.93120361821775 1540.2768148143712
-366.80081555376586 1501.8565716169744
-376.91005728763116 1482.8482082517532
-383.6307875772439 1452.1816066948595
-390.0752027126841 1422.4859704857051
-393.80979013865584 1385.1042737609857
-401.11632471432034 1362.1694806622545
-403.65654293614193 1324.8722184968792
-405.83456521037715 1288.603626287193
-410.1533357084753 1260.9719430690004
-385.03369439196234 1147.1046395960907
-335.57912642186994 969.568280169032
-339.60701666334785 952.2542067289703
-343.68517018639307 935.8896856969576
-347.1334935780057 918.5980283215987
-335.0743293529949 862.1775883242622
-361.3119501008036 904.5052098879002
-436.96402054067903 1064.830242223109
-463.22645387821206 1099.395403131838
-468.3437086564902 1083.0762533459426
-489.0101139570536 1102.4087755672617
-504.6965061129391 1109.6136429935386
-517.6025642059425 1110.2759051368416
-531.4270894369822 1112.597972590521
