-468.0077857363592 962.2207192168281
-485.37779337752175 974.8483972885055
-505.04526966380274 990.6933307488331
-524.5933137855344 1005.3645384294753
-544.4640646174947 1019.7523632432516
-564.1745564595767 1032.974380051916
-586.1343576858799 1049.4048383441734
-607.4635846635243 1063.7729989559527
-631.6374520211706 1082.1474618573031
-655.1885736707784 1098.439316908882
-681.7061656952284 1118.6494999118847
-708.1360056842799 1137.604235863032
-735.5216403893833 1156.99996392347
-763.3372532849666 1175.976291320264
-794.3392895591771 1198.694745572292
-828.0800670999753 1224.241562140291
-861.2385002087753 1247.607408505632
-897.7919202582289 1274.5393944162895
-934.9312650300067 1300.887208665452
-975.6050921686259 1330.6745297534808
-1018.7219786478879 1362.2064932379865
-1063.7347077661386 1394.627000847785
-1116.818625052147 1435.7845098539794
-1170.153644360883 1475.2726692340452
-1225.5919868304056 1515.4290751523472
-1281.8933017115187 1554.6622022250176
-1345.4796439683262 1600.6141095426049
-1412.0003157418 1647.7727720608375
-1486.7681007446909 1702.0930099756665
-1564.6825241491474 1757.378046585951
-1651.8377479884139 1820.2186831039191
-1743.7140533551242 1885.2281825105001
-1851.3698300450217 1963.9324714457643
-1965.5165017762513 2045.8039694079312
-2095.3660130172334 2139.9687547934577
-2246.9461908837193 2251.664676472308
-2306.6991894912617 2268.1190112514723
-2321.6241673618174 2239.8966997434386
-2318.0666358183553 2194.4090484469325
-2357.086577695569 2189.3450767860672
-2377.7393229497698 2166.897485368971
-2394.747112143019 2142.091330658586
-2411.884441329265 2116.7178464958
-2429.514123924011 2091.864508435894
-2449.945405726566 2069.4483586113697
-2465.549906073388 2043.0045669703015
-2479.321728416911 2015.189511435533
-2498.2619832068867 1991.6606295408842
-2513.827808640586 1965.4899512603133
-2532.296675419151 1941.6370792867326
-2549.739926842796 1917.009730143197
-2565.33405922538 1891.03944024926
-2583.0967895915987 1866.70296930218
-2598.9966328559276 1841.0435905767013
-2614.6423326112745 1815.25052610296
-2631.686371890715 1790.4512950663266
-2650.159354682254 1766.6013683879391
-1843.69407973685 1203.9917526060094
-1833.9335674492352 1173.0373694741877
-1833.9240834222433 1148.7464717002988
-1842.1447139749407 1129.7892957424335
-1851.885757071347 1111.8089506548704
-974.26598337215 572.4559316173584
-866.9329976946951 498.4246959251616
-833.255553147844 468.6375818778094
-860.4299288195177 473.2698359198901
-866.6270788717604 466.06169781070764
-868.3389004310222 456.45213768613587
-870.836237837997 447.30889424218196
-868.7694876936237 435.91693847860364
-870.1577171234654 426.364336372637
-873.2474484419878 417.68755522466523
-872.626358615809 407.2987088721416
-877.3479655295158 399.44529961087227
-880.1710168752592 390.7275022989451
-880.1543809754659 380.8008214929353
-881.8720429425231 371.6862922901257
-885.346454665519 363.3327059475878
-883.1696900918802 352.72127594321864
-881.8040557896891 342.5457738651215
-885.0029840753915 334.1941324704136
-888.0635661964432 325.97408239683017
-887.3354511674614 316.2274452058796
-882.722382232361 305.2166376625387
-902.6328823658457 302.5853262666999
-904.4999446123652 293.73602127799757
-909.1423894069553 285.77808835425435
-911.8014917310705 277.17691043265967
-916.2981714145467 269.11458723443064
-918.799538779081 260.44655409382557
-926.0420455818632 253.07336844195677
-940.9634084687568 247.62242209230467
-1015.9682994952448 257.12334476033186
-1099.9755702535288 267.3532211240854
-1106.3476929897088 257.858066029258
-1112.6382365348352 248.2662977543513
-1117.8679312585448 238.37006578792884
-1126.9294394936487 229.19432454258254
-1133.9531803323428 219.48846168800202
-1138.9266179261688 209.30876469765676
-1145.77904483739 199.3975436446447
-1152.545415774953 189.37545927638251
-1161.2007589029201 179.54887224174422
-1168.78302731033 169.43209575313793
-1174.2953205537676 158.91979148464887
-1180.7051408001696 148.4431557467427
-1187.0213757079553 137.85954305884505
-1193.2425756356408 127.16979079334088
-1202.353275126991 116.6644838474759
-1213.363657568636 106.17266357995364
-1220.294335465555 95.17213263702754
-1223.1342751229265 83.77675703626522
-1224.869377448337 72.27730065050403
-1235.4852612360294 61.197788101694925
-61.95029230864695 2.482193157914587
-66.96863602345873 2.0498266164498897
-67.98478825433973 1.4382510255826115
-68.99527294542129 0.8076578401884932
-68.99982400937716 0.1558418267953999
-65.9982948449629 -0.474423394599462
-68.99045307442088 -1.147773752152049
-69.97650985211034 -1.813303316465285
-68.9571039205956 -2.432656754287095
-59.94028378624725 -2.67626224876132
-69.89805867822339 -3.7764259579183665
-68.86167259106603 -4.366926603553766
-65.82572412221003 -4.793124637091742
-65.77799945767474 -5.408769485395186
-64.72869099483619 -5.932669053218286
-64.67035295413268 -6.5380003661595705
-67.58818581375941 -7.472425202351012
-69.50106153257371 -8.342808031196771
-68.42825196089562 -8.864216467132612
-71.31373035941168 -9.917250739248486
-72.2069614817008 -10.73101642810111
-70.12796787889393 -11.093607221135121
-72.97974703546839 -12.245673629451447
-70.89274161927706 -12.578520807409046
-71.75490014156496 -13.4251370821322
-70.64497606688148 -13.902782329797978
-69.53248130038625 -14.360851096346511
-68.41768483323419 -14.799337892630042
-69.25160496232421 -15.659348969296051
-65.20899351406845 -15.387890202434427
-65.06217296105201 -15.997301321977783
-1046.3049233820257 -267.6677180881806
-1053.4192719068856 -280.01399532017507
-1058.465353911053 -291.9847505777473
-1062.417513767606 -303.7993193538438
-1070.0760635106699 -316.848888749051
-1084.2755670166782 -332.11819397717613
-1104.9551029845486 -349.7931108361134
-1138.7037919462252 -372.2333598796434
-1161.7029524988704 -391.81915491130235
-1172.1541716907286 -407.59734762142654
-1210.6528938400422 -433.72291919695874
-1200.9127885976752 -442.9542574381193
-1179.8872024136626 -447.7836414837647
-1159.8094174842881 -452.622486311447
-1136.9613605011582 -456.0086235230157
-1128.946824324471 -465.1022122584371
-1111.6913868183012 -470.0970755854604
-1093.534055763292 -474.39147218925183
-1080.8756289763016 -480.8293612967956
-1069.1022537587653 -487.4888419317192
-1060.016783611903 -495.24177778240363
-1058.0960945762067 -506.3216908671588
-1043.4887392679418 -511.2487173783433
-1027.987721532857 -515.5009644779389
-1048.0869416685941 -537.7711062373779
-1056.3490386042795 -554.4147442482158
-1077.6085422411957 -578.3500926677588
-1687.6601569474185 -925.9741868174375
-1672.9162635938007 -938.1232195204192
-1665.0338018437053 -954.0563079388432
-1657.8626654395982 -970.4289683132455
-1653.964194467637 -988.8030357047959
-1654.9883711470536 -1010.3140558103815
-1658.3012359944955 -1033.5148817018207
-1665.5440924201857 -1059.5465427267552
-3002.6860221895195 -1949.4298274489595
-1949.9442331657735 -1291.757905934213
-1914.712212338484 -1294.0626506942654
-1824.4449474745247 -1257.79832788674
-1744.8354332493036 -1226.8815390565285
-1720.4083338267144 -1233.6466937091786
-1624.9695836723056 -1188.125772862391
-1546.5623389281957 -1152.9032621208723
-1538.2192462743965 -1168.9762830746515
-1522.5959909875596 -1179.481855828487
-2061.7987777129597 -1627.9173198357914
-2042.7553515778347 -1643.7866569601167
-2003.4906001204924 -1642.9566078350422
-1803.2744099229355 -1506.884667954747
-1771.745249774347 -1508.5913197092302
-1745.6278321061209 -1514.4320624499749
-1727.0476277374544 -1526.542332045342
-1725.4845017076477 -1553.8298601734716
-1712.5100215870214 -1571.0777911879538
-1705.9393210776168 -1594.3638332580304
-1695.4624211893843 -1614.2144152294734
-1686.165240824231 -1635.4350432335011
-1672.5660042564293 -1653.6102809929796
-1662.2949296873678 -1675.2240347892782
-1655.9480175558865 -1701.0914623125734
-1716.9403895136115 -1797.8630923562696
-1740.6728660805836 -1858.0026838761041
-1720.1005191197835 -1871.635168542163
-1701.4357120239542 -1887.2725075752946
-1682.6292107485735 -1902.7240838165771
-1663.6828607223758 -1917.9886180419871
-1643.9505289149818 -1932.3032004528047
-1625.3780534564519 -1947.9515351625448
-1606.023343853578 -1962.647451530043
-1586.536280408401 -1977.1513930268152
-1566.9187642335153 -1991.4621729505468
-849.6317550237517 -1101.3659159676495
-832.414708778345 -1100.6751349101437
-824.8179357412356 -1112.609712738284
-1491.8851146448171 -2053.222541445817
-1469.8419024840641 -2064.1513466076144
-1451.7319473247856 -2080.5872615962508
-1431.7488160086016 -2094.388771899326
-1411.6344840427303 -2107.9983594541563
-1390.842355222437 -2120.5785868293833
-1370.4791930784888 -2133.79539350401
-1351.0551060612793 -2148.509739420733
-1330.426393341866 -2161.3443991875415
-1310.7078182192308 -2175.6941456139884
-1291.3441391935544 -2190.725750560863
-1271.8126465495982 -2205.5857707367686
-1253.5885073621953 -2222.8854793284836
-1233.2180066612802 -2236.535121129641
-1213.1754198152119 -2250.878584188002
-1192.9711022180966 -2265.0430347506735
-1171.6916201387949 -2277.24828406929
-1151.6346853770872 -2291.93423802613
-1131.4037906005046 -2306.444550084569
-1111.8640474247843 -2322.5811805067606
-1091.6956682302398 -2337.6485124944106
-1070.097180545831 -2349.81191251297
-1049.4818607493273 -2362.3744038484097
-1028.9388001702573 -2376.8434835941957
-1008.2152154864616 -2391.135102678556
-988.0720990170594 -2407.097323986719
-967.7162407023425 -2422.8921307975984
-946.4248882124224 -2436.652607774055
-924.6059365816053 -2449.2912979141647
-904.3532836759805 -2466.4294310408463
-883.1872897930879 -2481.5189322566007
-861.8157863387108 -2496.428358759247
-841.5095345965256 -2514.9484494086832
-818.4623451309723 -2525.696812684117
-796.7827341184937 -2541.004973354176
-777.2065540360845 -2563.7845019352453
-742.376067558467 -2535.5555159208066
-688.5814202723087 -2437.610433940536
-643.2877530595747 -2363.0027225467948
-602.5202312651488 -2299.3691245461637
-562.0467344921586 -2231.3010707313124
-495.66243971938644 -2049.9267659727325
-423.5290572427826 -1827.5664523269843
-403.5197904503917 -1819.7988291882352
-382.0395227600724 -1803.9905218845404
-403.8327311782931 -2000.6499257064143
-392.88142595322216 -2046.6314238623825
-373.20737979836065 -2049.29384219639
-358.10278875090074 -2078.3751809259147
-338.6282138907326 -2083.663104428634
-317.57529022195575 -2078.883097973631
-293.67060340853396 -2053.103401364302
-274.11862658335804 -2055.805189836832
-255.27820259756277 -2064.2754271846957
-265.41418843896736 -2327.918449726125
-244.7016385173069 -2344.263233535634
-223.4188523060675 -2357.43674706963
-202.7561058594388 -2380.38042370053
-180.54597054420083 -2388.1851168869325
-157.21723525216933 -2380.814722094028
-123.33059625088751 -2183.5197649731504
-100.95099567177698 -2150.631976064914
-88.38060644935236 -2347.336760757528
-70.24794665580728 -2499.0128503052247
-46.40899318675077 -2498.5690315361294
-22.422140797617775 -2479.8986365579644
1.200193513021341 -2451.999706267424
24.30874320915014 -2425.8782090211353
47.036815205143206 -2405.54017593042
69.87378325693923 -2401.9838996990306
96.27592840084749 -2492.141036460528
119.01263411680479 -2470.1346102835323
140.64699966327245 -2435.9430250902255
161.77492192244122 -2403.5619140427793
182.45190447468204 -2372.996271078731
203.1642805699701 -2349.231422210355
222.86650828041232 -2319.3168217142947
245.06609346689226 -2318.0818816066176
269.32529080078166 -2334.515771575569
294.41607851280384 -2354.6651933370786
319.78162448573914 -2373.5552895690594
176.69825132342564 -1223.3044298044717
187.282398281427 -1214.6465754671015
197.23226751719957 -1202.9382497244087
207.31851213132165 -1193.1219696777255
217.95799908217919 -1187.1576603956582
231.16191283120077 -1194.8444124890154
510.58753978316383 -2510.606373810553
539.4989869379363 -2529.098029553805
569.2447020548964 -2549.2164421999228
600.5585210338097 -2573.864499699563
632.1567340372378 -2597.172859786459
664.00739495388 -2619.140733035658
696.8435140514987 -2642.668748996809
729.3951708048102 -2662.9126318387957
757.7482426846441 -2666.4211221613764
748.9424330685233 -2543.0073204671276
747.1887014122611 -2450.6229910946845
765.097346905816 -2426.2238251566323
783.228918931786 -2403.6090490237684
803.5503258157667 -2388.452820107899
520.0300876830628 -1498.3206292060274
531.2069916492026 -1485.9014543444675
551.3346471546738 -1496.6813645017537
885.595332042605 -2334.67982984056
914.8939982812545 -2343.7629939712206
932.1537142473554 -2321.8728330842882
942.5928852464682 -2284.1540343599286
959.4202820212213 -2263.023800680479
993.491868503199 -2282.125085795698
1026.3861330268542 -2297.1259229589878
1054.2422748540603 -2299.8854810425964
664.0666091949244 -1412.7053969431686
676.7404311659099 -1404.458396972078
667.6238175680041 -1352.1621345888682
663.8852967164094 -1312.668013171558
673.2471072405093 -1300.013204776123
683.8324680147366 -1289.95083460141
693.8099524409886 -1278.9264051906323
703.1536757856537 -1266.9553694701024
712.8253331711185 -1255.7929942428743
723.8535750123572 -1247.1567671876016
734.2714973052061 -1237.564692549513
745.6090735122556 -1229.5979462800822
756.3346987817692 -1220.6776083056043
765.3533268208018 -1209.1299703192915
773.6771963857816 -1196.6823286873744
782.9347805341167 -1185.8558636824268
792.0559524175695 -1174.9622837520772
802.1740948835812 -1165.6507716712185
812.1865327845887 -1156.2534479790095
822.0925526751624 -1146.771483267715
831.8914538358407 -1137.2060539035533
839.7881292385134 -1125.1541663212547
847.5302919728935 -1113.0558854740143
856.3446378303828 -1102.492567439414
865.6553980862001 -1092.6466637317951
874.8561296780862 -1082.7237654936182
884.5821465112684 -1073.4968216410873
894.8549986196115 -1064.948605072327
905.0452491457314 -1056.302086052442
913.8361386816746 -1046.051868522478
922.8309118750087 -1036.7869154691043
931.8546256960286 -1027.334393743787
940.7822488896 -1017.8038908228965
950.2987544847754 -1008.9243168963095
958.3465603119755 -998.5128293308028
969.0795161307208 -990.8990318977247
977.6362413824287 -981.0465735813145
988.9434272376994 -973.9275628728008
998.7648286881821 -965.2926069205472
1009.2367500601847 -957.2471897728175
1018.1815615499307 -947.727443793702
1027.774924683358 -938.7985429218122
1037.2903161374998 -929.7729830702577
1045.9758859432284 -919.9910032306178
1054.5692121839381 -910.1278903064931
1063.069537022801 -900.1845141159271
1009.9412300881684 -839.0397557732275
883.6744717397027 -720.2217908363766
871.6537212997198 -696.9044340111135
862.4221433282515 -676.3460997870134
856.0532729341116 -658.462446840209
851.0223584783107 -641.9633520459043
846.5619974010825 -626.2122520011003
844.3102832176511 -612.3635730943912
842.6888196531391 -599.1924175351346
840.895086540984 -586.1061793150035
838.9305400594851 -573.1069262847036
838.458619577503 -561.3093115708915
839.5119530988575 -550.6683944118654
843.8048688835162 -542.2198292652824
846.3205759187242 -532.6738990945577
847.8803479085408 -522.6039759038308
849.3259271647521 -512.5519187806578
853.240757513689 -504.0448489147231
862.2651570920593 -498.512586465985
885.1867587056256 -500.73286512094313
888.1000562795763 -491.4298424355337
892.6758134527985 -483.068206443339
877.726735483408 -464.3756860750136
848.2947532168736 -438.6581945714951
844.2931097173285 -426.7143598284957
853.6637992505107 -421.3812025342183
860.3060256314914 -414.6064908586787
869.6108849133964 -409.0206704313848
873.4331885199103 -400.7935443491359
879.0032117198173 -393.34762460989396
888.1766934350728 -387.43149231669406
897.3163201588691 -381.3770071419433
907.3442711558283 -375.56673654717974
921.9796359116834 -371.4694482244262
930.1002889781488 -364.5743441916396
937.2380747059543 -357.20273140259735
962.136581109944 -356.32737656552314
999.3330476554112 -359.41265957635335
1015.8993053442914 -354.57665095291594
1021.0955794805172 -345.61223584437334
1033.8145463301698 -339.07445170072185
1052.2188074904561 -334.1430549380944
1070.6207314749283 -328.89397886870694
1065.0499364930602 -316.2113735717428
1068.948721287086 -306.4190451957966
1077.576669548274 -297.91361372929896
1099.6671980591393 -292.8754914853094
1100.445466960173 -281.9854149540486
1097.2322934903077 -270.1505027239431
1083.1888927197729 -255.87266889707504
1085.5560027259744 -245.63624517893138
1089.781142451311 -235.80089388616622
1114.4831905716194 -230.1547695210842
1137.211345815106 -223.67689855994365
1155.9827642780363 -216.05519825292293
1189.4801728468901 -210.71525432235003
1194.3750879306606 -199.9728714866767
1166.5759665594396 -184.01498375379347
1153.4228420207223 -170.7973872892672
1131.2104839553272 -156.6104753506437
1111.8105925735733 -143.2417754748933
1094.2468950265727 -130.4903549106401
1075.5491746143887 -117.97445904223244
1056.7144412592743 -105.82338888024519
1040.719834531671 -94.48399871074122
1024.6160008392753 -83.34297105413529
1008.3962292243936 -72.51237746774166
992.0649265673025 -61.99339864060302
977.6236999206694 -51.89317251258458
965.079697920271 -42.15657317807512
951.4407878263218 -32.62556145767227
934.7101530757659 -23.27938437927762
921.8889128752176 -14.311964147153502
909.9828108915079 -5.5931996200923795
896.9953192915162 2.8977869332985966
883.9297455976846 11.144722859391448
872.7890413176925 19.190866466709636
862.5756387966 27.060438921745916
852.2922734226 34.740188026778505
839.9441177611515 42.12931329182578
831.5263055596145 49.52780191345697
821.0490415185666 56.63454265236972
813.5033117412968 63.783710976569445
801.9116605360083 70.44635332209678
790.2675526505093 76.8973031241965
783.5456745510246 83.66705380482685
773.7869251842311 89.97107542945805
762.9874517243142 95.97472850306656
755.1171991651 102.18618069511498
744.2291568407264 107.82839193895748
737.2556811987416 113.88617361286458
728.2609521473796 119.49889362413397
719.2264827227044 124.95305738687367
711.138047882291 130.42881910898552
703.0107671459305 135.763991090754
695.8266022929345 141.1571448474018
689.5817567425105 146.63560538939103
684.2719186745903 152.22661171225877
677.9441471418088 157.5047089967966
669.6342002665282 162.2067749306648
660.3266374413615 166.52246660851708
654.8669289621374 171.69247319465924
646.4740048415066 175.98682071161963
639.0211013728444 180.4107313887866
632.521774439086 184.92486274276376
624.9893021098751 189.20193510694156
619.3418584987285 193.95015419262006
614.6124205312092 198.91599364748933
606.9995208807475 202.85852619631976
599.3677893270176 206.67426815461056
592.6611763423756 210.69819661418927
589.6886884313509 215.9890060538111
583.8622356078051 220.18376377711363
577.0774356387003 223.92550832065047
571.2035320096485 227.9287718119467
564.3808415479332 231.4611537464695
560.3077741337781 236.04914370793853
554.3630363281641 239.78662171401194
550.2262578717971 244.24386409569973
546.0550285989794 248.6441347423416
536.4134350920132 250.44885037225978
528.5917196606048 252.9561106323478
522.5671557518419 256.2178130603533
518.316031939298 260.28540303808927
512.256323705296 263.38082470813043
506.18499097854976 266.3845996074952
501.86415502014216 270.2450182814083
494.8881355846082 272.5999509493544
491.3982724589507 276.8099308629639
487.87318693378205 280.97820817827665
484.3133563659782 285.1044946077157
480.71926040164567 289.1885071694496
475.38748312940317 292.1827183183349
472.5832785292826 296.69689053732014
468.05256738721454 300.1046386883031
462.6633222454843 302.905348663194
459.75757614276773 307.2978541729947
456.81012914273424 311.6624871757883
451.3592888272619 314.2845723056549
447.5305096841671 317.9896899300819
440.4336881631375 319.3026249986307
433.35281782924784 320.50949327508334
430.28074531195625 324.62205749731095
425.58460043585495 327.4854926128083
420.1693822559789 329.5659117909937
416.38434043292636 332.7357525758795
413.3519373138609 336.49543224073335
410.28558788412727 340.2274773950159
404.8936928743196 341.995756509633
401.0197745195031 344.9987542648914
394.1162220168785 345.3236214670848
390.2245327499727 348.21518352889996
386.31286373568753 351.064625549673
382.38165827037216 353.8718234310275
377.70360763788534 355.9508179191704
373.7409066008611 358.66660666023324
369.04485847592457 360.64094669419444
365.7615178192905 363.97048243302487
363.15055806458366 367.9818910997951
359.8009346102899 371.25771029510196
356.4217626932881 374.50304014601727
352.33050876280254 376.98701913321196
349.5758859258943 380.90116825644697
345.440285372147 383.3105910903189
341.9524779716407 386.4252874865394
335.813048462437 386.488805119068
334.89290390849885 392.559222171296
331.321717009674 395.57795671366915
324.5477069182937 394.7021483778335
323.4699129443307 400.73958554126784
318.58302423637787 402.0868770159049
313.69838357842343 403.37863619716444
311.2434444209695 407.7947011732385
306.93567848892417 409.79810793919455
300.84059441477643 409.3396349636375
298.28849776785086 413.671333427153
292.2174729963601 413.0919370740871
289.6021335280198 417.36627110491213
287.4958433867125 422.453713482747
284.2107931857168 425.87348477775146
279.7922494990096 427.5947814465045
276.4457603519493 430.9544541867883
271.99674633241966 432.59538830710784
268.06532784869756 435.0425036767905
265.57014215932116 440.0778335629709
260.93567126110463 441.6803996823005
256.79506728929493 444.1005442643439
253.6169388667852 448.2225432972346
248.9311913314191 449.69907936565806
244.71614659446897 452.0066455218932
240.4797129870749 454.2747050427242
236.22226078529235 456.5030596934541
231.49290886859913 457.7991187666862
228.08868149936808 461.7364544541397
223.32752273512662 462.9479642346335
219.41578523764312 465.9202863028701
215.05038084767884 467.9512086716608
211.0752410021144 470.85373805025625
207.06459082066843 473.7227619908813
203.80256610992996 478.3978616664247
199.32119314598782 480.28227321322174
195.94637433512594 484.9061954490978
192.13644767893294 488.5781262739058
187.56041084485716 490.3530282191682
182.61947027083448 491.1477670497951
179.7184886371411 497.53619450446195
173.73554750193657 495.41998297828314
172.3172342516614 506.4896551558166
166.94816432729098 506.1791287950816
163.12167368890877 510.5754788206433
158.93208062347315 513.9889043050383
154.1199334915349 515.4522733489152
149.2943158496357 516.8705904334171
144.72415439481705 519.2070099052064
139.86384491886415 520.537323238701
135.74265405830445 524.7265305558768
131.55529353336482 528.8839236953136
127.30200036812214 533.0086309829088
122.98302210706234 537.0997824179543
118.17046295302008 539.202876184344
113.53424662181011 542.2416203538954
109.24305758650058 547.2019319859467
104.49577775815796 550.1641867940131
99.52521933916371 552.1011960822865
94.57017257184869 553.9859948227308
89.98404341326247 558.8012812538999
85.61489230837812 565.5564429966515
80.4246084993825 567.3278437973241
75.60161474330278 572.025695094377
70.57553150331513 575.6901027054613
65.3747667170806 578.3166432644726
60.02780193973499 579.9014252390521
54.65677437906893 581.4367007804681
49.43056067223994 584.9150533809401
44.36810910012862 591.3378652639108
39.123588966164704 596.7188155123035
33.669566973373804 600.0561309242873
28.29598249288075 606.3401169102722
22.658163332862806 608.5783496267193
17.00847670512743 611.7636077114845
11.337540945287389 616.895826023579
5.571427627051752 621.9750470832383
-0.28844082167102636 624.9999334415104
-6.224556762916669 629.9692491646756
-12.235005428676196 633.8819327305048
-18.377133293997975 639.7361026016076
-24.630609405182742 645.5302727838016
-30.99484340501359 651.2628652720026
-37.355336868467845 654.9355531710302
-43.78774420379364 658.5458476503691
-50.51867142005794 665.0841028305761
-57.20634383769892 669.5606277438385
-63.98278693574787 673.969734465825
-70.74343815777871 677.3155586265656
-77.91249051569457 683.5741684862307
-85.20564531004028 689.7572022148805
-92.49016874172084 694.8716202912075
-100.01979487082778 700.8994511582939
-107.52049905502915 705.8578768300015
-115.28329445293079 711.7237961597735
-122.65847636321988 714.5487374394089
-130.81087887875873 721.2333283806057
-139.09995757924997 727.8270411309618
-147.52471721349818 734.3278952968336
-156.18140845485865 741.7353757594797
-164.22068785132637 745.1178200000569
-173.2348224862001 752.3122332370881
-182.3984906901208 759.4022587495813
-191.46784778856252 765.4156147239328
-200.41437709001744 770.3571103427424
-210.2531075556094 778.0935874065595
-219.98478309841477 784.7494474067144
-229.85989939902865 791.2903554626888
-239.87714823428206 797.7142055617339
-250.3321483996193 804.973798006886
-261.25041781789844 813.0585582785372
-272.34243900618753 821.0082800533506
-283.6066295234847 828.8204146196744
-295.7066311617283 838.3785471295062
-308.0109284498178 847.7813798117303
-320.517661031221 857.0259208256629
-332.8658518072037 865.1758923482927
-346.13080011854083 875.0282676629931
-359.9864057359652 885.6329870128488
-373.68613713995535 895.1305328885942
-387.59567575680217 904.4476724137377
-402.11534796736504 914.4967178339597
-417.679777573406 926.1747153783837
-433.498572705767 937.6395829219576
