-533.8531350433245 1111.4359316687642
-552.0789236863002 1122.5906921141723
-549.5929524505575 1091.4355622833073
-554.3583752250687 1075.5402325426148
-554.6749164681002 1051.6923205201729
-565.5129162041562 1048.1775334390022
-581.1648163690187 1053.3073892339144
-593.0325295077521 1051.2665784403293
-851.1743554862785 1476.183666270061
-862.004739052889 1462.925777286859
-872.6610861372043 1449.595332753881
-877.3810898552605 1426.8242439643348
-889.1955658513597 1415.950297740101
-900.8831458097403 1404.9806253453983
-908.6092825067136 1388.0598588471014
-908.8748536857785 1360.3097075069538
-833.208958457355 1221.9671974101473
-760.7349295757547 1093.3921377636532
-751.9056545828477 1059.263369802968
-762.4431063652847 1052.938986625557
-826.9914651314024 1119.7093893505655
-977.0936421749406 1297.1753984798313
-986.8404535543513 1284.7357390641246
-989.6570901493606 1263.5679023768769
-994.6591884117624 1245.587852745865
-1000.6735528557957 1229.177546416692
-1005.8288138957507 1211.9956258737352
-1015.2705687483649 1200.1706846250543
-1036.3331941689498 1201.9078628012974
-1089.8639545323222 1240.1602963371986
-1100.1706399875825 1228.342608114411
-1103.6098331227838 1209.0551419330307
-1105.4216982410367 1188.3483786574973
-1109.006015960684 1169.893010733465
-1110.9517495088842 1150.0379168806348
-1112.6225186618315 1130.2509150478945
-1116.8526416024883 1113.3594104984893
-1119.434080280928 1095.0905624219365
-1121.7710509919114 1076.8726522465424
-1126.7763164647727 1061.4514273644736
-914.2315242474283 845.1069281885128
-875.3711586313036 794.2602436459282
-870.1650543771564 774.6210545426715
-869.1855281579565 759.0998074303368
-870.2688338229542 745.61931095998
-868.8785980944755 730.2567916653559
-868.0476330312033 715.6244174068723
-868.5731876369586 702.331558253061
-870.4923081476774 690.3362524565322
-872.2624683422937 678.3680316180952
-878.6553367442202 670.0670109853946
-880.964824462869 658.7116046185207
-884.7513683645152 648.5553300814958
-885.1763814635274 636.052492880215
-889.532276708923 626.4793122626158
-892.1403450036784 615.744756223484
-897.9385450698281 607.2580746913789
-903.6560163701657 598.7167978919606
-910.1310753621806 590.6660864313109
-914.8467238706386 581.4735349292861
-923.7149648754664 574.8866528848239
-932.5402398420912 568.1836860340634
-941.3211429164194 561.3648598714796
-951.783643719237 555.4384714336344
-961.3494955438324 548.8680601179294
-970.0028395426621 541.6784020792896
-975.9729384587808 532.9360406241377
-987.1574507784238 526.9546160464331
-1008.9549681975831 526.3590714991185
-1028.1555794142503 524.0344497448114
-1039.3446010727032 517.3816775080304
-1054.9963366860195 512.7491877897801
-1081.4947487036898 513.0088776291722
-1125.3340058553006 520.7911052098167
-1661.6077544253912 749.9257766161987
-1728.1399730636224 760.3132469578986
-1750.896142308938 750.5915659316183
-1755.165915133121 732.8005256240705
-1750.9182659343048 711.6074943517721
-1744.5676416900455 689.8258791666437
-1750.0965529719163 672.8945350319148
-1778.740487382707 665.0438170117288
-1836.6449022737054 666.9718906760693
-1895.6832525358273 668.1953352539862
-1974.7749233801176 675.1540579668103
-1970.6277280576182 652.9949137707509
-1862.4520393552386 597.6691401616056
-1840.3234329689985 571.4356149779253
-1828.4033368685743 548.8371686829
-1822.9451721758473 528.4646622440995
-1824.9705340612102 510.39940224136416
-1828.748608463258 492.86359882192295
-1833.3262837204736 475.5530858060717
-1842.5915841981173 459.409679743769
-1899.3695058588949 454.53765544048986
-1935.7466772815108 443.93783505530416
-1945.717635591178 426.9038329055811
-1961.4114972733578 410.9512603264353
-1036.5398067870067 206.96431805012907
-1018.8010624413536 193.4254253410578
-1019.5999559266652 183.60808771495462
-1022.2759744589426 174.1287800566558
-1885.828383270475 302.9047851247431
-1880.6972905109328 283.86916258170163
-1877.3558686020333 265.23752114944983
-622.6273729427529 81.97044871419239
-629.3302825525712 76.80752217264194
-606.1786257924279 68.17238174219567
-605.8012726466308 62.33633017528804
-605.367840715081 56.5135154450707
-605.8750516483915 50.788008329318295
-614.3061140212832 45.65082996036617
-2036.726598843794 132.0066724154162
-1129.2730431283092 62.477148332235146
-1115.8279110778467 51.15733436809362
-1116.2616749761723 40.60631698873804
-1115.5960350395762 30.024766509940395
-1115.8300277945327 19.47688558400832
-1111.964421298175 8.895266551068106
-1100.9988354731943 -1.6013390241268106
-1082.935566915162 -11.813463088199123
-1066.782740932275 -21.530992755163187
-1060.539416262123 -31.259343473520417
-1062.2019179666352 -41.183558224145244
-1062.7725405336762 -51.09331744558787
-1066.245700551701 -61.18910078610659
-1065.631532666441 -71.08752764706293
-1067.9168390230898 -81.20729604494971
-1070.105834305161 -91.37561702147788
-1077.1755197870657 -102.06321360541615
-1081.1544386919732 -112.5792152070911
-1084.0368946150752 -123.06506861536562
-1084.8324395795994 -133.3700792373415
-1090.4866646187775 -144.35662190774
-1097.0198864026977 -155.6000283965659
-1099.4826736546147 -166.37863544728307
-1101.8395375218252 -177.2163467451315
-1107.0469760295898 -188.6159931282093
-1112.1371189186627 -200.1275311477568
-1116.1258330270011 -211.56352438400796
-1119.0168177495898 -222.89540505264193
-1125.7086779315887 -235.1169335235447
-1129.3384859794164 -246.84121229186894
-1130.897294296021 -258.2078808904541
-1131.3692470080957 -269.3930714111524
-1134.64256462306 -281.3312114672046
-1140.6962238901806 -294.10223529018464
-1142.7458992425152 -305.9751783468972
-1144.6730181624025 -317.91143655266
-1151.2815975839044 -331.2924434161652
-1153.9059691506307 -343.68155952646634
-1160.2218381266466 -357.32518289931
-1166.3829973570982 -371.11548536307544
-1167.6369161482257 -383.49058925593107
-1170.655438754824 -396.56253443025963
-1176.363641362628 -410.7122877149627
-1179.0861572673734 -423.98683203663114
-1180.7251827368716 -437.0000490285798
-1185.9619732466326 -451.5032646758529
-1191.961640692911 -466.50557029542944
-1197.7840701847947 -481.6578881442166
-1203.4339461688967 -496.9413820646831
-1212.5638154684239 -513.9824835698764
-1221.4794473149689 -531.2362560924452
-1229.2644047061585 -548.2928262547427
-1240.4742452289233 -567.2033558819384
-1249.6259916441581 -585.5210337873048
-1254.0352002363713 -601.8942735797741
-1269.91401161661 -624.1341226850274
-1346.2311284303566 -677.2818828561184
-1316.7481687139423 -677.890300998974
-1204.202198991065 -634.2066413599622
-1164.7873202603753 -627.375086021635
-1138.7464473862767 -627.101689174199
-1104.099181418781 -621.4933608578436
-1083.526810503247 -623.2733356406808
-1063.0183418992215 -624.7247432156263
-1044.29287113514 -626.8782970372522
-1025.6206172906482 -628.7379019816999
-1011.2436635718467 -632.9575442996077
-1001.0911622059648 -639.656536707873
-991.7395826605751 -646.7678101020707
-979.8451902165743 -652.0984612843719
-971.2472287562991 -659.5110466347087
-958.4862576518833 -663.972961717936
-951.4438273690741 -672.2943130514251
-942.7070492509878 -679.3728131832299
-935.5327618686923 -687.5314185332455
-925.0873536113635 -693.2166964148543
-917.796060672647 -701.1956866765304
-908.8585780312186 -707.870104707828
-902.2261375259072 -716.3044023074847
-896.2927857938311 -725.3056198141123
-890.2699624397945 -734.2583972808528
-886.4545700147922 -745.0921387988802
-880.2358984260142 -753.9666856845519
-875.4355218725138 -764.1051282669154
-870.5224534436917 -774.2193862532606
-867.7197512328199 -786.3227284775973
-865.5014442798314 -799.1190461686705
-863.8479702805271 -812.6270265270615
-870.7159514817178 -834.4397712449277
-910.6589727516606 -889.510671856662
-955.2970895436245 -951.0580795669003
-951.8116315120305 -965.8108604268264
-922.4122063842142 -953.9836065223583
-869.2380688201155 -916.2937191282477
-825.7262814370804 -887.1978968325452
-823.308083555994 -901.667787797344
-828.028109616428 -924.3648899028158
-845.5913329907821 -962.2558378990861
-905.5981764373519 -1050.5526844634412
-968.513352050554 -1145.417778323612
-961.3911169578638 -1159.2079710882388
-962.9279156618878 -1183.8267733241432
-999.6269097702758 -1253.1380774931104
-984.5665088407145 -1258.663096173558
-968.2746287704277 -1262.4283121347883
-948.9956672235708 -1262.0016733708756
-933.9669117777096 -1266.9576976775538
-916.5873869391351 -1268.5001230209195
-899.2636737657497 -1269.827092578091
-885.9892359323584 -1276.6906727206851
-868.7297414732626 -1277.628129104787
-850.9788273364758 -1277.521050873541
-836.0414125259645 -1281.3800203458732
-821.1079280130535 -1285.0707258957034
-803.5283116703055 -1284.3548000238363
-787.6041406544213 -1285.9796723214604
-774.2929270342075 -1291.7068023142092
-759.4263168142471 -1294.7094922529714
-743.0798451628565 -1294.944533064156
-728.2664182632161 -1297.6024136961469
-713.9510857717432 -1300.9726542573248
-700.5832454960215 -1305.9506560855434
-684.3995433607845 -1305.4781748645014
-667.8328632682691 -1303.9264805727757
-654.0423555913187 -1307.5444914390328
-640.6824536459463 -1311.9169156582325
-625.5776873394245 -1312.5427829610192
-609.6760864660549 -1311.1868934638705
-596.2530365653975 -1314.051489244825
-582.4886863495971 -1316.9308752834072
-569.1194938750414 -1320.5858554790811
-556.1206162784028 -1325.0278714616268
-541.1978216721994 -1324.7135229238306
-525.5930291642137 -1322.3770142035842
-510.80316594195693 -1321.7295962728813
-497.47988569292676 -1324.6655288528318
-483.80446784502504 -1326.5282646416517
-469.8051574697144 -1327.3082211810704
-455.8350478170939 -1327.9421708725074
-442.5269265608438 -1330.3285005097853
-428.60161802570144 -1330.6782680369251
-415.6024400066019 -1333.7479566471916
-402.00694142255884 -1334.7757935503923
-388.70892577066945 -1336.626114897585
-375.68228844664964 -1339.3072157453228
-362.63987887966346 -1341.8615123201587
-349.33125043485194 -1343.3211371334937
-336.75511871747125 -1347.5596424713756
-323.6635312367641 -1349.7354994766006
-310.78498801654126 -1352.7589183677771
-297.6636049267441 -1354.6827592842596
-284.94438335030867 -1358.4368584505914
-272.3765778849794 -1363.0520899142732
-259.0002491577199 -1363.6212344108753
-245.81507496200916 -1365.0435703381127
-232.45849158491217 -1365.3527198823267
-219.27681156817331 -1366.518817985503
-206.3920731201304 -1369.5354366182623
-193.19056145604975 -1370.450074597501
-180.25066572830852 -1373.220556758637
-167.15480834609693 -1374.8760926159055
-154.0437674297073 -1376.40674137991
-140.918733922674 -1377.8123640139213
-127.8731606171929 -1380.0885677353356
-114.7142255541091 -1381.244600516332
-101.61813510297064 -1383.2724802504365
-88.43004775551418 -1384.178141228201
-75.23392785030167 -1384.9580701596044
-62.434442874607605 -1386.5950888211516
-49.203394681696516 -1388.1282454988793
-35.94872504468218 -1389.5350622304072
-22.671641195312777 -1390.815227370448
-9.366620434828357 -1390.9684634892444
3.94492131928773 -1392.9944140576388
17.29436435248295 -1394.892793357842
30.72440775099637 -1398.6625793122337
44.22814613074419 -1402.3027030886867
57.72215751302947 -1403.8137884107139
71.24911725518083 -1405.1948488698488
84.80777081658198 -1406.4453924732102
98.32712171260323 -1406.5673738345117
111.93583469793641 -1407.556169007289
125.66125376392297 -1409.4091844820932
139.7273321580847 -1414.1135996262763
153.8948560419713 -1418.6773323359407
168.0450659471466 -1422.1057822155212
182.14805029655895 -1424.4009575162333
196.03762111973828 -1424.5747615010291
209.94715913292146 -1424.612996701917
224.496353369726 -1428.4667960172176
239.13840093894788 -1432.1720654992414
253.8717863944815 -1435.7273822257744
267.96083629510696 -1435.1992858875128
282.25590900782794 -1435.5140549051287
297.5930028206707 -1440.583008601787
313.05275092772405 -1445.489181950728
327.74941837002063 -1446.3296023929377
342.26040509608316 -1446.0476531233212
357.27516690579574 -1447.5619002697038
373.5945918932622 -1453.763419854863
388.51622146050767 -1453.9876703954712
403.7436115563502 -1455.0227132685714
420.40915612008365 -1460.703988305091
435.7912571042165 -1461.4071917954716
451.2251490962983 -1461.949337296961
467.6212893357951 -1465.1874725644936
484.7467325668851 -1470.1444164658549
500.0762258435795 -1469.2269288118978
516.3251185301955 -1472.0762113337678
533.4839607874793 -1475.5188455531509
549.3600111555485 -1475.0185009494544
565.9913935361312 -1476.2163603086874
583.4299653151648 -1479.0907597481453
600.97547775608 -1481.7656613432002
619.0104181864159 -1485.1623150944406
636.3783796656743 -1486.5098579875248
654.2312360064645 -1488.5756580817294
673.0042082264775 -1492.258133068623
690.6480943719049 -1492.993707200555
710.0818658555929 -1497.141524299904
728.3467663353177 -1498.3547603851653
747.5915202312001 -1501.1448693841653
766.9563930950471 -1503.702726967879
785.5129247168569 -1504.253451085544
806.5070589098456 -1508.9954817455853
827.6638693182429 -1513.4720081406047
846.0509817514551 -1512.4439613676268
866.4803880085208 -1514.6738055425014
887.534754414129 -1517.5131168154862
909.2358575335874 -1520.945151994365
929.5198673537543 -1521.5392917025372
952.0163793247465 -1525.2766350722745
974.1318206811414 -1527.878004271429
998.566764091944 -1533.5463532775734
1021.538183032467 -1536.3869111023844
1044.6552465378165 -1538.9267090673986
1068.483841438516 -1541.9851752156349
1092.4664295275034 -1544.7268691763695
1116.0138947701432 -1546.3382510563385
1140.284990980371 -1548.4441027511762
1165.89967488507 -1551.824393448849
1189.8582361719612 -1552.4733098555187
1216.399309911545 -1555.9555645476246
1243.1156341167018 -1559.0700818804237
1271.2643834747214 -1563.365557797867
1298.3321166432095 -1565.7233839004782
1328.1436599385374 -1570.7588670973869
1357.5169834143721 -1574.6074557620836
1389.217256401394 -1581.4867734244835
1418.736537742516 -1584.7131085702479
1447.764758290751 -1586.7832884963605
1481.042431914321 -1592.8397015611185
1515.249085644049 -1599.1338932231015
1546.9257766891433 -1602.045455477057
1582.998736740764 -1608.7771752101487
1619.3341699762689 -1614.9693018590997
1653.0663514862626 -1617.8197172688606
1691.321965728228 -1624.332173000708
1726.206453701256 -1626.8359718177287
1764.9575417327783 -1632.2196163141123
1806.1830276660482 -1639.0313818139991
1846.1977463333694 -1643.8789132516993
1891.7336831840237 -1652.7212928703398
1932.2829376913246 -1656.2933462122535
1974.5960739938062 -1660.5331506983673
1102.3018748437482 -909.3797758450303
1108.4924679224287 -897.0621207916671
1104.3668917232271 -876.6263562462506
2169.137831134095 -1688.7397873985424
2229.469020204533 -1702.2023639826841
2253.419568563971 -1687.1055829476013
1059.2388379758268 -777.5661284570077
1067.3325922346237 -768.1315886967016
1089.2337319587227 -768.4132203204688
1185.2611150009545 -819.5346785015836
1073.7226619554447 -727.5497544521021
1078.03336627186 -715.7374247617363
1069.6428379481333 -695.7299757997089
1066.0325404627054 -679.1690678134793
1091.051827636157 -680.736299466836
1241.6375038851318 -758.5257470553648
1313.9578908449523 -785.7961956425371
1277.2914708011717 -747.613870001473
1226.1417827913735 -702.2430693806755
1220.4928336428638 -683.8115552010016
1222.499196018869 -669.8744029541797
1226.1145738605405 -656.9049031380301
1229.5943071651918 -643.926890094638
1231.9513439975303 -630.6757376201173
1233.382181795175 -616.7733729905771
1231.9649318483582 -601.5840811523105
1236.6902708906089 -589.4889090428356
1241.29711471315 -577.35818432305
1243.9638902536037 -564.3667599576719
1245.5817093266808 -550.97205499991
1246.1394925076395 -537.2014195930634
1245.6266661040063 -523.0824109933525
1244.033165387952 -508.64278567068305
1237.6328226341202 -492.43171743775827
1176.9471396198196 -455.45519048609464
1239.2274762062882 -466.1451085395981
1244.5149854892372 -454.7608722094761
1247.8130014439148 -442.6496508837758
1250.047769304504 -430.1913230840828
1254.0558933391142 -418.3632588808872
1256.0489974106608 -405.88288471389586
1257.9183891979653 -393.4022446778824
1250.0923253258763 -378.02801240297475
1167.2181716295856 -340.9658924550774
1026.0136936913093 -289.22638254128213
973.6946131131832 -264.5747538870034
960.6714361175636 -251.31532350379663
954.2745576259938 -240.03347405666955
948.7230901262636 -229.129872040451
944.0256985969305 -218.5783163732791
941.1668551987631 -208.56881520320957
937.2252662541739 -198.42580551630047
934.1567843431615 -188.5738642167684
931.9682960679671 -178.98629870515222
931.6499645009663 -169.81561661210074
927.29995010558 -159.98688238161486
923.8349106330925 -150.416282016097
923.2376760716083 -141.37960773002578
922.5523294131524 -132.36766785875702
923.761605967924 -123.64665518954386
924.8884434782509 -114.91460795033097
926.9262314478927 -106.28622419583633
928.8834502739672 -97.62958469198828
930.7441848651569 -89.10814968169194
937.5143429245262 -80.91882853078094
940.2239820409361 -72.30396666217946
944.8497690973012 -63.78019940997799
948.3996953293911 -55.11821748857705
957.8628687877739 -46.68752079149237
965.2520633228858 -38.00597651569738
968.5638420421104 -29.07032659991471
966.7937150272904 -19.972796091943216
965.938251257624 -10.922213940562925
966.9981465623727 -1.8932894485178513
958.9738059783443 7.087979077901333
888.875440892211 14.88121563170801
824.7192528275928 21.521013347357428
813.4889213446412 28.840507095615155
810.1867536858434 36.3101108783013
811.8089598857781 43.99105192162527
811.3622172689852 51.578603978354536
811.8419081238729 59.23441747657453
807.2661566963128 66.49324967817425
802.6259875704915 73.67173186842581
800.9072504058231 81.07142682464736
801.1082564440998 88.66544680479748
801.2371865253953 96.27030138557232
803.2772563629138 104.1424476861849
808.211270567721 112.4746288160581
817.0156738839243 121.49645520753745
821.7703463372839 130.0672821300596
823.4770554294082 138.2408737722363
829.0409404623083 147.15678386459584
835.4924226467551 156.37266928672656
850.6738870695108 167.46025754802017
867.6782473788979 179.2497113679237
886.4896703825952 191.79432813552543
911.9681506576379 206.2500719662613
957.6899414856741 226.02206966835345
1043.9026144080653 256.6950167650439
0 0
0 0
0 0
0 0
2525.505024759474 748.1847164401642
2520.133931383009 772.9301183755357
2410.6224071008332 764.6833399410402
2356.6241144033625 772.4783384746582
2309.3325424560308 781.5543540621891
2247.925354738067 784.8519602611275
2198.903668229407 791.4490873374351
2157.466649439977 799.9616594276498
2101.1234631639068 802.0481235824386
2044.942752184967 803.130213779915
1988.9385723219887 803.2112770185495
1870.3191508772552 776.2288798168893
1855.4381804284926 790.9729190106352
1845.9436484087225 807.9090585576416
1835.3828586246002 824.3262474694051
1828.3101893848825 842.2890545361581
1821.0617184220466 860.1919656086903
1916.2457489125372 927.708590978131
1935.9380496167128 960.2420882497488
1924.8673873847758 977.8376864196367
1912.7502583971743 994.8479527051072
1934.0272646713038 1029.5725032789264
2011.8928797506846 1095.8868739101208
1927.0506949538421 1073.7372206820037
1239.8445605485056 706.4803363705763
1214.0104647242777 707.2507274933998
1190.854742247807 709.126915908506
1178.0271246102075 716.8633716982664
1161.7641458890284 722.307461768696
1153.1031404701353 732.3313098850216
1144.3568571169164 742.2556052799423
1133.8589677434525 750.975260090339
1124.9561250187364 760.6824020462344
1117.617484097875 771.4241111339055
1112.6288037099487 783.8227766242625
1109.940775736159 797.9476639217725
1103.8584874028418 809.7267686008104
1102.4559627714273 825.057482936629
1101.655273366319 841.0420076691657
1104.8584210327817 859.8185096128999
1112.7299826653737 882.174577777844
1124.954715903158 908.5113577535752
1411.7241827469468 1161.3004916245686
1378.1960909885647 1154.7205440208638
1360.8779732177093 1161.2631665608187
1310.3430588966694 1138.726072416593
972.7670770065962 860.8862955652407
950.1051279157323 856.2366763391008
931.291324306498 854.6300189388676
932.3123226340111 871.1886897020505
935.2830495622953 889.9025886025128
1037.8232796418574 1005.4590196688372
1039.3902745255853 1025.3135409335177
1038.5660173143906 1043.1512966390471
1029.8134491337237 1053.1919388142426
1079.1466816473153 1123.7466082216167
1147.1833993373123 1216.3692894367603
1369.24169779692 1478.3105807015681
1349.7954108202828 1483.9435127148554
1329.0270476803012 1487.8548674296774
1306.979696192576 1490.0094206884603
1284.3496938450737 1491.1303980269684
1263.7438224662483 1494.2558519806425
1236.1593840855357 1488.668860807288
1170.867117675705 1436.2030471858034
361.16878414629934 451.2661181146706
359.55474259764895 457.6509445806251
352.35863986391905 456.9161727420567
342.7912735773321 452.89970496703864
335.7106334219536 451.95947894410915
329.26411287860117 451.7368082968974
316.4503051683508 442.48751887353575
319.9126439398746 455.9658981189262
317.487547343344 461.30430009041527
316.6705008625906 469.12236557580155
317.9459305590861 480.2982253151856
315.2339416325316 485.6630128420504
310.3034778188712 487.64305762874676
836.7051664786937 1341.449016693464
824.2313807257915 1349.1492248920633
811.5254512328968 1356.829923756564
801.2740387352326 1368.7059270891352
791.8651017454769 1382.2440669569269
789.6060559973848 1408.810589232014
808.5487371766948 1474.9145533250298
828.6789295232934 1545.9001364137753
812.732695846017 1550.9566612587423
793.5739904406613 1549.6197345465387
777.6445257604476 1554.3207492518422
760.818834670478 1557.062523089762
744.4409835628452 1560.5283150241087
728.4873539304666 1564.7307037197766
709.6258159112979 1562.3979011097733
693.302499380909 1565.3356331318164
677.383093863892 1569.0229903183003
660.2925109977202 1569.7843163697125
642.8685222733221 1569.438136107988
627.361215408254 1573.5481897296563
611.8334744422855 1577.505562447208
596.992462700167 1583.1816066008314
28.554492099091505 77.93356774178199
28.15657203691167 79.14042867668967
27.412138849574514 79.40135164902199
27.300176027786513 81.55182639801436
27.150185324698658 83.70703337733644
26.063333908704678 83.00423257619677
24.70149712948691 81.33164230213202
23.936639051344706 81.56002274966357
22.62450131852531 79.8569467240518
21.873583390112987 80.0658875531632
20.86626974806035 79.3006859163348
19.87527926182377 78.52371154157524
18.664484113716973 76.76351368175382
18.39703846283761 78.88313492627479
17.4374832695485 78.07646365726497
17.121102069070247 80.19269208562883
16.566874795168587 81.32981408758542
15.802392577511831 81.48180403517216
14.855353910129562 80.64315507347662
13.762924641120286 78.80724525906767
13.345548409639012 80.9067137983368
12.889815478995223 83.00513632852763
12.10743784633969 83.12286056673592
13.885363909690067 102.05977008153349
207.02647717904037 1636.9606097114358
191.01854323652358 1633.871756332117
175.83453701782804 1637.5870100827394
160.40269023037592 1639.1705149150462
145.0446258176423 1641.6047199376042
129.65492932772915 1643.8949477691758
114.30418457953877 1647.038418916695
98.96554873366522 1651.0365895896566
83.4104332376785 1651.895486895918
67.92995898991117 1654.60615273594
52.46903067950914 1659.170576167367
36.90594271382944 1662.5904340493491
21.25753204343502 1663.8642124077983
5.588399516148471 1664.9906215324
-10.100066210440628 1665.9693840711914
-25.806473092434572 1666.800235765081
-41.52942582314008 1667.482925487035
-57.30183843512935 1669.0166264336476
-73.28171708332026 1674.3971422399527
-89.26174763847975 1677.6269968048691
-105.24656791956065 1679.70597425298
-121.35038587538544 1682.6298118861127
-137.35594548819077 1683.405579246738
-153.47757761259496 1685.0248167816906
-169.74195727903071 1687.4844200581776
-186.39460226504667 1692.768753328834
-202.8053575644137 1694.909728257871
-219.01662771177973 1694.907878554395
-235.52081269150702 1696.7318429230743
-252.2255514230233 1699.384085840912
-269.31332832715475 1703.8472147423752
-286.1766187957502 1706.1661533551273
-302.9327094451017 1707.3335273309224
-319.552148883581 1707.3533389851925
-337.16487573774856 1712.1170656730071
-353.6319299323815 1711.8552678694246
-371.1439943128183 1715.3067176121963
-387.8691901809346 1714.6782471672013
-367.85285152730705 1558.1672822977735
-364.04965916439926 1479.8796726971707
-379.6421264015955 1483.1833520712385
-385.8178709772683 1450.5673270946675
-390.0857151186081 1413.1486598586873
-396.7129862620736 1386.3559451060999
-400.03166338257574 1349.977284361248
-405.6348985358719 1323.2219500483632
-407.75190193859225 1286.9492555907016
-405.80482261732396 1240.3013528737772
-383.18907826708283 1135.063932250877
-335.2994966879016 963.3141997919681
-340.2642888132571 948.8330800295743
-342.56279434310716 927.777846217424
-345.9176345185271 910.5037013264179
-334.78712137840205 856.9233240839948
-399.81539711000846 995.7292042687943
-446.117820649938 1081.6093981186323
-464.81625402171363 1097.6383056349764
-482.6579687271065 1110.6584917175142
-495.89827489338313 1112.4787193280447
-503.395273104949 1101.4146353737967
