-520.5528708301545 1110.000319220893
-535.5850186931001 1115.0415632394659
-545.6609088994246 1109.031186441145
-550.7217685865016 1093.1063688429208
-554.614064051738 1075.4084061211418
-555.887828328962 1053.3136865700124
-566.2958064259511 1048.8913478642016
-581.0202102514896 1052.2449882414812
-593.8916747770159 1051.9299780073536
-845.7335842383818 1465.4687661261498
-860.5659471294362 1459.1306489280582
-867.6120411576387 1439.7952444838384
-878.5636860681507 1427.2707695186446
-889.8885320733842 1415.5148888246558
-898.368767561338 1399.4650969103598
-905.5292282791379 1381.7093821539277
-906.3185440983079 1354.8013495060902
-839.582208562715 1229.7246501005638
-760.8512395887178 1092.0926660390644
-753.1811112087078 1059.5839814372507
-763.7515196360545 1053.2258144641241
-787.351860265404 1064.4496456557292
-979.861598832391 1298.845736465124
-987.8283488551693 1283.976305543864
-991.2812593179108 1263.5653781760154
-994.4373105599955 1243.204904819074
-999.8257789119821 1225.998536631691
-1008.8141565740032 1213.4158386537908
-1017.0076752265312 1200.0101618446097
-1033.5365815719315 1196.3958937377736
-1093.0427032690632 1241.3595969058517
-1101.389762688864 1227.2496040513386
-1106.1934285648101 1209.4036127778147
-1107.349385137763 1187.919752860023
-1109.5764169565562 1167.9731053983437
-1112.2216512792318 1148.809818214355
-1115.3068052491226 1130.4135217543162
-1118.1442273439511 1112.0622675270474
-1120.0193841800437 1093.0606474761387
-1121.6359704150086 1074.1237125541834
-1121.5378945773466 1053.8850748668058
-906.3320984392168 835.9731618531578
-880.8243151487497 797.1778508229742
-874.1086685769258 776.2055369028709
-873.1084949693267 760.6875547900053
-869.613426120147 743.3091477383953
-868.9339098643446 728.6356155774045
-870.3723242212759 715.9476358153955
-872.4273052412656 703.9258462860016
-868.0600011243966 686.96494411863
-874.5108420181305 678.733959068456
-873.7219835392332 664.9916506846293
-879.1635706193928 656.110064010422
-879.6731610377578 643.642082022174
-883.2764786208645 633.5547824104285
-886.7679341569503 623.4570000818137
-891.7945493001993 614.4847287268043
-900.0459445915266 607.7115250053653
-904.0786305240742 598.0784478893337
-909.688177151469 589.511170675194
-917.7494277914083 582.4989165556815
-924.9098293658249 574.8589457792934
-931.1533671658689 566.6157488242491
-940.7601945905088 560.3527962578826
-952.0592837570655 554.9658730156148
-959.865385777644 547.4335038942492
-974.6002890709751 543.7005393990074
-983.2044397276715 536.3851505213355
-990.8746938594703 528.4849487628771
-1007.3507173648705 525.1100191621567
-1021.1771377980069 520.1088859447323
-1036.788827305905 515.7837992547326
-1060.50442843972 515.1420748295975
-1085.2023276268278 514.5259061634457
-1108.1662753895723 512.6485210055743
-1658.9571011098324 748.5060699000785
-1725.4523713430049 758.97240676246
-1749.089387626759 749.7301608521896
-1758.8622506404722 734.3293425105201
-1752.7511640725413 712.4095429192058
-1745.4541427017862 690.3034374281887
-1750.8462713042552 673.7309064158974
-1773.9829060840766 663.4912576074338
-1834.676482305225 666.5329738851076
-1881.4343155290458 663.4982414066753
-1973.7106977160186 675.1755932506354
-1976.1949265654569 655.2691143468832
-1867.0829781965565 599.601661545961
-1843.0523731508763 572.7634326865875
-1830.1766915996943 549.8856949632323
-1822.7972891992063 528.9745196963885
-1824.8169858420322 510.9481071326132
-1828.5899817083177 493.45179987104484
-1825.4202023184248 474.1698904061299
-1841.4542086247195 459.8373598766288
-1895.304756374123 454.33564736395783
-1937.5156832592645 445.17072806327445
-1946.512040217641 427.94845167117563
-1962.206048212409 412.0344941368879
-1032.5205254752514 206.66486027457782
-1022.6356993463373 194.67209975347666
-1017.5379413276809 183.7730610253446
-1023.1690047352516 174.840463706416
-1886.6480254962644 304.10561963082336
-1881.5229290223874 285.0972949065223
-1877.1978896578657 266.3533049617659
-621.5854509811982 82.2224247301219
-620.3482661102506 76.11194869405013
-607.1273472313883 68.6832166091347
-605.7588522503161 62.747214443191446
-605.3281756165998 56.93680536067025
-606.8347601607204 51.3086139033294
-614.2721086312171 46.10614446858721
-2037.6232506511024 133.6244304236119
-1125.230049170835 63.13744089682558
-1115.7864127534342 52.054597441751376
-1115.2284814153568 41.490170402123475
-1115.5702319818051 30.968653765727083
-1113.8130561407922 20.407742900872535
-1110.95612290372 9.873853489644937
-1103.9998357921763 -0.6021385620836781
-1084.9477127208709 -10.651791480807264
-1069.8044746155563 -20.454488322454694
-1055.5736388081143 -30.004883825748752
-1063.243258410408 -40.12198206492375
-1064.8219379009363 -50.102300994010555
-1065.3083580062464 -60.05915718718582
-1066.699440618581 -70.09495976178339
-1068.9930202153648 -80.23666699728089
-1070.19351040782 -90.34295922199536
-1077.2720928374526 -101.03879449802918
-1080.2647314028109 -111.46349217215744
-1083.1563018197264 -121.95255564445554
-1084.9532281726674 -132.38388375368024
-1090.6154328519044 -143.38053433173172
-1099.1369798713138 -154.91255429876253
-1100.6153951335555 -165.57400760689288
-1101.9903172844731 -176.2763189179596
-1106.218919208548 -187.51987304035777
-1112.3018686660355 -199.2098214497611
-1116.297071484928 -210.65813108962496
-1116.2514758248108 -221.41960780141358
-1120.0182454342237 -233.0131539086221
-1127.5738153906132 -245.54692188145074
-1131.0919679443743 -257.35376440169364
-1133.5145595873291 -269.0162508168294
-1136.7884230209083 -280.985909407636
-1139.9371871125961 -293.03960387261986
-1141.9934196631689 -304.9180700549275
-1143.9268904905077 -316.8600151687142
-1149.5813514824051 -329.96775043007943
-1153.173039121957 -342.63820838054505
-1155.6720149052242 -355.11011526693966
-1162.8038471587254 -369.1709807567056
-1167.872672342536 -382.7720224827097
-1169.9463771016153 -395.5382089088297
-1171.8831510701386 -408.37590555506915
-1177.4466625604584 -422.63501608981477
-1180.031434177678 -435.9929063099219
-1185.2732955458973 -450.50107088193226
-1190.3465604303246 -465.1441347278234
-1195.262598903534 -479.88677796160425
-1202.6901244503897 -496.1224289925889
-1210.83721639936 -512.9310240005472
-1216.9387187090597 -529.1400144638019
-1225.5807335446277 -546.7319869590694
-1238.5444543053868 -566.6141850583797
-1249.4293968391783 -585.9404255673843
-1255.551521893529 -603.3567567126792
-1275.8100752720588 -628.0068883653294
-1344.8262887771725 -677.8482522023767
-1325.9164252451683 -684.1122958002394
-1202.660910184019 -634.9856180381937
-1165.8092256188186 -629.6934567406987
-1140.5470531874105 -630.0487437218758
-1102.3233749141968 -622.6067596145862
-1082.5317547305483 -625.0000000000001
-1062.7946429608469 -627.0753917143663
-1041.4034390204565 -627.8016224862486
-1023.5008617496741 -630.2777054582167
-1009.031621007508 -634.6015977028113
-998.7800193528909 -641.410533856
-991.835380835443 -650.2757702106175
-978.9950063338698 -655.173852937788
-971.1058828503947 -663.2717122668171
-957.4084845942742 -667.2765495856238
-949.4275322870161 -675.1387716132048
-940.5741951564513 -682.3226387903262
-932.4739583159719 -689.9944326315562
-921.9182819058436 -695.7669735534862
-914.5070263216763 -703.8415296132252
-907.8122343813843 -712.4555755325932
-899.4747187315116 -719.7563687546419
-894.179849130183 -729.4918761778798
-886.4746323806991 -737.273169283614
-881.7533267574426 -747.5607471986358
-876.9165333434244 -757.8247776029435
-871.9642770440308 -768.0639944425728
-866.8965963989223 -778.2771300455669
-863.9268489493248 -790.4880768642184
-860.0719531041445 -802.030071433498
-859.1236063917053 -816.1688728078952
-860.0548786309027 -832.5350477566593
-899.1995958542745 -886.9098526995341
-946.5654908655251 -951.3031964113794
-945.9876232827369 -968.7225694675843
-925.7917519581154 -965.9987743296176
-868.7345314926655 -923.6472886292792
-828.1571858456936 -897.2160695908993
-815.0083618747994 -899.7540608822814
-821.1516752689752 -923.799721911062
-836.1169663412691 -958.5887640674041
-865.455231640312 -1011.2112746733068
-960.7567670106806 -1144.1077023791008
-954.4375207675826 -1158.4688251960129
-949.8188445031501 -1175.1447411390225
-994.6734083491193 -1254.522144373365
-982.2523534741645 -1263.0044790476654
-965.5143840586338 -1265.7985519725787
-947.0138181320511 -1265.9880837776295
-932.143942829936 -1270.7807324025105
-914.3483403780351 -1271.346967766051
-896.6245925270498 -1271.69192026831
-882.9551140265153 -1277.5755424296535
-865.8894280627965 -1278.3471744284036
-848.887350174641 -1278.9117509482335
-835.2223625715562 -1284.3004341120452
-820.9938015539474 -1288.702129202089
-803.0507463329023 -1287.0114602497401
-787.8190422906047 -1289.3650206998461
-774.1541795142525 -1294.1210555201606
-758.4483479891028 -1295.2826345754045
-741.7947494074156 -1294.5286979250748
-727.1784664462557 -1297.0661039194847
-713.5416828319355 -1301.197243641935
-699.8914904905674 -1305.1869220685949
-683.4435657208893 -1303.7211712918972
-667.5410061695003 -1302.9524185795165
-654.3989087116876 -1307.3660804369038
-641.2328123793498 -1311.6480016864548
-627.1825163237066 -1313.9931853772543
-612.4380789349896 -1314.313356650696
-597.0615126540229 -1313.6843418825126
-583.3725850355256 -1316.5395653108828
-570.8725790177606 -1322.0077528235643
-557.5458783409988 -1325.5137093010258
-542.6881711168222 -1325.1843452629066
-527.5167740720772 -1323.7639718139292
-513.1439810918786 -1324.0405034096116
-499.1659847947456 -1325.0997395003485
-485.2141091519161 -1326.0132986813942
-471.624579541452 -1327.7240887971977
-458.37205998042015 -1330.2421037650652
-444.7974154327432 -1331.6798636400385
-431.5445668857352 -1333.9315150304394
-417.3927028544508 -1333.188783182583
-403.87323297686936 -1334.21228134237
-390.933199034579 -1337.019159882382
-377.7047234484187 -1338.7382648915184
-365.00362296342126 -1342.256814184073
-352.0165060871865 -1344.687465339872
-339.01611965860246 -1346.9926022854113
-326.23854835891046 -1350.1442180614154
-313.2060372067659 -1352.2004208907915
-300.5966941931712 -1356.0835621156011
-287.52756082638575 -1357.8924485264763
-274.6490278414213 -1360.5557362731458
-261.55726136929854 -1362.1148259324514
-248.63988831732746 -1364.5318632914173
-235.70019436459273 -1366.8264038920572
-222.57875040432938 -1368.0112206661345
-209.4560285661561 -1369.0701852342318
-196.47509416979605 -1370.9932667124847
-183.34404778775465 -1371.8020849017548
-170.46147839680722 -1374.4700376446096
-157.31746362697734 -1375.0298962706138
-144.38665332427027 -1377.4532639410372
-131.4240349909857 -1379.7549503541156
-118.34536816764795 -1380.9382223087548
-105.2560772435813 -1381.9975246733597
-92.15733727064917 -1382.9327623522352
-79.44539639514565 -1385.724514105029
-66.19616844182633 -1386.420595376317
-52.97903405806454 -1387.9892729953913
-39.737955721561946 -1389.4318604649425
-26.47413716050032 -1390.748043342721
-13.179311224286561 -1390.937563572015
0.116802803649532 -1391.999995099535
13.441665891927553 -1393.935192761145
26.822733723975865 -1396.7424748161604
40.28744807622069 -1400.420623072763
53.824918648042484 -1403.9686172178249
67.33816523715106 -1405.3876943756459
80.82604495963528 -1405.6781816817756
94.32562537295169 -1405.8391360315738
107.98862005633899 -1407.8645026913377
121.7849379099114 -1410.7531424378537
135.6463139066312 -1413.5063061491958
149.6764513057678 -1417.1174827531104
164.01704433293472 -1422.5759765890496
178.10350858065672 -1424.9123272086813
191.98256480742532 -1425.1269048088182
206.02494551106918 -1426.1958918140106
220.41011929064757 -1429.1029981475383
234.8696235303763 -1431.8649586964195
249.4019934943333 -1434.4806187749812
263.82504708344266 -1435.9653006014523
278.1091101631636 -1436.3231958177983
293.0224806971536 -1439.4786645887066
308.43913247652966 -1444.4356342728208
323.3226689477638 -1446.3009547616618
337.58749279064915 -1445.0919295018305
353.27939819297757 -1449.5715459446656
369.0876133825159 -1453.8825033845062
383.98909345423704 -1454.1555543022876
398.66488133040696 -1453.3118427900506
414.7282922492757 -1457.129178764875
430.9009055607896 -1460.7715117659202
446.8887525314003 -1463.2807122561715
462.36132746240986 -1463.7100132427865
479.7446846976242 -1469.680590299939
494.94640845343463 -1469.9078381854576
510.6765307363198 -1469.8113759782636
528.4737818424196 -1475.1964146869293
544.6897878483709 -1475.683582281004
560.9636674846099 -1475.9948386638132
578.7504249587781 -1479.8543663516466
595.1700701245069 -1479.7964683117707
612.0237796463701 -1480.4833309251987
630.5088579203527 -1484.6641303958188
647.9310957362884 -1485.8755988231226
667.0683865337103 -1490.539757164267
685.1027939436233 -1492.2460124693387
704.082987930568 -1495.552120825872
723.1893789694053 -1498.6304154613458
740.6463917616471 -1497.8931612002416
760.8665468739534 -1502.3109191669032
780.3185242234947 -1504.7019640957697
800.823809641804 -1508.6236196980303
820.9984329975564 -1511.4104581534284
840.8141141445568 -1513.073899535414
859.7486996645077 -1512.7564818652036
881.2664428414639 -1516.5373245395422
901.9139595266082 -1518.3238157952458
922.6764428628513 -1519.8526842381652
944.6050869896619 -1522.8214700460633
966.1398431737518 -1524.6635049846896
989.4264211828192 -1528.7499328096005
1013.9824679981907 -1534.1970390377821
1037.0553058739733 -1536.8253942978167
1060.838592838184 -1539.974506264666
1084.2019246392047 -1541.9893600828264
1107.7009292497048 -1543.6964246053496
1132.5133870269904 -1546.706962615949
1157.484824831584 -1549.38209628374
1182.0049210948969 -1550.923713954831
1208.5017055520739 -1554.504624527611
1235.175121476669 -1557.7183375967222
1261.3917378847368 -1559.7842426425916
1289.033319351645 -1563.0320219372602
1318.1396007933795 -1567.4220850875715
1347.5818681572653 -1572.597885224883
1380.7196670678304 -1580.9535733133025
1410.142819578677 -1584.3415756681698
1439.0784667109435 -1586.5740344052272
1471.5732221423993 -1592.0729417565756
1504.9825152193953 -1597.8274715637801
1538.6283028906153 -1603.0929310379809
1572.5043272771686 -1607.8653988112872
1607.3101672304288 -1612.8493501619087
1642.3468219553972 -1617.319361292941
1678.3267667788161 -1621.9664805148611
1716.7139973102678 -1628.1428228011823
1753.8994726161536 -1632.3763781544924
1792.7909648809164 -1637.40176995182
1834.1637911397233 -1643.8406818399274
1876.5646046617842 -1650.3049065341115
1920.760721898569 -1657.4218682072735
1966.017009832431 -1664.497857328013
1100.019055900602 -913.7056838257867
1112.4333659768972 -906.4860761541297
1116.2165017474056 -892.2453256962369
2154.6706178574764 -1689.3899871082704
2199.782429215425 -1691.621194036976
2263.4872770850584 -1707.0003943977476
1129.6642808277988 -835.3942857248977
1076.7464676034515 -780.7157257949206
1074.2551442571507 -763.6097727485213
1127.3304587037926 -785.4947720250573
1084.288194809846 -740.4647936235764
1078.7329466626904 -721.8997366562957
1052.019044527615 -689.797020833813
1067.7103258605262 -685.8248027381403
1080.033359847811 -679.4879996113609
1117.021325200401 -688.191368042015
1316.958773854973 -794.3951082215989
1294.2278018762338 -764.188063797526
1232.0854027030102 -711.965280365666
1222.1823873920782 -691.0037712983916
1222.4967129442439 -676.0996870584389
1224.3985856318923 -662.2024641320974
1229.6018789233287 -650.3539185306875
1233.0123216802383 -637.3575249298533
1232.7167411141177 -622.55155302753
1234.0458212448927 -608.6927887432364
1235.2235641132665 -594.8644775571313
1239.8707242341707 -582.7697548663908
1243.4907222279935 -570.2234857780794
1246.984524206132 -557.6608255834427
1246.6854216594693 -543.4845530663692
1243.4691348508256 -528.1907900307799
1244.6962910187092 -514.9176080930511
1245.7840343456169 -501.6683563566262
1227.1799826688246 -480.7840368990461
1181.194785261038 -449.97208721445173
1243.5274579567522 -460.34276502147566
1244.9881928408697 -447.58619246668604
1249.1517249568176 -435.83135274714624
1252.2570295003338 -423.71727846171234
1254.2948094409483 -411.27184563193197
1257.1625200019332 -399.1282980476185
1256.089119981063 -385.79284942206834
1235.7033912268737 -366.82165818065334
1087.2218494525769 -311.6242129118313
998.5453898527852 -276.04909781368474
969.2145866900851 -258.13191384865144
957.0741417291362 -245.26126321422547
951.5754355816019 -234.31643219732698
945.9561259977877 -223.49722075958235
942.1687540716754 -213.2464275223081
938.272704342451 -203.08700668901392
934.2693639082667 -193.02009134399177
933.1036762456738 -183.62605854510096
932.8271232543129 -174.45503180213234
929.5068193656069 -164.78189449339683
927.0737270217188 -155.35219556240503
923.5580422347007 -145.82709838574831
920.9347901588344 -136.52879650500006
922.1807663556662 -127.84222371218466
923.344809676046 -119.14429253768918
924.4268166983657 -110.43577576549328
927.3990262502247 -102.07862709762071
930.3021125778946 -93.61078641431423
938.1070876556404 -85.55169250372987
942.8520529672205 -77.11035089725385
943.5312640315847 -68.29900288408328
947.1221950001034 -59.67032544059111
952.6311232096313 -51.08760213942578
960.059959588608 -42.495576178239205
967.4107929114589 -33.76918356167979
967.6840456101037 -24.730302700589572
966.8729778654244 -15.673055657606678
965.9772262801944 -6.633122041848323
960.9970558138358 2.378805822119399
955.9332483777213 11.29710786077045
839.8119659468844 17.772502705839052
816.6199897714225 24.9157039981156
808.3579460309384 32.22469687433108
810.0192154759383 39.87318095845205
811.6079556732557 47.55550744002977
809.1328883273497 54.99971842692105
810.5778231927993 62.710386285072545
804.9753386763388 69.84772095719171
802.2968945978852 77.17313599038137
800.5464779400903 84.5596633018164
801.7084874682606 92.26321651315745
801.8039264717671 99.87223585390012
804.8004817880131 107.88968678136939
811.6762669713978 116.54028331601124
820.4369289686537 125.63138773604466
824.1626040809684 134.0932587212229
824.8449172663389 142.1262201702643
829.3842934102631 150.89961512329467
840.7061543227604 161.08743614520367
856.8105993208649 172.4865122014482
874.730789703611 184.61323231149242
893.4739501518208 197.30509471400285
931.5428742578479 214.85779813501674
984.9147402143279 236.8796202895956
1028.2511356977661 257.48709081477074
0 0
0 0
0 0
2581.0028753536403 750.8449623032986
2522.961456827943 760.1910860833763
2478.3473364799756 772.6645324865177
2429.92151854918 783.1286060996922
2345.4708675642446 780.737093654086
2304.7996068688435 791.7498166575244
2274.5037870558162 805.730428039522
2202.8211003671727 804.1170311448199
2144.4875950136093 806.1351963738746
2083.523468447543 806.0309897443891
2046.9200619651326 814.4490529951264
1898.3541615848324 776.435752135068
1861.3445397769256 782.1492851384735
1850.110569994722 798.320661635289
1842.3952136391865 815.9686738836339
1831.7802366520953 832.3011261621566
1821.0216161483909 848.5053173199932
1844.410260694967 880.9578822186246
1940.9937788232883 949.9811316911996
1930.9306580282546 968.0427644926497
1925.1478009667856 988.2823202065036
1898.7940922598139 997.8005788729679
2038.0134394938877 1095.9458109059472
1950.342141899813 1072.9592394539736
1251.4985421724693 704.1643266597534
1228.2415254267698 706.6199510467571
1205.9154008620055 709.2031062846723
1188.7961277206575 714.5157568006252
1172.538550197585 720.0898196062387
1157.1309821930267 725.9503358005984
1150.1390439273084 736.9777334723059
1138.858116533645 745.200100916149
1123.367927495895 750.4968350856502
1122.7521856856401 765.7078617450117
1116.2025285157845 776.9761356277098
1111.1704406926842 789.3473580945375
1107.622944253171 802.8669960609521
1099.8980514744503 813.4176518632404
1105.084363297535 833.2133880317105
1100.6661154423712 845.6229078714701
1103.2004219514808 863.5680801222765
1114.0992121768707 888.4863225885225
1122.307207763806 911.7798700352018
1396.7433151956702 1155.888018562442
1371.691892845055 1156.2427734274277
1348.2672313670057 1157.5424280871734
982.4073856202757 859.0114834382222
958.9055776320516 853.9063726112724
942.9856517854222 855.1649317686165
928.5915196666233 857.5627030154886
929.529731083987 874.15701051409
976.4660862853132 935.1031934148464
1043.1328280468895 1017.213302631704
1038.8461818307644 1031.549616109493
1037.900952019834 1049.4463367873186
1031.1423552179572 1061.6710617114718
1109.8312428669988 1163.5886783379651
1378.8468483096226 1472.097268833354
1364.1062740927161 1483.0505969052058
1341.9073872764911 1485.6946402180972
1321.1002562175304 1489.555340704727
1297.70690144301 1490.1452271329738
1277.0115132166184 1493.4746717344096
1249.9331257374715 1488.8932739401282
1205.871310192052 1463.1098329434137
1164.89741369043 1439.7631803797965
365.07227402297775 459.6642630656552
356.59128043925267 457.43049604797255
350.6116122495003 458.2581121549361
341.6441989628427 455.0167483895923
334.54412113156667 454.0663288731148
326.9036641202714 452.2145446408605
315.27505922959364 444.5521758216646
319.80278365754464 459.7022727427891
317.88146825441123 465.88343192307207
318.09871474957095 475.39163610087957
317.6208971611012 484.10532499299904
315.38811680754054 490.3257445582408
843.4483048127372 1338.4016426725275
830.4677910866245 1345.319385115558
819.5010123083225 1355.5346143959714
805.8690363246916 1361.359282589689
796.2107512980796 1373.9695919187395
788.8542839634046 1390.866607073656
792.8983286562274 1428.7295896754435
824.4560052113071 1518.6363275883443
823.928480638542 1551.834675083871
805.8078598221176 1552.3126917760153
785.9397473058622 1549.02153426116
770.2001378745771 1553.559701980578
754.4440941662237 1557.939379044546
737.8182542556597 1560.3525959497524
720.7937059752193 1561.683845541891
704.6294418211004 1564.6575822584584
688.4721934524607 1567.4661204768536
672.3236319301798 1570.1098477330215
656.1854217154423 1572.5891683234142
28.990917634539976 71.33390985153778
30.535126392407946 77.17905192602247
29.817673525972513 77.45906238458169
29.448227487799947 78.66893858332386
28.716996871892725 78.93879965302047
27.983293716000027 79.20186407404861
27.571552396799245 80.40403906788859
27.139882743545396 81.60531088517834
26.074743447901856 80.90184023942903
23.83335448733874 76.36734389698813
22.834675383780716 75.62788903650133
21.85179591092448 74.87655851778516
20.88484970297346 74.11358210803341
20.196256534323187 74.30418038037838
20.012571852034462 76.4231441898798
19.302585990940692 76.60554923804372
18.826266504088267 77.75327446170382
17.87768967061343 76.95055693132599
17.16290189527837 77.1131298712032
16.446636390172593 77.26906335299691
15.928055519918553 78.39832298815065
15.010461340092354 77.5608538526852
14.63464076928803 79.66697740942537
13.534834866836338 77.83192304657177
11.013553449295365 67.10217314230228
251.76758426670094 1630.678718666712
235.6990512975391 1629.0371257946947
220.0858202423331 1630.2107936485572
204.7203135392294 1633.2193953123383
189.20255644262093 1635.0897200568465
173.66773896014143 1636.8126088359877
158.21332338553958 1639.3832816956817
142.725738192045 1641.8079557784874
127.20636342343604 1644.0862328675419
111.72425435275899 1647.2154355121008
96.07778807487801 1648.2020685093921
80.56879291629696 1652.0365218747468
65.03485131330544 1656.72401688231
49.3894038098687 1660.265547071102
33.68255398403632 1663.659065300674
17.904957329254046 1665.903782486563
2.0852623463634257 1665.9986949817658
-13.742864734564076 1666.9433504678218
-29.588743334834742 1667.7375411820246
-45.505407169316136 1670.3802734462456
-61.51164409748222 1673.8701615240127
-77.54203772743527 1676.2073953974423
-93.62235260470922 1678.390852898323
-109.81628407050827 1681.4176708221387
-126.0014719147042 1683.2907143673453
-142.1480020929628 1684.0112664412252
-158.41313239374514 1685.5723892746944
-175.0297605516208 1689.9602311655865
-191.40656877514326 1691.20298173511
-208.18840101751837 1695.264460101069
-224.5393212486235 1695.1938217245859
-241.32979987269837 1697.9354898503664
-258.0424178204123 1699.5220241601448
-275.44484577119835 1704.8927054035044
-292.46584231605834 1707.1285045591496
-309.01942475917866 1706.2423611906681
-325.76293785758475 1708.2152991699834
-342.51650012982066 1709.0147591927985
-360.13616628884387 1713.5643967271187
-377.6559800533893 1716.9565983827065
-385.41688712643463 1677.287936854543
-362.8709714559121 1514.1247168164987
-373.14665850989644 1495.1396494116857
-384.3552687342022 1480.9358620130242
-391.42714595005634 1452.1710606582799
-393.1479919460099 1406.0706441814436
-398.21569094851264 1374.4763597393733
-400.7165640399223 1336.2077814861127
-403.7219344545808 1301.8362414836404
-408.2559298654221 1274.194292770816
-406.3423187360467 1228.544634925493
-372.29122158276516 1091.2416076801749
-335.71050920050857 954.6949533816208
-342.2439958719047 944.9307103114131
-344.78181864852854 924.8213327607733
-347.33194378158095 905.682350953638
-337.0836642227694 854.947719637962
-413.0298446715852 1019.5127990420553
-449.8238536714178 1081.156556964899
-465.02513926580406 1088.8561061273522
-477.1986676557014 1089.0373875986184
-500.8932126681478 1114.625492936072
-501.25765307993385 1088.0922595206698
