-731.6263494407558 1517.8761098337352
-746.996139281504 1513.7175324011173
-762.6471090582183 1509.2549112211434
-778.2804163384909 1504.6313812837964
-795.7657040597902 1503.3821683930626
-813.2968085665225 1501.9361841221846
-828.4491999639167 1495.9184212647247
-844.0531931054439 1490.618397581522
-860.1319078166899 1486.022241137602
-877.2173174282615 1482.976324154895
-895.3563754319665 1481.45130226185
-911.4435082594333 1476.31152920098
-925.9133077010998 1468.4619663518727
-942.481505621687 1463.8338743044164
-961.2419489478877 1462.3658624239238
-977.8299630514097 1457.3515579155494
-993.8439396796656 1451.3287785894695
-1009.8313220963388 1445.1331083720838
-1026.9513221697443 1440.3929956417498
-1043.4835653583373 1434.649103030791
-1061.7863564607214 1431.1302293061474
-1076.4951270113656 1422.608253006
-1018.435822830135 1319.7262878249815
-965.9521968757317 1227.5098180262949
-978.7822502221145 1219.8693809790186
-978.2574014565631 1195.841735555108
-967.7592549225708 1160.4150225293151
-959.2708044383003 1128.3441512908623
-952.8831799695619 1099.562933774641
-946.7001140266999 1071.7550532196399
-938.7392053211568 1042.6781403640355
-939.1034998097259 1023.4283641980636
-926.8934598195651 991.1193238675735
-908.6383314982172 953.3443147846091
-873.7281604635099 899.5082554446352
-782.3064398412947 790.2788331866409
-753.532798670306 746.933277694933
-744.800220152809 724.4264159045606
-741.4977240534014 707.6765682312972
-739.4055672475768 692.4221307290006
-704.692173751425 647.5013052137358
-721.0618284149185 650.315953674008
-887.4631124436755 785.2606090030138
-926.585689910395 804.3431849983422
-956.2495854356966 814.3234801686972
-961.6253912462834 803.2967116268014
-984.668830512879 806.8186253529346
-998.510393536383 802.4574717701976
-998.2203463783301 786.7637129890567
-991.3934424004984 766.2558595960552
-991.441473063811 751.3852577001098
-988.0866029099137 734.1974292722266
-1004.7030887234515 731.8611231029807
-1017.2940554919084 726.3696060965284
-1435.428373801874 1004.5145014804455
-1452.3107195263576 995.9490820061204
-1443.4279864249597 969.8642420489512
-1460.911898761478 961.6326866621857
-1453.154939647112 936.9000594402788
-1454.3629785324806 918.2746466467055
-1454.4985619332112 899.1851496406181
-1448.4149413761836 876.5518567650328
-1331.0422987433435 788.3751638376464
-1205.2174751150799 698.4982732099144
-1176.1198876954977 666.8178235223843
-1184.1386784811402 656.6061149006601
-1257.1233368575504 681.5723849512522
-1477.3573208708415 782.9427478873084
-1479.3866114460525 766.1404922559353
-1470.5228835622552 743.9532572142889
-1473.9245268205334 728.2049774870171
-1478.0607657910925 712.8936615155511
-1472.9915461563724 693.3108285263253
-1484.9517928181713 681.8168177788657
-1550.6752410042957 694.2674534617541
-1570.9363510736637 685.5326256826606
-1560.8006438143248 663.5641267193314
-1554.086870029132 643.3801367800036
-1548.0593624804942 623.7573328117966
-1544.5936605418085 605.4018696816656
-1539.050977080712 586.4563836696685
-1532.2320616530315 567.6450556840083
-1527.148645611414 549.4961457619372
-1520.9162696963785 531.1635346791535
-1515.4223396683233 513.3177694510346
-1247.4972776614554 409.5357642834845
-1216.9828658037263 386.88719847023793
-1178.5095179465188 362.4973325549633
-1167.486238629351 347.13093006975123
-1155.318331843684 331.7281298080209
-1154.529965557817 319.78830283339954
-1151.6872008748264 307.37695317168277
-1143.8708320063495 293.80353926578516
-1144.6397091259298 282.5613849982098
-1143.3523504071607 270.8697155800575
-1134.14516433661 257.45629961584507
-1133.5829201333265 246.1498795084009
-1125.0751707437162 233.2527817111677
-1129.1796320029591 223.05685075707
-1128.2775478120277 211.88151194306093
-1130.218940478596 201.2688415613291
-1136.9910889241687 191.46870163823888
-1135.7773640557136 180.30468462759077
-1141.3779224854763 170.21291978794613
-1143.917548829085 159.6171716353153
-1144.375421808099 148.73094486869826
-1147.7082823904245 138.20889454887296
-1153.9259921727353 127.96798266819795
-1160.052145226213 117.62236333308819
-1164.093716210521 106.98981203450585
-1175.0139686493294 96.86678212345544
-1177.867107842138 85.96555277317296
-1186.6068773330526 75.39972590070857
-1190.2586847144278 64.40701407362803
-1202.7994404466535 53.754125992496064
-1221.240304216925 43.082703677374646
-1240.5849008834068 32.09522861903022
-1282.8260460708723 21.126654306175002
-1885.9528721347083 13.33281991345964
-1924.9947813931244 -4.482366477366258
-1966.8647612692964 -23.06536097861562
-1965.5665751602353 -41.28000257828711
-1952.1048817007302 -59.12301447133585
-1939.481632706077 -76.75934077211403
-1932.6930472830784 -94.45943565175857
-1948.7046638490388 -113.37606931361323
-2007.4325582849244 -135.4936306165118
-2057.9361315089577 -158.09768698480374
-2142.0630845579617 -184.5690704696479
-2137.271859789842 -204.15189773908864
-2035.8311605650194 -213.54270222249804
-1982.0983554050713 -226.51955655199276
-1958.077561900513 -242.20087031582395
-1941.8683351953193 -258.5118348659475
-1935.4260755984853 -275.95453591750584
-1931.7935595525432 -293.7509885452555
-1924.0487138852266 -310.86580158744596
-1939.8092170417465 -331.90992976993937
-2007.4988423334082 -362.6960132535582
-2016.817879316476 -383.737725105824
-2024.9375747579286 -404.78737422686356
-2025.9881019640957 -424.58475090365783
-1090.100817949197 -239.0318110764579
-1071.2649542387485 -245.34139035199908
-1068.9423327808372 -255.27101125874395
-1915.673913316119 -476.3081542868084
-1906.3309568661882 -492.81160994201736
-1895.8812805641887 -508.92354043244296
-674.3526138217011 -187.74597793785009
-655.2865498388604 -189.00671310903934
-651.5881256548013 -194.50684950834759
-643.0666039221272 -198.48008192275086
-642.1499836137983 -204.7422734678857
-2111.5945581789924 -694.90821111055
-2055.8145874358434 -697.7588280244069
-1994.5042401998232 -697.6545246932221
-1119.5714270985993 -403.3110705453121
-1111.0927826573534 -411.9439626050358
-1101.6163643510026 -420.0980668773409
-1097.6708828655333 -430.3017928259195
-1088.99293199022 -438.600494841654
-1081.1830963261011 -447.1499885035271
-1059.4916518407247 -449.7537544921805
-1037.8466955642439 -451.9936244089948
-1021.7315649358743 -456.31744346856726
-1017.446931751429 -465.7925944769873
-1014.8851100577575 -476.07689860258233
-1013.1212099244415 -486.7868260350064
-1017.5266980164731 -500.59506472167016
-1016.4033739912455 -511.828273290185
-1013.3809753475653 -522.1675964703453
-1011.1386707707993 -532.9611509968255
-1013.1843677645023 -546.1304211611414
-1015.9478340264072 -559.866054103168
-1013.3150655097502 -570.7552698056942
-1008.8340317578698 -580.6461025161208
-1005.1186266924262 -591.0097683422256
-1005.5839550882465 -603.9287286336688
-1005.8954578921439 -616.90706576595
-1003.5093987963016 -628.3509262565667
-999.3120420713972 -638.7264223210859
-1000.033660611299 -652.3562505597424
-1000.5876796398735 -666.0542735790335
-1000.9728975535567 -679.818548116508
-997.0781667305017 -690.7996304496272
-994.6989061386655 -702.9211094614687
-993.802647956489 -716.2271266258149
-991.132900170966 -728.3924589111903
-986.722004319253 -739.3704661346678
-986.9603847275826 -753.9716168254495
-987.0119865431633 -768.6405781768996
-982.9594015333008 -780.2665025087872
-983.4402457590609 -795.6571391129208
-982.9477149551725 -810.4873778563149
-979.2014851815288 -822.80340994571
-973.791732830471 -833.8187219480194
-975.0432178649156 -850.7212958987395
-972.3270257563447 -864.3964107883722
-973.1462354553361 -881.4507385095934
-972.2618950173522 -897.2378767624933
-970.438986230266 -912.399130865639
-970.6036761378564 -929.6582726290769
-968.1194791560622 -945.17388563089
-968.9710011651284 -964.2531819501809
-968.1413474863375 -982.0098427649992
-967.0601200569631 -999.8378489512246
-969.1675338095948 -1021.3609995537463
-969.5882101986817 -1041.5506241387006
-975.1054638021988 -1067.7477859790197
-978.8747867275162 -1092.654177637719
-1017.242271718776 -1157.5401334849794
-1025.07397531353 -1189.1691827216666
-992.3623129449153 -1173.7061130651991
-937.700120625288 -1130.7871080708871
-882.6904312002362 -1085.3840807140766
-821.1556117220769 -1029.6564773444306
-800.8111231010944 -1024.0612994921564
-780.0409381391597 -1017.3790516945883
-762.4767096722268 -1014.391574889803
-742.6686882957121 -1007.9420714630014
-725.9817038140858 -1005.2614414803727
-712.8805205175769 -1007.2523832022382
-700.3777314157809 -1009.9069429095357
-686.2035278342515 -1009.9335217665704
-673.7553513646601 -1012.2794705551838
-662.4174154325284 -1016.1555824437954
-652.1431969709902 -1021.5934860033399
-639.7055966117672 -1023.535905410056
-626.7687577145824 -1024.4812952674731
-616.9547133917159 -1030.42121563162
-606.5788985058527 -1035.4042881345558
-594.6725714819312 -1037.680361540618
-584.7339188936072 -1043.3131093278394
-574.2613643937362 -1047.9737045196528
-563.7531697690434 -1052.5295072231258
-555.065235247602 -1060.5242027504719
-546.73111345481 -1069.3390900834327
-538.2790743135946 -1078.0912012237648
-529.7095597959957 -1086.779086227156
-521.0230288293 -1095.401297894768
-514.3243942486563 -1108.491956434846
-507.7365549250935 -1121.4118738415416
-508.76693669547336 -1152.716879431157
-515.5682925391313 -1198.8387446726456
-530.8092006194084 -1267.3269477675383
-524.7829090119914 -1287.1297131248707
-503.6786386796383 -1269.749514249888
-463.51959838589914 -1201.7044486529019
-434.8805996745581 -1160.1723423813794
-431.36197194964177 -1184.9252504507263
-426.7452291690006 -1207.8284271292414
-426.26978869559576 -1243.9931942118544
-458.8661877736933 -1381.802381571995
-469.5922263269241 -1460.355826835817
-454.8025549446624 -1461.8876961024766
-442.04208292019814 -1469.974080359097
-449.2469691506063 -1547.0934557126773
-438.5710225913539 -1565.7367141838292
-422.10917186374104 -1564.0408712781475
-404.4624214351796 -1557.3346299516977
-386.98149275935884 -1550.4352047930731
-370.1343254310566 -1545.2901284670452
-353.1963932729761 -1538.991003150753
-337.4838623206481 -1537.3941077918628
-321.6285520948704 -1534.6592698307195
-304.8767534034343 -1526.8592486651091
-289.2348493354076 -1523.7927030701794
-273.32458144190696 -1518.5989178119437
-257.3714918762036 -1512.2552414091404
-242.19739431261502 -1509.6958045209572
-227.09525261131566 -1506.9849854067566
-211.78735068407775 -1502.1435078214795
-196.33167145187795 -1495.1648319783715
-181.39015238900458 -1491.006912330152
-166.8794322650272 -1489.6819308452734
-151.69715424779076 -1481.252501565186
-137.15234569169712 -1477.6485489016884
-122.77272644262699 -1474.8989313311756
-108.31081806120315 -1470.0152266867556
-93.88885211297877 -1463.9924465136107
-79.70020139476638 -1459.8259752099336
-65.98035689498099 -1456.506296760852
-51.92742117678161 -1452.0718105279536
-37.96495118219194 -1447.5022150179025
-24.09424143219856 -1442.7988312754508
-10.323743738400744 -1438.9629669714311
3.3715031166942677 -1434.9960393557656
17.01400118646359 -1432.8989928685228
30.595468714613613 -1429.6726608892448
44.08611643776569 -1425.318355434124
57.37531183103087 -1417.8395796394923
70.57602878712964 -1411.236345960746
83.83457466743633 -1407.5055112113523
97.09743704320599 -1404.6480298351046
110.39194768907696 -1402.6626885625112
123.65745699349526 -1400.5516175171488
136.69791168006634 -1396.3247046952613
149.56219109124768 -1390.9824409373343
162.2207816565398 -1384.5289516650569
175.14754220846226 -1380.9371232819888
188.15589134171964 -1378.215643705078
201.27299875715053 -1376.3612098469296
214.37185032408786 -1374.3819373771714
227.45125795147428 -1372.2780058196267
240.33713090113883 -1369.064667395302
253.00016761552965 -1364.7471982702561
265.98606554906155 -1362.2758211660846
278.54589590461995 -1357.721688666235
290.6225616784641 -1351.0967865565542
303.03756680646796 -1346.3165426837834
315.3879210766013 -1341.4225505928323
328.1488539345111 -1338.3580722891265
340.63265003850336 -1334.2032820105587
353.0670947934435 -1329.9321887126869
365.1853234590101 -1324.5813223544028
378.05855970929787 -1322.0048129377333
390.0635311010941 -1316.4267703541075
403.1694546368697 -1314.5643349976483
415.67061833024803 -1310.6650743256073
428.7568203781112 -1308.5475111661985
441.5199278821438 -1305.3521185040252
453.2749052571898 -1300.2579975774368
466.0663810244178 -1296.790703420873
479.52748116703776 -1295.0731233430784
491.92978792067555 -1290.4131445999453
505.017139340004 -1287.4962869743892
517.7196590664105 -1283.5195185957086
530.3923226738877 -1279.4174393248666
543.0338941109611 -1275.1902563330248
555.6431385565003 -1270.8381889820128
568.6282020950807 -1267.2738329903748
581.177827606548 -1262.6687343474273
593.6913917648126 -1257.939398915687
605.732199795515 -1252.1858896070048
618.1613384447046 -1247.2131171745475
629.645460359434 -1240.3336624669817
642.4380925539741 -1236.0106379945164
655.6753265946923 -1232.438990820618
669.3811598217203 -1229.6051654395928
684.5523915054556 -1229.2424591121808
696.808604554302 -1223.4875433036034
710.023769138647 -1219.3388566178596
721.6889066354867 -1212.471080908438
735.3663950869625 -1208.909121885018
749.0417717134229 -1205.1960107088044
763.7853716559516 -1203.0199109093662
778.5558633066022 -1200.6713820654306
792.2471136061948 -1196.4821398510942
804.8093140387289 -1190.4835017909786
816.761247886248 -1183.5307617258197
829.8055077178096 -1178.0932982413524
845.1551355131555 -1175.7622195477024
858.76173365023 -1170.8254715447779
872.3511789538902 -1165.7355706067126
885.9217823530294 -1160.4923935780155
898.8574575143709 -1154.3068357550349
913.6216221350874 -1150.328879741464
929.6506837799367 -1147.7275835961668
943.8029268499726 -1142.6110603654356
956.6538465531416 -1135.798581560603
971.4153007399115 -1131.1203797511507
986.4708888774026 -1127.3327749149437
1000.3966659336187 -1121.7020597239268
1014.9763617709381 -1116.648550371257
1030.908577563778 -1112.8865641678976
1046.8597298056861 -1108.9227683257143
1060.0542271040008 -1101.8738746330903
1076.0089678066374 -1097.5307290457497
1092.682455647925 -1093.69147894606
1107.2384969156014 -1087.5324873069676
1121.7752478658063 -1081.1957700969836
1140.6498179900268 -1078.8039639894353
1154.4475393851253 -1071.3896951192082
1170.4247145426987 -1065.8306561492975
1187.1449785480004 -1060.731257156245
1203.1207174164279 -1054.7514111502198
1220.6050907714757 -1049.8681880992287
1237.3395451430858 -1044.1033713311633
1254.0733188002118 -1038.1156539969054
1273.9088913006892 -1034.4259938077005
1290.6567920356497 -1027.9615971291173
1310.5477895328488 -1023.7350689268019
1325.7100606199124 -1015.5751253211886
1344.832282695599 -1010.2228127595142
1363.9707358614148 -1004.5993388976875
1384.7434781849706 -999.8747419673074
1400.650177275334 -991.3803916250187
1418.9842618261168 -984.3844090038152
1435.656291471715 -976.0056417652933
1457.2894853938578 -970.7256851245388
1474.7625292228597 -962.3910236490123
1497.262806523652 -957.043932220939
1514.706596883628 -948.1734679673433
1535.5259695580794 -941.1487644430715
1556.3466323787352 -933.8148423983046
1579.7515259367706 -927.690204917808
1603.1781703545435 -921.2061409362503
1627.4935741830275 -914.851718035745
1650.0778666291103 -907.1560141787763
1672.660645858407 -899.1147667547991
1695.2373942609026 -890.7273303876475
1718.5450577150261 -882.7382877179724
1742.865057757659 -874.597844982133
1768.080593946513 -866.517174272816
1794.1989616992469 -858.4702009023633
1821.2269644375415 -850.4306814818111
1847.3508606143173 -841.5431051274445
1876.2088386457829 -833.4562938675565
1904.1587100727504 -824.5026421146747
1932.1044546583312 -815.095930728054
1961.8899798780362 -805.9954757032813
1991.6733881882546 -796.4057475826743
2019.5841559540397 -785.6009400576154
2048.401495078384 -774.6943364712567
2079.067791370699 -764.0040044953712
2112.5377409164753 -753.8125053377096
2145.052728048881 -742.7306334668409
2180.3879751093273 -732.0575646755167
2212.85696874571 -719.8562605642504
2245.2871623877263 -707.1078831528264
2282.454141235579 -695.2690796781884
2321.5130612451094 -683.3572319573137
2362.4708926282947 -671.3175712612233
2398.5824344169578 -657.2452398507113
1318.8415852435214 -348.07021279097654
1326.9053870531318 -336.87251863186816
1320.3019376983802 -321.9996790524839
2572.546013530803 -601.8064541584557
2602.4914445493773 -583.0328301625019
2653.821398577708 -568.3555088596021
1268.7817798475687 -259.26394876040115
1215.2147932687733 -236.42547709739853
1213.452755904022 -224.25077299517568
1229.2998297748966 -215.23458949576403
1212.5258074903836 -200.55464634306787
1207.4430641109625 -188.05649930361324
1207.180544931655 -176.39481834371557
1201.851600154033 -164.078430048531
1192.4302140661905 -151.37431942723688
1197.774819123771 -140.6111043730801
1428.713022835662 -154.10418028004602
1457.9456245747685 -143.59511058280614
1418.38953025358 -126.28198789624936
1339.7634700543065 -106.62947204241078
1329.7313869698235 -93.29222104393214
1324.558749294032 -80.45570003815713
1321.2601955034193 -67.82695465864862
1318.8407438523352 -55.30906214192465
1315.3035029849734 -42.80998756666436
1310.6484399526737 -30.358966544049224
1305.8759647493887 -17.99901913587299
1299.9873858112157 -5.726843085092441
1299.9839336495183 6.463145760733053
1298.8662813478743 18.63821819661831
1293.635819069769 30.698006770603328
1288.29383637303 42.66135444709761
1279.8443882112142 54.399834230104595
1276.2820577915898 66.24280307523877
1272.6104244958958 78.023762177785
1262.8452891048285 89.31839556184532
1197.1600714581368 95.9623014852635
1196.2076199490514 107.18362736829731
1246.8967006951289 123.52173005427895
1244.68948209783 135.10030775329705
1243.3679513211257 146.7655873408562
1242.9290580481518 158.54449425802807
1239.4063080195974 169.92058039340375
1235.779675818936 181.24456635398917
1225.1337509122927 191.43482539908052
1203.5544410263421 199.6414473143514
1051.918308608776 184.63984405770026
963.6122801290635 178.46953124964253
912.8200923272104 177.93110757746405
903.2740166802246 184.87847573574734
892.7008364129921 191.4529097912704
884.0360716877685 198.28319130692523
875.3223070875474 204.96794557913998
867.5329901351892 211.74397518488612
858.724859226516 218.1458597966057
852.7741377947066 225.16720433601068
848.6964410091168 232.62491487039551
842.6553366652458 239.39085945286462
836.5000908082931 246.27545163437952
828.3773788575315 252.48152050620584
825.9352660534336 260.35924467789494
823.4182393305501 268.213353764828
818.9308537155615 275.40562236944555
816.2708482468126 283.19234153209175
813.5368054405802 290.9533746041373
809.7906295607368 298.3423139208142
807.8476064402864 306.3955691074858
804.8929662675276 314.0753299020167
804.6495753390345 322.8437097214555
803.3874268280073 331.25464889518645
799.2754155951427 338.5008272149596
797.8495418847062 346.89495314052107
799.9890301807554 356.92233271463186
800.1907781074583 366.1894572919603
798.4776361286123 374.64311631533195
799.3795406335158 384.39738554853506
794.7853737089187 391.55103082277094
791.9131347657261 399.552983952718
787.1835498041956 406.61782907008086
783.2753652546481 414.09624748987693
781.0552696115662 422.4886576134365
747.2463597318356 413.44755153165454
671.9066224946835 380.16508341480676
648.346423292733 375.03055262674303
643.0237447863313 380.1703087314461
638.5180525707182 385.759894936342
635.6662125495718 392.3486539073156
631.9007940566328 398.3847216831954
627.2372603280269 403.84331027787374
621.6915392215249 408.6999266703765
616.1103559158212 413.4876410889207
611.3195114367322 418.77136355863087
609.7622753601498 426.29328818034753
604.8606759205055 431.500362369476
601.5322985577593 437.82975434730184
601.3496320998056 446.51945083437124
601.0556464514607 455.2451096594193
603.9325222613185 466.2987331690728
604.3977658542267 475.46223891116676
605.526455053624 485.2975502000721
604.2022184558899 493.2947184118041
604.3202231560243 502.5863785307486
610.4232966947753 517.0912867688667
620.8550727530904 535.6668541516776
630.2478769253847 553.8127965576862
645.3230270533603 577.5068750713606
681.4528270843773 621.0523685315997
738.0990726894785 685.024641085948
0 0
1871.908647907223 1801.5443413610867
1816.2245930070292 1779.9374224271062
1779.4927686709168 1775.8382488976624
1714.9299673750559 1742.7105918651525
1694.202418018168 1753.1463620534917
0 0
1602.1552619015556 1719.1854224490032
1547.3535207757427 1690.8462620069615
1474.485067346469 1640.8320408171824
1452.2771088794555 1645.8785492935772
1403.907078617532 1620.426152161087
1360.6558855457085 1599.5673043450918
1263.41520028674 1512.8195634920962
1243.3137025126794 1516.4735530645473
1229.5201195644968 1527.6783940300083
1213.1459595305212 1535.619054607871
1201.0184091754056 1548.9205211442509
1188.7492567244701 1562.128101225063
1185.3143307395396 1587.2589383410248
1241.8083640384998 1694.7309482640671
1233.4041067057099 1715.658272955745
1212.0424889017013 1718.5930306785751
1187.8848946246233 1717.1701945708955
1217.7510213573814 1794.893715511605
1195.8962780745992 1797.5297193891734
1171.9088432649655 1796.5674668871666
1145.3440296173064 1791.1066561821467
737.1322630380437 1176.0867428843897
715.2088696383056 1164.974365722567
697.0086993226361 1159.6498924539972
679.9867282338782 1155.810992085551
662.6002091676547 1150.8887708249567
647.8208616354536 1150.0991832141688
636.4932232624557 1155.265067740287
622.2799679712679 1155.0375065172896
609.5255801305889 1157.2996877068917
598.6144736465599 1162.9809594059793
588.099692622815 1169.4527572916104
579.2794966461676 1179.4198848439696
571.1884287866883 1191.1275241636365
560.3847660723113 1197.35246020296
551.5912746013481 1208.0277586974814
543.8666761632915 1221.3836573980732
538.7265276023879 1241.1215607092938
532.4836059642932 1259.0274855535376
529.759530465816 1286.1709994711582
653.8413974738849 1630.809745785632
634.841179459895 1627.5704829167828
615.250822617264 1622.2488789543916
591.3216642251588 1604.5057461467654
567.7814311224251 1586.458082166866
409.1314716597263 1177.973021294438
395.8004422887721 1175.1348900802889
381.0078481044266 1167.3975414068825
371.21713035359437 1174.743309039061
364.829815172923 1193.483642938139
388.43816680428597 1314.8219615483026
391.9643558443618 1374.1924696881126
382.4711174403675 1390.3524173114947
14.857099920880062 56.06484265509879
20.999638812529604 82.36513321632704
21.651666482571247 88.38668077559821
19.446740483991302 82.74553936345025
19.326535971449477 85.85152885851404
18.307831598514895 85.05188594123248
17.104664887641498 83.26121809751214
17.088895161335934 87.34397324466565
15.718373141932044 84.55136158437065
15.281039634689876 86.66308226507431
14.303938299877192 85.81606696367125
13.654392877506234 86.93421395024347
11.963833151954876 81.12254123430913
212.31438561376433 1539.4280111981363
197.49889325653413 1538.3742025796078
182.60378531448686 1536.1851638356688
8.915684102552909 81.51386739066848
8.747975355971915 87.56410752797808
7.927131447532455 87.64223061409118
7.105591573047202 87.71265911142495
6.354830449294164 88.77283441436758
5.460712490550088 87.83040828264178
4.795614889594418 90.87354993522979
4.464015022497558 102.90321943398524
5.232463171048333 153.91108254171832
4.971448755485821 201.93881424152113
7.880667490997014 516.9399337252795
3.142413685030218 534.9907711692157
-1.8809800171844029 537.9967118060991
-7.037622277532158 546.9547256150903
-12.36228946027788 555.8625493764625
-17.728082905978045 560.7198186942198
-71.0326400111885 1732.5444767892802
-87.01152721188602 1726.8091944775645
-102.76983470904628 1718.9305864617904
-118.59526884693682 1713.9017364502326
-134.3355111158433 1708.7275881348803
-149.98923136062763 1703.4092962279642
-165.65215643989552 1698.9433077848162
-181.13822024551163 1693.3392882604148
-196.76519998616948 1689.5811481176045
-211.83776482961989 1681.7103678671874
-227.04871281780302 1675.6878832311759
-242.4525431264212 1671.507632148753
-257.79799608673403 1667.1860103820643
-273.0837764763896 1662.723744650744
-287.96598485138753 1656.1511379003337
-302.9295907683257 1650.4295389494623
-317.62156754362064 1643.5913542700123
-332.25067619093574 1637.6356396252086
-347.2785781905992 1632.470088280308
-362.23860142665274 1627.1669231017643
-377.3559928092566 1622.7009751309513
-392.421368923931 1618.094703412587
-407.678280290686 1614.3182523217745
-422.8988631580118 1610.3979481915833
-438.08176120902107 1606.3341403630823
-452.95341390447516 1601.1649524119248
-467.76653703482924 1595.8582226596584
-482.5198599137772 1590.414595251436
-497.21211879829656 1584.8347260582436
-511.84205699672236 1579.1192826032377
-526.0911203196425 1572.3206203318787
-541.2362229174646 1568.2296869406716
-555.6806397469437 1562.1085194730958
-570.4017819312497 1556.793437540657
-585.0720952099908 1551.3396286457041
-600.0519672784548 1546.6798752700108
-614.6254900685117 1540.9466269011532
-629.5234741556719 1536.0013657178085
-643.9948814617867 1529.990389725053
-658.8055337979031 1524.7610529644505
-673.5748104532765 1519.3883554650643
-687.8874325130291 1512.9622864402909
-702.5612225970424 1507.30777497595
-717.1895189157651 1501.5109703087
