-220.66074701550068 470.85967625882046
-225.017039248457 468.7934855006609
-236.4951217995891 481.0052571074432
-242.82721779515484 482.32244639645836
-250.1213404068607 485.34041153923636
-259.8262804833052 492.6858065443035
-264.94376793916723 491.0894010566678
-826.5881984523311 1498.0897670631523
-834.315793382577 1478.8918678904151
-847.2501470606055 1469.2117574760223
-860.0761557030556 1459.4194072956045
-872.792854465764 1449.5159996334996
-885.3992911649184 1439.5027249729887
-898.9583824196004 1431.0743609881126
-911.3574407439627 1420.8348303728392
-922.5476983805722 1408.8157240081857
-933.0366912810745 1395.8809163833657
-945.0544957625525 1385.352301777056
-955.8141106480115 1373.0798905694273
-967.0054455324821 1361.5434140381003
-978.6509921160147 1350.7280391071847
-991.3672915281762 1341.4227123796913
-1002.7912874998217 1330.4005538612985
-1015.314481397333 1320.8680872308425
-1027.7470658182042 1311.2177426736077
-1040.0879312441643 1301.4503814130735
-1052.3359763421995 1291.5668751156131
-1064.4901080628388 1281.5681058127054
-1076.549241737703 1271.454965822218
-1088.5123011762994 1261.2283576687757
-1101.0387098897759 1251.6400278531594
-1112.1459355476547 1240.4383975211474
-1124.4889598136142 1230.615122309691
-1135.3825748411518 1219.205646618763
-1147.5378086552007 1209.1509325583881
-1159.604337308111 1198.9753045397626
-1170.87899464978 1187.9673311534793
-1184.8838097693529 1179.6755305364538
-1195.9750192792083 1168.4296098867476
-1209.846959576294 1159.8475479148099
-1222.2064874626674 1149.7370577676309
-1235.0183086247575 1140.3906249008028
-1247.2262056513582 1130.0069875609247
-1260.8427968642093 1120.8231089675296
-1272.8896777072855 1110.167946027196
-1284.8476495957893 1099.3850632640847
-1295.1835181210076 1087.1893369545571
-1306.1756011035152 1075.5321004423206
-1319.3968020733757 1065.6491348837803
-1333.331454117343 1056.2330393721509
-1346.4159557260032 1046.034929706668
-1360.2219726070157 1036.289624206032
-1372.361420917599 1025.1795600659568
-1383.6053941697119 1013.3415580269451
-1393.123417742617 1000.2160481301676
-1405.7881075210107 989.3031874771732
-1421.6634740832615 980.511074112634
-1433.3550132672362 968.7070795352333
-1444.950207917732 956.7695107174468
-1456.4475760073228 944.6991364145485
-1466.1574923541261 931.4242897916398
-1479.99204045013 920.6913490438917
-1495.4623621493142 910.8201377850586
-1509.1598253737475 899.7141887721235
-1521.0530118359763 887.4225234828702
-1533.716835824985 875.4819629821026
-1548.0366844268126 864.3560745831785
-1561.405013511955 852.5581409966899
-1571.1594457876433 838.7007785332415
-1583.4510356019568 826.1227619737216
-1598.317605160809 814.7495523367996
-1613.1100201229447 803.1687636972401
-1624.2282765349769 789.6318798682198
-1640.6551016821077 778.5286361621344
-1659.7387214049472 768.445428556297
-1670.5747776348342 754.3665636348978
-1677.6316986462675 738.5396967646623
-1510.8464769703935 648.1349574171647
-1483.6893261296593 619.9435325325345
-1458.9160355259264 593.4551383932185
-1454.2332195107078 575.5881715875697
-1460.4407104195777 562.4392690319188
-1432.8872719944084 536.4084877744032
-1425.6515202871874 518.4657584670673
-1405.0047093526912 496.04613363754754
-1385.9566395766612 474.7095882888496
-1370.4298104646853 455.0364101802483
-1335.6178348421788 429.57420692063226
-1299.4967854850302 404.5109448631439
-1282.1772581307227 385.9306657061372
-1182.045130389042 343.70090154602804
-1108.20008362366 310.9559046818582
-1062.8098822783304 287.4650485389857
-1043.2087241852437 271.6607402327331
-1037.9570702779274 259.8944406101477
-1027.715583701854 247.08233246502525
-982.2458261602742 226.40039088022883
-979.4490340536745 216.0754259311409
-1226.0634469684194 258.4132814077437
-1275.4986799299381 256.32814417653304
-1282.7640212045428 245.2599965407139
-1313.547905683029 238.36295743199793
-1317.7026975561953 226.3373607099057
-1294.1080779453023 209.77436115196667
-1289.103691504041 196.53923921358395
-1277.0357850288208 182.42698198409016
-1278.6949926782872 170.408672606399
-1291.157881936233 159.72577723692748
-1291.6094194656105 147.46222413794234
-1802.1582567937642 188.59909191208087
-1799.870273874568 171.26294760597636
-1782.4707074695766 152.7061786991838
-1780.8367170845559 135.707726690491
-1769.063125298539 118.08750445735372
-1758.1151322957592 100.75803487893614
-1697.0559284018727 81.25377453422001
-1546.8565832869745 59.487063650409254
-1438.3935701711953 41.77244654270325
-1404.7293657335726 27.575515330721448
-1413.926111653166 14.455130070646685
-1644.9994494799012 1.345812327773593
-1726.9382868193447 -14.599777993734921
-1714.7288678745226 -30.4944204364938
-1698.3756991021394 -46.05414964278062
-1692.8755424174494 -61.71221827828121
-1687.231485095574 -77.2717005260238
-1686.4373011587725 -93.00660869161769
-1725.4134036051391 -111.30852015784407
-1764.1913358312668 -130.3454279132583
-1749.943575931349 -145.7171268472015
-1730.5850089546416 -160.3730862129385
-1721.0551437736153 -175.69630642213224
-1708.40916821164 -190.52326359374703
-1695.637286824548 -205.12969441376688
-1682.7425123233572 -219.51454899317292
-1669.7278659676665 -233.67681444906347
-1656.5963771375173 -247.61551497200765
-1643.3510829047464 -261.329711888636
-1630.981110500198 -274.984758107683
-1316.2620571451641 -234.5702387771746
-1288.4636968898706 -242.03781067611646
-1273.3963607694106 -251.5267547980152
-1254.3484427393562 -259.94419439054997
-1234.2784798008852 -267.81641902694486
-1221.9742379547467 -277.1064087582891
-1207.6586619115515 -285.7298659748418
-1204.9408721055077 -296.98231383302726
-1189.5255421008217 -304.98030213400017
-1185.6626654473164 -315.80538906795937
-1179.7736899448305 -326.0522051972032
-1172.83562917569 -335.9413444874916
-1168.6922580802611 -346.5824662374894
-1158.716282841386 -355.41606024241713
-1154.3973392163866 -365.90679579658917
-1149.9835872203776 -376.3479096843138
-1144.5281194849758 -386.41866376791995
-1145.5960245840563 -398.72139202356107
-1139.0029906253499 -408.37750592620716
-1138.8966895505878 -420.36927876655324
-1136.7957226178423 -431.6844739364365
-1135.514109067163 -443.3606975244957
-1137.8511932714487 -456.47635422959235
-1137.2093190482005 -468.67362275887496
-1144.7268072666632 -484.40637560324495
-1146.5445568142413 -497.9312997187816
-1148.208633240792 -511.53292616537624
-1157.904039268637 -528.9491807776762
-1157.4101623038064 -541.9277776566512
-1176.6097788659583 -564.4594124266162
-1203.5635811448415 -591.3676573349311
-1741.0963235056377 -875.8907422019896
-1789.6881708647472 -921.5124801470653
-1800.4128816433952 -948.54544203877
-1792.299449964745 -965.8978629524308
-1767.3784724260947 -974.0109523022849
-1743.3359259321649 -982.2325841440211
-1734.894706673284 -999.0717475522066
-1769.3835142544208 -1041.1968975581306
-1792.9453186432493 -1077.873408316235
-1867.953366274624 -1147.0022761194944
-1880.8135653088934 -1179.3813346623938
-1846.0657995220402 -1181.9073837805781
-1739.449966148132 -1136.8367584078471
-1703.7323830752437 -1136.485797034328
-1679.7503124752945 -1143.443434429159
-1661.5383792608775 -1154.0447193428581
-1648.9876841075984 -1168.4522316558173
-1633.0712544789785 -1180.3826827747243
-1628.345480689228 -1200.4249228997903
-1654.5595268311092 -1243.9183141076492
-1680.8902091668226 -1288.6163528091342
-1674.2209175916773 -1308.6670008441727
-1666.5406859746267 -1328.082505716878
-910.4296762069118 -739.6261249318994
-896.5068675110965 -742.4092109513736
-894.8394412338329 -755.3167378076047
-1554.8044565964108 -1337.6038657793792
-1529.382825711907 -1340.9489820337922
-567.4625597237788 -507.05743591011145
-544.9270326133419 -496.20915864906993
-540.2396998562363 -501.3083549066818
-534.8416950569728 -505.6089014530739
-536.5518760711694 -516.8530586970618
-1646.4069787573915 -1616.0424067143035
-1636.8148359267095 -1637.089549441392
-1619.2679608193407 -1650.247033345
-872.6011584983747 -906.1629092979332
-858.5583171466754 -908.5029532468614
-843.1889822140416 -909.1932359365904
-833.2676026115007 -915.5922140549701
-823.9666194603344 -922.631025933503
-811.3116443112801 -925.8155409178046
-788.8902413339841 -917.470537471372
-771.2121102631118 -914.1377800876178
-758.7679019400804 -916.7176615433175
-750.7560934722767 -924.5789788407728
-742.6634963373144 -932.370597567317
-735.106380662826 -940.8796995943745
-728.063076491524 -950.1227061015314
-722.1123593829335 -960.9150536995521
-715.4296617933458 -970.874038702374
-709.794670041438 -982.4131139091976
-701.6937335136548 -990.6674034950721
-692.9299497012096 -998.0346110266312
-687.4650716216278 -1010.2849970677929
-681.2760882044753 -1021.6882556048141
-673.8393716494414 -1031.3895972013127
-666.2803365670458 -1041.0410717661932
-658.0681380440162 -1049.7939443963667
-651.8427578338926 -1061.8931297731922
-644.9327250886616 -1073.1103298867795
-636.3480774710146 -1081.7051928778671
-628.1576802823971 -1091.0998710944098
-621.80987249403 -1103.9209584336002
-614.3111753016491 -1114.9667169469708
-606.6596026203946 -1125.9685282229095
-596.9911818271773 -1133.3854281843358
-591.3562329094698 -1148.7218139302138
-583.6881003290944 -1160.4780056227748
-573.6464050229325 -1167.7032165769972
-565.6828018798578 -1179.3502311261714
-558.9646408703238 -1193.6006577816174
-549.6491421633544 -1203.4179741549021
-541.0107108248296 -1214.992761613341
-533.7936326559541 -1230.181026408699
-523.6108206023218 -1238.8933402630603
-514.4518726191206 -1250.297272954988
-506.60971044186596 -1265.3519673537512
-496.3501138001553 -1274.7786335401815
-487.0185643199238 -1286.930036174368
-478.19035594208765 -1300.8958388295273
-468.467877037485 -1312.9256826583871
-460.1947669352553 -1329.6126415183505
-451.3278601612825 -1345.3119202037265
-443.43938692804977 -1364.7661008835453
-434.02107020207103 -1380.3748442436383
-425.79957699203845 -1400.7107910748032
-417.5113786476156 -1421.9733642722592
-409.4014884722883 -1445.1278217641077
-405.1022710468926 -1483.6900451215038
-415.6107892806417 -1581.2946189225847
-397.8375354465925 -1574.5162099482434
-376.93112312855055 -1553.938199677532
-361.20901539869004 -1553.5614076034165
-294.92615097345487 -1325.5876302500649
-279.3781568561878 -1314.642097862243
-263.6685686427611 -1301.5617103733027
-248.4229572671292 -1289.284698700273
-233.4353624257552 -1276.8366894670423
-218.02578234308336 -1260.2800316729954
-204.56376694675558 -1253.416796302233
-191.2523844697139 -1246.4122614266312
-178.8043319911704 -1244.2178309529208
-166.41547604654681 -1241.8997098526922
-154.08704012300217 -1239.458827095976
-141.36458803561587 -1232.922160255675
-129.09403545947004 -1229.2398992909355
-116.90648940395846 -1225.4361969255037
-105.145080961659 -1225.4976588919158
-93.39311323232289 -1225.4463376259175
-81.7846499588012 -1227.277992563672
-70.28742562913462 -1225.9868179545933
-58.61694830062076 -1226.6002011135993
-47.01761351035152 -1229.1010308431896
-35.28983877863051 -1228.4932345271495
-23.654694307758696 -1231.7728911764566
-11.970002519859401 -1235.9420370873686
-0.20876822877724746 -1243.9999824822453
11.68605377276318 -1249.945373265256
23.75060623830452 -1258.7759565162155
36.52347353800882 -1286.481650036532
50.01520255042569 -1319.0521140250069
64.4618388623125 -1358.4714466379075
79.83382038054965 -1400.7267974603205
92.62923270740332 -1391.9212712104222
99.87588468731832 -1312.2045601421776
108.94398877688684 -1271.340712519418
123.40940064260113 -1295.1336301065749
137.60703513810617 -1311.8023112803621
155.09139330623816 -1354.1475767885602
185.3476704047064 -1492.535507475634
207.23837445935092 -1548.1912853880317
224.23621768702532 -1561.9865936292208
236.36367864701631 -1541.9896923833342
255.05043757811637 -1564.3446788643516
282.528450930652 -1634.7656328705734
296.81546578239954 -1625.1167894254177
310.5664852943343 -1613.3807542585614
323.72444435565524 -1599.570718701309
336.2325196879202 -1583.7009480025931
349.33602016164616 -1571.6438352939963
361.7881448851256 -1557.5334148006518
374.94564040677506 -1547.2167807841126
386.9606646341233 -1532.9130582084288
399.7535359546989 -1522.3905906473922
412.64450358333363 -1512.7288301815577
424.0262470232623 -1498.1491053414434
436.8570142584057 -1489.2481153566155
449.5568971887865 -1480.2390334638492
460.32685289489325 -1465.3993273179442
472.39916235840946 -1455.245350929895
484.2839711366097 -1446.0615599967227
494.57149294184427 -1430.9420108338686
505.95632949199484 -1419.5271017655803
517.5123823529823 -1408.964844881284
529.6198702382172 -1400.182771301252
539.4298741105041 -1385.7071880152478
551.2410602222297 -1376.743365164718
563.6911137833531 -1369.5303312602036
573.7165642278809 -1356.6791455353605
583.5472946015384 -1343.7624622541089
594.8114838394938 -1334.4363224570363
606.3663235916002 -1325.9275551907076
615.6895806344389 -1312.7933349534453
626.1165419868219 -1302.3068286123914
636.3989729649015 -1291.7415945959233
647.8879714785488 -1283.777697427951
658.8236339914727 -1274.8240738604954
667.3089921539994 -1261.359468585547
677.0250095438714 -1250.4883591829716
686.5938925610953 -1239.547428176027
695.5222720495149 -1227.6684279898545
706.792328183537 -1220.0592628314803
717.4708411730674 -1211.4865216197873
728.0499393783894 -1202.8213856475631
735.8987463534335 -1189.8126050414178
745.7017299664215 -1180.146147697431
755.3870121996653 -1170.4014105425806
765.5043228705186 -1161.4147113182908
776.0770872678073 -1153.1714333167972
786.5621569946481 -1144.8322904180886
797.5328444684704 -1137.216937085458
807.2657609032269 -1127.8701127671281
813.943707830527 -1114.403715214147
822.8279193435877 -1104.1210147210777
831.5898118613961 -1093.7707185732884
840.2289089822048 -1083.3542267008393
848.7447499007695 -1072.8729419255014
858.3927676459709 -1063.8847947278362
869.2172543377526 -1056.3547532725636
878.6906624414992 -1047.1827537436432
887.7124329398972 -1038.2305314350608
896.8308912785228 -1029.038071428152
905.854941580451 -1019.7660637686848
914.1127406693688 -1009.6741540447272
923.6170740469128 -1000.9872629204727
933.7239097691906 -992.9394041558309
942.3772540925305 -983.3458755539792
951.6314240707986 -974.3929560095269
959.3896748868136 -963.9353981053783
969.8837885581382 -956.2266659595476
978.880351763385 -947.0149190649489
987.7894276042838 -937.7185327768677
996.6102198327932 -928.3383379591902
1005.341940091213 -918.8751729661847
1014.7282894863005 -909.9975266538952
1023.2858110901741 -900.3638979998724
1031.751876594817 -890.6497993841762
1042.4150743117493 -882.7948871893348
1050.7141923645406 -872.9007308759291
1060.469797348972 -864.1919977126786
1070.1545113223985 -855.3767134405276
1078.1931858691555 -845.221541340092
1085.3426973409967 -834.3813452664015
1094.779260876683 -825.2874468658198
1101.7281981587716 -814.3064394819843
1110.9967233937555 -805.02812411017
1123.4492423124207 -797.9635329685485
1133.4049063284633 -789.0211139827422
1141.639524525866 -778.834511331101
1149.7827641786155 -768.5626813720417
1158.6703344300797 -758.754279138963
1169.1585185947115 -749.926235304126
1177.88945554524 -739.903662996297
1185.6834492029952 -729.2590474489076
1192.5246792015398 -718.0173323083953
1201.8439380079865 -708.2345294275442
1212.8171757167404 -699.3386148972967
1223.7292419422345 -690.2982995890142
1232.827210058761 -680.1478296214225
1241.8423946028536 -669.8869061021051
1250.653594998494 -659.7435754271072
1260.3674270577144 -649.7676113903469
1273.57641741239 -641.4663740298647
1284.0482875929176 -631.6494242296874
1293.546392067239 -621.2589891259755
1301.1514334681706 -609.8966692676105
1310.4758755688165 -599.2778817478116
1320.6286928563875 -588.9446965585388
1334.3710864628194 -580.0679301702817
1344.3794597877647 -569.4241548272765
1350.6075391799377 -557.1178287492806
1360.4349469186093 -546.2350732080104
1373.9025956217974 -536.6718343118893
1385.4403538532124 -526.1929550222865
1392.21128242382 -513.8129475712175
1401.69584703256 -502.36416314430113
1414.8658503708252 -492.0961546836569
1424.1758055512255 -480.34599496874915
1433.3895164009111 -468.46397329139586
1442.5053235832438 -456.45086420555816
1456.3026067032936 -445.77092515011844
1467.1490669813743 -434.02029359890884
1475.9796743706174 -421.5554540565282
1490.489772470073 -410.55601099254426
1498.1567996728827 -397.5250980679161
1508.6170191531505 -385.12814688290763
1521.8896549815213 -373.28391079743284
1531.178498540202 -360.30737656641503
1540.3573927029786 -347.1888574612986
1555.2898150444641 -335.19336392440204
1564.254908955588 -321.7383716754116
1577.0294002403762 -308.9130472762183
1588.7170795150842 -295.69247751179205
1602.2644309238142 -282.6264202023341
1615.7056322534147 -269.3312271248802
1627.061779014232 -255.49748975487628
1637.310569529214 -241.32778312478004
1651.39864482141 -227.53354891534343
1666.3629530788444 -213.62235043729186
1678.2314596816245 -199.09587573549643
1693.922527118118 -185.04721592547213
1706.5300663452153 -170.23552114583674
1721.9956713290578 -155.4731742905745
1734.3430211120597 -140.1937413720526
1749.5466651294123 -124.90983361830189
1761.6207032118955 -109.16729370661777
1776.548251296065 -93.36654013560513
1790.3340798607114 -77.25207110039003
1804.9722043821853 -60.92077976942561
1824.4587674244656 -44.44328934720907
1841.7935806403693 -27.575465760832618
1856.9710172286802 -10.375026394210721
1874.9864843795592 7.119227063454413
1890.835735571244 24.924307146903665
1904.515035375091 42.98232229900534
1919.0201892933392 61.33117547020496
1938.3430958089025 80.16260306377393
1955.482377984215 99.2606135040459
1971.4341447474287 118.62720145048436
1988.190734935041 138.37124527321706
2008.7363613998564 158.75525311014542
2026.0842482336318 179.27247156091545
2048.1984808904313 200.61650699314356
2070.088446088591 222.39115398442434
2090.7547789597115 244.47792181938928
2109.2026734815718 266.7209818859233
2132.3697822183412 290.00536526434104
2156.272931684127 313.8917712944085
2178.9250346785343 338.098644261032
2201.310446613263 362.7579325546376
2226.3780439059306 388.3822931257326
2251.1560599314616 414.50861732159194
2276.619010112079 441.32401112594897
2300.79444228366 468.45376971118804
2324.658685317987 496.0755958275396
1260.964419080464 281.4830968514232
1273.849778329457 296.935586028339
1272.9507430845067 309.3483565183469
1238.9691309247603 313.43179898591046
2469.045449908619 649.325470227023
2483.1778445364316 677.7195529150695
2560.3140904638244 725.060520351508
1152.3856847599145 338.2428618026153
1124.23302946641 341.6505458165964
1127.6036771028553 354.44879374053374
1145.0980588866353 371.9763910976878
1111.1619844395243 372.6969872918458
1099.0543277471377 380.3269444310873
1080.3099406844767 385.40813699025887
1062.5085129859383 390.5120482551215
1052.1914575835017 398.1433618538753
1064.1908283853008 414.32098761782197
1244.9385467414713 498.40647551695537
1298.393100810679 534.2203251161732
1252.7136967690146 529.44158688878
1186.1477010786336 514.6869254467927
1156.5233435048322 514.985199717821
1141.5569995627425 521.4140549978575
1134.724530791179 531.4219032188444
1126.90363475102 540.9142242397953
1121.6971947455743 551.6297701356491
1111.9233097324168 560.0460278170965
1101.2025119480068 567.8679667663956
1090.4341041255507 575.5366752518103
1083.1395745084462 584.9527007661917
1075.7647729998066 594.2820485027918
1068.3106883592375 603.5240452023535
1060.7783148735728 612.6780285712747
1050.5852458953811 620.2182205538157
1040.3451982833121 627.6200031936968
1032.6137496657288 636.4572601528586
1024.8085061970673 645.2042510911838
1014.4070845524983 652.2378912710458
993.9337721674943 652.546286898405
897.1261581417474 601.302466632084
979.6647486716962 670.2432246655108
972.412498391663 678.9771225687091
965.8972472119995 688.2139985704167
958.4854101515602 696.8003433743378
950.9977172730836 705.3079765190411
941.226674159465 711.6827578708875
932.3521400903702 718.365148701485
925.007179028191 726.180224700665
911.349756161653 728.9242909548946
895.3936038827127 729.5857003299391
737.1498102271853 611.8612238751732
680.4022963254689 575.268385325518
650.1473822693115 559.8860431626795
637.5210583222893 559.1698312638373
627.1992463248362 560.2696720415603
617.6501182838813 561.9015317508108
606.656276149397 562.0472957043264
597.1658804571036 563.4127361161551
589.8643503058934 566.7310193012258
582.5519573273423 569.9633470795139
575.2296587614146 573.1097972301874
568.6003853111279 576.8826586265503
561.2546449446455 579.8639698481531
553.901799060314 582.7596391289873
547.9074466833937 587.0318814756862
542.5568912965576 591.980590650247
537.161641082705 596.8805335654155
529.7356318729848 599.4832444064886
523.617473549067 603.5111775220838
519.4152671535691 609.7612485619157
513.8595902585676 614.4504223281949
507.6270487558591 618.3160837075295
502.6217052317342 623.6765358981719
498.181222913026 629.7812867471388
494.28448437337346 636.6465648283578
488.4858275121499 641.106540537351
484.4433826909344 647.9163595457093
479.13436877525766 653.0928392336999
476.1079749525982 661.4727478789554
472.96869614494796 669.8511868071504
469.7163127664183 678.2267950480284
466.3506206561682 686.5982075519909
460.0997459177411 690.8025939488285
453.81096901848247 694.9500733135482
447.48480801613033 699.0403039845178
440.9841208425687 703.159302835927
434.4059595639623 707.2421525158927
432.4286869441851 718.9759597564636
392.72276799919206 666.9668863557266
355.5256133321789 616.8837315611248
339.44010175231034 601.8815641987892
328.9802231324102 596.265891014864
325.30360520099475 602.8288019357033
317.79968137505216 602.2992300492467
313.542876637407 607.9036638398718
311.4594792503653 617.9457846648777
304.3566031462028 618.1327188568041
293.81066286927097 611.0313366631204
287.24841442625876 611.9349217111247
281.52787033643045 614.587714019597
276.19079299601276 618.1000290116751
270.8126513654269 621.5661733560054
266.5664227222377 627.7470368524803
261.8460561637105 632.9783905249143
257.4248102086067 639.1036434640807
253.27689892171594 646.1321942703357
249.73260875729707 655.0073466177878
246.39208758421725 664.8097014754609
242.21266592642917 672.724330216183
237.24691724095007 678.7303590231292
232.83237822165665 686.5960119689361
230.1653773679038 700.1377714857915
230.60335814183634 724.1699325529249
230.6124210245228 748.2692772453031
232.19054919951486 779.1383374359317
234.59533998611877 814.904305091584
672.1183493114536 2419.3755236669745
625.2064745913352 2334.7389284733904
0 0
0 0
0 0
502.3071317899815 2201.4203472651293
479.6171952932698 2196.2402751017516
444.4054996645057 2130.136087640398
414.17675364024046 2082.207150296058
390.20316959063956 2061.3940638416075
357.7994292674116 1993.1393750603381
320.6966233179623 1888.9705333309084
301.0859285156227 1881.056156431776
283.1407759430801 1882.829599565067
265.3283680392701 1885.4221959851905
247.36226100720654 1886.8547670208757
229.75461131485073 1891.09434417735
213.4234802998617 1907.0950207204398
198.74471527004434 1941.855951957361
189.98836632003017 2047.2030726488874
171.20710510006447 2055.88353929965
144.775061164146 1962.6676187436624
134.35898173859678 2090.6871272445737
115.29924287284628 2104.844432397071
4.48014769039991 98.89857570598377
3.5449874515826827 98.936510267788
2.5831516890503905 97.96594983641693
1.639985940022681 96.98613532931668
0.7677559559903494 102.99713855633098
-0.197985655051535 98.99980202849092
-1.0880799147121594 94.99376864878664
-27.03154439568876 1292.7174074822324
-39.038834989479035 1285.407316519812
-50.950150129063935 1278.9855676284335
-62.595809019817544 1269.4576655773735
-5.810241974110961 98.82935337338942
-7.15303267692592 104.75606962616929
-8.298153880730478 106.67774201852849
-9.132335940132863 104.60210533386294
-10.217196120294513 105.50644010409715
-10.896786383574941 102.42197052639993
-147.443183537113 1271.4796528566396
-160.95172251375587 1281.9354675723168
-173.5993972042246 1284.3205399316519
-187.30969356911913 1293.5084378136241
-202.43038366040017 1310.4571491548677
-219.02200190256022 1334.1414327883663
-293.9853508214003 1690.6296500128046
-309.23245702825005 1683.8406360223855
-322.17528177363675 1667.1553880229874
-334.7317659076582 1648.356346453139
-346.3372154777039 1626.536053450753
-353.42810917489373 1586.100114004491
-279.9850166588911 1202.8438761728476
-287.09341907564965 1182.6522602707246
-295.8061793703989 1170.1913109600016
-303.8008275805729 1155.7378842805833
-320.7664156824397 1175.0033644931577
-344.6617586765021 1217.1414347174368
-395.0012126296475 1346.2477639799845
-408.86830815030584 1346.2821794075367
-423.67010317607156 1349.0365612817086
-599.6640638810055 1848.1482652887232
-614.561887813734 1834.8129839432736
-626.9756024669116 1814.7456003283912
-643.09096616129 1805.9133448872176
-655.9962854614146 1788.489271273615
-668.2768726368265 1770.0480280203535
-674.1132757024875 1735.6887081276016
-670.4610000716056 1679.0908395268502
-668.8377119720059 1630.1227300556397
-609.6561983345766 1446.7962260913703
-616.552406528627 1425.3673666826244
-621.0703339543822 1399.3686577459823
-630.1241279675994 1384.3354302166335
-642.7554127588361 1377.4126031691515
