-843.1800185495046 1737.1840594245784
-855.2460270555407 1721.2316035925303
-867.410971702913 1705.0417021789842
-877.9609711569193 1686.1155159493667
-890.5820569572995 1671.55604148521
-898.2211267801555 1648.128577328173
-886.9979486201502 1591.5145739652041
-906.965809824234 1591.7402488502548
-877.6967738165444 1507.044914138935
-796.7912351873533 1338.838200653317
-796.9533160210442 1310.7331582297984
-800.3491511491939 1288.6932281403379
-809.2916956809398 1275.9968461175245
-819.6966272816358 1265.765159586529
-831.0835082408012 1257.1194065522027
-842.9395666525257 1249.2004991079903
-854.7201759116202 1241.1697792363498
-871.0237468990043 1239.5735687477445
-883.8773180134389 1232.9030321567752
-896.682531580978 1226.100092797292
-908.8401103411235 1218.3635146519837
-922.142463249933 1212.0982953008993
-934.7944743680449 1204.9001164789431
-944.9110044582393 1194.4338381232012
-958.6801957116697 1188.5542824584136
-969.88186839887 1179.4312872529358
-984.2088997228753 1174.0344295233795
-1002.4182709926848 1173.0330813664364
-1036.459796549598 1189.8886881285855
-363.16592216572064 409.0470791700165
-369.7034206937832 408.55890729161143
-368.80646438942307 399.8972265777461
-369.14888721505633 392.74686385493345
-369.3893322457151 385.62614177862054
-369.52839404574 378.5363469919055
-362.51388308729724 364.38946824650327
-364.5211346614317 359.53906934454614
-375.0919891188165 363.02892405273946
-382.8604031338539 363.5958081609067
-392.13592115862224 365.4113016000994
-400.003508115344 365.7337740699072
-412.30823568492514 370.0242137838877
-1268.3626873430937 1116.8509718650046
-1278.0922441840225 1104.1744496938193
-1287.6955669644283 1091.4138201526307
-1297.9408576442618 1079.2096784488538
-1306.5206413481174 1065.6452569834412
-1313.398423946511 1050.765711267179
-1320.8987092354328 1036.4688128159803
-1329.0388343871193 1022.7339716128174
-1336.2392689512703 1008.3355672158821
-1344.8942776956212 995.0820980308981
-1354.227673304679 982.3423073734509
-1361.810458010169 968.3559657760848
-1371.7112135746584 956.0294695005682
-1380.6747676246325 943.0382739023198
-1388.684238957273 929.4068455050564
-1396.5594629261673 915.7082867984627
-1405.9826902780762 903.0247364487993
-1415.2908321769173 890.2448316929276
-1423.63145454128 876.8451868150269
-1434.4143163695871 864.9165098400944
-1442.514993867614 851.3374727257794
-1454.816940157836 840.1831173201418
-1464.4245213378053 827.3964112229031
-1472.1696816858482 813.535757250404
-1481.543208458124 800.5533845232359
-1489.0342148419606 786.5323305687984
-1499.9469088968315 774.275965332026
-1508.9748122595417 760.9829275130163
-1516.9881568332005 747.146526477778
-1524.874663176991 733.2266099923396
-1532.6334682690692 719.2243404818307
-1540.2637197380877 705.1408892261105
-1551.4171177256599 692.6080614805214
-1561.5538066118945 679.528298936771
-1575.2641521939674 667.8801170963402
-1584.2715187640865 654.125182845711
-1593.1593250874087 640.2596074148612
-1599.1322265442427 625.192068109995
-1604.9626281991782 610.0688174984745
-1614.3021627825535 596.548009162356
-1627.3872741542368 583.9962841669826
-1634.7123123671 569.2773101006302
-1645.6940433334855 555.751847263402
-1651.8135058667115 540.514700851257
-1659.6984628829507 525.8155687158481
-1670.3211600853626 511.8947373934298
-1680.828401300148 497.820133565115
-1690.2567635378266 483.3177767417947
-1697.6326293095422 468.1500356761399
-1706.805449671674 453.3995555479454
-1719.7260571024733 439.5080073477401
-1729.6222302023828 424.6974697237271
-1735.4980620315196 408.82205992930494
-1745.1300344870792 393.75393678174913
-1757.5641729248366 379.17301862215254
-1764.9804496951451 363.3841110917254
-1772.2548980926992 347.4889583662127
-1784.3016043954328 332.4045495354783
-1797.2054116347183 317.29750769724444
-1807.0230068574 301.4827568668575
-1817.6894223178979 285.66617579550336
-1822.2817623069247 268.79951406869975
-1835.633113200026 253.10091608601644
-1846.8657328809613 236.9197431833598
-1720.9177432292904 204.2819645455916
-1605.4648100577713 175.23625100464866
-1591.1251414119674 158.49853111857664
-1589.5615325600165 143.21359644059993
-1592.8352479114142 128.3739576821707
-1585.995451714757 112.77600427442
-1565.0303456293707 96.45733387986898
-1555.8841567798247 81.169518179754
-1527.6070085697033 65.25202961381753
-1500.1700347019448 49.908586258938975
-1460.585418880556 34.80278945013312
-1429.8519341646968 20.57781245604084
-1386.982954740421 6.8762823917804905
-1509.9848793051872 -6.757534291388476
-1292.8749462648375 -17.982583815831788
-1158.6886372655888 -26.86339277926136
-1127.404284794004 -36.65485817896969
-1111.0276454140528 -46.49269970335071
-1103.555182135565 -56.48858275563239
-1106.9734107926868 -67.01393734146426
-1035.4735089960502 -72.3782575598945
-1017.8070625924919 -80.68322834916466
-1192.3231539757526 -105.70949102759678
-1323.6511713787281 -129.7982145783255
-1344.2578571396054 -144.48118742049417
-1338.8798340187118 -156.54005895625215
-1341.3310174517378 -169.51431096484424
-1319.8747883063766 -179.31687927576078
-1304.291674439872 -189.5975421434436
-1307.4088774212944 -202.5117953107687
-1312.3717157836443 -215.8251134856504
-1349.7106370797194 -234.9067818387928
-1826.4509520854451 -335.4488330970479
-1807.5357693910028 -349.4215825790902
-1789.500169206702 -363.2700708965511
-1770.3866117576706 -376.6048923065058
-1749.2290378557555 -389.1809002536322
-1717.2776423886594 -398.90662936588035
-1580.3326277563376 -382.6549171887753
-1468.0933032792077 -369.9973687294869
-1397.8330906660378 -366.1798064326217
-1393.3942979724743 -378.9305086395066
-1397.5015379010847 -394.07290133185126
-1686.535740168477 -492.5913084234913
-1674.213173048692 -505.9755440633776
-1653.1977733013628 -516.4892277205943
-1648.3118267820707 -531.876039778399
-1636.6412312922237 -545.005027531191
-1632.4360032378543 -560.5610540635342
-1695.9589611982854 -600.1034926837474
-1691.231372058545 -616.227592829931
-1669.4963245272565 -625.9960242605232
-1650.5265785493157 -636.4927442652349
-1633.366604660861 -647.4276289892572
-1616.147153319534 -658.0983048277567
-1600.7496196058582 -669.1977699691622
-1585.2859931714897 -680.0686140782291
-1569.759186689852 -690.710573107734
-1554.172111980875 -701.1234173388499
-1536.7123077317276 -710.4676511044177
-1517.4062627970995 -718.6927254565333
-1236.2541422877523 -599.6262966851723
-1202.8757484249522 -597.276262588018
-1183.9136212127028 -601.6082924187675
-1160.5394102114292 -603.3342998256506
-1140.7682899737335 -606.557259119371
-1128.066844181524 -613.2872043817132
-1114.4651855741179 -619.3483269883332
-1107.8051776098564 -629.161098972906
-1090.6798987421853 -632.8809986717381
-1080.4637787211154 -640.417069472456
-1073.623955985135 -649.8896838193612
-1066.7014360070298 -659.2905629694245
-1055.4683214865588 -665.9509158626831
-1049.248302436823 -675.7085169164626
-1041.2667038474365 -684.3096166639007
-1037.3687530412133 -695.6055421096919
-1032.5252762891648 -706.3232643938496
-1026.752003370711 -716.4386390851846
-1020.8798486069444 -726.5076288025215
-1017.337188665609 -738.2913006110496
-1017.6827855413969 -753.0456480271984
-1014.6483903178688 -765.4604131013946
-1010.6782362011296 -777.2737631422882
-1008.9369812293849 -790.92993868467
-1008.5913993533433 -805.868717069018
-1010.3812098537178 -822.7629128579737
-1010.4045681569204 -838.4817282729704
-1018.6220727825329 -861.3739448347717
-1028.7732487935398 -886.4477438443766
-1038.5454682288666 -911.7824907406833
-1512.27572067793 -1352.7243417075215
-1536.6242003147572 -1400.3667616046278
-1523.5740472275472 -1414.554036654193
-1498.042416510953 -1416.937866786693
-1474.0388188600493 -1420.3586027808863
-1456.8376724036475 -1430.8696643180056
-1479.1463631780198 -1480.8021597422248
-1495.031440081322 -1525.574315845796
-1554.5497295662806 -1616.9180988242429
-1556.1883848061168 -1649.8793019474272
-1498.2498180525386 -1619.1613516587947
-1420.8800244970212 -1565.2782359648859
-1389.2386277922094 -1560.108020314625
-1363.090046346461 -1560.5029719776899
-1344.8693477124236 -1569.654559953737
-1329.1719040316789 -1581.6630644776408
-1310.187750205042 -1589.6565853078614
-1302.487556398181 -1611.43109236104
-1328.6538566171791 -1676.305440334874
-1325.468317086687 -1705.5010232771442
-1316.3904356663006 -1727.6284962011616
-731.3032781490448 -979.0196705727934
-714.8294792322185 -976.2780421686208
-706.05487134781 -983.8737310478552
-692.5983435019602 -984.8469599782194
-1183.6141901807196 -1717.6884027095368
-450.9711012569613 -668.0277433094254
-432.4351249720086 -653.954021847441
-425.08191414615845 -656.3759336430899
-416.1153665435877 -656.183664629268
-410.3562196697038 -660.9778914444793
-1218.8233234857412 -2005.7115211632934
-1208.2990578757817 -2031.8733687748602
-1185.3160198598364 -2037.2714431473378
-643.9860551172035 -1131.5855958850757
-630.2304724947616 -1132.4422950150836
-613.1721006732231 -1126.991115739599
-601.4405248823354 -1131.0306339924048
-590.6099175426097 -1136.7237682481666
-577.4626409915151 -1137.8545154188669
-559.4636480762346 -1128.9820310710136
-539.9457211421383 -1116.2699575910374
-525.8443337816683 -1114.1417040169142
-514.7603271926287 -1118.2051714906963
-504.780005388361 -1123.84213578248
-494.8560721507563 -1130.4306559252211
-484.06780645397504 -1135.0922247794833
-475.92011578614705 -1146.1156326436264
-466.8567526190035 -1155.231912878985
-457.2969083874361 -1163.3484162448037
-447.26772131456073 -1170.4531538981305
-436.4484986728801 -1175.5971708056247
-425.91093395712016 -1181.5819380541384
-417.2796586881529 -1193.1360720576251
-408.1455781896484 -1203.6852524660412
-398.22403291609163 -1212.2679652651238
-386.96378553319414 -1216.9585155977256
-376.82603230304073 -1225.3677576053435
-367.41753018362726 -1236.56959307342
-357.27828019776126 -1245.7801694114937
-346.4637479403374 -1252.9815925875107
-336.3163150588061 -1262.9886524530875
-326.00953630221125 -1272.9154654728716
-315.30515807075267 -1281.7888505108701
-304.46120554855565 -1290.5732735168199
-294.35972389137754 -1303.1685819381128
-283.20163291386524 -1311.7777384583565
-271.50272335515444 -1318.3331412092828
-260.28168610802624 -1327.7283019792728
-249.82129645843253 -1341.944231268881
-237.37705887069376 -1346.2321983676884
-225.53082023892003 -1354.3503420911297
-214.32569210689923 -1367.304098473671
-202.312356231755 -1376.208817918253
-189.8767272455117 -1383.0266911562242
-178.21553940325222 -1396.6757753735146
-165.96009560188887 -1407.2477559647455
-153.73466770534543 -1419.7005500969306
-141.18880909364321 -1431.0519627835738
-128.79540000756268 -1446.276510539009
-115.96627404705912 -1459.3998161174484
-103.03820962072321 -1474.4039905528457
-90.07563001621689 -1493.285766649231
-76.50914168433701 -1507.0591731046018
-63.361301577268925 -1527.6865992285311
-49.54349300529909 -1551.2090259861286
-36.58264870130333 -1632.590184282019
-21.779806237823674 -1690.8597339934033
-5.581686723935977 -1662.9906327978265
10.071283082911707 -1632.9689431391719
23.67702088820003 -1508.8142359753435
34.86861262538187 -1382.5603711424615
47.61726808075022 -1370.1728342732993
59.86768628033204 -1351.6748352098
71.66263800317972 -1331.072299431712
83.07069477234411 -1310.369512645208
94.67319058602378 -1297.550764704126
106.45046105821145 -1289.6140117649522
118.45220628136363 -1285.554384235485
129.5764539692291 -1273.4244942582031
141.36611879979787 -1269.1511416909655
153.20633260622049 -1265.7617546953109
164.8652207106166 -1261.2705732712707
176.73059225089239 -1258.6529695522308
188.11565186947664 -1252.9571028258397
199.25041965921076 -1246.1714449728129
210.94219979533423 -1243.231429921841
222.41940461864206 -1239.197566350535
234.21099893582038 -1237.0231234611117
246.17672822020225 -1235.7172081357435
259.7764858382023 -1242.126071461973
272.66438743789007 -1244.4798639685257
285.17395648710755 -1244.7509046156542
297.94594710849356 -1245.8688585086404
312.45789651047943 -1253.6483011228654
332.66835630509706 -1282.5586788577218
351.1145706628154 -1302.5051087301988
371.3176239727455 -1327.0294729685677
393.6906606397117 -1357.047038140192
406.3090901972333 -1352.278419269899
392.74856013936227 -1263.3596354595384
404.15065497584976 -1257.6578422140863
426.18969121373243 -1284.12279284465
443.2602056620417 -1294.1964263883765
468.2192066641917 -1326.808115181225
530.2897943525498 -1457.5300113567234
559.8341860217255 -1493.5229104909613
583.6436540231957 -1512.283401058959
589.7837266243025 -1485.17983955114
609.0644487797459 -1491.4293470468604
653.6775697845693 -1557.3781283813316
665.572631068707 -1543.6236823695983
674.4290507418847 -1523.3848678240834
685.4382415244705 -1508.5832483014788
694.5343655739853 -1490.0865797116428
704.6305582616279 -1474.2631299615093
713.6057780967589 -1456.5887523480742
723.2023697262835 -1440.667321911026
732.1005284624696 -1423.8082090734597
742.6038063874925 -1410.4522631903596
752.4428490744288 -1396.1467540616052
760.625904715789 -1379.1567108473523
771.0078209624993 -1366.4947639909412
780.2163950076189 -1352.0293550664185
788.7091919881569 -1336.6532124950693
798.5272024126091 -1323.8090145512274
807.6458405121584 -1310.0493106381182
815.5071010012305 -1294.545545053
824.767721751233 -1281.535877436633
832.2051489661316 -1265.961922821638
839.4186394447221 -1250.364885844437
848.6700636077775 -1238.046898601168
858.335208693299 -1226.486718035475
863.7872275883442 -1209.159884157278
871.9303335182166 -1195.8835618448861
881.0914610373973 -1184.1679936930336
888.8982430002417 -1170.7945650672807
894.6917581706784 -1155.0098085563866
903.3634078575782 -1143.1463394263844
912.5169679330355 -1132.0021127340265
920.2693340296157 -1119.2432054047447
926.5752779177175 -1104.908256079076
933.9901455705794 -1092.076649314071
941.2436345239461 -1079.2054579495752
946.5597240235759 -1065.199365779201
953.8139889297985 -1053.3185057340568
960.928950161569 -1041.3954833498103
968.5894565476992 -1030.160407249586
976.1239672668925 -1018.8733976933262
984.9292462131201 -1008.9669865531057
990.1086153237139 -995.4400684429766
997.2567921715553 -984.0121393904138
1003.5595606462124 -971.8421724928289
1008.9972208895131 -958.9518279023399
1017.2068564600766 -948.773529969407
1026.0520402257252 -939.2008362158897
1033.3192805591036 -928.2091706209419
1039.720595209627 -916.5026371467457
1045.993451955633 -904.7578120502408
1052.900115476356 -893.6231570577592
1058.1531904878966 -881.1587969601649
1062.490987248327 -868.0419932330897
1069.7974387297597 -857.423139463384
1078.5705073152 -847.9797525588874
1084.8848044065974 -836.6151810525906
1091.8785399611384 -825.8100592583821
1099.5683002701574 -815.5431031165656
1107.161523489166 -805.2045460037771
1114.657542967743 -794.7952955982529
1120.4164665492042 -783.1704421678565
1126.8804994665168 -772.0727555885481
1133.2350056319137 -760.9227437857515
1139.479572464014 -749.7214842441343
1143.932779905351 -737.3864624862703
1150.7917420003312 -726.6356491005952
1156.6991557352592 -715.2950881428857
1164.205970050143 -704.9435858986204
1169.8998378278395 -693.4943182538661
1178.0763197284916 -683.505804580307
1182.6896814230163 -671.4500111367367
1189.8033421183327 -660.8244903785314
1196.821642404926 -650.1245698104134
1203.7438122081667 -639.3511043007198
1208.7940611180152 -627.5833951004565
1216.3445056923617 -617.2536297762894
1223.01724475161 -606.1796920387391
1229.5892287205852 -595.0347289144697
1236.0597108063444 -583.8196565047602
1242.4279525397792 -572.5353986853668
1248.6932238558934 -561.1828870309356
1255.7707555844581 -550.1643476442642
1260.9119774735364 -538.2768665508266
1265.940672085143 -526.3413481388444
1271.783346436505 -514.7340281414902
1277.5196115923848 -503.06325844454426
1285.016546480043 -492.045196371739
1293.3562860327838 -481.27904315426395
1301.6069594967125 -470.39911031986816
1309.7671602806508 -459.4061230005104
1314.0486039901443 -447.01260200530436
1320.112220406184 -435.20538316323075
1325.1172209503707 -423.019326675232
1329.0542433414403 -410.4824213728423
1332.8726572504854 -397.90888348217356
1339.4547361214027 -386.13081964787995
1349.7867594187724 -375.3354554232372
1354.238157249337 -362.82642330723337
1364.3835968136427 -351.76469513847934
1370.557693324317 -339.58152080101144
1375.6502304049393 -327.0817078144808
1383.5538022876603 -315.18229038979575
1394.286109861456 -303.80132298495334
1401.9890382222954 -291.63459449201645
1407.6242423515598 -278.96055696853915
1413.1448447287262 -266.20602513208485
1418.5498269583877 -253.372035624155
1428.7683676309632 -241.29225362027782
1438.884570676515 -229.04190068426547
1442.962078697757 -215.73465053219454
1446.9164001414297 -202.37077605663887
1457.6882012111062 -189.85549254611897
1467.3590750907883 -177.0348687369414
1473.9354392016883 -163.71719844086803
1480.390694043115 -150.2910276448475
1491.6783461512719 -137.47622202914448
1496.8865108908565 -123.83365258683861
1503.9642748738668 -110.2518022670119
1513.91230279118 -96.73954443507597
1522.7398437415104 -82.99619438312052
1527.446112596145 -68.91569570805132
1535.0199405765147 -54.86148040723182
1547.4621463956469 -40.80325321071496
1551.7757735948226 -26.38083554761142
1561.9544634867311 -11.9270278727874
1572.9976538374474 2.7168036156480793
1578.9028999122718 17.510929404761328
1587.6678588564719 32.47722208110874
1596.2901890225173 47.60916330346233
1601.7698592911543 62.78787993232236
1613.0976429027576 78.36449745622998
1621.2781397710667 93.98507062544046
1629.3067548515032 109.76565307628387
1638.1782747583536 125.78131860393317
1648.884458680852 142.14444034415618
1657.435880388334 158.52855389912688
1665.8241747418579 175.08517597331954
1678.0208603671115 192.2680217114097
1689.0482099511496 209.57133501702313
1696.9239338274813 226.70060168307006
1705.6160121687003 244.13729545839584
1716.1064635180192 262.05840164298854
1728.3838935268686 280.5175869654197
1737.508184782051 298.72112047088655
1746.4420840275084 317.11992548191154
1754.2005411150064 335.52415941600714
1767.6488796307483 355.28360268968294
1780.8795295967727 375.3239947874062
1792.9118802920518 395.42760337085656
1804.7225278779915 415.78912608397025
1817.2800279043586 436.63978309349375
1830.573944171828 458.0044049124383
1841.6900090927115 479.1522831084999
1853.534567564877 500.80895243803764
1865.1336027741024 522.7290347808287
1875.5723956066315 544.4604566342733
1888.4618152886899 567.8872882857538
1901.0727701740711 591.6107863305774
1914.3527024037326 615.9340312075038
1929.23717029487 641.1964915317627
1942.8654026195125 666.475826496445
1955.2416910119932 691.7412303228429
1969.1893847917688 717.98967041554
1985.620124280646 745.6230428653023
1999.8343542755597 772.9156198830863
2014.635075094492 800.9179197639481
2031.8576741693812 830.4091713841995
2047.7756839409242 859.9161286196926
2069.74025087582 892.5756516421993
2085.777564777859 923.3054479798894
2105.966096986096 956.4914000372138
1142.1711212752173 532.0198583933807
1146.042341721699 547.2540095614143
1138.0487160443238 556.896866493129
1110.308480590472 556.5780070474194
2226.746552521935 1143.0698976141737
1064.0250469292664 559.1553447005336
1070.9457338068542 575.9611403913452
1026.825271065796 564.9901438969131
1003.9323826304932 564.9989124820163
991.5360253985822 570.606966603793
976.5393297549092 574.5084311320701
964.9878495532129 580.2365467761108
951.7127915267828 584.7493158989573
940.9815051816404 590.6562510514001
931.9085630329503 597.490945660151
919.4448899916184 602.0150282744615
915.2940351132506 611.913253072773
1029.1505299544265 702.3995918951856
1131.4989725105015 788.258254132286
1110.035213598196 789.2184897555352
1053.8536178457616 764.5891394424848
991.8207687221189 734.1985853510379
979.1507137318955 739.4544474126312
967.263743334384 745.1455232575411
954.8077477726778 749.7587377238536
944.8559180610273 755.8751842103651
934.871865664543 761.873083124018
926.395783053258 769.0298129078877
917.1032568711526 775.4499443783104
903.9819181435983 778.5022104460725
893.1363942757185 783.359037236546
882.2773443685978 788.083553700935
875.1049412283189 796.0404147012767
866.3935611616918 802.5728609774702
858.3631796714218 809.6991118831528
847.3901090684822 813.974817210524
837.1251641304859 818.8177206066727
824.7166727181113 821.4246220687372
808.8195171479578 820.313957384942
740.8390292611589 765.1029556362882
766.2677335187631 805.8397859177828
782.1442795645071 837.5955622760416
774.5276421024674 844.6436713900082
765.5091923024795 850.1362693712141
756.4548889749709 855.5349209388618
748.6768608028034 862.3496727537268
738.2425655756977 866.0496027204284
730.3700718550729 872.6990077560623
720.5331963733134 876.958900361959
697.4952392614349 864.7666686497773
664.1859186814972 838.902297901976
547.9533833727007 705.1213297372375
506.97916308737246 664.7316211789743
490.1533489907465 654.8844894125647
478.87574404357804 652.0421932411349
468.27485517826466 649.8612621227512
457.7531139659767 647.5423435223765
449.02161848944036 647.5519949232829
440.32771658771884 647.456949923812
432.22743440593814 648.0898432677837
424.69927107010193 649.4663418165132
416.1023716173085 649.0761252229597
408.6116776994662 650.2772461401579
401.13348142723464 651.3961391335279
393.52722021674873 652.5184495081181
385.37608310361617 652.7245012803754
379.25702273735163 656.2987968177299
372.12036883444046 658.0747914169939
365.46780542025897 660.6498945745013
358.7996601972945 663.1582042335796
352.5842182065853 666.4835849978986
346.3379593765753 669.7507132470033
339.61041979397976 672.066784454757
334.6404698541409 677.9024678637775
329.156729259775 682.8029346619763
324.03633720750787 688.5647770320104
319.25419534372384 695.1990785058848
312.7409364409717 698.1533546965337
306.200343112334 701.0466103461944
301.19969545270413 707.559003517868
296.48696502976793 714.9625721444705
292.03636889393454 723.2667275931099
285.9933401704639 727.8267715453597
281.6755260440064 737.007393468907
274.77305000780905 739.6085254980544
268.5255100292869 744.0262431282323
261.88865804093183 747.4478783095981
254.8894402645167 749.8635697522859
248.80683817250656 755.0630154355332
243.25735785481447 762.1193199555399
229.3332917302661 742.3848336975647
192.61730344525958 644.846938748628
184.08518251475832 637.972292171461
173.55271716563726 623.2884198863511
166.42198569454152 620.0546126572125
160.36773591098938 620.6151700359758
155.04093623339796 624.0282910989464
149.8963311900558 628.3685939763071
144.01526116969924 629.742490666005
137.4801722191213 628.130720667761
130.37385742641527 623.5155629972332
124.14799348771773 622.7457552749546
118.50694742012122 624.86166742181
113.0143117044308 627.9106348438238
107.85953307118966 632.8746488252353
101.90271566446523 633.8610546012487
96.38518797348436 637.7577091179032
90.6632111410608 640.6162518587797
84.89596703332353 643.4234024198039
79.32687918872783 648.1637495557561
74.2367945849464 657.8243673882508
69.07471509191858 668.4404863074725
63.625996278901546 678.021188900109
57.66685418542834 683.5718937524834
51.6835836889381 690.0672483005324
45.84442130017406 700.5014554129435
40.70819541256429 726.8609515074065
35.21966133369437 756.1802532832631
29.44302603502024 792.4532214698235
0 0
0 0
0 0
-0 0
-1.2161306421993492 122.9939877646916
-2.122023707627967 109.97952998346676
-3.012796699538792 104.95676755715778
-4.11403765070028 107.92161365643408
-4.891388746259114 102.88379034684215
-5.858771895465453 102.83323777785519
-6.89190514412876 103.77139125734189
-7.489300034000905 98.71631265905708
-8.672446016529891 101.63064833056204
-176.13350390511692 1857.66869726604
-193.18168251722892 1851.9516293736756
-210.92963463190904 1853.0336449277033
-229.69450372949785 1861.8851830755998
-247.59026804435425 1862.616455196755
-13.967315011395415 98.00976538780434
-15.941176860619887 104.79446016034645
-16.926040753096657 104.63990225733447
-18.078364180470913 105.46171223983738
-18.712971363488315 103.31904327252197
-384.49094351385554 2014.6383582062128
-404.2079502559734 2014.8550649984393
-424.7241628687727 2019.8280583939368
-441.7052768417011 2006.968223069363
-299.38074222557145 1302.02425906143
-305.9758903333597 1275.8223836156458
-313.31819031793884 1254.4643126115195
-321.54436876272183 1237.9217337606538
-330.0091735644046 1223.267323753618
-338.4972672591878 1209.5270150178796
-349.2636904888564 1204.3798713471197
-358.81336547637244 1195.306223842041
-369.40967409959626 1189.9800387744451
-379.0214605692988 1181.7037413954122
-389.7679929254711 1177.1494857030052
-401.1089039286099 1174.390329996458
-413.09645081793064 1173.4084209351954
-426.12344562154806 1175.1250184944663
-438.1696565697262 1173.8894121941676
-450.5885197366067 1173.464522634397
-465.9753871972863 1180.3507692742608
-479.6510595115097 1182.4173802467071
-496.86734512507223 1192.6386046696468
-516.2829149686092 1207.2369078650288
-541.2386527196388 1233.4787070728987
-690.2540089152105 1533.842691796157
-699.5753239300525 1516.4083771030025
