-453.18036271049596 961.5594411442194
-470.7702106807341 975.3278467959464
-488.83336088236166 988.7623300310621
-506.7401657156178 1001.0486523893373
-527.6825231665267 1018.4106022349767
-548.5289849567774 1034.5805684731795
-568.7738178639114 1048.6874387120836
-591.273655525963 1066.000217767785
-613.1639535028319 1081.2395507586546
-637.4001553966411 1099.619043987661
-661.5277615826695 1116.7743821629429
-687.0709944801022 1135.2807796065797
-714.5994003406936 1155.95358775027
-742.5785793851402 1176.2049368364117
-772.6284458534511 1198.549658820226
-803.1654671235804 1220.428708454599
-836.4139366072078 1245.155302221066
-870.1997622167079 1269.359434454239
-905.6624179726429 1294.67199887537
-942.8411933336918 1321.0524153693145
-984.1290296055455 1351.693032122178
-1029.6551522362604 1386.4844995431154
-1075.9241185849933 1420.5320450616753
-1125.9823070437021 1457.7818232590714
-1178.0751504347136 1495.7790411448566
-1232.8620388021004 1535.2563933365423
-1290.3974342844149 1576.1482993653226
-1354.5792220722171 1622.9944951016398
-1424.2936385696173 1674.094271876623
-1502.297256005481 1732.325591393951
-1580.199053551311 1787.7267551713658
-1668.6477742699033 1852.2050657052253
-1765.890042849851 1923.2663249180418
-1873.500287827741 2002.1390240214018
-1990.3431023886144 2087.1009402455998
-2127.768489976077 2189.3858164026105
-2263.073032651446 2284.984999706954
-2297.3603157684815 2276.157195698958
-2306.586830388947 2242.4866095199477
-2306.7004490716545 2200.562891228658
-2351.4925523940533 2201.209616559791
-2367.382798966386 2175.2525561778066
-2388.5237342632827 2153.511172680788
-2407.9671223521736 2130.239267704685
-2421.8977417498836 2102.2036838771864
-2440.082341918445 2077.9853619931487
-2458.025703367208 2053.6111222882837
-2473.4062350207437 2027.181688098161
-2488.507263291781 2000.6450461148906
-2508.0395443378816 1977.719303651919
-2523.405485728915 1951.5441974480664
-2542.484936577512 1928.2767818123111
-2555.732891932793 1900.6457810683298
-2572.7263660471717 1875.8824711174507
-2591.107223831314 1852.1307606670703
-2608.4498527689975 1827.6253351246237
-2623.0876734648537 1801.2592976350577
-2661.5203048267404 1790.970035202983
-1823.3699407927584 1202.1555885214746
-1823.69980897248 1177.8624736163977
-1828.805310809295 1156.8781850980326
-1837.928310654966 1138.5356932889647
-1038.8633408113726 630.0698049567476
-867.6204778652088 515.088056927111
-843.9034107158715 490.3091202314302
-845.8794006333059 480.85032971210416
-856.4920022296741 476.25775596477587
-866.2141237373663 471.0298205399598
-864.434616291601 459.55825980695056
-863.4037246299329 448.62345936782987
-861.352301719225 437.2964810320261
-865.4358879381381 429.15815717370043
-868.5425388038832 420.5459050901639
-871.5638069133377 411.9132560123918
-872.6833856166405 402.42354363118216
-876.4377646296318 394.1799649031063
-876.4509480422159 384.29511534223394
-877.2755573561687 374.8380936690182
-878.0000025196745 365.3997750073904
-881.4051682971817 357.1077278623593
-881.9410712255324 347.6836879773919
-886.0605372833317 339.84956123139807
-886.4296513782842 330.39139389120515
-881.0575573005428 318.91469192183774
-894.4178987469461 314.1983806468418
-898.301264772253 306.03241283983374
-903.0596888540788 298.13453065147337
-903.9388556393156 288.9559573109447
-909.502131324324 281.26477404131515
-916.9167862983766 274.0667929616012
-919.472330907857 265.36697740086754
-929.6522946729999 258.78873818082945
-943.652927276699 253.07736532949187
-1064.1384187756214 274.6095877527224
-1095.8105825820467 271.7354726589729
-1106.118726309365 263.1926353600113
-1112.4627058923038 253.58968433036407
-1117.746612418222 243.67706175918357
-1126.858387642509 234.5019705668274
-1134.915115534937 224.981511529993
-1139.9439375036102 214.77387957748786
-1146.849790705428 204.84276301328322
-1154.6553905182157 194.96648211225215
-1164.351415404347 185.27488077419883
-1168.0326167017586 174.53024471661894
-1175.5760652928254 164.28607582701238
-1183.029716157315 153.91455645501065
-1189.3990120431772 143.29686022629386
-1195.6728662119317 132.57223315816935
-1204.8345500668663 122.04387311607239
-1213.9033511909859 111.35373351304357
-1221.8803859740851 100.42072680388581
-1236.7401928901945 89.85374388373711
-1227.5558888850364 77.50186877532813
-1236.2236169114503 66.29607070084855
-66.93485431567497 2.95385811090656
-66.95983680463604 2.319537690253992
-64.97944076672933 1.6347102627420749
-65.9918896082023 1.034652569146173
-69.99865358337674 0.4341618527901468
-70.99961982352045 -0.2323465419633515
-69.99449226800205 -0.8780957491083432
-72.98258340640304 -1.5945279324686055
-68.96653814689654 -2.1486311997789223
-66.9452091866427 -2.709052778491213
-69.91340919422338 -3.48069171876542
-70.87627308077658 -4.1897391540743
-69.83657848547756 -4.780408501554299
-67.7951267772572 -5.274541236508066
-69.73558764603303 -6.078471490633729
-65.6945546110042 -6.342357169206733
-63.64385976129029 -6.742337479332756
-65.56522957405753 -7.563112514112936
-64.49975412520865 -8.048709075847434
-68.38655036655022 -9.18039917232852
-72.25753310128373 -10.38503298583521
-72.15782858204881 -11.056571544726708
-72.05188313469456 -11.7271538211246
-72.9251813460342 -12.566539923464518
-72.80516016320473 -13.24419320344231
-71.69669555018363 -13.732583412609518
-69.60517427367269 -14.004274859186872
-67.51497021829681 -14.23828628812097
-68.35615239268458 -15.080995659043262
-67.23847397916639 -15.49153371854981
-67.09149657509239 -16.11617471096557
-1051.6169363751046 -262.978742732258
-1056.8684095484239 -274.76019525867457
-1061.9910347706625 -286.6618950379308
-1069.8719745408862 -299.49116529871986
-1077.605227909385 -312.4915563377078
-1093.8085032299296 -328.2483179879236
-1115.5407688949042 -346.11095465669064
-1153.2221644998317 -369.59388429237214
-1169.6727111769603 -386.8975946267165
-1181.1671897844556 -402.9243970978823
-1214.1617344225942 -426.8258223958784
-1196.9758777565528 -433.33329905389246
-1178.8380615296176 -439.2093176255411
-1149.4902656028762 -440.49191738808224
-1138.8311032099982 -448.5975015105394
-1126.2799715672022 -455.76136919070075
-1107.1789096720893 -460.16938400693647
-1092.6944810470236 -466.22180460525004
-1079.110902936523 -472.4443450434368
-1060.034071674102 -475.99555343513947
-1059.1542127377795 -487.5944561208778
-1057.2452929193212 -498.7919311696399
-1033.610665714919 -499.5527917251212
-1040.5285028079088 -514.9965386721854
-1053.490718633901 -533.7773934443334
-1065.3027659905053 -552.3857499727692
-1089.2243728242424 -577.8228670151741
-1685.8399273061198 -914.6954353775338
-1674.559048902323 -929.0193710248176
-1670.9866994272495 -947.652072406971
-1662.8857315581904 -963.7920127186062
-1659.7915714470714 -982.9206170150575
-1659.9068009783073 -1004.146110915121
-1667.425553338025 -1030.190285372261
-1684.7492802298714 -1062.8658724246113
-1958.8625551332273 -1261.6487189772452
-1936.910099737737 -1273.3826076768712
-1905.7763631641787 -1278.6873947938632
-1776.5237952206776 -1216.2944565419675
-1742.8974741469199 -1217.4499556911103
-1715.9229852313026 -1222.7253611318017
-1565.2410795506455 -1137.6490508443849
-1548.8731858176727 -1148.1183973158052
-1546.806347368165 -1169.235273048823
-2051.384680089433 -1581.1138144657316
-2065.5497477812505 -1623.1553343536814
-2039.3012108835096 -1633.7134299775626
-1912.3467776892323 -1561.6948491499898
-1796.1562404952383 -1495.1226570853685
-1760.6962047599181 -1493.7971329949792
-1750.3833431315716 -1513.5237533938946
-1736.1036654858972 -1529.8823689050187
-1724.647205780803 -1548.778878856652
-1716.6773252392584 -1570.9703883298962
-1706.248185877525 -1591.1021740258086
-1696.4972480646331 -1611.6752425067298
-1685.5072412836112 -1631.8030946105325
-1674.2879649917675 -1651.866765294261
-1663.5448452488015 -1672.5727332006045
-1670.0210286681195 -1711.1138956265524
-1754.7658378056276 -1832.2570383192185
-1739.4331418858048 -1850.9382336829283
-1720.514401949082 -1865.8172988494323
-1702.140824320847 -1881.2457612391709
-1684.2932445863014 -1897.241488646332
-1666.2953538572842 -1913.0679009678743
-1648.1487583154149 -1928.7235858109261
-1628.5702093978393 -1942.674463995931
-1609.5104459636827 -1957.2000726378963
-1590.9494793667943 -1972.3173563355685
-1574.1079130876715 -1989.6113384163186
-847.1994172731575 -1091.8686493218963
-836.8470216249736 -1099.823195971703
-827.0179318122407 -1108.4810961225294
-1490.7349934220008 -2037.9730565900786
-1475.4954597373082 -2057.6533110061546
-1457.1415903651405 -2073.1363644555922
-1438.0594852432926 -2087.632610614664
-1418.8334844911826 -2101.9532685782074
-1398.9135812606662 -2115.262818697586
-1379.4125531022219 -2129.2228648838077
-1359.2368002720712 -2142.1587991524207
-1338.9397453849144 -2154.9035612362286
-1319.0429172676395 -2168.310351957504
-1299.523856261222 -2182.3926656328285
-1279.8563552447717 -2196.299549228103
-1262.023186313215 -2213.5043431644403
-1242.517699376692 -2227.9476579883226
-1224.288220217354 -2244.853526143081
-1203.497540970155 -2257.20129117427
-1183.5070403485315 -2271.130133974154
-1162.9069265126716 -2283.991348553854
-1143.9505189917058 -2300.2474236695944
-1124.35370859244 -2315.4491438972323
-1103.714990337543 -2328.678213086599
-1083.7557988284407 -2342.4419669451213
-1063.1583318005155 -2356.251124460877
-1042.7989577764201 -2370.7952956044965
-1021.8653072953471 -2384.2456445899584
-1002.3110851959361 -2401.2031335339675
-982.1505398963084 -2417.07701924895
-961.4112843202081 -2431.8538900151398
-941.5564620396086 -2449.2544638708846
-920.0580670165422 -2462.7493078504326
-898.7293948268017 -2476.996260569291
-877.8774668975464 -2492.9460790625913
-856.8037415911823 -2508.7224534402667
-834.2527620957399 -2520.525208946665
-812.7757738797909 -2535.9346484864523
-790.7852850345024 -2550.2075666448995
-749.3606501396779 -2500.1117207081443
-694.2226364392014 -2398.5545503605717
-647.8018887495303 -2320.2658711735044
-610.4624778223664 -2269.3249135306687
-558.8606777665982 -2158.836432628989
-464.02187497588454 -1865.1454901813597
-436.11161076843 -1826.6610695345114
-412.987090280887 -1805.3657976325258
-410.18443570030473 -1874.649228178227
-423.0768400645964 -2025.281952568816
-407.5777067611056 -2047.8340784720228
-390.94527620771055 -2066.3423702307605
-371.87949181273217 -2072.906568943498
-353.3933569860501 -2083.238376959807
-329.8498677771774 -2062.7942371277313
-307.17145444000397 -2045.0598273833489
-288.1988109698302 -2050.8492010276073
-300.5484592757496 -2296.416038880362
-282.38821245639707 -2328.942441853315
-261.6410067196921 -2343.4393492477475
-241.05047499417017 -2361.7304394246785
-220.04457278753046 -2378.8445485123134
-198.07453325403048 -2387.798668078236
-171.2682576595192 -2332.721197211161
-137.36122525586907 -2149.615754919052
-117.3152075249913 -2148.7999306783704
-110.89014161435985 -2463.505505675347
-88.43530554526673 -2495.4334687050095
-64.47494355136163 -2492.166122403169
-40.37315844541836 -2475.670819813721
-16.4846705143672 -2442.9443824283094
6.796957654532372 -2417.9904469138505
29.711361073449407 -2401.8162367306877
52.887292908942754 -2411.4201073742342
78.39029791512093 -2488.765750566489
101.27309632242601 -2465.9212801631097
123.22058532165694 -2432.8815604860397
144.4857207123422 -2398.6523042138133
165.59558835632077 -2371.2248103283932
186.51127763729568 -2347.602722633049
206.28088415604407 -2315.830994876742
229.38998102649143 -2323.705066613374
253.31485240005497 -2337.3131124334923
278.8103765547968 -2361.5987749669443
303.5257002207429 -2375.6887736623894
169.1713489902709 -1230.4247456390058
178.59401539683034 -1212.922164718098
188.78360590519782 -1202.2685848600681
198.9505330685787 -1192.5182117652244
210.34025917004956 -1190.5620417988625
224.2781370073173 -1202.2596713108724
494.6522487725229 -2517.8711549212135
524.5591212275502 -2541.429268804658
554.7495252890404 -2563.6657278575894
585.6332430073138 -2586.530050992011
617.0041647986513 -2609.035618887009
649.3370915646695 -2633.11703908473
680.9425813960586 -2651.973076945102
712.9672847321559 -2670.463190328909
738.193455088031 -2662.5625669390747
720.2200455339189 -2504.499767620496
729.5639514456356 -2448.624397646775
747.3369311897465 -2423.38265886341
765.909777867697 -2401.8374658095945
497.51863928506384 -1510.1573439757656
508.282347799741 -1496.0110477249768
522.9418097423547 -1492.0096727646878
546.0663688065575 -1511.3770280305378
873.0762118255426 -2345.793453896647
898.760648406961 -2345.7138139327863
914.2552074792405 -2319.307313746303
924.8188168733986 -2281.6998391455627
945.8968819361833 -2270.876282130624
986.1265771961691 -2304.9085391284766
1013.4214649268995 -2307.2444461793416
1048.658865848648 -2326.58947454789
655.9032152875135 -1418.7177211043436
666.0569389205034 -1405.1310095915785
655.9094990877319 -1350.1050807276004
654.1271486518882 -1314.2076218758398
663.5258776071678 -1301.6352829213097
674.5946166430612 -1292.5502323686308
685.0790688116392 -1282.490806780375
693.5143364196438 -1268.839574249015
703.7031025534593 -1258.6365414434129
714.752823747104 -1250.0913570397731
726.2081082269241 -1242.3134803846701
736.0412267238745 -1231.8556378743467
746.2618497978378 -1222.1772586398051
755.8353641554877 -1211.5679519911137
764.7367844444431 -1200.04443689289
773.4869148583807 -1188.4620282292842
783.7459270441627 -1179.3211275312954
794.4623015644978 -1170.9204291465926
804.5203069921184 -1161.6006523919084
814.4727186474721 -1152.195812602613
823.7337933813851 -1141.89607129612
832.2795783670362 -1130.719551185522
842.4884235666339 -1121.8833522947957
848.3474440037118 -1107.398579668752
857.7008649134387 -1097.6330107675967
868.8148660214976 -1090.1361055299687
878.6024536401518 -1080.9748972374452
888.2942865179978 -1071.7262992665064
897.2440900710579 -1061.6275443075876
906.3963036696573 -1052.5049836908054
915.5732616468191 -1043.201611653953
923.9888322496543 -1033.073394235821
933.6423083355606 -1024.3573790849782
943.2135700120166 -1015.5511613627285
952.7017744555782 -1006.6555165244924
961.4119259213097 -996.9514073896873
972.1265613197987 -989.3123615807817
982.0748197028408 -980.8532247516102
992.66400802999 -972.9944332635393
1001.0300072809309 -962.9433651690734
1011.4763202257235 -954.8804394386921
1021.8593316935533 -946.7061350972668
1031.4379576722192 -937.7482281897211
1040.1921902204629 -928.0281285631143
1048.8548258199926 -918.2263088989081
1055.9079924743123 -907.0404133382747
994.7911364697361 -838.4459402974355
880.0818605173012 -727.7499012630684
865.1274971898514 -701.8193596688707
858.3730975790583 -683.0846399623787
848.9795989123389 -662.6934741120092
845.6325508949903 -647.4029571038672
840.4747536163901 -631.0334290142388
837.5010582244431 -616.5970949274233
838.3853052414745 -605.1992068361951
836.6809955594921 -592.1063347656205
836.4487549848287 -580.2391578343621
834.4140359880699 -567.3043420828893
837.204137833012 -557.7860087840882
839.8892997717713 -548.2654139455484
844.1546658682828 -539.8211741797536
844.9456343080182 -529.2219525528216
849.0221155540086 -520.7470089210266
847.8702182817524 -509.15330986929035
862.9558069537796 -507.255631062634
879.8131532577206 -506.11640494525244
888.00952097621 -499.80005067586995
888.2803679407976 -489.033728827533
875.2201904419376 -471.1959446374497
853.0056452895177 -449.08503549351707
838.5091578443698 -431.45265349876547
853.2422752876471 -428.9552653388918
859.9228090653376 -422.25201296048203
867.4541557648399 -415.893360906746
874.0358343843881 -409.00655277389694
877.8353889145443 -400.78676371513427
885.2117682113009 -394.1587566199971
896.209966280482 -389.0201747204602
904.4260167060745 -382.5409524550063
921.8451706000607 -379.750551601107
928.1525451942067 -372.2000172615739
934.3991447069943 -364.5644502290883
957.4134612783395 -363.22921711094443
994.5571933547811 -366.682409103928
1014.9006734319768 -363.40146266535595
1020.1552530111641 -354.5183489662106
1031.9657096735064 -347.80421799923045
1047.5415684287234 -342.1412901330244
1070.7285619428114 -338.6286264329684
1065.2528714384807 -325.93299908427764
1068.2644609546335 -315.92252446020115
1075.02823641291 -306.9825579979236
1094.2512343713283 -301.3954811818261
1098.9643866512185 -291.6269481243301
1100.6836589576803 -281.0542348080399
1080.935170492957 -265.2322702677073
1082.4030817266305 -254.84812863486638
1089.62432859251 -245.78002876418168
1113.3880047746063 -240.18357734037795
1138.1201544308237 -234.36406311198462
1161.8578455683712 -227.9086367192403
1190.4880127287745 -221.9443433590806
1192.518279120107 -210.76326521578272
1168.7990000529567 -195.2790246678032
1151.81120602518 -181.34758248959483
1131.6987850899152 -167.31365702180378
1111.4263232454948 -153.67344597229845
1093.9748941114447 -140.81168649602031
1076.3816095876764 -128.29119432542223
1056.6502890071235 -116.0136489434003
1040.776566639333 -104.40372758882779
1024.7795110588406 -93.10184592156948
1009.6602078061446 -82.19041776784418
994.4277832319799 -71.57083160289778
979.086382051911 -61.24423630431916
964.6387512972293 -51.26479782191981
951.0904191772956 -41.60546297249809
935.4481657959282 -32.13610289120035
922.7124249807126 -23.038680218553242
909.8894679271119 -14.1829529829773
899.982649874398 -5.588374097774496
886.9955500489039 2.809660734421063
877.9309173043686 11.013829538816186
866.7916889185985 19.004421107824736
855.5807683668407 26.78710138866014
843.3019021942107 34.320573358057665
833.954281547329 41.776264659234165
822.5453094341593 48.940922834199604
815.0668013459291 56.17036001055928
805.5317621996459 63.10768643781214
792.950570787326 69.60885208113888
786.2911693181055 76.46042801584497
774.6017525356012 82.66271813081802
765.8460636989726 88.99891413264177
757.0403549836382 95.178258684676
747.1958213827779 101.0663371658229
739.2875640129407 107.064922807669
730.3448308960038 112.77157435935493
721.3607755496524 118.32003844828674
713.3228297487107 123.88115498045676
708.1954403567793 129.84305240507655
700.0736980943486 135.1510904007171
691.9152843818946 140.31834961515904
687.6346970507182 146.17634354425135
682.3291963367174 151.74935857027333
674.0577702820194 156.5570896587961
664.7848685131395 160.9878212659821
659.3674577902264 166.23644488274567
653.9104096184969 171.39771349866214
647.4684605088834 176.1408318541063
637.0988544033623 179.85841575506896
629.5972417368725 184.2371113465526
623.0275912106533 188.77929068160793
619.291658465949 194.11038548850058
612.6568827070245 198.46295390251385
605.0474766752542 202.38960192882377
596.4741075073312 205.86315618228727
592.6007463509258 210.8680995891171
588.6863365461946 215.8179722910501
583.7960048650364 220.35930818466107
579.8050002553631 225.18916865355308
570.2031134781164 227.73758886021068
563.3812692662245 231.2629357246374
560.2301668593343 236.23327483816172
556.1178956574496 240.7672862527839
550.1425396301281 244.43237528877563
545.0581161868971 248.4203091109723
537.2300393262021 251.06350759432837
527.597830648483 252.71630160125142
522.4721648374748 256.4114602938849
519.1111912686673 260.93020350205734
514.8224666995908 264.9506138535043
506.96539758267187 267.0488450711657
501.75640285004283 270.4450262049305
498.2803876340277 274.7319699257498
491.2840305482588 277.0126374883599
487.7552595071185 281.1828707854436
484.19170304085304 285.31104904366816
479.73716828510646 288.88102977832835
477.81387681226875 293.96411196884225
473.29713872306013 297.44044526016353
469.5992691411754 301.39762179233253
465.0326495187817 304.7632439805397
459.6135573121793 307.51321587021926
456.6618850056437 311.879660739671
452.8483542891622 315.64595358977346
448.18969832479365 318.7883221128567
445.13108588320034 323.0453782062869
438.0135667972128 324.2978805073873
433.39158604689044 327.1402346758356
428.03354282582114 329.22224441245754
424.24772891492256 332.467839813914
422.001266163413 336.9197699103991
416.60569259932373 338.834320714177
411.2102398812522 340.67893773581454
408.1084749365868 344.38854900378635
401.93973853861934 345.4626558450368
395.0328189688738 345.79484081967587
395.6176337348984 352.68496973644875
388.7058311098542 352.8920186986347
385.49439729375996 356.3973479911443
382.2513537894003 359.87345348909906
376.0895229647407 360.5518973964133
372.80924489768387 363.9426698242716
366.66155739434106 364.4836105082866
363.34606353187536 367.7888499069682
360.00077609554376 371.063931433124
356.6259693915197 374.30858653730996
353.9051346922293 378.2527668616253
349.78890748497076 380.7055557783083
345.6573343514609 383.11487469040185
342.837120262098 386.97765952363676
339.318915731928 390.0662423569986
335.12342380127376 392.36244827928147
331.55677534522624 395.38096150760117
327.96293996665923 398.36705437124874
324.342212352128 401.32048201721165
320.6948893932916 404.2410022709528
317.63565246908524 407.9173841362225
312.1072308657896 408.3932864792083
308.99635700539363 412.0027322207892
305.25293361548984 414.78385518139123
301.48448015993165 417.5309667829391
297.11326427338884 419.4278343086107
293.8737210983303 422.9222576878886
290.0320395577031 425.5659949173558
286.16657603108143 428.1748366761494
282.27764747792827 430.74856904501314
278.3655727817865 433.28698098358313
274.33620113018407 435.8493418022553
270.8142090351371 439.2216572354705
266.73631343029876 441.71001697676434
263.1445391250432 445.02129334299116
259.51427230429357 448.30385060846055
255.35277852482963 450.68720694030054
252.13916412452275 454.7810923011059
246.01095877110288 453.57977045335997
242.7384134644817 457.6047012747425
238.49153186772634 459.83234904406766
233.77203854750434 461.1286523231279
229.49291666806334 463.2731388707803
226.0652817913919 467.17821906482175
222.15771000322442 470.15524232547193
218.2143557305389 473.0998784116371
214.64589725179175 476.9236194538631
211.82917770443336 482.55300172422886
206.95919222569668 483.5740819701643
203.2432818056779 487.3152659222342
198.72303404464634 489.1759966924893
196.02463370103854 495.644371482592
192.5050384776165 500.23775363394094
188.566606340423 503.8716453356509
183.89370951851797 505.5957907256734
179.53814580484928 508.21949411741053
174.5010324002451 508.9139315161736
170.09763719501126 511.45654147803634
165.35531132677033 513.009377122901
160.59881262811282 514.518242030776
156.11765555460818 516.9403037335478
152.4460875564554 522.2032079456517
149.23302272855403 529.3670795651151
144.85059726670443 532.6558968710278
140.9269539021081 537.8434657629235
136.43058800924996 541.064408971289
131.41559697480656 542.3042880816591
126.61584632675545 544.4716957372159
121.78720859661263 546.5966299038489
116.93005959928713 548.6787413068846
112.44351501129934 552.6775334061479
108.0753891504844 557.6232691163195
103.50320980020685 562.5576286577708
98.84705490157089 567.455072880035
93.94496288608512 571.3277027664002
88.82535104692276 574.1698851484558
83.8037326038952 577.9558239187965
78.4500206123915 579.7159599889548
73.19513282273044 582.4186402675165
68.01126956387058 586.0669477221102
62.870572874462795 590.6634329856868
57.74513495399304 596.2101134576175
52.34614543640723 599.7198354714895
46.80822926720281 602.1835182673709
41.36432487215809 606.5912896076488
35.840962532655226 610.9496095462644
30.287682589576256 616.2561612538677
24.63690315210829 621.511884844589
18.889093070135623 626.7154076317158
13.024098057588128 630.8655743260891
7.070884253490285 633.9605686443549
1.0617694415344763 637.9991164928467
-5.054648492455853 645.9802245646671
-11.235862775822998 648.9027318386654
-17.499788065235993 652.7654689225463
-23.910586225127332 658.5660816245935
-30.433020811739674 664.3032675249101
-37.01121961326046 668.9769574676985
-43.680828011598145 673.5851729842494
-50.44119149269872 678.1266004226621
-57.37527627470396 683.5964289494214
-64.41766043851665 688.9951850511206
-71.46508203685777 693.326576765571
-78.7124223638802 698.5795263000556
-86.06582390736104 703.7568287094251
-93.52449852274815 708.8569447893336
-101.22784317974084 714.8684660587413
-109.0536030421745 720.7969975405834
-117.15985945386207 727.628041881806
-125.23712605417701 733.3837073849475
-133.61173790877416 740.0350690967267
-141.77509069787794 745.6412164423373
-150.3285592803203 752.1238756113937
-158.8107472953317 757.5322742586604
-168.05050436480195 765.7774010655679
-176.5646643463574 770.0161811963811
-186.33612183191048 779.0249352239268
-195.80834841779742 785.9765204444052
-204.92548144302467 790.8821322139884
-214.93135326163235 798.5821894990668
-224.56154695996125 804.2369747947113
-234.5944528820516 810.7412920759438
-245.91666569051026 820.9591911512179
-256.56303883178396 828.1693106517534
-267.36599024756543 835.2511162871551
-279.26538581973386 845.0507939070617
-291.371710755909 854.6996701597438
-303.6831730955656 864.1947294323246
-316.5383063217604 874.4732703924983
-329.6124822668452 884.5855591936196
-343.26163963173985 895.4621414428025
-356.77660504580757 905.2289512007378
-370.5044639710384 914.8198960328385
-384.44309590806756 924.2318464587878
-399.7684399564093 936.2206974932881
-414.54922192468706 946.1701446365958
-430.3709672742491 957.7477906669517
-445.60884852264564 967.2940370530162
