-155.5033574126773 325.79089280301423
-163.34755258759785 334.2178586844844
-168.72597133444137 337.135798451083
-174.17364973205395 339.9816755929881
-178.76107475841377 340.98310537505637
-182.43742089535849 340.165529495641
-185.15235239706354 337.55533828075306
-190.28010162323085 339.28525303386374
-192.96996405854722 336.6104469134061
-194.61537562964017 332.1894874443411
-197.22195883137937 329.48368541509564
-200.31653994917335 327.6114830447664
-202.86367978258914 324.8620128994265
-207.5273873557903 325.46640916887225
-213.3114413615004 327.6877003860218
-218.60208482658635 328.9956360036861
-221.69112075164676 326.92208089983575
-226.4675310175099 327.28650658839143
-233.57725795414203 330.85746865776537
-238.436374416837 331.0771743188496
-243.91221582690756 332.04040562920665
-248.82756047531672 332.12925969854354
-252.551866370075 330.5655075669447
-258.7269492352919 332.1164942296584
-265.57533771634485 334.36318576788534
-274.3765825076374 338.84139500868196
-0 0
-291.65568892907544 346.62077132697397
-299.46456078596896 349.1718442733702
-306.6888280069441 350.85319262581476
-313.30579162658586 351.6823580068218
-1107.7789787142256 1220.1351295323263
-1117.8637272586386 1208.179079143247
-1131.2517650788768 1199.7793313797022
-1145.2734065871152 1191.9554623241359
-1162.0462045169288 1186.8317566394153
-1178.1172856814792 1180.7894228771293
-1201.3066127292868 1181.561433956308
-1263.467714903064 1219.5020842120891
-1261.103421025604 1194.4819636468014
-1259.8460595984145 1170.9773294621668
-1372.5965528682352 1252.2550471266777
-1373.214560039886 1229.1992401943887
-1404.3265582040428 1233.2996059039292
-1415.9401400390398 1219.9485726153478
-1405.2783882597953 1187.7679282965807
-1399.5249017928172 1160.3680662883676
-1380.9668885468818 1123.0896904242081
-1370.4304816831896 1093.1282152033132
-1353.1513689008868 1058.539263722256
-1215.5346923148595 932.4695232440682
-1142.7945470322882 859.6049227832908
-1110.6411946616959 819.0702880219994
-927.9031347550521 670.8358759873743
-918.7106045387346 651.0351949841673
-914.1557699774565 634.8922965487325
-909.378572770169 618.8946690564483
-910.205344650238 606.9285217965469
-910.0502834891536 594.4556177893445
-908.0564525219453 580.9625452929475
-910.1264684619232 570.2155832709485
-911.2222815230946 558.9588121282695
-913.901545304483 548.7622121557552
-917.3317982238593 539.0717688465802
-922.394458981134 530.3625760184264
-929.9892142632182 523.0765348914842
-938.4046487430379 516.1760506043025
-946.7724692958765 509.1629320594621
-958.6319494312328 503.8985865525665
-970.4759804607667 498.4549842751236
-977.8331551090337 490.58976830903475
-994.1083531746722 487.0293442374303
-1006.7941579477853 481.4784766967366
-1027.6189442277257 479.53655279268776
-1046.6754406729945 476.41423351112496
-1346.3720575125087 597.5042114910437
-1355.640044128093 586.3182333480534
-1352.8364195985089 569.9628249350015
-1354.471287485664 555.6109532549979
-1350.383574121341 539.054916259255
-1332.1215307921993 517.197474084945
-1263.8890396256384 477.26878749210226
-1191.3491414067905 437.0906350738976
-1166.2136849404417 415.4390942817444
-1131.3271516814107 391.03436660788105
-1020.2337958347025 341.9049602399981
-1007.2420508302906 327.0236245887906
-1001.6938040644469 314.81664965325064
-1000.789579478478 304.1976620674316
-1021.8424676793377 300.1049337265244
-1043.8675890372695 295.9146102468047
-1692.9044381411059 462.7089401796192
-1646.903486274421 433.4949906252178
-1660.6105089445282 420.40663360964595
-1689.7632450699107 410.8785411904646
-1688.6916682042274 393.797472995477
-1645.4820266850907 367.4029121500347
-1448.3863590923613 309.09214612340685
-1417.9187629422252 288.64403977284826
-1399.9599418673902 271.27137918817243
-1388.685849123983 255.53006172034355
-1385.1218193190107 241.3991417681391
-1387.335657143354 228.33259604931214
-1387.449810303031 214.9395819528905
-1388.4245321108015 201.7084991588161
-1392.2459536314245 188.88145646654908
-1396.940892588625 176.1253605069284
-1413.4381581263062 164.68628708096813
-1421.8879519743944 152.10079562600177
-1428.2348801469286 139.17660411034734
-1432.4717447053672 125.97103087917183
-1437.5832299485312 112.77613653051039
-1441.5752578497647 99.42723950399333
-1440.4519267736914 85.71608165309657
-1444.1921251444949 72.28489240932537
-1449.8051918232813 58.87194376150819
-1467.287447512411 45.73342729900734
-1481.6500317000427 32.205334391399866
-1508.885726725711 18.57050573955426
-1656.993123741139 4.773664691044155
-1661.9644027257827 -10.877686901738645
-1662.7919805357149 -26.302651313412724
-1663.4754379227745 -41.77879160092618
-1662.015954461145 -57.201111148383525
-1662.411669608647 -72.68728051723524
-1659.6672178862668 -88.02684745950448
-1658.7775283259618 -103.44617692700321
-1656.7471472293144 -118.78505860388672
-1656.5684825498658 -134.25670419921212
-1656.2452553244423 -149.7352804627988
-1654.7822628936203 -165.12014538713822
-1653.1763635403197 -180.49075054307983
-1651.4276959499375 -195.84576852584954
-1649.536411137329 -211.18387327677502
-1649.4840346375345 -226.77614397436366
-1647.3054006988964 -242.0948508916463
-1645.9724842212715 -257.54724068887964
-1643.5080490202297 -272.8319864050376
-1642.8715505019475 -288.43902050750097
-1644.0533167174335 -304.4218976854431
-1645.0795668493176 -320.45158563324657
-1645.949533537903 -336.5265710851949
-1642.7511518812996 -351.8076931970973
-1640.3867421312316 -367.2769203749191
-1641.7716771162488 -383.64275077068726
-1640.0788510458774 -399.3561848175566
-1640.1743339228215 -415.56245540331065
-1639.1428664591338 -431.55030220836903
-1637.955646739618 -447.5548003471746
-1636.6122768320513 -463.5744334220872
-1637.0315195368687 -480.1705988946122
-1632.4986525970342 -495.36264420005296
-1629.7331557877503 -511.11039993928904
-1636.3293345176983 -529.9304756256865
-529.2351272740715 -176.84507360737354
-525.6779425213431 -181.10411576363342
-526.7994487977683 -186.98486769353175
-520.3428339575619 -190.1560810203377
-510.1291126084391 -191.8157669987703
-505.5264426251153 -195.4661500280701
-491.6070841000664 -195.35474108050258
-487.9229370436087 -199.14870701749138
-502.6496219273879 -210.63797752602446
-506.179403130665 -217.6773112804449
-506.87639978043813 -223.58961368011137
-506.595810133743 -229.1215510486446
-507.1632668621609 -235.08811272733578
-504.0500469444617 -239.369066872238
-1615.1139448724962 -785.5080808485702
-1612.2092294469146 -802.7343274621968
-1613.578319432804 -822.2444934789211
-1616.4965759964407 -842.773884141994
-1613.8772556879 -860.605138012371
-1611.0655908098618 -878.4603930220594
-1612.4282671905826 -898.7719861927023
-1609.2070748694762 -916.7096542472013
-1610.112501407793 -937.180202954768
-1609.9159211503566 -957.2354604937069
-1606.9205253983814 -975.8106502049413
-1607.1178167947603 -996.5206083874247
-1605.378127673844 -1016.2485262899147
-1605.0896200212212 -1037.1153801290054
-1604.5509590270597 -1058.0643741688607
-1602.9309212186324 -1078.5344045514667
-1602.7170122486311 -1100.1973362305607
-1597.3230232058418 -1118.5075589983958
-1597.4229765896198 -1140.8807272732586
-1594.0106373405206 -1160.997023271493
-1595.1784413501439 -1184.725597027314
-1593.6499264223667 -1206.7646464882807
-1592.6400979174152 -1229.4883157255324
-1579.5567101157087 -1243.020755871936
-1355.7434518522366 -1087.4758354831533
-1352.5315380959514 -1105.7429350693587
-1344.486766703736 -1120.2032557346608
-1337.0520782137903 -1135.2566846947805
-1319.622386220201 -1141.7625662923544
-1290.9363758463385 -1138.1231363594718
-1286.2394468954635 -1155.4345871792364
-1250.3494808795087 -1144.3999194618739
-1202.3454854619165 -1121.2053039427474
-1165.0731101025067 -1106.821416542015
-1156.6971635462223 -1119.8891337289258
-1161.7027432560149 -1146.2420059967485
-1093.6815569143134 -1099.7552691692292
-1104.1724122004498 -1131.5318308096507
-1067.8209346504539 -1115.210496508274
-999.6977295341179 -1064.0509619206825
-994.3233528870632 -1078.614884888684
-969.3091266354128 -1071.664507680129
-900.0456787288266 -1014.2257027908364
-849.6913046900988 -975.9409237930531
-832.6196639405014 -974.8171598918469
-822.7108185327099 -981.8899679033483
-814.0126502811388 -990.4076964474158
-769.4529711207853 -954.4726948600446
-752.9392507971704 -952.3016773108171
-746.9531826335485 -963.3389553805104
-896.9796978110119 -1179.7251466824234
-889.9539992737087 -1193.7767291988614
-894.5436250155021 -1223.947589949882
-893.9811148041579 -1247.8071831711482
-1143.0299288150063 -1627.7602961840423
-1123.032321663144 -1631.918933188744
-1098.027143577602 -1628.3833676277868
-1085.3168785552934 -1642.8780457243301
-1072.4303303147922 -1657.2776431910575
-904.1297766947825 -1426.6290151591068
-873.1819780172077 -1407.0853681514695
-860.8593966235984 -1416.998623586083
-947.580831959534 -1593.5515576544356
-979.2245129406849 -1682.833430038778
-962.2585758768604 -1690.2909315119205
-946.6987471851434 -1700.1992477583563
-957.3380078949089 -1758.268448968987
-949.1057013800728 -1783.1428343259101
-926.6431746080153 -1781.402937842076
-902.9400002263649 -1776.7240517286898
-882.52126122922 -1778.027340475502
-860.4147233140931 -1775.504295659217
-838.0079831233536 -1771.8190145219485
-818.1905414683235 -1772.2494852169577
-798.0160318277946 -1772.6551872673435
-778.7117207371464 -1774.6695624782076
-767.6962835361961 -1795.7871299919466
-759.4236843683042 -1824.2400246734173
-698.4802991604377 -1723.8692733745054
-593.6814669763679 -1506.2215360858402
-556.7875088999647 -1452.970636294131
-538.408896883958 -1446.0168946994359
-522.9333736417583 -1446.3694848591244
-506.8378890830563 -1444.6717115628144
-491.78838189615357 -1445.639369771024
-474.26206910639655 -1438.853880631011
-458.42961883112207 -1436.6301836514338
-444.4520949427618 -1439.9692133170731
-430.16672498652645 -1442.2141272066247
-415.32550592363697 -1442.3958278258
-397.3092537508824 -1430.8635004373818
-388.85172264449847 -1453.8979805324739
-374.75888427262504 -1456.5616288570618
-360.8905275397829 -1460.0595971165208
-346.9895334034996 -1463.4255237996986
-334.82873964355724 -1474.4604827219707
-324.6109284897722 -1495.1681327212027
-468.4066141477547 -2260.9901025485797
-448.43249988690405 -2273.190993525441
-427.34754592636875 -2280.3013123249107
-399.6985512057152 -2250.7858779022167
-376.6215096155603 -2244.6229613222117
-362.1267925094992 -2291.563698906662
-343.9856426135923 -2319.6333498369336
-321.6366046602109 -2320.8185828587834
-297.2505625302546 -2305.9200122891184
-274.36129975313537 -2300.6987801965233
-255.52101979346162 -2331.037110052886
-239.71048530757622 -2397.0439885896144
-227.7092749792048 -2518.7277514825705
-204.8746231703621 -2534.7337905154463
-172.6575741480873 -2422.855827755605
-146.65276278033045 -2376.4793218475297
-123.35584886461973 -2353.7698134165307
-100.43996438562854 -2344.8498488291766
-77.93852511056278 -2342.7039049576006
-55.58206257738262 -2344.341194092627
-33.24388819581668 -2348.764748521576
-11.231168094510085 -2440.9741622686697
12.11429763433589 -2446.9700128511645
35.64578583956469 -2457.741519759936
36.053794610757926 -1498.5663561865272
49.79468709818424 -1481.1632216392607
63.81048577079844 -1477.6228280267244
124.28414886809797 -2355.723763589469
145.78391278221216 -2338.4601879813795
76.3434021458692 -1061.2575959439791
85.42006965971026 -1047.5229886257057
95.69408502165504 -1049.6469130578473
106.11674207474758 -1052.6648265480526
289.42819599410615 -2620.0624647827763
314.9179735345429 -2621.149875521218
201.6461242814746 -1552.9632450776999
215.7790786046922 -1546.0143560900428
229.79774701604006 -1538.9376190951834
243.8581060126524 -1532.7221614278048
256.8214474736636 -1520.462674358543
266.9335712935602 -1493.3303279972806
278.9608406685412 -1478.920501370341
293.4636641022666 -1478.1502216796748
307.77309472688466 -1476.2586907999005
321.85971184584696 -1473.2516166257917
337.03074698263896 -1474.9845001179926
353.1923814767418 -1480.4523435986678
368.76501299036903 -1482.8338966972035
383.1622482729541 -1480.212042748746
398.06268332814494 -1479.3816614185796
414.5964047271271 -1484.1801848789587
431.2578899542423 -1488.7970420282998
446.0334208370697 -1486.5255421607735
461.3979087376545 -1486.0174863750826
478.6270972752829 -1491.0640837180126
494.7356398281156 -1492.1195148793763
509.5197131278026 -1490.306901927976
525.0614214145177 -1489.1445543472823
542.3348935860507 -1492.520305791183
558.6690299574676 -1492.8914612142378
574.7001326972783 -1492.1530610087327
592.2411728247718 -1494.963007305244
609.5108500616647 -1496.6470938925806
626.8664569016096 -1498.1369914702802
644.3058528695161 -1499.4312148138324
661.8268769832328 -1500.5283019332294
679.0150741264883 -1500.5157543688101
696.2631503528124 -1500.3111762100477
715.2874080720571 -1503.5254982385761
733.1215392771311 -1503.8157495677222
752.8132487221594 -1507.48041862851
772.6413627374121 -1510.9051342117
793.066866477762 -1514.9735790749435
815.0567015449756 -1521.433065654426
834.8384956981077 -1523.2247654566677
857.6622471702016 -1530.0102842069266
880.1937478593245 -1535.6298272140184
905.437867185739 -1545.2712605449374
936.0831736920683 -1563.1481989659794
1081.9775058578855 -1768.2346215413695
1021.4286575376334 -1634.0172880238654
1002.0106784530639 -1569.4007137331214
889.6993318369329 -1364.579092221816
886.6226466230798 -1331.878478876765
888.624560961219 -1307.6342721328776
887.3955017767166 -1279.366336678611
890.3308496312417 -1257.7726257932757
895.2776190095955 -1239.483354023163
901.7366182896764 -1223.6302837195142
908.575850818025 -1208.5668882235282
915.8185500484554 -1194.2786037550638
925.3358563949604 -1183.113499572127
935.3471616763118 -1172.6575319094945
942.7192473454802 -1159.0152806086603
950.5547888353524 -1146.109328738833
958.8757931631454 -1133.9233718756082
969.3482324071429 -1124.9840018103137
979.9167988586963 -1115.7903330440379
991.0651083450505 -1107.2424987422644
1006.1828928057427 -1103.016312764715
1021.9895845992668 -1099.3353851171253
1037.128127330018 -1094.7279330961321
1067.5507473138362 -1105.7596492500845
1094.7653607226493 -1112.7487609347438
1118.6652389912624 -1115.7903401054439
1142.7187120414667 -1118.478853242336
1117.878809296997 -1073.7071144985155
1139.6005136711476 -1074.0887622726793
1165.832759120655 -1078.2290933568434
1168.546320262174 -1060.463812396129
1202.3959752857413 -1070.674515722052
1308.0817115946531 -1142.8434870058113
1329.4330626184574 -1139.5651504047096
1362.318221592626 -1145.6391504818193
1393.1201329523828 -1149.2833833144614
1397.680234081166 -1131.0587797540927
1427.8683454767995 -1133.3671020394704
1483.4732342735992 -1154.8624001125968
1487.1471955879117 -1135.3564280238209
1481.7799773604286 -1109.2921611071301
1478.4732332270191 -1085.206385270214
1472.4100879208927 -1059.5303360398837
1468.4470458653666 -1035.795478600519
1465.813616284665 -1013.3678711674617
1465.3725193721914 -992.7655208904046
1464.674059074701 -972.2622592046035
1462.8817434627297 -951.3159331386416
1462.512425070464 -931.5650307490673
1459.3560984079345 -910.3185036236335
1457.6369697186842 -890.2575270725498
1454.8118475251556 -869.7973834752801
1455.1838194336858 -851.4904882958999
1451.8692658201664 -831.266885522821
1450.9210843765886 -812.6481445936271
1447.9975274758808 -793.1608666744318
1446.5994415632026 -774.7458006785389
1443.9760235441372 -756.1965640160373
1441.226680959496 -737.5816253747614
1441.8336081077762 -720.874362514656
1437.7613510550318 -702.0272768293335
1437.0738862283358 -685.0420757300884
1436.1947961779154 -668.1321032785929
1436.036049568463 -651.7127161102524
1438.4394676944487 -636.5696330951636
1436.0943227640103 -619.4587122036291
1433.5553415987326 -602.4484065658576
1432.6752126895378 -586.2983327155101
1430.6896988741366 -569.8482127158356
1429.4546421256116 -553.8487393734321
1429.917421245794 -538.628042732439
1425.5253754465 -521.7292439169146
1420.94282722197 -504.9608715201952
1421.8440932931144 -490.2809137295492
1417.8532890355384 -474.0433005233866
1416.537625761773 -458.848727579362
1416.0162900704458 -444.020119200843
1416.298731242338 -429.5321919034055
1413.5553332001132 -414.2346194869728
1408.7256012648668 -398.482346335367
1408.5492055307163 -384.1733145323707
1409.1958132867737 -370.1569394392439
1409.7036350528208 -356.16240862682787
1405.2141689791154 -341.01193424913157
1402.513068007487 -326.43084117194906
1401.6146416819838 -312.36580514307917
1402.532182026402 -298.7632480414195
1402.3380476789264 -284.9719284983293
1399.0634326506033 -270.64092709697627
1395.643833486866 -256.3967434467233
1394.050983768116 -242.58370649148716
1393.308884559175 -228.98548471129573
1395.399312908883 -215.8813505919796
1393.4079537420912 -202.18376405705385
1392.2736744661659 -188.6770134077821
1390.0166965149806 -175.08450362490817
1387.6275561499028 -161.5511232193944
1387.0771580493563 -148.46534146972064
1384.429098816961 -135.0446975962296
1385.6362303435471 -122.0378513385275
1386.7211639997774 -109.02024268502846
1385.6885721810531 -95.85499948794725
1384.531185637653 -82.7187765673272
1383.2494584598876 -69.61275508430495
1382.8430199328511 -56.57899100365979
1381.3143581827312 -43.527507144672676
1378.662941035549 -30.487620687917115
1375.8886952869311 -17.50137656374586
1372.9923946427493 -4.569929230222955
1372.9747685052496 8.32376404978118
1371.8361805009902 21.20127044435333
1371.5765932620309 34.08296958484543
1370.196634028821 46.92743436507781
1369.6955299222855 59.79260247647427
1368.0750388209392 72.59950519862633
1367.3329470796825 85.44361784469329
1364.475424504427 98.13672056607277
1364.4903826051818 111.02700472391541
1363.3875841107742 123.83576015265697
1362.1645498318226 136.63359462982757
1360.8213876264938 149.41937952723455
1358.3652588863274 162.07351248948981
1357.7751638287352 174.950291482612
1357.0629277613068 187.83026938145483
1355.2392129704 200.56588849395817
1353.2959809916326 213.2838199017788
1353.206006705002 226.31284412843624
1351.0210799661434 239.0105468114654
1352.6491275892915 252.4209532347271
1350.219049473782 265.1122751554831
1351.5875419427086 278.587717721487
1352.8216731132568 292.11217152841897
1350.018855247252 304.8033636246471
1350.0169884773657 318.1558278933524
1348.9120015130743 331.2965622731276
1346.7102397016724 344.1969353185232
1344.385062096713 357.08515064507645
1341.016405269899 369.5348438199004
1337.4229025383327 382.33621299314774
1337.5424478566606 396.23881710606344
1335.6059568769351 409.5921483071254
1333.536222686908 422.9446095908227
1335.1341792504272 437.54053914727535
1331.838158721738 450.6030614328873
1331.2467624766143 464.6310981795478
1327.6856718743647 477.67327400590085
1323.9967999890666 490.68979367693385
1323.9175530199368 505.10524923594164
1322.7524079516902 519.1984854157467
1320.5111391162557 532.9412082677494
1321.8225741641545 548.2208336337175
1320.2019642958135 562.3982338783394
1317.5145462925936 576.1939085997184
1314.6837678842398 589.9894833483885
1315.3429305032491 605.4560059782416
1314.017261240255 620.1351765241665
1311.6305087762762 634.4087077328672
1311.7786887425868 650.025131637831
1310.855856859836 665.2495190049107
1309.7613442110028 680.5154085034279
1308.4942754662763 695.8209044517021
1307.053795894139 711.1640982492875
1308.0604351255813 728.0019904224677
1307.1256874361777 743.9344307427234
1303.4123209137729 758.4064356861509
1302.979345139214 774.9198836915887
1303.2037013437878 792.0133286781556
1299.821401866785 807.0714486642837
1300.49229503399 824.815003838573
1300.9419727041086 842.6446366391605
1296.998442326414 857.7995340421071
1296.1987636658819 875.1941299340616
1295.1843727801922 892.6513543965415
1289.8643893250687 907.2920462293648
1288.4444883852595 924.8279841947079
1285.1929842814213 941.237479679711
1281.7449842809742 957.6689382404365
1280.7655152509058 975.5714709564246
1279.016686216548 992.6113622055917
1277.064004886796 1009.6987310195537
1276.4640889370833 1028.0858085072578
1274.0893527423398 1045.2752370684984
1273.8097921917292 1064.4287732471646
1273.287503706217 1083.6618166686462
1274.0323423813918 1104.2814815825645
1271.5089640856945 1122.3550927624128
1270.2499021192234 1141.8096102967882
1269.4801320080155 1162.0073986153923
1267.7169208517446 1181.6017978093005
1264.9773506253205 1200.5699906315106
1262.7170667974856 1220.2793160659385
1263.7672486689023 1243.5519053066635
1260.2606270356885 1262.6951936012165
1259.3107624003717 1284.7324249440405
1259.4519358352563 1308.295387640278
1259.9563561466462 1332.6912547944726
1258.761128365208 1355.736118024724
1255.9040919875936 1377.3891649525992
1254.7591438347065 1401.3352528796222
1253.283285398467 1425.3718835941813
1251.4747980333136 1449.4950258236408
1248.6853568053402 1472.9378397270946
673.0064970941927 808.5581332650141
674.5389177610599 825.4412446841617
665.8084889422047 829.9367783466993
657.670660480554 835.1277161866153
623.1956650098737 806.2184338706858
605.6174297116507 798.2678302609054
591.2203218371034 794.0771568599816
566.3301212812612 775.1581733617675
548.8224828530806 765.6094842117487
545.9155841367827 776.2584460066089
524.6897477652178 760.5765369705222
501.55111430843687 741.2634347760352
498.70939409619984 751.5936004518674
487.54149943328616 749.3592505136259
474.3039028863416 743.6126731752115
467.91871031791993 748.8264689061241
454.0756951117457 742.1019223184811
452.2203943213163 754.9150382393195
450.16391389627717 767.7580677697794
514.5936922869862 896.8552457662533
578.5884420419059 1030.7082102785057
565.5075327555792 1029.9641888904184
550.126886588646 1024.6606309663132
519.0957831728896 989.0543806546355
480.1131501250216 936.0530770618877
448.44716217211726 894.9280098084844
436.93997252872066 892.8154682836766
425.51236810974746 890.5662381797521
415.0111330293669 889.9942468699902
404.9724992073958 890.2141736041478
394.5610221765386 889.4102539205431
383.80370022951354 887.5718110046836
372.7277329275214 884.6886667674173
362.11967408081705 882.6014625206572
352.3257043688055 882.2508702410132
342.93256300678945 882.7266038981687
332.85499494135655 881.2329727958377
321.8023182171931 876.8119912444403
312.2051957569423 876.0296317718764
302.65131849450603 875.1446619922543
293.4597054717127 875.1059371667271
283.67760083620175 873.069881958951
273.3596889265824 869.0198389392282
262.2698773050203 861.9834751655102
235.54002240613403 801.0904429868814
205.88366634653667 725.3467556498119
234.6982627721747 857.4600430642371
226.88459691727203 860.594782508985
218.2952340513874 860.7503649667829
209.95973658737762 861.7922655792166
201.1688237384818 860.8060782520507
192.19664558953636 858.755174321605
183.699309279497 858.5677397679439
175.22250774781514 858.2966111890265
166.76706195910026 857.9421583332584
158.26001718225535 856.5014693282623
147.75999700437131 844.1658505798894
110.42969501153114 667.9328427766225
95.20378997642453 611.6348897619599
83.94009776423611 574.90439204039
76.08100429794723 557.8357112851559
69.80943294658651 550.5920840982697
63.681375362759546 543.2804822850783
57.590503674145275 534.9087154707411
52.05397048775191 530.4520564164685
46.60668217697968 525.9389861727823
41.2492061548623 521.3707922310126
35.9126299817377 515.7511832345077
30.685777922194763 510.0778205659503
25.822344438464192 509.3458614023494
20.975454616460134 508.5676260868684
16.145547898246154 507.74336163367553
11.288354184343154 504.87381894866445
6.396285874265096 494.9586725445011
1.727180196754967 494.99698670655357
-2.9301919745355036 492.99129198698057
-7.5495730899760485 490.94195578108736
-12.155362779636974 489.8492085894346
-16.775446813038588 489.71275701601127
-21.306715583467113 487.5346386371385
-25.904559720668296 487.31196762000246
-30.687599510790665 490.0400710516083
-0 0
-14.962301991929673 183.39064730542367
-13.97007178700488 153.3650452165223
-13.313908261031125 132.33193056408135
-13.247744016531836 120.27259570855053
-14.26279922494688 119.14937078419196
-15.001419064316106 116.03429418088764
-15.957707631838243 114.89713472117906
-16.893890166844606 113.75234711877637
-17.341226873371976 109.63704597683322
-23.506288732944604 140.04090256065706
-33.2181732465765 187.0736565264079
-87.63739795129376 467.8628928225945
-92.93771073344244 471.9359934605825
-35.42522496624404 171.3769337924185
-26.45301767326649 122.16889070454003
-22.742372715130028 100.45787417264069
-23.455494424861932 99.26650886016527
-24.62643588208775 100.01269247323272
-26.309865325484395 102.68296346792332
-36.02186295867518 135.28645678332487
-52.74107009121648 190.84648156472102
-141.28816934314403 493.1598657673423
-147.0542929138824 495.6450695160783
-157.5744614821739 513.3607786816235
-166.6256412926087 525.2017666229112
-173.11076967031224 528.3641371480015
-179.66991557268275 531.4505823104394
-186.9605325041574 536.3485427273592
-195.71093617858466 544.920388185377
-201.86387549209567 545.870841656991
-206.27365135762184 542.0804190852076
-212.4521350365785 542.9116781930551
-227.99304880631598 566.8687411526595
-222.61849568076292 538.8227958993886
-191.74468618774162 452.0121406762925
-189.198531808163 434.6031702158137
-176.9644022423334 396.2822230923482
-164.4444740942016 359.14205398404886
-162.28941501778795 345.8122984701154
