-464.2163724628665 982.8896985610426
-481.147396449415 994.7472959952943
-500.7400894631613 1010.7637522212722
-520.6777028391424 1026.4968240409482
-540.0350507031822 1040.1664020780577
-561.5731280952665 1057.0925322796002
-583.0009745429703 1072.8237803488264
-604.7754251768434 1088.2424753253147
-629.3624932387239 1107.690774586634
-653.8678477993562 1125.9044531461086
-679.2829243952007 1144.6115972787904
-706.145746775426 1164.6468066804528
-733.9731814008084 1185.1241998138323
-764.9220809460638 1209.4028320130326
-795.8513560916024 1232.3593708846286
-829.4829803568235 1258.1760549693995
-861.4387408203271 1280.1454197917865
-896.7127573800991 1305.7420230473474
-934.8411540905694 1334.0588505079575
-981.1434641872014 1372.3434346703225
-1027.071664534798 1408.2516805989333
-1070.7792042659116 1439.3984492529028
-1121.2089771415501 1477.8076429553337
-1171.2335160960029 1513.8058167325803
-1226.99070564756 1555.266796486861
-1286.7666557847706 1599.700151140981
-1351.9271415362507 1648.5499701184744
-1425.8185064286256 1705.5118254429208
-1500.9024867249432 1761.2176825545678
-1577.8176645440635 1816.4050807715541
-1667.837108296823 1883.766275361169
-1767.9739119811877 1959.231800107873
-1872.386992528911 2035.9083845322068
-1993.445029033599 2126.829075459811
-2124.6690777616204 2224.31052463535
-2253.02176751397 2314.474652077276
-2279.7314051388557 2298.04127909479
-2289.268382676906 2264.4315560590176
-2286.176037611795 2219.0076892723096
-2331.6719028968823 2220.7445006666644
-2352.562016320888 2198.6022740287062
-2368.424722079321 2172.6390256652144
-2385.9604309852766 2147.392097818317
-2403.230533543096 2122.0082475443314
-2424.0132660759423 2099.763959564942
-2438.493937703997 2072.1359308165224
-2453.437172939039 2045.0628446189364
-2469.634962722623 2019.1590207059048
-2491.803556566893 1998.1368910764306
-2509.0789698068475 1973.1666739718185
-2526.1050104803476 1948.0486328698478
-2538.8922233102694 1919.7695899286032
-2556.190690204491 1894.9968747498997
-2574.865589126302 1871.2445585580901
-2592.50532603208 1846.7282243187
-2608.271734221246 1820.9007552479334
-2646.0659728626424 1810.185312960659
-1807.5346026261464 1211.5257571794084
-1811.4257919035722 1189.3803430469654
-1820.947732936571 1171.0569388006559
-1830.2851910523914 1152.6600190057395
-896.3108855722917 552.6624615482892
-868.1251472358196 523.979702600002
-830.8687541756951 490.79742596567104
-845.877865456762 488.8963455890339
-853.0902704018785 482.3245697097027
-861.1290167614239 476.14369311322724
-856.811396777483 463.19567177621457
-857.63131903918 453.1760371016062
-860.1156567443818 444.1002781165318
-866.9694514255375 437.26990554450765
-867.4911576923151 427.25647019752296
-866.0987231070241 416.40605402945624
-870.0108792286298 408.1691683895619
-870.2074711918608 398.2310348050068
-872.1205547950261 389.14102572719804
-874.8566899493902 380.4494342889688
-876.5857040870986 371.3509167756633
-878.2209877182235 362.2539119612486
-878.8347061314205 352.7868468337499
-883.074138962814 344.79568601576887
-874.0801152852588 331.9773366706057
-885.6069185972884 326.85835729351584
-894.2899298731521 320.5394224233155
-897.2649820132044 312.1146456878369
-901.1082069487638 303.9819063194122
-902.9767359106953 295.18301848864286
-908.5730785553945 287.5829635502992
-913.1499065702119 279.61088700337336
-916.698089929855 271.29432710426454
-924.0165902444406 264.0347343684873
-995.871027728361 274.46292305383963
-1089.2604990093646 289.20678639663663
-1096.7766717560858 280.18731643606435
-1105.190279806287 271.290334184064
-1110.6129319287622 261.57200812127957
-1114.974803425249 251.55553606873215
-1124.1338712550994 242.53461504911755
-1132.241827922931 233.16183886249473
-1138.3097956087968 223.27294780393638
-1144.2915592902616 213.29047643310662
-1153.140139453563 203.7371315715841
-1159.9369484972106 193.7066738937494
-1167.634496642069 183.7217522543864
-1175.246307104871 173.60909433656815
-1181.780062141665 163.23260925575656
-1191.19766923985 153.13103146504545
-1196.5571250315156 142.39398349759642
-1203.8077557860024 131.7872797711079
-1210.9641892346397 121.05673211883679
-1221.0125324959363 110.47350581863627
-1231.9648644411857 99.7926489397449
-1236.838709911706 88.48731922680712
-1237.6162133963048 76.8512090899836
-1191.3492799892324 62.73669635179751
-1223.8567518871114 52.91172705865095
-65.9622991228897 2.2304919686973994
-64.98065675503983 1.5856379421846154
-66.99247074843385 1.0044217342508652
-65.99896991765907 0.3687408411512908
-68.99949711413805 -0.2634349939819733
-68.99408860260648 -0.903182094422763
-66.9831227295009 -1.5037517762644885
-68.96511096338149 -2.1939621255796133
-67.94241310031305 -2.7979460513757552
-68.91198680361477 -3.483973992213983
-65.88175024964772 -3.9490484984412992
-65.84192017029316 -4.5652544604590215
-66.79324075383448 -5.259561730819812
-64.74883790022784 -5.708589192613031
-66.68313682991847 -6.508399382518798
-65.62500850069887 -7.025543344340105
-66.54968536532924 -7.75495827040251
-67.46637110416154 -8.502280284462316
-68.37481168452726 -9.267422894496336
-70.26439334313942 -10.193872086728563
-72.14245142770433 -11.156464583429756
-72.03491594035864 -11.830929188591371
-71.92107497978957 -12.504358190306583
-71.80093851090255 -13.176692640931979
-71.67451704967138 -13.847873688634174
-68.6017467993868 -13.921218914765461
-66.51225684303101 -14.14636665885184
-68.32925929124045 -15.20237891615751
-66.23592242190085 -15.388391108882466
-65.11715441009413 -15.772006896142258
-1059.8306171565619 -267.22287128451666
-1066.95736954024 -279.6622455458937
-1074.9081930868463 -292.5207282138678
-1086.5605171271895 -306.6386189316247
-1104.7602841459313 -322.96395243711186
-1134.2337504455534 -343.1308778734639
-1164.3781231487187 -364.1752137813163
-1177.0967528536728 -380.279153282611
-1208.5876760459798 -402.97869585100597
-1211.3841633677907 -416.54460594481054
-1191.4103077033071 -422.1818076354203
-1170.499004669045 -427.13941526014105
-1133.6860373002896 -425.7663312550284
-1131.518673083952 -437.07492774389664
-1119.0152174569228 -444.32076600113555
-1102.8100168633528 -449.7677919836544
-1089.3491426916016 -456.157259415076
-1076.7844743702142 -462.7301543613314
-1064.192586378164 -469.10887765821894
-1059.777202137102 -479.0002941861893
-1053.4551443832856 -488.0094863549181
-1038.0232143231171 -492.65485537676767
-1052.2766780216446 -511.4819575427196
-1059.1056766877482 -527.0523366875312
-1076.4279020606798 -548.2398851463139
-1700.9150603702049 -886.3475375978783
-1685.5261511544 -898.3883312769791
-1678.8416688327434 -915.0052737503154
-1673.7408374216332 -932.5489848512681
-1669.327531582163 -950.5717186524134
-1664.7233230707614 -968.592926685014
-1669.3836888082785 -992.2308700805801
-1676.3114289643313 -1017.5956923668465
-1694.809453999208 -1050.550767281099
-1961.2697179569975 -1241.1535333812976
-1948.784696632247 -1258.8241363160946
-1900.239883664477 -1252.7028316926626
-1769.0072669341637 -1189.9736507730418
-1741.3571374047558 -1195.0813026775686
-1697.3827527340704 -1188.3079528139622
-1569.050848634463 -1120.3853954775882
-1553.6974014158131 -1131.4187486663589
-1554.3321137939267 -1154.187021253013
-2076.888367063848 -1572.437506152427
-2072.443757919624 -1599.6564850804643
-2049.595973348886 -1612.70590810353
-1858.1851567995784 -1490.3261129865925
-1800.8667686607032 -1472.1259733913932
-1769.4064330051592 -1474.1132503440704
-1757.1245878957 -1491.8237773317485
-1749.203692876966 -1513.3589927130922
-1736.532818152612 -1530.9078259251753
-1729.6381046075708 -1553.6978557909933
-1719.518166984528 -1573.791051382034
-1709.9049543856208 -1594.5121658261212
-1697.2222468885925 -1612.3639926103651
-1691.1518744987932 -1637.4740722769377
-1679.7741891644844 -1657.6967977940956
-1701.302106092714 -1711.1809208276297
-1773.634128542154 -1818.1919530320538
-1754.1892079492538 -1832.8091070033367
-1735.9959484196033 -1848.6790059582333
-1718.3371351409792 -1865.1041499057073
-1700.5229227647067 -1881.360621771323
-1681.8914543030262 -1896.6987467551223
-1662.4657902301228 -1911.098243501504
-1642.269360911437 -1924.5392555652227
-1623.8933803041175 -1940.0696609669628
-1601.5633388247365 -1950.7872440972549
-859.8297056087265 -1067.8641661526108
-846.5371982504714 -1072.0684548937359
-841.2017361045 -1086.3957102155618
-833.855848856653 -1098.328467867218
-1509.418404156211 -2027.9152056223943
-1490.6547848778466 -2042.985392096767
-1471.7409928671484 -2057.882030125736
-1452.6786326940194 -2072.603625904923
-1433.4693237632903 -2087.1487004594605
-1414.114700177725 -2101.5157897910885
-1394.6164105995515 -2115.7034450240003
-1374.9761181105755 -2129.710232549389
-1354.6611169872058 -2142.689491765658
-1334.749927026691 -2156.3252612493884
-1315.2200673124144 -2170.631284796828
-1295.5387320320624 -2184.760717745711
-1275.2056632036486 -2197.8470184554117
-1257.2088382881668 -2215.0925346201943
-1237.543138494561 -2229.5710305718076
-1217.7156324010018 -2243.8755844757143
-1198.6650412903705 -2259.771253642358
-1178.0415209740613 -2272.8436318544045
-1159.0845265589846 -2289.2966300354205
-1138.5912869036283 -2302.904878927295
-1118.813248704017 -2318.1313410858247
-1098.8483862487396 -2333.189495955813
-1078.838660526312 -2346.912044486072
-1057.6655604930907 -2359.8176968034704
-1037.5452466909494 -2375.2818487642717
-1018.4007230530354 -2393.3367851777684
-997.8578065695431 -2408.470219427307
-977.4927468897218 -2424.3563949588734
-957.28046425217 -2441.0035052742446
-935.7708565297726 -2454.6816298798376
-914.7819784342983 -2470.0465444869315
-893.2467449411866 -2484.2927067179453
-872.5110701925794 -2501.1848057253587
-849.9325640134467 -2513.1700373491503
-829.3841063775566 -2531.6038402736517
-805.5386554253184 -2540.341015418121
-747.0074477970425 -2436.038561463211
-693.0955951060602 -2339.491076290862
-656.4882836103113 -2295.989358312095
-619.1792708674851 -2246.2228363472777
-557.4807766571669 -2100.2724070124145
-463.0061962455819 -1813.8382679385165
-443.80609434343637 -1810.3955784920668
-421.0524093839096 -1791.1769506533979
-446.56776837553593 -1984.3722504228117
-434.79756281376837 -2021.7752296858341
-419.34083833304504 -2044.436905679933
-402.53360374207085 -2062.07848974243
-384.33472326293963 -2073.68460005238
-363.5310728843655 -2071.3411498465293
-337.73928878680476 -2038.2070976252103
-318.6209493723705 -2043.3072922644428
-300.73796665643755 -2057.133363545337
-315.48008114383106 -2311.571179609549
-295.84105637904804 -2333.31996720564
-274.6528834254201 -2344.9705315048423
-253.8038610382219 -2361.399712061067
-232.66668303604857 -2377.643205908953
-208.6057661932516 -2363.813155541471
-173.6942529659734 -2208.1791835099325
-147.96993610525004 -2141.894931598889
-127.74281823674386 -2146.201708225239
-124.99164707425554 -2488.863412917966
-101.24809800707159 -2489.9423331976886
-77.21545972149167 -2481.799100003866
-52.851437686612236 -2450.4301103141993
-29.1530084642927 -2423.8246846868856
-5.974390115346591 -2399.992563876553
16.88793451995454 -2395.9404829143086
40.999260636479946 -2471.659980787661
64.62342177788014 -2473.1558408959427
86.99628991676644 -2438.4486144966677
109.02938664945727 -2410.535540672828
130.319219019259 -2378.4324462036357
151.3921340471377 -2352.132951546033
171.9753802771532 -2325.6501174034174
193.23295762598048 -2312.942287236566
217.13925981944436 -2330.9078793133513
241.50791700240282 -2349.620804731087
265.9178950681133 -2365.0978146965813
151.746205001199 -1242.7699261197683
161.50174793364025 -1225.4032746057026
170.79989693821503 -1206.9748941903867
181.25694733389878 -1198.369692141451
192.6783124032592 -1196.5864230925538
204.082149816043 -1194.6943023746544
216.8896493914226 -1200.5660664815018
481.92674631792556 -2529.5002690617403
511.9257678330208 -2554.2037914443263
542.0276007697812 -2576.605340366226
572.3876106344446 -2597.6859747075264
604.0964689899397 -2622.3173828035933
636.3266141494115 -2646.577495582766
668.5877529964 -2668.51858088776
699.5587429544978 -2683.3088836650772
701.3234990226996 -2588.681005786259
692.4163476528696 -2462.5035231453094
711.1137568659929 -2439.466791082825
729.1461555191248 -2415.341566713015
749.7646930462989 -2400.6411445822528
486.30957347726394 -1506.4501315159296
498.12526132916145 -1494.1540161662567
518.1335346446909 -1507.4394317108065
828.9597307581372 -2338.4154388776597
860.996493946322 -2356.642959256268
882.1896444702915 -2344.5183793669394
893.8395960102492 -2307.9592233408794
908.9404794760409 -2281.6141664992056
938.3992214881755 -2291.2841161912647
973.5571740956723 -2313.500903126439
1002.0866682760444 -2318.7277350442455
1068.1127774028794 -2407.714911435469
645.4377180959405 -1418.0176839726314
643.3806671498324 -1378.224334837343
634.1447363541365 -1325.0741312675086
643.7638728967496 -1312.6355457448872
654.1006946284238 -1301.9221487042203
664.2912885346902 -1291.1317066732274
673.8691094065277 -1279.3812658420682
683.7572231661162 -1268.4467114420543
695.4293985972929 -1260.943278489008
706.5292273671482 -1252.4617562528529
717.5303666344157 -1243.883504576486
727.4160396780006 -1233.4868889530903
736.6521370805157 -1222.1590031312246
746.2623808838413 -1211.61935395469
754.6731258822545 -1199.3154185080366
766.1607827350882 -1192.0095028978405
775.9314695978601 -1182.0855952458373
786.1390973731583 -1172.9148816437262
795.6775249555119 -1162.8320069041233
805.0949317088156 -1152.6743473057677
813.810299451219 -1141.6290100146884
820.6231792158097 -1128.0968919971979
830.827553840979 -1119.3576621342327
840.3361179434332 -1109.7293403707772
850.9591180490502 -1101.6045476527331
861.503568479395 -1093.378068875203
871.342081756143 -1084.2711729825114
881.7190601045136 -1075.8496637766882
892.0146494127019 -1067.328845873255
899.633426571952 -1055.6650500013764
908.0715121736267 -1045.7682003095633
916.5483752600662 -1035.677592597297
925.585598392201 -1026.2627831354655
934.526851755227 -1016.7696707457712
944.7386675933375 -1008.658936387303
954.8805336905574 -1000.4459837386706
965.6486491693629 -992.8482695545098
976.3582117965638 -985.1363571899153
987.008024644241 -977.3106769537891
997.5968937086479 -969.3716715805433
1006.6762143582988 -959.9395811431284
1016.3965300981456 -951.1057215706618
1025.3031031082992 -941.4975022571714
1034.8617527275283 -932.4752826438393
1042.8429936058271 -922.0317189160234
1047.6979083648243 -908.899385415114
897.0515510861213 -763.5329165753
866.5870642785977 -723.6489895142545
854.0202742981704 -699.6180179838693
844.1976113360066 -678.3947177083417
838.7647140375258 -661.1336888145602
833.873880131269 -644.6474633742245
832.7323642032211 -631.3333585424692
831.4147323312052 -618.0983278270785
829.9223763561627 -604.944500944789
831.511159357889 -594.1996229074024
828.8763246323481 -580.6100571502102
829.3577147354886 -569.387197791387
830.5314154295789 -558.765217228614
834.9186823569896 -550.3733222561467
838.381567656311 -541.4058985771642
840.0595024696631 -531.3530204209081
844.1731446831944 -522.8964541815966
845.6369676912841 -512.8538962257088
867.6240795998194 -515.0819900739747
881.0800019141152 -511.9170149809661
878.0349501913499 -499.15391037481976
880.9460748333889 -489.8959208195606
865.3125770251172 -470.59445815069967
836.1513704374038 -444.5895699582386
837.5758434553436 -435.43392892615725
851.4774265798583 -432.44790671818726
859.1258809533801 -426.1264139619584
863.1305844346997 -417.9552538411423
870.6740811365 -411.4555193907493
877.2634779475975 -404.43144074031267
888.358083727473 -399.3693967695222
897.6031115110909 -393.33021013597215
915.0902198384503 -390.6851540000168
923.3729777525243 -383.90408171369603
928.8281027366272 -375.8754522001636
948.1712144499396 -373.2724850407897
983.4238722061627 -376.41265597086
1016.0068068962796 -377.8705708842992
1014.8438576807313 -366.5145897883078
1023.9382443252806 -358.85299470404584
1045.286727848299 -355.23465003318023
1067.6069457465146 -351.5556988498389
1063.2726593012626 -338.97972208145615
1066.4412647048762 -328.8754003185157
1068.5555049722345 -318.45585689940293
1086.9053307524152 -312.72640115919677
1096.5689141967653 -304.2706302246849
1097.4745035220706 -293.3354975433158
1087.6180516731554 -279.6711884958647
1076.6314214433369 -265.98079321804363
1083.9719858259236 -256.90608000707863
1106.839863733493 -251.25786763885156
1130.6735532833902 -245.41050488011413
1154.4939962662952 -239.1330436913298
1182.2195528211332 -233.1993330337801
1194.2079584947219 -223.81320753670656
1173.63230068014 -208.4495689615158
1152.874643446573 -193.49691599076593
1132.9286690478716 -179.11345803545382
1107.8696458869408 -164.39235907530565
1093.5313582157848 -151.6745482892266
1076.0775666401762 -138.85989548374704
1058.4807417550107 -126.39034509709275
1042.733916433182 -114.485717536808
1024.8456774075853 -102.91422398768533
1011.8244706766429 -92.01760994467948
995.7001273943655 -81.13110566758131
981.4568753200833 -70.69937684971818
968.104874241477 -60.604888168315114
953.6524795389587 -50.71437931391838
938.1019788563934 -41.057000203603785
927.4526595136664 -31.86792056327441
913.7153885757365 -22.807645207054552
901.8907343467233 -14.039348258666541
888.9830543837991 -5.4889906587175785
878.9954528451766 2.827344602781671
868.9309376972714 10.95561557105336
857.7924021803929 18.873122730250596
845.5832558692185 26.551033757871128
835.3049489598704 34.08287316451313
828.9556011618482 41.62464777507209
817.547666506273 48.75256906202823
809.072802292594 55.87665514693161
798.5430735902206 62.68939002003113
787.957621382692 69.30935654679062
780.3049978344789 76.02703699693886
769.6133118238457 82.2882146089702
761.853592771422 88.70232906342582
752.0575702771986 94.7280897556602
741.225405929042 100.44350454522649
735.3012857903509 106.68185935320388
726.3610646765297 112.35926184333069
716.3929884045677 117.71612533876977
710.329946097428 123.58142124617694
703.2368086081844 129.1626533428907
695.1202022119835 134.43178372978284
688.9272206419214 139.95815324087914
684.6483171732436 145.79671392677392
677.3925608859798 150.91493781708343
669.1275862826546 155.68324661166542
660.8333950812847 160.3097749525669
655.420591187178 165.52899639594872
649.9683822550501 170.6607806988855
641.5835703461606 174.91575761455323
632.235728898245 178.68123321855802
626.6615313503708 183.5873773591429
622.008579402929 188.6937390300756
616.3613953037775 193.42861830448086
609.7296408508257 197.7644181037709
602.1235005572054 201.6737218299328
596.3891262986403 206.1092186990783
591.567285772311 210.78934129595086
585.7719723018059 215.0516134923248
579.9495501498781 219.22253369796178
574.1012344798686 223.3019761862643
567.2997628355691 226.91844148659894
562.3317825527693 231.1859994269226
558.255502819365 235.76851692263313
552.3082437706703 239.49865106709456
549.9954494289357 244.7631622762361
542.1743450089081 247.5135948067531
534.3513754981706 250.13717737116392
525.6266589185905 252.20153733488584
521.3989158738722 256.3282476153393
518.033620277354 260.84702080403025
514.6296530611077 265.3249332237812
505.8810428624487 266.9613651306147
500.6683255572252 270.355743019682
494.5618291153804 273.1915027632617
488.44715864399063 275.93545117040003
486.65518164191207 281.08848105370225
482.225896787365 284.7071907550309
478.6282625104319 288.7836323724825
475.8480780362479 293.3421323799377
472.1782817059243 297.34100000713124
469.31665477040434 301.8375019031219
466.4122095136219 306.30646551553764
461.8040452934265 309.633692854358
454.6993481319154 311.206527580016
452.52587359148845 316.1081044994896
447.85731491303756 319.25511034106296
443.17007323818797 322.3418778037677
439.2679215749465 325.9642512227785
433.7424356523527 328.33443242274285
428.30442688481367 330.50917976793227
422.1425842784001 331.9105881690939
419.11272736358086 335.7283451867905
414.4988164364988 338.2539447999708
411.41170112476874 342.0020645809379
406.0012139529201 343.7833827699576
402.8642626582613 347.45414931011464
397.44020992140906 349.11642690888425
392.0193559147146 350.7090312327476
388.82012231697973 354.25261111445445
385.5888584411558 357.76700832531543
382.3258304727474 361.2519333558286
376.8695316974969 362.6270206122393
372.13421443342713 364.6328652878346
366.6857624062882 365.8764158134809
362.64846316084083 368.4767186228735
359.9841272346702 372.47205014483006
355.90029362956074 374.99864132339525
352.48209167316276 378.21339882361656
349.03485289801563 381.39699980789123
344.890468899646 383.80537315439227
341.39278923591195 386.9198411269758
338.5217672506691 390.75825403628244
334.96124453959527 393.81463235446887
330.732174517968 396.0709895190713
326.4897927227408 398.283084310471
324.11530008065347 402.7881232777699
319.20654881540327 404.14376055230593
315.52533285678686 407.02427977408655
311.8181245084368 409.8712690931642
308.08522916327763 412.6844939798571
304.9178804551943 416.2704483610527
299.9600297846501 417.3966704845546
296.7355066647333 420.91927858488975
292.9029592015132 423.5951563592254
288.4850280192758 425.408496164237
285.1657955788108 428.8420094066157
281.80795624255154 432.2502467302895
277.8731820998814 434.790173152161
274.9772053330659 438.98922144765345
270.89510856373926 441.5199204523392
267.7574613692578 445.76444663195207
263.0433409940284 447.40272770592185
260.3169117380385 452.45895445130736
257.0279637399244 456.63182746684237
252.2365766104778 458.15467848732766
248.8614003111228 462.2694056880545
244.96531672672984 465.47609347953943
241.03087565016094 468.65031418245803
236.1603955662018 470.0045399419192
232.1669040850813 473.1041414398617
228.1359479865297 476.1701263585185
224.06780704678175 479.20206369051266
219.1327176668256 480.3799038760378
215.41467094344486 484.24840685574526
212.4387957174782 489.9242370755988
208.5966766414608 493.744292619305
203.55994256233234 494.7609016323137
199.63787962763132 498.5115013896704
195.6631832806469 502.2319371649756
190.2191728445264 502.18090991428994
186.17515197581 505.8258720021981
181.40618777824668 507.55570633750494
177.6042030931591 512.0749428000202
173.4143564642084 515.6194924283841
168.86362364514403 518.1795794986822
164.88179347222766 522.6069212911189
160.2477231770082 525.0920559450361
156.43007988582434 530.413640573953
152.252525087506 534.7477616638319
147.74239977849726 538.0856653988199
142.927199707979 540.4191110458951
138.32771426167488 543.6786214917232
133.44204919999808 545.9278519230405
128.29798991833778 547.1595980908259
123.58079533148941 550.2942731168811
118.81592130235249 553.3884502273906
114.20442467259133 557.4211597932056
109.9104531847585 563.3788177423082
104.78542715798478 565.3715718492739
100.57750410700929 572.2282461287668
95.36725935425643 574.1333345515291
90.13010284480963 575.9909413881298
85.73838347211834 583.7370380570244
80.52899195594821 586.4972987615192
75.27532291833307 589.2110197200496
70.33002992181743 594.856862523411
65.06917816666368 598.4730587526184
59.84537835570242 603.0377522920624
54.36278028925819 605.564767897887
48.99813490877943 610.0353946907188
43.69575563131453 616.4533079964843
38.09317975672408 619.8305491471212
32.483025528504335 624.1553116432756
26.837641375709495 629.4281063039597
21.062918835102437 633.6500244221141
15.187470366983948 636.8189230415911
9.268857702203066 640.9329826720547
3.2845193332815645 646.9916629545927
-2.8127124600252262 652.9939422755905
-8.994919381636302 656.9384228566007
-15.274470846111484 661.8237609366797
-21.7113973513922 668.6476016744919
-28.194054173551965 673.4100499021818
-34.76798419564265 678.109273845279
-41.493141499069985 683.7421438002327
-48.32704388311059 689.3079840169559
-55.189725032577044 693.8083988038978
-62.1410888588668 698.2402774657406
-69.37642790775139 704.5927272196049
-76.62907521019942 709.8760348345545
-84.10357849863456 716.0779203995359
-91.44922598071084 720.2173554334336
-99.42097781176425 728.2447865731361
-107.26221445140045 734.2062498719156
-115.37783629047551 741.0721657793715
-123.63165184127755 747.8497273269525
-131.8503576112276 753.5519114153924
-140.1868602185859 759.1650968149514
-148.83101639370494 765.6692030891779
-157.52306815342837 772.0948665802217
-166.4972976554724 778.392349572775
-175.82311599300243 785.5642760987233
-185.29944053343146 792.6286124901103
-195.16190961372263 800.554700839315
-204.9447775676462 807.3949703507869
-214.87441918950896 814.1209885379268
-225.21387627497927 821.6950224585752
-235.44227280294442 828.1835160019692
-246.3785424616028 836.4697327545666
-257.7840974422966 845.57871254299
-269.38384654332134 854.5456940512452
-281.48577913890307 864.3186658533788
-294.433791810745 875.833741208882
-307.29696824824606 886.2350553354547
-320.71954756312067 897.4118184038514
-334.3807834270195 908.4126219261447
-347.9242338010424 918.2988225702773
-361.68434445445723 928.0088550097728
-376.0309223536849 938.4677647281429
-390.98810165475163 949.6616788964445
-406.5797708029458 961.5762528129654
-421.63513119051726 971.444705655425
-438.13362144347263 983.8536119569962
-455.73500783383224 997.8550008065786
