-214.88626347783836 451.4685966582095
-222.12989337616216 455.74917495119485
-228.67433043752558 458.0961150227639
-241.1992512050898 471.9352934652207
-251.68885516326253 481.14625654431336
-259.54289632429203 484.90976992384657
-268.93134106342507 491.1984668072853
-278.4619431467014 497.35193396523874
-287.13941278441916 501.6322932445826
-293.90277985933733 502.33968187965587
-298.13945097469144 498.6721044659603
-303.89683331955547 497.5296118808873
-325.0098905070918 520.9266465372723
-290.7078020726934 456.2564781064086
-278.1157440952436 427.4945998329675
-266.6656640145424 401.51391462274773
-264.28836931624187 389.862357562463
-266.83515502416935 385.69417942617116
-233.57031733522152 330.8623684554106
-231.43702148450683 321.32990070390264
-232.1049520099221 315.8975961486123
-239.8875131985173 320.0843342174546
-234.40976314374603 306.67256633564875
-207.79732259670493 266.57883022033263
-219.0268977932377 275.5561976132466
-230.44461304451247 284.3435955297128
-224.2127602398634 271.35334555818827
-222.91007826399382 264.6263346840978
-238.43859551890898 277.67433472859915
-245.67115099045068 280.6682838708841
-252.3157633007523 282.80338680779397
-257.6770203286973 283.35764184952575
-260.35214781758896 280.9016894338094
-263.00386846234284 278.4204826765493
-267.71261182877384 278.07545283216973
-270.3372040912288 275.52458344789727
-271.52330791212376 271.53469991965676
-266.9480627169767 261.94413872360855
-275.9030998105048 265.64351961784166
-280.5902009534457 265.0757233865542
-286.02453989742094 265.12254256563824
-289.94977799858907 263.80509138105907
-293.9209208720532 262.3861510707534
-296.3864978263731 259.5978503497618
-299.58406509980466 257.4381244848479
-307.3545923041013 259.10838386586346
-314.4123161671374 260.0171060573054
-319.96101666704385 259.55528854830084
-323.96373145257974 257.7663684488743
-327.9610618729905 255.92487549111064
-339.8938150923194 260.10804382407747
-355.13342074743616 266.48874923385506
-363.2734124616906 267.27032719409465
-373.89250071626395 269.6764689551881
-387.8548915119858 274.2144838082514
-1365.2651258172546 946.0296698450825
-1380.75947597467 937.5842732822231
-1404.5411866033414 934.4693976449296
-1485.3538164901415 968.1182984729558
-1453.9746682144128 928.214772663519
-1496.5955676897333 935.6424032564177
-1597.480694210578 977.8468344400824
-1576.6241052399953 944.7224093754653
-1616.5322770147168 947.9975724492205
-1610.67066012736 924.2234711393639
-1598.4013509164363 897.2191044491373
-1586.6440429124198 871.011297912106
-1559.5572254129927 837.0670586411392
-1541.714699366998 808.8243231726698
-1519.9205083134243 779.1698456743957
-1331.3937938502247 666.7170057056483
-1294.5122206748088 633.0237835370606
-1267.9461645941162 605.2582289329658
-1055.1451229170405 491.4923901591799
-1034.2489861620274 469.92024283150266
-1024.0132867259085 453.6483093860291
-1020.9084237178756 440.7833826063347
-1013.965391993833 426.46709584538013
-1013.3218282562032 414.9745442548326
-1012.5520323783121 403.5323800224085
-1010.7244978244363 391.78053741545284
-1009.635044495576 380.62852878681605
-1010.3738514612475 370.0279452735497
-1011.0027019020075 359.44754380415577
-1014.3580877979231 349.86664562221563
-1020.4678519418443 341.20574900373254
-1025.552929360883 332.15235823235105
-1035.3289737906389 324.5287599422011
-1045.051965285675 316.7497274703616
-1052.8004187339573 308.2535941616971
-1062.405871616703 300.1828841795508
-1076.7765128688288 293.2717874839737
-1087.2412569065627 285.10077039572803
-1102.4953446541726 277.980242132201
-1129.3739595590112 273.419932466529
-1458.2353845976845 338.46501016684596
-1452.586440303761 322.70208156386025
-1450.6833821824566 307.90700651279104
-1442.750060005102 291.9867537325528
-1438.5741629316442 277.00068185027806
-1391.9450688230982 254.38931852391235
-1328.270119386394 229.78792384556334
-1266.2340389688438 206.7374145060555
-1243.4229420146357 190.95388781501163
-1209.5408991667834 174.05405264689767
-1102.1116120686904 147.9661939206133
-1066.7462380378468 132.95662312236155
-1059.0153324347277 121.82990465465812
-1055.1481133041268 111.28099114737276
-1068.0988775448168 102.43919068160507
-1096.9163721099958 94.73897084645388
-1746.849947242406 134.23584401792115
-1710.1275896507707 115.15045425548689
-1750.0753959351507 101.21812358676361
-1742.9640039870665 84.27028423693278
-1734.690048710971 67.42725638144091
-1587.3142377165364 46.663805485314505
-1466.7086996288642 29.233378747699458
-1445.9207784189498 15.136133467247243
-1430.9992745622378 1.4409033101323807
-1422.9491500543877 -12.029811282620031
-1420.776758870567 -25.187327235069795
-1419.4809062448612 -38.392145111569945
-1418.0624168873298 -51.57501150426308
-1418.5195020554768 -64.82609265012074
-1422.8466353297995 -78.30997593326492
-1438.022488782319 -92.5868336012476
-1442.0842315098032 -106.34410764485227
-1445.0174594937014 -120.10221379462136
-1448.8149092027695 -134.0162634599654
-1451.4832470287404 -147.91005237949318
-1454.018114518314 -161.86513723655068
-1451.454666439161 -175.28077838708964
-1452.7340469079588 -189.17925085596667
-1457.8417123297118 -203.6701789452112
-1473.6844172249293 -219.89597183309365
-1482.436368215327 -235.33681010957744
-1534.4172827992893 -258.26266134856905
-1659.9355877784917 -295.3131294515584
-1657.1130761950233 -310.7607644209076
-1653.1657023471198 -325.98797613279226
-1651.0370452844859 -341.5738208620134
-1646.806719689996 -356.724863142275
-1642.437476764339 -371.8267539056206
-1637.9298649337136 -386.8782205788103
-1634.255481396067 -402.11692519329415
-1629.4705560856294 -417.07278363612994
-1625.5153108738664 -432.2313895526762
-1623.3470173331743 -447.8844285253577
-1620.0665255189285 -463.2595955757709
-1615.681509691236 -478.32861010172553
-1611.1563330408353 -493.3561294870155
-1607.4447954800721 -508.6425360545746
-1603.588191898905 -523.9025775870936
-1599.5866916894086 -539.1348771598193
-1595.4404773153224 -554.3380587185552
-1591.1497443105075 -569.5107472037789
-1587.6530304904613 -584.997311766861
-1584.0057064846467 -600.4680855999555
-1580.207763663924 -615.9216051221618
-1576.259207610991 -631.3564052273247
-1574.0368240525584 -647.4658883111415
-1571.6369815368842 -663.6212762303747
-1567.2373210472838 -678.9927683830906
-1564.5152416483902 -695.1518241721583
-1561.627863959837 -711.3187854290345
-1555.8563628592156 -726.2230911713654
-1555.3557079187735 -743.6696994260899
-1552.8683500916754 -760.2900020936468
-1548.4180115397123 -776.0319977548627
-1542.9191658166371 -791.3004788041598
-1537.270110617029 -806.5336986161874
-1531.4710271586007 -821.730182586584
-1536.0429532524736 -842.6601009680115
-509.38195544748936 -285.63267226368197
-501.4997234589099 -287.3708881752585
-493.62962510073214 -288.9875312585487
-484.9149801778091 -289.9697604909087
-478.78557908392236 -292.37881123855936
-466.7135848010796 -290.99558375020996
-460.61477050174665 -293.1723608999035
-468.77213572305044 -304.5220595780378
-470.0894592030319 -311.6278234468178
-470.48651820428876 -318.2238774636584
-474.9166908980193 -327.69366290252736
-474.30425566783197 -333.8195216810783
-476.8682967303295 -342.2946502262552
-1479.906132468215 -1083.2515123843446
-1478.5911247568613 -1103.536717010467
-1473.0470858974995 -1120.862740360694
-1468.0984574215584 -1138.7936245503136
-1466.8654035533411 -1159.8301116363093
-1460.6956071722482 -1177.1764282331246
-1456.6479630328483 -1196.4120159009829
-1454.6688327487468 -1217.599107682573
-1449.3776119904483 -1236.256258977428
-1446.1290263252604 -1256.8877591971188
-1439.6268949669968 -1274.91309636684
-1435.8839535031304 -1295.6053689577777
-1431.143865083847 -1315.6607607711296
-1423.9648058334772 -1333.688581246622
-1420.2196645415706 -1355.1181145750463
-1412.9270319797392 -1374.2191245579888
-1408.9491826699684 -1396.8243270553487
-1403.2605332338396 -1418.056725194123
-1400.0801264424638 -1442.177395309209
-1393.8070601617944 -1463.4694663856626
-1389.9848831708389 -1487.6955416201763
-1384.4744664726347 -1510.5070180854218
-1280.3697639489983 -1424.035908102456
-1172.7625860127546 -1329.720616087709
-1157.372344388059 -1337.8528530618335
-1143.2280501250686 -1347.3376063211601
-1129.6479871341428 -1357.4429730798195
-1104.5981718085643 -1353.4666153389885
-1084.7276390953045 -1355.3825839897481
-1059.9833849537133 -1350.7495043945298
-1026.2812048072515 -1333.880012842001
-1001.4312163684588 -1327.6688287682246
-977.9841034194827 -1322.7139121740538
-954.7243969594399 -1317.4332339251328
-927.6029744926104 -1306.122782020305
-912.2106726109981 -1310.8320597142072
-896.8134162036423 -1315.3667536155658
-833.0936987006053 -1247.3792082543885
-814.0072467335987 -1244.4119905663022
-798.8301423221775 -1247.0891723198986
-758.1739041474048 -1208.9256929480332
-694.2573081349802 -1130.900433327873
-676.712775137614 -1126.3462256187256
-661.8534038340002 -1125.8712501140385
-656.0385835964777 -1140.8196074896011
-621.076413932583 -1104.3337756569083
-601.8113605568468 -1094.4515002067096
-583.2664213717007 -1085.1839851841944
-713.7492079138998 -1358.965440400263
-696.6087919401891 -1357.723164342286
-693.444639451539 -1383.993689297724
-685.4468500709115 -1401.343147029972
-869.3062791511036 -1821.161879962477
-849.7353798792481 -1824.8613054644647
-821.1952589920935 -1807.1699827655693
-805.2257491602018 -1817.6235839384876
-781.6010472574093 -1810.4926961813794
-671.7454796097612 -1597.5127575778079
-636.4775876982426 -1554.7656673459915
-627.247109095263 -1574.6701445482593
-711.2531219602557 -1836.0501072960371
-693.7993977099077 -1842.7163090767306
-675.5962750697644 -1847.3382671053666
-659.7097382607054 -1858.3775346371337
-666.1394983897252 -1934.5216898978117
-645.2206788042685 -1933.166903204004
-623.4650343402608 -1928.73542793072
-601.2548108527344 -1922.1572912814504
-579.5153758263963 -1916.2896255996354
-557.941741743419 -1910.1835023945528
-537.3502227324418 -1906.729067835647
-517.9231425520504 -1906.9167832941762
-495.7586804100453 -1896.265627700426
-477.0120514664498 -1897.9748424981215
-466.9554135935132 -1935.4672928560974
-451.72352798474213 -1953.451011483272
-451.09912945386617 -2038.6891806761432
-438.7644950976624 -2076.142990702156
-429.11616692349213 -2130.208514508589
-297.1135683296183 -1550.7948050965483
-278.62958852542886 -1532.8827588560548
-260.17363329062454 -1512.7903623900952
-248.68996005609185 -1532.9586764708629
-231.26852617606795 -1516.4665735849073
-348.9128375596365 -2443.21178610985
-199.67814942714602 -1499.7658606066982
-185.56091485063806 -1502.5854873782703
-175.25492189854182 -1539.0538367290262
-158.56927551959822 -1520.755333661924
-143.94363443406317 -1520.2003914306536
-130.86948814077118 -1537.4401377204163
-176.48527052341285 -2335.340863618902
-154.18622401092884 -2334.914689731779
-132.08042881476803 -2337.271007034509
-110.1207753577938 -2332.401855348816
-87.84745947753608 -2335.3483303060684
-65.33168341520805 -2331.0846769566597
-42.97942284407647 -2330.6037349176263
-20.358873526244807 -2297.909814650858
1.65292315530486 -2294.9994047591913
24.369274205000423 -2365.8744976170483
47.07200945271474 -2367.532096070945
69.3963633675393 -2354.9777376339166
91.44550920823754 -2341.214795537916
113.96637962951607 -2342.2289948495945
140.58666831870147 -2412.9078699136126
168.02936832139576 -2475.303442283696
197.9937958472671 -2554.3379683992466
218.286449059905 -2504.505345603562
232.53541159796734 -2401.7694065736127
252.77933979910136 -2373.577806892104
273.77434411994705 -2356.147620269514
295.2083339136912 -2344.487372452217
316.84743545178077 -2335.6062815996256
341.79750181048814 -2350.276466238836
377.0276960695673 -2428.9121261166433
401.9068388587343 -2435.055418851608
427.2827154744922 -2442.914137061871
272.761486353915 -1476.0088656786595
286.5062603314136 -1471.3650678165866
237.6230784999933 -1160.9307785411609
229.2125606313458 -1067.6729846019434
236.14103527154336 -1050.7932296417234
245.96776872038248 -1047.5093587890833
255.51536767475315 -1043.1624499003192
651.875992889655 -2555.1568816599356
679.1446450058379 -2559.4269966459083
706.023229198428 -2561.4800799210257
436.88753632604033 -1527.7598897087732
449.5137967737462 -1516.7931126261258
462.8501620870813 -1508.5932942499653
476.9781630931734 -1503.136997060568
489.4862486235945 -1492.7974452042718
495.1062233290649 -1462.4656671596874
500.7384224512573 -1435.1519195823926
516.2361935441712 -1434.965223437497
531.0815680031887 -1432.7373688597902
545.5752576136107 -1429.4221343885235
559.3231600986825 -1424.098873876819
573.7681765875145 -1420.4978280643159
590.1128539829729 -1421.3682913179366
606.527328678743 -1422.0550620724318
622.207242063477 -1420.7248670744668
637.0977027102617 -1417.3999143506771
651.563000675153 -1413.0115555618047
668.140168830588 -1412.9960066451122
685.2134180390348 -1413.691469783723
700.1377078616365 -1409.7103213179132
715.0487718450574 -1405.5725715461563
730.8689563543841 -1403.051876673651
748.118282927759 -1403.003576171216
763.9972017470176 -1400.1190219844623
779.8897692106167 -1397.0583194271494
798.2731703491833 -1398.1630611272292
814.7331436904833 -1395.5880139110618
830.7048639134525 -1391.966389346572
848.2443422903403 -1390.7273405568858
867.4234334876264 -1391.8249124931403
882.9424043696429 -1386.776373668788
900.6251118384596 -1384.9109747294092
920.5663432375318 -1386.1650723121973
937.2473890944198 -1382.1965604195711
956.7829897838468 -1382.14590780434
975.2499103005484 -1380.2128866442206
994.9377570993217 -1379.6738235895364
1014.7051657387801 -1378.8826732623172
1035.1495329705253 -1378.6375319100025
1055.682717863055 -1378.1255382603115
1078.7643999263314 -1380.496783571618
1101.9888790199402 -1382.5500028991269
1125.352158243716 -1384.2826734219461
1152.679706108874 -1390.3112943239582
1207.9890541304328 -1428.776905293847
1335.3161284667585 -1548.8562996793946
1257.8850787178417 -1431.9780475758032
1127.9188929584366 -1259.8729979277336
1091.8896221745886 -1196.735999703959
1085.4168443546794 -1167.3501077188153
1075.04962363216 -1134.5648093997765
1072.498158602621 -1110.7131491946907
1074.5033516556714 -1092.001166336707
1079.792133455973 -1076.8815851924473
1084.1771099025768 -1061.0603160816522
1086.917783519164 -1043.8672003036534
1093.797765561968 -1030.8324054140162
1101.9972005577788 -1019.1188203358913
1110.813670151321 -1008.0143799594091
1116.531404032519 -994.1743427634669
1122.8403350427466 -980.9743024162725
1130.5183867278515 -969.0454980393106
1141.1328474126997 -959.6336929035913
1152.4415682411195 -950.7441463348323
1165.2385760278544 -942.9846557270049
1177.9913511714421 -935.068113329334
1197.7996462937635 -932.5234620847535
1230.3807640914856 -939.3972404439198
1248.7866880851846 -934.9501631965393
1272.8600648126564 -934.3812152462825
1297.032306000706 -933.4405161500601
1274.7221469284377 -899.26828484616
1295.4797058476775 -895.7440101596073
1313.7994329400854 -890.2247188245844
1314.6341978183887 -872.8235365332456
1345.436328296829 -875.1148990270633
1459.891081915303 -930.0962471401366
1481.319199885482 -924.2345092294679
1515.5657779381402 -925.8706025912907
1545.681359511273 -924.3755377872039
1553.4625996230468 -909.2601121639536
1548.0799295823144 -886.6253614827494
1636.629418094362 -916.9624571530229
1637.3070293882558 -897.1703804271547
1631.5874020243427 -874.1416072670696
1623.808620341352 -850.3731913137402
1619.1614846325922 -828.9011320310644
1610.8260164577398 -805.5063902309462
1603.0929593573537 -782.782833012376
1601.3945090389236 -763.2900015197271
1594.0312025287665 -741.3693582585503
1590.9512344084822 -721.7223633324152
1584.899530452642 -700.9867890131703
1581.3540773586774 -681.6181350441658
1575.7409152620332 -661.6052962070133
1568.9661223367618 -641.3815611315507
1566.5968381566647 -623.1936670711128
1558.4288461125143 -602.9432241964554
1554.6992443541715 -584.6633728946665
1548.8855626324496 -565.8219807225238
1544.7405760664487 -547.8116032486862
1536.6119037433468 -528.6292247636779
1532.0543476465266 -510.9153313978508
1525.396871761342 -492.7203909122416
1521.3966801058996 -475.5924113805297
1519.124202220984 -459.16299744911817
1511.8780467260422 -441.4179106332765
1510.2083533403834 -425.47823622475426
1504.512722064813 -408.5614631180067
1500.568043459385 -392.29650386980614
1496.4509933911643 -376.14282444119215
1491.1912316300259 -359.8676294274423
1487.706809975723 -344.1764773366395
1486.0123032487793 -329.01585766229834
1480.2511278029547 -313.090400105274
1474.322441745585 -297.30344391771854
1472.1567205867625 -282.410322104609
1464.9224661389744 -266.6892727525897
1461.4653358525989 -251.809594934844
1460.8194450778421 -237.5006292254096
1455.0913255921334 -222.47074905822535
1447.230501306559 -207.28694143135453
1445.160686635787 -193.06628344270925
1444.9364989194137 -179.14941833706092
1439.6109157704761 -164.68579536344606
1434.1416250368482 -150.33894816935728
1431.4920129998077 -136.65510132358034
1430.7152441917087 -123.0848895578139
1426.8187977031089 -109.31202368017308
1420.7948115557833 -95.48876088925971
1413.6393420983402 -81.73010749883895
1412.3444666998168 -68.40400121637678
1409.924915281263 -55.07025757269509
1406.380197710584 -41.758106848114686
1403.7099467107935 -28.53744041047624
1398.915803347931 -15.348457362643716
1392.9981827672323 -2.250068263125759
1391.9582969435423 10.77495104550652
1390.7967128834475 23.780316074374966
1389.5137073162664 36.76489059150022
1385.111490751965 49.620138924323896
1379.591729766837 62.351095892107985
1374.9539464055035 75.03762565494658
1371.1978476688175 87.70668474182884
1365.330666967306 100.16571189090389
1364.3337769399295 112.93513669725017
1361.2259097366587 125.51104597447126
1358.9971990934853 138.13983080944502
1356.6514228362475 150.73790802709456
1353.1961532264313 163.1844689092338
1350.6185576002233 175.70859929409306
1347.9251514635669 188.19879397042035
1344.1272879393139 200.50644333014546
1337.2543921142924 212.2891678137024
1332.2513551336897 224.2929484947031
1331.079124889701 236.92269474000926
1326.8385713733987 248.9967982039089
1322.4887773811483 261.01232480654124
1320.9681282579447 273.5766878348775
1315.4189351973723 285.2876178950132
1312.6922595982749 297.58197457301685
1308.8775362122158 309.62008203448323
1305.9234963841925 321.85217350778635
1301.8864788779242 333.8077232702089
1299.672748881846 346.23076959436423
1296.376588357756 358.37514026213586
1292.0366976669607 370.1042716341641
1289.3852686046857 382.7670689926481
1285.653829372865 395.11926176648007
1281.804060236927 407.4350882780325
1277.8363155246097 419.7134149946725
1272.8039336855957 431.63195710521035
1269.5483709397674 444.153052273856
1265.2289338788687 456.3121134440127
1262.6678319943285 469.12572520246835
1259.9771510249 481.9321310051617
1256.2262561672267 494.3638268685052
1252.3527136382265 506.76787649077573
1250.2033905121632 519.9110331122928
1247.9168977709771 533.0594866031936
1245.4929369908723 546.2118123089713
1242.019316026322 558.9561866707509
1238.415632660071 571.6841092624109
1234.6818835794402 584.3942559272172
1229.918358105212 596.6488350745178
1225.9287501633532 609.3108398206274
1227.156316159932 624.6730150316926
1223.7673629384233 637.8036072387312
1220.2391722261755 650.9265416041801
1218.32709482182 664.9985639255348
1213.6375592105949 677.6310757878139
1207.0808074331167 689.2430081811603
1202.140170398637 701.7998366442783
1201.3631926442251 716.8873547215591
1200.406818737789 732.0242274186156
1198.4212930934855 746.6795860743337
1194.5773320990163 760.290074665714
1187.228462592391 771.7153475281593
1182.2698355185564 784.7286384623194
1181.3096985222055 800.5225769317042
1180.1547260649793 816.3699054635059
1174.71925008128 829.3845208879143
1167.5197730953305 841.2006772651982
1160.2016228245584 852.9549779415447
1156.7652036727893 867.6463931647789
1154.7416053069264 883.5654050341618
1149.653669627739 896.6941730107727
1143.0462908389336 908.3199750084526
1138.6542034412928 921.7871798769361
1138.7406118488489 939.0664613998892
1134.012415954718 952.5632999756729
1129.8926501390897 966.701401241182
1128.6250948601603 983.4705868768491
1123.4060814251895 996.9768182946386
1118.0346572854867 1010.4689530651223
1117.6611640839863 1028.6858229306113
1114.859734573438 1044.9266827040276
1108.9616260921887 1058.4389977013168
1107.9296221127208 1076.8086888789314
1102.390479416998 1091.0253117553054
1095.979950646997 1104.519781524897
1092.9045659160863 1121.568370541792
1088.226867327138 1137.2063512078023
1084.039841787945 1153.5799154875954
1082.3575960383707 1172.9100708485878
1077.0559002762739 1188.5985813890513
1070.8935693358223 1203.5397638446277
1067.8382149743416 1222.2317892447454
1063.880288917974 1240.2075353955113
1058.3953028695792 1256.6814961889156
1052.6986318828522 1273.157331374238
1049.3106631347605 1292.7382303589884
1043.7841192084197 1310.0151573505948
1039.2621881786279 1328.8728698495468
1034.4835869574604 1347.7554334209253
1029.4475008345623 1366.659739300706
1024.7475515461888 1386.386834761529
1019.1868809944125 1405.3306022459203
1013.3664457270222 1424.2866448417547
1007.2855738521232 1443.251805025512
1001.5084960277061 1463.0480964015921
996.5694744785757 1484.5178619799412
990.7730711064942 1505.1819562997046
985.2255820867325 1526.7021819601423
982.5762918532502 1553.3151099142494
976.8901022371186 1575.754336231112
971.5799431978741 1600.130124076044
964.7199552693753 1622.916944241157
957.0146352030157 1644.850141504459
512.5889961283214 900.3046823426832
505.590640397012 907.6888808082532
501.84762245110886 921.1677175412572
490.8436334499109 921.4165873814567
468.33258565979827 899.3667712391913
441.7436975606363 868.0659569787639
423.35189018777385 851.5715924538812
401.37806609492424 826.7143690888036
387.6179817307302 817.7880533726299
376.99968927899897 815.0308179961899
374.69333432590554 830.3769657280573
354.0087144957996 804.5612655733753
353.5492134375728 824.3858039035325
331.15967581675983 792.5996903310892
322.58805691603305 792.8889868923254
313.3038709515869 791.2279598489625
303.00100003712447 786.6634566169338
298.42218322299493 796.9599742524221
292.3092405807861 803.4801228848689
302.753288953628 857.1006043795331
364.7390107908954 1064.2323308410055
361.6886940432604 1088.4807249562487
348.10323078269005 1081.3510719089584
327.8410085091451 1052.1046873480352
300.07924622074756 995.7672649708807
274.2422417428463 941.8875691099539
261.61725306647196 930.9379210763485
250.79094445997364 925.626761808924
241.09714853141173 924.0655631339274
231.45471586432308 922.4043118417029
221.86466714969998 920.6438342109032
212.1028498353562 917.8106455537113
202.4137030029628 914.8757800032901
192.5914058882253 910.8619820686321
183.2575836134836 908.7054847683859
173.98115139337204 906.4543887917563
164.58377412025 903.1257837623365
155.35220271674083 899.6858858018485
146.2404613752657 897.1592542334663
137.1900429760096 894.5411628920385
128.48643542274334 893.8121927521223
119.54275330442132 891.0165711884366
110.78671339675299 889.1244593051896
101.84825426162216 885.1598347777988
92.67933897668686 878.1227363682393
83.65187136284342 870.9921724203349
71.74852457696197 828.900566546452
56.41718392240082 731.8286010796968
58.439663766370565 864.0259288348201
50.31110492550592 864.5373287031479
42.08068697650061 862.9746321784817
33.923430115436275 862.332998840473
25.722148737071343 859.6152459468991
17.595503204506326 857.8195604362145
9.50491252806012 855.9472277178272
1.4510979276606168 853.9987671623445
-6.572931621221105 852.9746752218982
-14.560460954495982 850.8754274139033
-22.48257630038444 847.7019132707543
-30.23855585027631 841.456849600792
-35.97606038891437 793.1845454110243
-33.25943467324916 607.0896227125085
-36.27567398421425 564.8363262724796
-39.96980542708388 542.5296440325828
-44.407609848979334 534.1572466863113
-17.24491587621939 186.20314948040516
-16.25270842484613 159.17238915357441
-14.753832169652792 132.17913767425523
-14.071929086534446 116.15068149513178
-14.386053884041894 110.06380628365277
-15.003772148883806 106.9527317150169
-16.00897556939774 106.80689444609101
-17.0127629663411 106.65160990932623
-18.015045552857647 106.48689183992772
-21.304665700912054 119.10966047878897
-32.8019379836672 173.93398996319164
-90.0791305862435 454.1527829187293
-99.58081630754683 478.7532360449615
-92.99336352169196 426.9909066255656
-30.62751460492746 134.558371531187
-24.49215947775114 103.13163493378939
-22.814957688011642 92.2197251443217
-24.1758665027315 93.9389561302557
-25.05434105451092 93.70848411069431
-27.267249088319524 98.28782797048441
-43.10846780791181 149.92551485072258
-106.71060298523851 358.4534100975004
-138.3132877739004 449.18752701424626
-141.30001482337107 444.06115098138804
-145.13936158826104 441.7686789687019
-149.59021274576895 441.3374765988898
-153.38596021891107 438.9735153830156
-157.48927023513752 437.5181479216649
-161.9262552742652 436.96211260571954
-165.65411312867505 434.49247957076557
-170.07990858405608 433.853459933235
-175.25558653875908 435.02468824993775
-179.70331324856497 434.2887509566511
-185.71651778930266 437.1891753236985
-191.79961689306035 440.0146667551836
-197.13543496915372 440.9383406776083
-201.6719011502252 439.9823226976895
