-199.55942030193526 425.53030182203895
-202.19741611129973 420.9574858794103
-204.82902119123014 416.342493721026
-206.94187303296997 410.8224205001549
-209.88560241458595 407.07742985710513
-210.44414198805052 398.8912923377912
-213.24201745584602 395.1314236951557
-0 0
-218.6814764012182 387.56084925980775
-222.32212078489002 385.48394857595406
-223.40435597568603 379.06528953610217
-228.51226027338186 379.5143566516953
-232.0766805646925 377.34521904759
-235.62051214972598 375.1426052240679
-239.14344063710314 372.9067105862381
-241.0019583195059 368.127771413898
-246.12534005320308 368.33587523304755
-248.4569029066963 364.3489637668982
-253.01990126827997 363.63433496053403
-256.433664268322 361.2350700443155
-259.82467772980436 358.8037581221848
-263.19264081862417 356.34061488822556
-267.7405832094565 355.443357094573
-271.6857051143461 353.69885161888857
-275.6216634362997 351.91149262933595
-280.17199132458535 350.86272996318155
-0 0
-288.64717530798356 347.83158020329637
-295.78543388398657 349.67839095669297
-301.02479878278683 349.1490663280982
-304.96008582795105 347.04948645950867
-308.21533609819994 344.1617448146637
-312.79148216086116 342.72071528813615
-316.00561337119257 339.7594035753777
-319.8796232797956 337.49374306848426
-324.43364591032196 335.90446469396005
-329.68744800632464 334.97191916200524
-337.78485613065493 336.7942858315633
-345.9454016354899 338.4933959285758
-353.4461582332025 339.37562262217654
-363.9050810816195 342.88932903049044
-383.2197060674381 354.4385093095646
-396.19020902063795 359.5251288521892
-411.53140204509543 366.3917372578127
-422.518440374807 369.0517139145145
-433.59224230735583 371.53568793707984
-437.86103063302903 368.0512435150595
-440.5595394539124 363.24687499847346
-471.1983578882055 381.0618158822248
-457.55367713323034 362.90581772942085
-436.50455717565706 339.5184406845724
-431.7528951386024 329.29992034532137
-422.8432167938731 316.20818144287415
-397.5955349387755 291.49063552153603
-385.72455676286046 277.2031138174585
-391.60576716518193 275.836768982979
-387.61978803825406 267.5666270691825
-391.79599139195165 264.9998134512509
-412.6301441193376 273.42524419675414
-339.71247012267776 220.50042549425788
-331.6608676020963 210.83184982688158
-332.796032458362 207.14922345973895
-327.05972172824323 199.30112499191793
-339.2407811209271 202.33806469486458
-325.5982349160929 190.03891553975134
-310.01755903838506 177.02574131431118
-305.57071282400494 170.66499191172593
-312.44103013639506 170.63587749154127
-312.2806052947948 166.72379421281354
-317.39368990151604 165.60569317115963
-323.4042489393807 164.85961230075443
-324.95285969799176 161.78578112460096
-343.5603352143656 167.00388039621342
-331.57621003344696 157.30930341164017
-340.3128716483278 157.5187271103622
-344.52544723979815 155.51918275318016
-337.74681817823006 148.62061367953504
-343.7362149209187 147.38186642813278
-345.11819306050967 144.11603942187972
-347.39553158656963 141.21382592963315
-357.0881144365934 141.22350557934175
-363.04861382588234 139.70219754572713
-368.09773251537223 137.67011047079714
-371.26070308425943 134.87212590220912
-383.8343013029493 135.35224099835474
-390.77196414601735 133.66477485659308
-395.81308227038187 131.22882268625247
-398.93845368074824 128.09804906716386
-402.0398191983552 124.9199094578356
-413.73606390644915 124.28382607241628
-427.3759778764909 123.99505447441527
-447.7870764620304 125.34645648596425
-455.70875587285815 122.9370970082334
-466.52794912766274 121.14319082283144
-1814.32956935748 452.88874324175987
-1801.9918486513304 431.78047361380357
-1785.5202482690354 410.0505371552165
-1744.383338584489 383.3050587571633
-1729.3289823725765 362.91909666787745
-1714.0468499718947 342.8518573690763
-1622.8980664631283 308.71648137124095
-1463.3627861415644 264.08020777028696
-1432.2753874916555 244.5326448260612
-1419.7106756945368 228.61670393687604
-1348.6388772813116 204.13029830332198
-1158.4249991141548 164.16918537706823
-1142.0781289977926 150.86930524431168
-1130.5478790134623 138.5008781855256
-1121.868089704332 126.70039188239605
-1113.067142710683 115.07621742947777
-1111.1169658008039 104.28369148440729
-1104.080172692118 93.1180555431825
-1100.9211456595863 82.39314922725151
-1097.6583787516204 71.73620812647044
-1095.2913162516486 61.204023917804186
-1093.8224161673525 50.769300663050494
-1096.251565089323 40.51550368944887
-1099.5840426692016 30.24786120133756
-1100.8204191998127 19.88478495605369
-1106.9588559857905 9.544168619117363
-1114.9996268511184 -0.9122071401020798
-1120.9429349545392 -11.31090515846638
-1131.7867410379015 -21.972091634760115
-1142.5282366345466 -32.8363897643112
-1149.1674734632113 -43.750633528890916
-1169.68619822099 -55.45446502606027
-1186.0911879678843 -67.31785665730303
-1508.706439604447 -99.74406797435742
-1501.7282180966974 -113.35060199274513
-1487.6530136991623 -126.2438546298399
-1470.4822913616908 -138.60314134849585
-1437.2970941184224 -149.0035678725149
-1351.3842955289626 -152.84137462640658
-1290.346520959548 -158.13239974018882
-1270.9713836897288 -167.79672774466238
-1259.4508172261665 -178.2347861343043
-1191.4861924235797 -179.96014354284117
-1083.1232213403782 -173.93414671433075
-1083.42661083066 -184.3577471764883
-1073.7873864054995 -193.03276612131603
-1078.8192248266246 -204.33570452684233
-1098.4443588247727 -218.67782367225487
-1737.5322438639823 -362.77637951359816
-1740.9139790550078 -380.45041402377274
-1735.3423998680323 -396.21554136638645
-1704.3356990979037 -405.8864678459479
-1552.9483520959152 -385.1641412730176
-1450.5235349558764 -374.1463277103074
-1426.6884825630584 -382.2158731946096
-1410.5386458608302 -392.01623503765205
-1400.0968228355596 -403.2094823857341
-1395.3194135798797 -415.956408878503
-1391.381723130824 -428.9439363570714
-1386.3703167933265 -441.5906981746462
-1384.0940042450231 -455.11843229315343
-1385.4738297535964 -469.92687417076144
-1395.1931204989444 -487.7705982451364
-1395.2903475428755 -502.4478540641621
-1395.2347713572995 -517.1691529814444
-1395.0255807385804 -531.9329178430175
-1394.6619806437468 -546.7375602122661
-1390.4603109483305 -560.0188601087218
-1384.1959108167916 -572.7178017820579
-1383.338044111452 -587.6945258498686
-1387.820364692643 -605.1038219548607
-1399.399304399554 -625.9157985272814
-1414.3435138641826 -648.6666515170307
-1552.9651223185278 -730.0378954973503
-1550.519679969764 -746.8130435567267
-1543.4115221474447 -761.394689568103
-1538.8440398929113 -777.2612307879922
-1531.4494035230987 -791.7314724379382
-1523.9187026642512 -806.131371223143
-1516.252606395585 -820.459647757643
-1508.4517958257711 -834.7150290188902
-1501.3873335011258 -849.3886476768918
-1494.1801951374352 -864.0032085930333
-1486.8308668229831 -878.557325086085
-1481.908146465035 -894.6000477534997
-1474.2612222683754 -909.0532704499531
-1466.4734202141194 -923.4417728289657
-1459.3864263301787 -938.3049923363031
-1451.3133703541457 -952.5678458940812
-1443.1010256313868 -966.7618268330826
-1433.924455890646 -980.3211998109166
-1425.4406479249205 -994.3656064262192
-1416.8194084598097 -1008.3371280537058
-1411.2982808728293 -1024.5843852047506
-1404.7927311998137 -1040.2217947957868
-1398.1174965031328 -1055.8273845528975
-1389.688007704 -1070.1790697092179
-1381.1120454859708 -1084.4655447793432
-1371.6094370480273 -1098.0603590881483
-1364.2973702198053 -1113.469211793179
-1355.2789420414683 -1127.5584194439589
-1349.9293476562282 -1144.8103582412373
-1345.1310076904751 -1162.715172408792
-1335.612469627836 -1176.6644938021345
-1327.4385028399965 -1191.873743807585
-1316.1452209572476 -1204.33290968544
-1306.9290647934579 -1218.7310694316845
-1299.197892534967 -1234.2401857145555
-1294.7613881436123 -1253.3143850496676
-1286.5210471667594 -1268.902121992451
-447.1946148779367 -449.41403674582074
-440.8680111688457 -451.4381427482911
-430.3912381483258 -449.0516475029917
-420.68359257098393 -447.23742569419477
-411.7265098532214 -446.0160098966013
-403.50104976901616 -445.40756935115274
-394.6590837880809 -443.93716625616344
-396.3985441664363 -454.39761683214175
-396.6755337920737 -463.4096685339802
-398.10432531083137 -473.99783350644935
-401.2768303332134 -486.96807435162464
-400.468485829155 -495.3725788310289
-1179.3503214783964 -1487.123673145177
-1167.8204542534684 -1501.2659280178254
-1160.3749060083383 -1520.8875952897176
-1152.064500813285 -1539.700096111524
-1142.3197677628352 -1556.8771782572517
-1134.10583867603 -1576.4415455959472
-1123.3195793293403 -1592.7190972344602
-1113.4648488371108 -1610.5775456041072
-1103.373630466049 -1628.3905034088632
-1092.4927567126808 -1645.322028215245
-1083.5723983522566 -1665.5449130927507
-1071.6811471219855 -1681.5277336111067
-1062.762352997135 -1702.523180767884
-1051.4573711775279 -1720.0852875937408
-1041.9703308031567 -1741.016608113191
-1031.171819316287 -1760.1945003458961
-1022.094391268444 -1782.792207560261
-1010.726491456196 -1801.8845577529787
-1001.4951984176128 -1825.303089228325
-990.4947424623756 -1846.062069691697
-975.012043992211 -1858.804054780958
-857.1897600091866 -1672.0845419222658
-825.3628826292178 -1647.854699898625
-801.5372039147752 -1638.4486902983822
-786.5810528973991 -1646.7893754888082
-764.9390537506669 -1640.417094536336
-737.6905115731995 -1622.1395467514105
-717.7502944120056 -1619.0353655406911
-692.3847500587326 -1602.8472659258919
-665.06678151653 -1580.7944762439056
-641.2647345549236 -1565.772505894839
-616.6994258192999 -1547.6555877178055
-596.8738778778471 -1540.4043540275588
-579.3572835882077 -1538.532137445719
-564.3350924294309 -1543.0407977278712
-518.8384074096845 -1461.6455476607803
-500.9883382770069 -1455.1741081088694
-476.34575279384967 -1427.627305635214
-439.9758593282505 -1361.683606131897
-407.8911255869295 -1304.7274924931367
-389.6612460146129 -1289.4080476537827
-382.1262772115508 -1309.379818182807
-358.79902540318403 -1274.456456443187
-338.2671453856707 -1246.9319702183554
-323.59771667328397 -1239.4537174755
-384.0648996778632 -1530.5483177069036
-369.93935642025707 -1536.081011070499
-356.86756973867955 -1546.3552430372551
-346.2204504692102 -1568.237035551991
-424.5033931396645 -2013.7429997924044
-405.69984563621773 -2019.6553258540798
-384.3834089034784 -2012.622765189677
-361.0991179266416 -1993.560489935683
-346.99351916558373 -2025.4926555426173
-300.7391773812433 -1861.8678651257865
-259.4359592244913 -1709.4250445870002
-243.70673972902995 -1715.7785477766781
-260.9402919868759 -1971.8091094266208
-245.19325287572286 -1999.0188265107015
-226.4810400206195 -2004.2443310412975
-207.38305165256003 -2006.3103623037168
-194.52001574479405 -2074.901916591395
-175.50523979296625 -2085.6286608131404
-154.6678136928431 -2074.241516171026
-133.93357050262355 -2060.652032414114
-114.15435028201786 -2049.8238422634495
-94.00624985637924 -2039.8349994516566
-73.95065539596116 -2026.6512528223764
-54.371443905019305 -2021.2688455739092
-34.76365555293205 -2007.6990532080742
-15.451799643820413 -1997.9402498292504
3.758497281422238 -2035.9965308659505
23.662220019445993 -2070.864819186359
44.40232998948541 -2113.533636612274
65.93144727822877 -2154.9916575847337
88.45959357867177 -2201.2232736149
111.53130750272909 -2240.2253831806147
135.65465306490663 -2283.97500316922
161.03929331057137 -2333.449666483087
187.54076059862692 -2384.636757058418
214.77347793607072 -2432.537019898206
242.45329047066735 -2475.1536117865385
170.90732521162252 -1587.8286073090537
190.88825601389772 -1626.83916651769
209.61510075811466 -1649.7364970001013
219.58089237492362 -1605.049604125627
228.13017667217153 -1556.3693721258858
369.5648851604845 -2363.27861151755
390.38362047771056 -2348.778752642044
411.3054317446599 -2336.0676021505324
433.66511785442924 -2332.020275545713
455.60053324924485 -2325.7962408824646
477.65816287994363 -2320.345594827236
500.4972006425704 -2318.59581474412
516.5154420017428 -2286.383125850465
533.5708450252052 -2260.8916721813735
568.5889539452181 -2310.0535927660817
598.6376383084863 -2335.49865724655
618.4076529942504 -2319.9941755784953
636.0681386117415 -2297.5798839306967
656.3926519150103 -2285.614290844363
692.2336453254992 -2326.1860588266304
728.9109151122035 -2366.276585234763
784.326881421212 -2462.090035534866
806.9387566553582 -2451.613926173431
790.0982057151709 -2327.5542582989697
802.3799836727733 -2291.586865427815
817.4423517781129 -2265.005960592481
835.5551470319641 -2247.7214231902476
855.9142777349217 -2236.8361024378846
878.7057537903296 -2232.2807167235414
917.9948129946442 -2268.280080438685
957.2821266296769 -2301.8818236467664
601.3612936343759 -1407.9508494682582
473.0328384386957 -1078.8530640261586
470.18692188939093 -1045.102989415005
463.3888072309962 -1004.2443992042149
471.24930218454847 -996.1566619716882
483.7964309600268 -997.9088201786474
495.0852859748274 -996.8247386633335
1194.5901267856937 -2348.6548126504545
1232.6719094831517 -2367.2940171366886
1254.286565289552 -2353.6470024483574
1280.540134119113 -2348.582969560625
787.1064689113026 -1411.353749631176
794.6065851461834 -1393.3471838857395
804.8570636218493 -1380.5104516583765
816.4707727229608 -1370.182643770228
819.6395452576444 -1346.09324188551
821.895314598682 -1321.2206824905268
830.1872416717853 -1306.5577460508175
843.7177771803306 -1300.246250704028
856.0987423731905 -1292.128067687968
868.9618601002146 -1284.720314189503
882.8978118524518 -1278.8305023833896
899.1042925377885 -1276.0613116696716
913.5867719205912 -1270.6629018633203
928.0479413773054 -1265.1039556120857
942.4860526379858 -1259.3843895264336
955.6857846647885 -1251.9144064150903
970.6717409001603 -1246.6741239866383
986.2663607095577 -1242.044550623175
1001.2314504474189 -1236.4532270308318
1015.5427193166257 -1229.9178774385682
1029.1762171453333 -1222.4566716503377
1043.070930758942 -1215.8976245579536
1059.7766194142057 -1212.012176895512
1075.836186578176 -1207.1725227360537
1091.2261263847597 -1201.3969123879554
1107.2819095259927 -1196.17171544744
1124.7083626667818 -1192.204721911219
1138.6928456976443 -1184.4102343179077
1155.4295332386553 -1179.3148831927388
1173.5841779621894 -1175.423828768505
1188.2017586713037 -1167.7896131968382
1204.2191107180324 -1161.372176944786
1223.1260915295122 -1157.5053193051594
1239.8684205685547 -1151.3428245647935
1259.5596635343538 -1147.6608619262163
1277.0546760795844 -1141.7094001116343
1296.052593979266 -1136.848131299698
1316.587828580876 -1133.033754851414
1337.9298750805622 -1129.5771993834292
1359.3231565473611 -1125.8177277313227
1381.5399929595953 -1122.3846256311608
1403.8122369510822 -1118.6313974613793
1432.439177713069 -1119.4829173116966
1475.4925102237091 -1130.841656587578
1660.3815437201704 -1247.8229559009658
1537.6514373198863 -1133.0172361037087
1326.9866004529677 -958.5799717385484
1318.0282735418593 -933.2879888567438
1302.1398051742535 -903.6907257357229
1291.600186932319 -878.4150255524994
1288.1904059956184 -858.4110192098209
1285.35635139924 -839.097163573822
1285.643293568078 -822.0689275866256
1289.96161760032 -807.7642138136383
1290.7146346097218 -791.3606838883848
1293.8457183459334 -776.5592425036838
1296.8127210714463 -761.769496939377
1303.084100363882 -748.9865335096833
1305.7431431278155 -734.1926478620531
1311.7443528045264 -721.3430202652786
1318.5001564207307 -708.9191332715666
1325.0165280808262 -696.6636206323915
1334.187840192874 -685.5237465481952
1343.2666168434828 -674.2727905483538
1354.9453062655668 -664.2320505884289
1378.279745052604 -659.643043151164
1404.3645468887275 -655.9422378853328
1427.7701784712103 -650.5638458047663
1445.7144347475191 -642.3657627572169
1460.8769613756035 -632.6946370264121
1429.9178107251744 -603.3564904523071
1463.286043227987 -601.2636324393665
1471.6697911666786 -588.5686245183517
1470.6244185886032 -572.1431809004916
1507.7492298692264 -570.294888482051
1622.872245997087 -596.4282632239774
1638.777967603331 -584.8134513653865
1668.7822032974502 -577.8598082214294
1690.266741384615 -567.5273940252005
1714.5560975388298 -557.7691174602791
1697.7957302676946 -534.6865046780081
1782.154703400606 -542.8568993271604
1790.0666135411993 -526.8942200149314
1769.9398833129494 -502.90437406940794
1763.024645283571 -483.040474621681
1748.158054957926 -461.3105406184872
1736.9172963714186 -440.8880873484811
1727.3913654412443 -421.1924389148425
1716.6759902685787 -401.48791318717736
1706.7197980338512 -382.2414564111142
1695.5767159211707 -363.00909138198915
1686.1835959479974 -344.42108059159364
1675.6102658203492 -325.85155681300336
1665.8213064412225 -307.6936382287728
1655.840082773162 -289.74923689591986
1644.683137887798 -271.8572712795194
1637.289695269454 -254.81650999191424
1625.7639939082146 -237.3614040058127
1619.0100940228822 -220.82190890402575
1608.1214311503295 -203.92759174524713
1600.0388840887792 -187.60748760093222
1591.7672578704905 -171.69157455000257
1583.3519799384003 -155.81241165307648
1572.7876492543603 -139.9285901913671
1566.0531530473038 -124.57335923301562
1555.1795070169394 -109.07658297979897
1547.1485014361338 -93.97613794961836
1536.9744903099868 -78.93298509721124
1531.65098578023 -64.29819405278279
1525.1892327663456 -49.737352700018214
1516.5902455899416 -35.25658777364253
1507.8545919575556 -20.941096258639828
1503.9845605195312 -6.814816129040091
1494.9825990039217 7.2130905636293985
1486.8504883034905 21.086143119871064
1479.5900739980177 34.83120621713194
1470.2043103306053 48.37650137525079
1460.6953927388004 61.7492480249108
1456.0590719152112 75.20624371296262
1447.306587873549 88.33821765139396
1438.4365356771675 101.31304372620738
1433.4384005263194 114.4480314227706
1428.3207483206304 127.49839182042334
1419.1040682247726 140.0701379591649
1405.8010662412157 152.05052500751498
1401.3375230841946 164.845826141441
1396.7578740550982 177.57094713122999
1391.0722491331126 190.08944655541453
1382.3065458743797 202.08318394374356
1376.403047946853 214.39134684639998
1372.3637925084854 226.93307606368612
1366.2404490222343 239.07328469639518
1356.0769066776425 250.39253817874888
1348.766748285706 262.1149723285624
1341.35637544974 273.72262244896103
1335.8030831094777 285.6328467722397
1332.096390665596 297.89965756222705
1323.4081274929888 308.9853201780004
1318.516109507253 320.88045900281526
1308.6705982003957 331.4834315705962
1302.6108797170814 342.94882423284565
1299.375089576121 355.01179781670373
1291.1170263994518 366.03391119053055
1285.645684408979 377.77661939374764
1278.1545759521114 388.8661466014732
1273.430892639434 400.747753170912
1265.744011002837 411.6468129482483
1257.017456090579 422.1174185976809
1249.151664075394 432.7864602060396
1244.9639797939521 444.6894298446994
1239.724402702596 456.20653803260166
1234.3784767855354 467.6641701569849
1227.9951487178923 478.6981457299805
1220.5856123814347 489.28086294830484
1214.0107947076415 500.1467687922422
1206.4189906985623 510.54208336028705
1198.739598365267 520.8381469430581
1192.8004666411023 531.8487066645633
1186.7604422993093 542.7933792830823
1181.5256252718316 554.0958372213306
1175.2818791945983 564.9145992420566
1170.7335601296652 576.5482904199088
1165.1772951929422 587.6962402184137
1160.4033975052462 599.2494931648102
1152.862734285536 609.3632052361528
1149.6328674000604 621.766250445869
1142.7709591263472 632.2266484240034
1138.4252502893887 644.0900166153349
1132.225796618017 654.926519139893
1125.923194991099 665.7033565943882
1122.9416220941937 678.4881084945123
1118.9673340371298 690.7511167981115
1113.1692773273035 701.9331592214523
1107.2596268503971 713.0674012652095
1100.4032295731624 723.6032976327248
1095.9373501425341 735.7454210272466
1088.8650154246695 746.1722175102973
1083.3324125218223 757.6772954098915
1076.0513204671806 767.9827834794456
1068.6721980602003 778.2183068350294
1061.1957175531768 788.3829330007076
1053.0431153347208 797.5846019364628
1046.603219541715 807.654443957883
1040.0672850292642 817.6729435488589
1031.8746334529926 826.3889767151135
1025.934045046158 836.9201486493366
1020.6564662719948 848.0503392235419
1019.0781812165233 862.3831286431936
1013.5364434241025 873.491773201798
1007.8770614034231 884.5704206544555
1002.1001271276281 895.6178511010103
995.4661713392486 905.9597682674313
987.2601237212964 914.8953208481344
982.6104756350943 927.1880354988268
977.098037487146 938.7781554439621
972.8859268633264 951.742598243499
966.393645093243 962.589903709464
960.4867996367461 974.109392072349
953.7549165981873 984.8820026098481
945.5283806947446 994.1630053973917
941.3075776875937 1007.7604101114086
936.9180882529632 1021.3620787479886
931.02086107789 1033.4801189368784
922.9932503616255 1043.3275898714082
914.8636530868142 1053.114189563814
909.2284568323087 1065.8820822616067
902.7950062284558 1077.8669568777782
896.2191157280016 1089.822139894267
888.8726221985376 1100.9679657037693
882.640093860115 1113.6370435247775
876.8651474558125 1127.0720975950458
869.7055462752858 1138.903535325976
861.8039318468954 1149.8969445360012
854.3670927936561 1161.6457595804825
848.5438445078431 1175.786266269448
841.9568513519283 1189.0995166349817
833.4870023350315 1199.9251713913511
825.4532853262323 1211.5208928219645
820.6115832884784 1228.0576653287812
812.7979610927258 1240.4226999065713
804.2873248530063 1251.9049081622752
798.5047873672737 1268.6177929351081
789.2962305879399 1280.245078248563
781.4908214122565 1294.3786525002631
775.0170650956061 1311.0597045179115
765.7959138207335 1323.4038001968515
757.8902657006554 1338.29979644181
750.7427308503788 1354.9119351733957
741.4452734408245 1367.989366366662
733.8424634806341 1384.5447767380708
724.1551157650549 1397.5247290517975
716.0967192114086 1414.0121953981363
707.793861477056 1430.4698003297372
699.2464089196767 1446.8944189583897
690.8809980797204 1464.1872989793244
682.6722822073475 1482.3570943284253
673.3652181228242 1498.6755095825117
664.2146273855166 1515.864086508787
654.4093526984642 1532.0915113336987
646.2804921670576 1552.8829722307814
635.9428291860701 1569.0206238309352
626.0945398505988 1586.9598694262143
615.6088454745593 1603.9170020214513
605.9104237259941 1623.6260525195405
596.2391109335807 1644.2323201400504
585.9043138974072 1663.8546015071174
575.2556842377362 1683.4256436659666
563.6642030236917 1701.0428172828767
552.4058527563876 1720.4931775047783
542.3182614262008 1744.6546659220737
530.3888263732636 1763.9874412416864
519.2624305337824 1787.0891215146905
268.4602406297411 957.0606559675418
259.8091797167139 960.4812284136157
250.86556719166393 962.8558911891253
240.19844645684765 958.3572957512855
226.12557650392762 939.1609146737137
213.5561395394919 924.659275227902
198.68477798247235 898.2896854567883
185.56412916882323 877.5961223511738
169.68174383176083 841.0541634224354
161.8762557010644 842.5912875411208
152.64191852131174 837.1985694625458
143.35416839067878 830.7217238070863
133.55986635581954 820.1967825461251
125.49148460082355 819.4466958214434
116.45514791959128 811.6884861343211
107.57695450409005 803.8334397495696
99.96729843524996 804.8152205590782
92.23482442074845 804.7314689783628
84.30396134016641 802.5844766143659
76.89726740260913 805.3370786608622
69.61727929547105 810.0138482911859
74.52390188719959 975.1564941318429
73.50681943780073 1098.5434663663239
62.4799876466552 1088.2078161563047
50.98512996803356 1063.7788851646487
39.49714610428994 1027.240952965572
28.35761242058823 978.5892119872381
18.064270467561414 925.8237856808794
9.234167708905693 918.9536060904945
0.5362691638514352 912.9998425056731
-8.04814878292821 906.9642921863947
-16.554988856223506 902.8482332839613
-25.01246574283414 899.6523642815949
-33.373714002225704 895.378241422974
-41.65634184940796 891.0267948741638
-49.74734150325862 884.6022846530288
-57.851721935299416 880.1006637136009
-65.87540146192393 875.525231779319
-73.98663150228933 872.8699664663371
-82.05353155078919 870.139769209547
-89.66222152676004 863.3566389568601
-97.48807371823898 859.4888454672971
-105.37089575115937 856.5430370556977
-113.07524375726754 852.5338639897154
-14.789831875135508 103.95316672956734
-12.467897636429752 82.05822035925169
-14.360605317028572 88.8469077398225
-15.876096766791143 92.64960632108203
-16.930129960854657 93.47925277572864
-17.234151974064286 90.37136717863052
-18.27540706372537 91.18667389841093
-20.15610753644015 95.90480347187757
-19.76356664670752 89.85210867531796
-21.275191328885118 92.58707379499221
-194.37019280297412 811.0340486993962
-199.77027467272197 800.4478979653736
-206.24553962796077 794.6721194200607
-22.90265215665223 84.96745567681424
-24.235150188452664 86.67558765502051
-25.601567831770204 88.3660552732511
-25.27817751649689 84.29124356328165
-26.3618871360658 85.00618157890241
-28.376533241767007 88.5650741612002
-28.575850853926003 86.39687927219465
-29.382915146601587 86.12574700684814
-266.37899099605573 757.5296912701991
-245.18972838584216 676.9652849992214
-215.53230203256547 578.1304582709191
-194.07619951506894 506.0616847596616
-192.20004358295012 487.4783515672384
-191.87113693380002 473.61003664590027
-191.29998217623063 459.79160151026446
-194.02231317340136 454.303138874081
-195.85613945835348 446.97245176461377
-199.20957557833046 443.2962271415148
-201.67461501212696 437.78002428127115
