-212.35753400728763 432.69883030849957
-214.11595645027177 426.2433075056843
-216.30968441371888 420.64132040116715
-217.4853287005249 413.26641745976
-219.96321657748277 408.54887510907116
-222.8538031123494 404.6976432330218
-225.6912934489167 400.8284421811344
-227.47789771483323 395.2085601947911
-229.685577519801 390.4529875406199
-233.3692639305015 388.26252285346305
-234.41581418776425 381.7764084627121
-236.42333704066817 377.0000075630697
-239.44016740423845 373.90427415774514
-240.23074132200063 367.43732924661043
-244.25132779662417 365.97990227550207
-247.70282937566571 363.6527303888833
-251.13215977029517 361.2930089679386
-254.5390120307826 358.90094922470337
-257.33689239839975 355.66659079921243
-260.09640959912673 352.4114891907517
-264.02024798742013 350.73395708522605
-266.7176827646263 347.4272264815585
-269.992657256885 344.8883370416666
-273.8673089933132 343.1001268795468
-276.4698164178242 339.71817821525923
-280.30994056097416 337.856977466358
-284.1395369972586 335.95345438763314
-287.9581479969878 334.00764213135136
-290.4451104730242 330.51722769367524
-294.2262219868209 328.49951338679637
-300.0176837830604 328.6554265753839
-303.1135732724583 325.8023353169864
-306.1823319174178 322.92008240679644
-310.613454412948 321.44716819044385
-312.93901741286425 317.78164103779034
-315.22308831532945 314.10094650119413
-325.3307273502266 318.0957683493644
-326.16079798226895 312.9267228275168
-335.65972240524326 315.99612458831683
-339.36881523231966 313.4849394274176
-343.06037103934597 310.9317960941696
-348.91714566442477 310.3962394446662
-354.1069477509465 309.0441223426008
-362.340799493851 310.2227345346515
-365.2680938191567 306.77063033758577
-376.6526209807308 310.28503526329774
-391.247275955835 316.1242936838906
-409.1206309612196 324.1979477447282
-424.02263338298025 329.5053965854926
-440.6519280890967 335.7705738616199
-451.82926966915795 337.55934451624256
-466.3065461060038 341.52921552729475
-477.6495083942709 342.9211966774747
-500.5097088729696 352.18465515109426
-499.71269699072565 344.5812247732821
-537.7609979641286 363.3374589395161
-449.4582173097116 297.503463665175
-454.77812263249245 294.85735394401416
-460.08805306037704 292.13692582607854
-411.0353005511703 255.55035061766029
-405.75366932331525 246.9594295236886
-405.50138426066883 241.56288490304428
-409.5031049422448 238.7115561565063
-407.4063773331743 232.3382097466088
-412.21261644136655 229.92337603332734
-382.7708015652411 208.76425333160577
-345.90805415544776 184.42239037164606
-344.9818795463955 179.74566137917282
-349.34546145427555 177.82505043243842
-348.3307055829181 173.16673915075737
-349.058513848088 169.41710040655332
-344.32417951734993 163.10076455891854
-305.0071224315079 140.94912297013826
-332.77008018020763 149.96357470018575
-331.4313877855073 145.5927030814824
-330.03995671680985 141.2608472662056
-337.8266440555413 140.81604513041322
-344.70739157512264 139.8599806716527
-347.8792778925124 137.31718032709583
-347.29937564126885 133.2934494984088
-355.1072292380958 132.4381204292876
-357.26007979037735 129.48063711680302
-345.2546718886946 121.47103168669405
-362.46971867968415 123.71217822134831
-368.363282337038 121.8708013672004
-372.3492308180036 119.31911124895737
-376.3195004728938 116.70318574842628
-380.27323525238904 114.02309656679722
-390.93324672654416 113.226307030844
-396.7955397673576 110.89319014588473
-400.7169167335192 107.93957867057777
-404.6175681580561 104.92198786651355
-407.5263364127379 101.59864728436084
-413.3257990211903 98.92817527628127
-418.1359560876042 95.93394720694617
-429.7631364733179 94.35913590435398
-443.35411167302743 92.98457755252053
-460.8784542042839 92.14689604251318
-477.4423452667147 90.80091930272077
-1824.5289882356828 329.2566948258991
-1805.856649966505 308.3922174305832
-1762.273508419643 283.9314732859366
-1747.0670659559344 264.66141965183175
-1734.625898038281 246.12394002796088
-1598.0719495169085 211.44749742483998
-1480.882672244867 181.79799516194151
-1445.7607258906387 163.7098759152108
-1432.3154391071025 148.56810860823373
-1364.9527469625161 128.6273631832735
-1172.7944640763455 99.40897862807697
-1153.7333651253862 86.88108077396495
-1137.5356550593501 74.91751109517097
-1127.2069501153735 63.604179199153236
-1119.763733658197 52.63250691212244
-1117.211030934246 41.994194346830504
-1114.5575377186328 31.40851977694372
-1107.8047229702408 20.80134045747795
-1099.9516404071076 10.314492993513735
-1099.9999997579691 -0.023075266551136103
-1099.9512066941627 -10.36064148859928
-1100.8050884937693 -20.716108375481124
-1106.5633250217386 -31.090315483030217
-1110.2215053288119 -41.58376011650486
-1114.778755537463 -52.19507833450799
-1116.2389241610836 -62.72690162686681
-1122.5887154664497 -73.61776896501607
-1130.8262271427857 -84.78233310078613
-1140.945237696093 -96.27546197555155
-1151.9428617532428 -108.05851773807171
-1175.75010924158 -121.3906117391798
-1208.3499665967845 -136.18501468792243
-1505.8021293953711 -183.98083353536123
-1491.1275800893347 -196.35310004409055
-1483.2856773081837 -209.44593453300175
-1458.5197585391754 -219.87522359471427
-1406.0435436743933 -225.42749009726924
-1333.8780542336374 -226.66789899296592
-1284.4563093089928 -230.64472566334737
-1264.5577924807503 -239.29602896039015
-1243.6305459747716 -247.4006166493759
-1165.8868896585302 -243.28740313127201
-1078.565807959493 -235.60941810692975
-1074.3661498514912 -245.23738714413702
-1069.108110240403 -254.5758209614461
-1083.181475586901 -268.6519885379298
-1697.4295132495783 -437.88360045713006
-1729.0007498277262 -463.3102708716492
-1719.7764740565783 -478.1149226718646
-1710.4269260642068 -492.7877135182537
-1637.7070324986187 -488.4635868768194
-1439.0882111821052 -443.9156681585917
-1420.5836372473775 -452.7947985401459
-1401.0901819000044 -461.0545544546898
-1387.2493468441526 -470.91851702865983
-1379.9545347801911 -482.8762594491328
-1375.3798945051162 -495.7561354043896
-1368.8099600726846 -507.8969316759215
-1364.936140365704 -521.0281496460392
-1363.7289724579791 -535.2273252354597
-1374.4317050521063 -554.3117247069199
-1373.8088648442838 -569.0502639268876
-1375.8359506362326 -584.8935261540295
-1375.861857415075 -600.0042910766055
-1372.9867579481552 -613.9408460910661
-1369.0622311827892 -627.4588489684427
-1362.2894042696346 -639.681623164746
-1361.7160970345315 -654.8666055595158
-1363.669379309561 -671.4207503000462
-1376.1484453895557 -693.4669828131033
-1386.5569433587727 -714.8844961415633
-1516.0980008153886 -799.5266424101087
-1522.7139578614747 -821.1225258960094
-1516.798293415446 -836.1500685235815
-1508.9922591512689 -850.1566689861049
-1501.923548112167 -864.5892988154314
-1493.8548625029423 -878.4569709304578
-1486.5154118695818 -892.7642075454233
-1479.039016904317 -907.0107973308321
-1470.5785761532911 -920.6647877262162
-1461.992090096511 -934.2398666805199
-1454.1179202235503 -948.2811155373372
-1446.1090017007373 -962.2565953009088
-1436.3111414937957 -975.041693888415
-1428.0448385131665 -988.8664920988598
-1418.8287676826817 -1002.0448732447278
-1411.1139898995652 -1016.3062075524925
-1404.062627594939 -1031.1023895769013
-1396.8580420925514 -1045.8549661599181
-1390.2953465392002 -1061.1690955693373
-1383.5685503558866 -1076.4511444864138
-1375.1106093637604 -1090.4566988263343
-1366.5117963260484 -1104.397804462575
-1357.0006803446695 -1117.6373085863336
-1348.893445643692 -1132.0810361009887
-1339.1148917174728 -1145.1704269585819
-1331.4713690948784 -1160.146539571881
-1324.4129026949938 -1175.7429409420333
-1318.662767008393 -1192.6493646104745
-1309.7710130958153 -1206.8392159910788
-1299.2711399993357 -1219.5976815183058
-1289.3699733668818 -1232.9562327105882
-1282.1804787301312 -1249.0449231166072
-1273.6953916304649 -1264.8023756062908
-1265.728488695289 -1281.2230067030252
-1253.387781882267 -1293.2981358635952
-1241.6209068017306 -1305.9791437051545
-1244.0489576230918 -1333.9108632277116
-435.37646780379004 -475.8910918295229
-429.4584981474066 -478.55448840124143
-416.92227260122417 -473.64207858786204
-405.82744404768613 -470.0479610185776
-397.42532389181235 -469.3379506597438
-387.15784761111945 -466.20253220368204
-382.6707701005301 -469.89262785307375
-385.0126055011836 -482.1351403965386
-384.6883010188708 -491.3154903513776
-386.0497016831794 -502.91314143729454
-388.4260913427696 -516.1793986243333
-1127.8230836726552 -1529.0569289385867
-1118.9713234224344 -1547.9028320144148
-1109.283288653536 -1565.9028020646736
-1097.0716838149058 -1580.5725926294963
-1088.616612786493 -1600.9403081830571
-1078.208188116193 -1618.7934096354593
-1065.9180201444988 -1634.0807123062289
-1056.124987368716 -1653.4944847369252
-1043.9364055391416 -1669.4782961122964
-1033.6262190294588 -1688.791532230922
-1022.5273188127451 -1707.2017696457613
-1010.1587890483353 -1723.82807173697
-1000.5488278548003 -1745.5789993805454
-988.6582284982406 -1763.8137393791671
-977.9512144182518 -1784.6110002512778
-966.463602698369 -1804.482503284332
-954.6843490672836 -1824.2967942870416
-944.4340998951634 -1847.6117641309856
-932.0375317178868 -1867.317605408686
-919.7874397024575 -1887.8535604663828
-904.6526092317885 -1902.9063709521067
-812.7500178712575 -1752.7297020505675
-768.7205192233173 -1700.30137426429
-744.0455036661175 -1687.226211411568
-723.1942847507187 -1683.215383278057
-704.8034261078857 -1684.4964026517202
-670.9899766458554 -1647.6084034869434
-646.7851794035084 -1632.545537405916
-622.5697673028469 -1616.2397361902965
-603.6322786038089 -1612.7343464525004
-579.6944830980094 -1594.9179622368456
-559.1455380457948 -1585.2814473409694
-541.0987830916608 -1582.022789638861
-517.5025550286788 -1561.4788200737112
-509.31882286668366 -1587.2880446452357
-467.1916521024215 -1505.1604433434363
-446.21680006586337 -1487.5145603788158
-427.2904421496554 -1475.3707595203152
-388.19124541092464 -1389.8045031537044
-357.2597687730092 -1327.7765089111406
-341.83227106441257 -1320.4721498232918
-330.438662557158 -1328.5222204718432
-308.94171344019634 -1294.648994012136
-291.2408903044832 -1274.1380395446374
-279.2978422818025 -1277.8328197760181
-323.46853416091517 -1550.62055558663
-310.4292743443455 -1562.4604525011323
-296.0804694714089 -1568.296003819939
-283.76226425506036 -1585.812087665131
-337.8371628896061 -1997.6341134879285
-321.14327813673185 -2015.5763431107225
-303.3982297399595 -2028.4354843550384
-280.5897998692365 -2006.4758568717793
-266.09983491556085 -2044.7579020162536
-221.72464133769572 -1840.6939407255272
-190.95659077243369 -1723.453387951229
-175.62942368213575 -1736.1391953230827
-185.23796921844186 -2023.539200203403
-165.37227517029834 -2018.2361136906154
-146.20184523626546 -2020.7179467826554
-127.24973839421908 -2027.0097444458927
-111.75126499016596 -2100.0287271304405
-91.55709407984054 -2097.0022171003197
-71.56023269653757 -2081.770432371547
-51.35020602826374 -2069.3629832247543
-31.39901706188325 -2057.7604578102737
-11.674175507914356 -2045.966694163473
7.8224960779030885 -2033.9849577996174
27.089216871402893 -2021.8185315030858
46.17014271669053 -2011.470188176181
65.47831492076577 -2013.9358456204948
86.39329228043275 -2053.183186919508
107.65118698830867 -2084.2217305123772
130.1820514442751 -2126.018022849703
153.6622406632456 -2169.56514439976
177.90573403068237 -2211.856810419473
203.23990568786712 -2256.867196078668
229.9457683129619 -2306.5664836797923
257.1843198742376 -2351.9804900574377
285.6654993026601 -2400.059212292097
316.10940727738785 -2455.73834979029
229.43023227813146 -1657.1936424319285
247.74071083165552 -1671.742964751647
266.9739688110469 -1690.0431651225
282.2771274903307 -1682.4849548497625
298.3347018861971 -1679.7120008056363
440.59018327616604 -2350.0555930446994
462.62961478157064 -2343.777898933057
483.1682716642222 -2330.4395339199446
504.76862957799545 -2322.786608923418
526.4886114990637 -2315.909053041977
548.3542863861728 -2309.801631439789
570.1513452790095 -2303.4878865486867
591.3787886774035 -2295.031836010657
603.1812401004538 -2251.6068465855396
627.3400046715842 -2255.377023590215
668.2557509917926 -2316.5394991811377
691.210966693362 -2312.9252905190924
709.4304629734169 -2293.7980334382805
727.0433956193003 -2273.5823936876263
749.9812907461434 -2270.332368515841
795.8367019143323 -2334.052258173779
838.9945910942266 -2385.776409497468
885.9344702842158 -2446.5330805779486
883.2359534032744 -2367.6197436699604
878.7438389083516 -2288.0581866684715
890.0763463478853 -2252.520387848243
907.2063380831368 -2232.728523610021
925.194146128163 -2215.5849773750906
946.0898820983044 -2205.6549900179803
971.3135892121231 -2205.595137692288
1028.3342299726598 -2275.420337314962
1055.2425104272713 -2276.30056103915
507.43133929312273 -1067.538025506908
498.8537077951855 -1023.9462770179867
496.63119020312615 -994.9379181222447
504.3671388976722 -986.5484221264439
515.6977985185235 -985.1902255925748
529.8824877317111 -988.9937053365169
1178.7530654537231 -2150.0802800554798
1300.6549877022383 -2319.1760612263333
1329.8903345605584 -2318.6894354446017
1353.1659721130636 -2307.5022972719457
831.8764647684908 -1387.7699907997285
841.021101839796 -1372.8741771408534
849.9564006437306 -1357.9315582917845
861.3757965185006 -1347.157280042727
866.105257913015 -1326.2419395477696
863.8547305747951 -1295.3779388516498
872.9104428550513 -1282.0407008962695
885.2141469164127 -1273.5764264852926
898.5930171606344 -1266.6252758847613
910.7471028047837 -1257.9144306083354
924.5993990574851 -1251.4998806482315
939.6163052866794 -1246.5320689173664
955.232580560699 -1242.1834474164223
969.6174923223564 -1236.075612000538
983.3483717337159 -1229.0248084593939
997.0331935934578 -1221.8239688567376
1013.2289986525931 -1217.5479441440748
1029.4344806113031 -1213.0728132014733
1041.7212170213654 -1203.860833322326
1055.910731357044 -1196.7742173881556
1070.3043600866038 -1190.6509046650094
1086.9085079560543 -1186.3856435968632
1101.4797447785284 -1179.7196157742856
1116.7110592408562 -1173.608286511801
1131.9248395004668 -1167.3140784389789
1148.524769050216 -1162.2593750442059
1164.4201324042292 -1156.2900826573398
1178.872360683386 -1148.727973550214
1196.1763717144415 -1143.7600656396753
1213.4911470594218 -1138.5671855487528
1226.3998187377128 -1129.0847995611778
1245.9159587009797 -1125.4929692602343
1263.97617374996 -1120.3058654637182
1279.030546386437 -1112.2526068346222
1299.3704504583436 -1108.5578164785459
1314.3858385929848 -1100.0844818950115
1335.539739205647 -1096.5024418588916
1353.6269295301577 -1090.109231063914
1374.850750794583 -1085.9509257050113
1396.9063807890393 -1082.100532903883
1418.2145983213866 -1077.324627541814
1443.5661573288794 -1075.228696331498
1473.0412645406088 -1075.6976494166956
1522.1672953554682 -1089.6745959001792
1724.760981066001 -1210.22665571051
1598.5127741707488 -1099.252887561791
1360.0383015081527 -916.4583015232167
1350.275412449182 -891.4484340303658
1334.2851043812116 -862.9045487343427
1322.1021473634667 -837.4191972584043
1317.2068663186444 -816.9859676414382
1316.3184174590308 -799.3158473708332
1315.2144327496592 -781.7358862729742
1315.6253519017257 -765.2541626371335
1316.7119814774921 -749.3294054243544
1319.3631910725558 -734.4254693587652
1322.7290166593878 -720.016630701881
1328.589016675817 -707.0192534637125
1330.7728463604287 -692.1297792970354
1336.3603299682547 -679.0744204335322
1344.3905423572992 -667.5440581866088
1349.718536732041 -654.4156718798217
1357.6302172144283 -642.5295271863422
1366.3454428570756 -630.9715768429684
1380.4338215876296 -621.7704272615194
1410.0346787467272 -619.1948035405446
1430.5138372527401 -612.1814775280617
1449.1386319471617 -604.0672358258713
1472.369342262956 -597.5362080779291
1476.0718806733914 -582.9071993768114
1468.4273878537351 -563.9592242361642
1487.7268872448526 -555.34917751694
1493.8317067737962 -541.6528702382057
1501.6969761339476 -528.5548144423224
1602.1912851190305 -547.0211018677701
1643.3482936912826 -543.8450014682035
1669.34792060707 -535.0574922051379
1695.3259437676093 -525.8278657397921
1725.1077800723865 -517.3046946758965
1715.4957706476855 -496.8604038257669
1745.140128858817 -487.6781014630775
1802.7637055293374 -485.52242175427097
1794.6727556360427 -465.2587454070398
1781.5095314108332 -443.98174454852676
1767.133709396844 -422.76169778416534
1754.4672482955523 -402.2992352195478
1742.5503322764366 -382.32752906805
1731.3929739280802 -362.82140211470124
1720.0240612948135 -343.55964339091895
1708.4472103572134 -324.5444952894056
1698.6343505465034 -306.13288477956627
1687.6415895928822 -287.76703264343945
1676.454780207938 -269.63562434877593
1667.0548919849427 -252.0396538425464
1656.4831911843892 -234.5046637565707
1647.713016817841 -217.4530160955452
1635.791777784566 -200.22302498066855
1623.6933781154107 -183.23704282749566
1614.405471735289 -166.8051942571301
1606.9443036182545 -150.75146788288234
1594.3226622877253 -134.66717683154906
1587.5402411794769 -119.07973226291719
1575.6170730667682 -103.30459360798403
1567.5324732891918 -87.9883241337678
1559.2999481203124 -72.8331778243331
1552.9204228945307 -57.91511164689075
1544.3996169773638 -43.06765700815282
1533.7380352225398 -28.34853279631036
1526.937007342471 -13.869953425270078
1518.9999247999074 0.47797267248190395
1507.9288724259548 14.646354638212951
1501.7257342630905 28.702248204314852
1493.3929308213883 42.58584474569328
1482.9339531542635 56.23958198874787
1476.3466506576162 69.88967800783146
1466.6391107692623 83.25093850490565
1458.8072557424648 96.56806197257332
1451.8524000840598 109.82080117243348
1442.7850253712588 122.78180062393734
1434.5985309878154 135.67628712343966
1427.2923489211023 148.5313122250052
1418.8781684390146 161.1482023702008
1409.3610117661221 173.4979495947219
1399.7377515947483 185.68313536904392
1394.960819891416 198.40693276160764
1388.0912867486 210.7571580103889
1379.1388348068745 222.6770628680394
1371.0712215182425 234.61608112930838
1367.8217580380158 247.31283476154607
1362.4901744023189 259.5949241744502
1353.126702240717 271.0131503878781
1342.6909220822192 282.07284122722604
1335.0974558861935 293.60480800936085
1331.304661094309 305.9148563711271
1328.3709473400118 318.41266661833635
1320.4688135906704 329.67121854121166
1311.5049192281806 340.55814017621606
1304.3845272673166 351.8266690085029
1296.2055049321896 362.72205472439583
1290.8186180945204 374.3304625335113
1285.3767528904168 385.7079246384346
1279.7239469596202 397.3746589530981
1272.06143130589 408.3573373701163
1262.4078569857272 418.6005286913805
1253.6213105873576 429.02052356645635
1244.7513165620435 439.31100591387377
1239.558632013992 450.8385495935332
1235.1958491845892 462.65777217848745
1228.8542311116641 473.7153983975618
1222.4142405470309 484.69415563613455
1214.9507753736975 495.21572412318585
1207.3980952104866 505.639040899819
1199.757395051705 515.9633640276672
1192.9447108034 526.5917934854209
1186.0386165380016 537.1372264893052
1179.9470293905138 548.0200797712635
1173.7558360847934 558.8356084367636
1167.4657665990756 569.5829033768771
1161.972071940846 580.7081057032847
1155.4821622511886 591.3247607865896
1150.6671543440154 602.7985566620457
1143.9756256609587 613.2893019559514
1138.9423197329854 624.6690262220835
1132.9237647238165 635.5192706157814
1127.6692848043015 646.8090785610198
1121.439770753774 657.5506372681292
1115.1079416289945 668.2322040398436
1109.5272015597088 679.3749988033719
1104.6830573993316 691.0024187330066
1098.032474086371 701.5224058087978
1091.2817112746557 711.9783891646284
1085.2636422675191 722.923804264487
1079.962892214979 734.3814754190477
1072.8990964615596 744.6633661003938
1067.3694776862133 756.0333313444984
1060.099446189127 766.1939468499514
1052.7326960305663 776.284658297596
1045.2698993193765 786.3045450567231
1037.7117369272546 796.2526929583477
1031.6339120327862 807.3608062966208
1024.8855336828876 817.5149190366759
1020.539298628246 829.2915892226134
1015.293203940627 840.4187706328177
1009.1645394763206 850.8742164759407
1002.1709862513591 860.6359940857565
996.5887432636982 871.6575455992349
988.6487188115368 880.6530024886684
984.3307781681422 892.9355627092581
979.871112539407 905.2119104446123
973.8127692339128 916.1100864399311
968.3593131084809 927.664400910195
962.0603607605251 938.4965968256508
954.9349704701854 948.5858960437406
947.0025649107349 957.9118654931096
938.979498246217 967.171909162628
935.0065648957336 980.7077666674616
930.8650197784548 994.2506298478554
925.2007912073842 1006.3262373352046
918.053644990192 1016.8960148020162
909.4640289151879 1025.9221121066425
902.0992604753714 1036.3845445826505
898.517518734543 1051.3587725068546
892.1668972927515 1063.2884027276066
884.4019796897692 1073.6452572059438
874.636116419379 1081.6157653505363
867.2852635829505 1092.6304368686845
862.264747743518 1106.7558469684302
855.2368024424603 1118.4963172706452
848.0666326650991 1130.1999763582019
840.1614157823205 1141.0599438375912
832.7144153977465 1152.679791784687
826.8602423073482 1166.7056782631314
820.2490592535892 1179.8985044458707
811.776315426807 1190.5881797296986
806.5119969461404 1206.2086879068434
798.8376747844488 1218.4856869676291
789.9254555005253 1229.039777530527
782.4864637426226 1242.0704223430996
775.4012057043968 1255.9175809710475
767.6112863367291 1268.8821509850598
759.380866531724 1281.9675111115446
751.2848335934444 1295.984220124794
742.4984186556727 1309.0917073657693
735.9571341581221 1326.5202963700794
727.2453636219233 1340.4250001736077
719.2737794030431 1356.0494940315646
710.6117294982876 1370.754161000233
700.8324061265334 1383.6310702361716
691.7601469593558 1398.2374258611342
683.3445089449147 1414.595801667329
674.6816646308703 1430.9188137035999
665.3536062020373 1446.2947758717598
655.7953863052105 1461.6211586114919
647.2093654615728 1479.6435507441745
637.5573606423328 1495.7929709324023
627.6581752419517 1511.8909401977191
617.8866345039575 1528.8613759596954
608.5826058571512 1547.6421459265446
597.9076361874296 1563.5800134910783
588.3795171359898 1583.2026224759798
578.5343364646913 1602.7832110211784
567.0494878129728 1618.5425167016915
556.605724490994 1638.0140620470434
546.1578482404686 1658.3810191886969
534.463708545883 1675.8369682780547
523.6682769686473 1697.0408173337162
511.37700688386127 1714.3554348006435
499.0825065082833 1732.548888688977
488.0967716873193 1756.442581318392
475.67011205348797 1776.4174465758385
464.1578458475156 1801.1544892479917
238.73247196525037 963.8754104288381
228.949579801928 963.1625459435809
219.20135696955424 962.3511651692983
208.8501036077356 958.5106333385343
194.10973398157063 933.0221922192441
181.81306247237956 917.1526646717081
167.98081595704585 891.3088384339096
153.59634790786225 859.3818487199778
141.49535051482098 837.1260752017512
133.25495961993656 835.4394746100337
123.92711055929858 826.7636126901227
115.60766042658645 823.9289222079118
107.61167758223405 822.9943662309829
98.80104089115797 815.0333455257053
89.70529928826434 803.00495594959
81.86103635577746 800.8269293216595
73.97322478892717 797.5769317215279
66.4856622224089 798.2359655633463
58.99224508031317 798.8247085690228
51.62220658217176 801.3389718387517
44.924117748581544 816.7654642824411
47.41484283023831 1039.919627990252
39.57143365800988 1093.284090087407
29.04260701578587 1083.610874335306
18.576958453174488 1066.8382710676576
8.099555331556926 1008.9674906573705
-1.2968575525380104 955.9991203764198
-9.881058709003147 919.9469357950975
-18.33211776225601 910.8155320691181
-26.730704617027044 905.6055816030935
-35.072022947200225 901.3178979729578
-43.28698174737804 895.9549303459422
-51.46202833399868 891.515933474972
-59.490603695469524 886.0050045411417
-67.49666692385003 881.4194234041878
-75.42193526373835 876.7619583906868
-83.45587240975388 874.0246663340382
-91.54948473321535 872.2085139719072
-99.27521839361911 867.3369766203325
-106.6715561567568 860.4127957597422
-114.34377756731587 856.4003155835687
-121.95012253765593 852.319873998636
-129.4899936485992 848.1723536787117
-136.9628042424174 843.958642502139
-15.080692586413539 87.71301335100792
-17.153916757344824 94.45497943402499
-17.851596957798844 93.30766574111854
-18.332151992487212 91.17528285299885
-19.599537679469464 92.95621615981933
-20.460578605790506 92.7704948952859
-21.33669111012263 92.57292051389118
-22.210896649149173 92.36707243407044
-22.354176551100277 89.24287529389805
-15.128383882397719 58.06145021532625
-216.85970073385676 801.1690646783749
-221.44974806641463 788.4928719280356
-229.1735274810723 787.3242624877518
-32.31697636687758 107.23624871517409
-28.567983695341415 91.65080636624376
-27.900172178452877 86.61743699979054
-28.71778290305382 86.34980570408406
-29.532826977776143 86.07445690041116
-30.345231558111493 85.79141519805228
-31.83964764063101 87.3798422871114
-31.25937419648838 83.32977573979133
-281.9306236620762 730.4821171264309
-270.74926072133565 682.2395750899021
-232.6254910679525 570.3870448260496
-215.5975928041555 514.6665697099954
-207.41590390156537 482.28999866127907
-205.5061540904445 465.66964753025775
-204.53839833573153 451.8628592905746
-207.95910597513787 448.0948674577978
-209.17929497849866 439.78747430127913
