-211.29489275233536 433.21873031619845
-212.17578240445033 424.9781610401402
-215.2736797617105 421.17246206495093
-216.92810084893134 414.6880744150667
-218.95124357499705 409.092108133318
-221.36832907114373 404.3724309151773
-223.7158750008907 399.6438505376829
-227.4840011492168 397.5110428920725
-229.21230426301608 391.8899329842992
-230.34182761852455 385.4135992013748
-232.41182056330433 380.65830565278674
-235.47092582543175 377.59560788085713
-237.95579609323894 373.66567825481764
-239.2973098626477 368.04591764139974
-242.21302374658237 364.9340366799697
-246.21303597620482 363.4558307626665
-249.63804516150114 361.111958273254
-253.04074296362137 358.73581142732115
-257.00492737435155 357.13928278096813
-260.36973938375075 354.69366897822925
-263.1119370453895 351.41586273846974
-267.02925316967304 349.70756061550435
-269.09461720827795 345.58947754457216
-272.3497002665026 343.03008725875077
-276.8388002719875 341.9945594069686
-279.4230529098109 338.59084084269176
-281.9677492383968 335.1688953191101
-285.7747111516625 333.24737728327864
-288.91236998514313 330.53084949754344
-292.6894105010424 328.5314429100391
-295.782177182932 325.7497561947278
-301.5653129743994 325.87476430471344
-305.31867688947625 323.7367843518243
-309.05850810959475 321.5568978657923
-312.0846078604649 318.6207738622512
-318.61513362550437 319.19491948463406
-0 0
-329.63110537735395 317.9737950959226
-332.6224121193228 314.8433435153479
-338.5148553040939 314.40689041184896
-342.95027847332705 312.53976786173536
-346.5787137088403 310.01321778905765
-353.2585094456706 310.01358922509036
-359.9690879168655 309.91491694382825
-364.4172368641985 307.78089199341565
-373.477465060688 309.4181363330899
-383.37694618506686 311.5415175122128
-403.5156570530866 321.6070809435261
-416.7870809081733 325.77527405873474
-432.55382469823394 331.54515339381675
-449.2655850363891 337.6454265970606
-462.1052461324916 340.4919110593222
-474.22766504210415 342.539226525538
-489.6941909086001 346.6981387177778
-498.7082380704212 346.0333701837095
-493.6948213042168 335.67011099798185
-481.87254222813044 320.99821346325064
-458.0933932455078 298.93049871971334
-452.47905564073795 289.19146634447213
-434.0070007028847 271.62828155566984
-403.3074381951109 247.12772061526567
-408.20350816341335 244.83850988576563
-407.9177414708441 239.44125833557925
-408.43374050949103 234.56956241896717
-419.35631079934103 235.58710616832676
-386.51184188665 212.34310933343056
-342.69610452788834 184.06623791833908
-341.7684635389045 179.41660271629414
-347.0121407388675 177.99599484209858
-349.5770828902553 175.14811765457128
-344.93302645876247 168.75191038325664
-351.0283504726642 167.63083595937965
-321.78226353349686 149.93723645332122
-308.62219159704335 140.26169417855272
-318.16569988295134 140.9772585135337
-330.5039340882573 142.71352266756236
-336.45017375276643 141.5142416215883
-341.4775306421198 139.83596127806365
-345.573994268358 137.70480923124254
-344.0659111083261 133.34034953155572
-349.9928766661827 131.8369685745626
-357.7734811766766 130.99288593936004
-358.9914024293014 127.61729107704562
-362.0681711338346 124.88250258463054
-365.1251034036317 122.10101909684141
-371.0155578684538 120.19756994032784
-374.99376098437966 117.59540476902114
-377.9986478653538 114.63865932557069
-388.65813245983156 113.88527592641651
-396.4493409603207 112.12457381023735
-400.38215931132817 109.17475214168441
-404.2943245810735 106.160723017195
-407.21541500008726 102.83776439765069
-410.1096040692171 99.46915426497824
-417.84629399652266 97.18783150874178
-424.59969623746946 94.55209122514783
-434.2742830502757 92.42211359392843
-454.72577060759363 92.30641118216082
-476.1937091656249 92.00299642448743
-1825.5353518765166 334.8980129070377
-1811.8595914069224 314.77900347186494
-1764.4167284199948 289.4436188132025
-1753.2285878462778 270.6760402373033
-1741.844670326646 252.14508612038776
-1672.791025695203 226.08446287525084
-1512.1242310888274 189.88499086031538
-1448.2853948539662 168.0280186537102
-1433.8937138035437 152.685354617531
-1407.398931490755 136.47068417312494
-1182.4852765797664 103.42906106154625
-1160.4766185289377 90.49871738120204
-1144.3172899569229 78.40242283018742
-1135.0223781717254 67.03134378334244
-1126.6144388422429 55.89191526668349
-1116.0997631581365 44.83657746027873
-1113.4739774700047 34.23012557861363
-1110.7476733500084 23.67712287299558
-1104.9218369742957 13.142837492259964
-1099.996629963808 2.722878672561744
-1099.9734829617694 -7.63785185468868
-1100.8526178384275 -18.014266520761915
-1101.6379418642805 -28.246150977293738
-1109.3208350434481 -38.82376770107571
-1112.9054687796852 -49.37020923865774
-1116.3895169156533 -59.987052943400045
-1119.7719765607872 -70.67333662102062
-1129.0361445733206 -81.8619829164428
-1139.1847723227147 -93.3115990005785
-1152.2046073822967 -105.23090195853804
-1176.0445050129358 -118.50452408612497
-1204.7046521256468 -132.78065049857386
-1503.2704111685568 -179.92796032056253
-1497.5555633049523 -193.4614556297637
-1482.8047493197735 -205.66739020740116
-1462.022589512352 -216.73474053689816
-1428.3236557725695 -225.40526693154848
-1346.2656653603933 -225.37470637082873
-1285.0185273309185 -227.4915040529599
-1268.0903512362813 -236.7421827673397
-1241.2902407429353 -243.7694366329492
-1189.9863987477177 -245.26999570970378
-1078.1633486551816 -232.75049649065315
-1078.866685063028 -243.48033978355028
-1070.7030790042375 -252.18032558240122
-1075.096957930911 -263.8475526657409
-1097.7749638328246 -280.3196903213198
-1730.132675487208 -459.0652733669528
-1722.8729929719877 -474.42349234386046
-1712.5928467171582 -488.86270196571587
-1675.3423008399427 -495.2142718221347
-1462.1680887891098 -447.1079065805055
-1429.3188020451555 -451.7175689744661
-1405.0695267747392 -458.54511765911354
-1389.348689249163 -467.8314009145098
-1380.1908447189144 -479.15992335971663
-1376.5925193100238 -492.37895545979774
-1370.052402633241 -504.5358401926304
-1365.2757030748721 -517.3221961151615
-1364.1067422323354 -531.5155649614458
-1371.1463895206625 -549.0779348184116
-1374.2765690611643 -565.2963043656617
-1374.5036027292203 -580.3480387529482
-1372.7256689495835 -594.6765825277788
-1372.6275680623814 -609.8340425026735
-1369.635692021934 -623.7972997213103
-1363.7841125670352 -636.4887228456953
-1360.5215417912916 -650.4191989185489
-1361.6084153303648 -666.5422141931695
-1372.3469614664357 -687.6691190927808
-1379.2497350250665 -707.2270982034584
-1461.179343012004 -766.4560832526599
-1521.8523908820607 -816.3910217331862
-1517.7129757180892 -832.4111504160325
-1510.7901224682173 -846.9576175066077
-1503.727911994952 -861.4472512506509
-1495.6637543280747 -875.373596808385
-1487.470625511419 -889.2244588632659
-1480.0027515033687 -903.5197040145048
-1470.700291464437 -916.6949616346869
-1463.8119236071427 -931.3858772311057
-1456.777391661074 -946.027817321012
-1447.9298504715443 -959.5145377290805
-1438.1290388838365 -972.3584048688288
-1430.6841550781676 -986.8063885120878
-1420.6412020437574 -999.4736490051492
-1412.1114176977362 -1013.2054796573544
-1405.8701712461468 -1028.6365060604887
-1397.8607791611669 -1042.842865480191
-1392.0964545802099 -1058.8052045325476
-1382.9947437922954 -1072.2991833638982
-1373.7623975629106 -1085.7153747839272
-1368.29391203292 -1102.1890810081763
-1360.3188111161787 -1116.7509714002786
-1350.657091365693 -1129.9762924696986
-1340.105995980797 -1142.4696580374973
-1332.4590804912048 -1157.4877100066908
-1329.1414217645458 -1176.4387280898745
-1321.1303088592647 -1191.4091266283904
-1310.7464009388564 -1204.3022346677908
-1300.9669621033702 -1217.7885545182005
-1290.3262747773592 -1230.5068486681344
-1281.730648853174 -1245.2050207859033
-1274.0683094518686 -1261.5858840564356
-1266.9136096601476 -1278.6437759039438
-1255.366814695025 -1291.3772340267064
-1243.6923207059895 -1304.006676139716
-1240.7732494987072 -1326.02328159366
-427.3931481627829 -465.5739435401272
-430.96695956856104 -478.5430803597836
-417.11729110953263 -472.1368079883684
-408.66907038853816 -471.5565617269767
-400.9178420948528 -471.6204871398259
-393.2028109858451 -471.57984417575545
-382.36003082992164 -467.56476217069803
-384.768511939726 -479.7688945937293
-383.8875908931935 -488.1304308872989
-384.71387268096373 -498.8940129594814
-384.76627614807484 -508.9193577956565
-384.6620910079727 -518.9904389691337
-1119.6985752992302 -1541.2008631170936
-1111.919462854653 -1561.577442243906
-1100.9918171374243 -1577.8444215436552
-1088.725941219085 -1592.393426549048
-1079.6215307374553 -1611.836638858949
-1068.5991596934991 -1628.7417953445988
-1057.8927923154965 -1646.4239551120852
-1046.9460047920147 -1664.0492970612495
-1035.2344793105385 -1680.763389905503
-1025.8805612670924 -1701.6868319447958
-1013.6806885503162 -1718.2771783563198
-1004.756551556279 -1740.851593934628
-993.5271071139172 -1759.9275233457345
-982.9913869297677 -1780.6975973538829
-970.2497821189638 -1797.9055482138385
-959.1350952551854 -1818.569731698465
-947.2560503394915 -1838.295399302089
-935.0876328516283 -1857.9588582333945
-924.8350973157495 -1882.0438471972348
-911.1805509520501 -1899.7891997710478
-863.364091192155 -1844.985486674609
-771.0068789061825 -1689.3778122963931
-748.3954232594722 -1680.9236420623859
-730.3510972831073 -1683.3930838331735
-713.8848627637337 -1689.3562095416125
-682.5336522605567 -1659.0912613632397
-654.7985372040831 -1635.8126040825682
-631.1977949476573 -1621.477518701143
-609.6997985771056 -1611.5195176028853
-590.1741426603917 -1605.9936118599824
-568.7937679403481 -1594.5916874084794
-547.3579103271677 -1581.9846137059224
-527.4864082101972 -1572.9078450924915
-513.3983443661065 -1580.7169702391825
-485.7171166078719 -1545.4704405565753
-448.5803256912955 -1476.355205024418
-435.0525169951372 -1482.4824813319703
-408.64441850008205 -1443.2635723348421
-363.5442296850163 -1332.289980846035
-347.5276136461971 -1323.1207646142432
-333.67758632582724 -1321.5249783427364
-320.5963338280029 -1322.7013989317634
-295.3035523606795 -1271.1494058383396
-281.65632512907393 -1267.0728923447086
-327.3023168796561 -1541.6384768697262
-314.97481250403524 -1556.4494426379702
-300.69353741895225 -1562.3265972755112
-289.0232321241406 -1582.8286613820574
-343.3848295930394 -1987.5552467303542
-327.64348202007795 -2010.4772440119184
-311.0418143334267 -2030.3125349896677
-287.5593753464384 -2004.4786368655482
-272.55183856153815 -2037.8546305604639
-237.85156549568265 -1917.3029580093107
-197.74725206266166 -1728.726706076373
-180.84570371397604 -1726.5546129353097
-182.75223319636578 -1921.3280878761286
-172.86706434012078 -2021.6226101986563
-153.13766591065058 -2017.195542152381
-133.90554614961624 -2018.5634259815502
-117.38184665847322 -2067.6707915127704
-99.17943921946055 -2100.660000770261
-79.24323850301471 -2089.497908386499
-58.69942736679769 -2071.168360425296
-38.70144765492897 -2062.6369525317373
-18.844633759900866 -2050.9134257151018
0.7841744556896537 -2038.999849208043
20.22299724362255 -2030.8993156684267
39.37011119124969 -2015.6155373346348
58.43018525055292 -2007.1496988146116
78.91711040147335 -2039.4737286088982
99.88343384360176 -2068.5899302770504
122.22333485402655 -2111.465476018294
145.39301615360367 -2154.098853547292
169.23606894731455 -2194.4840288703995
194.2110559094123 -2238.5913128042266
220.23755708732227 -2284.408111185085
247.15860415203636 -2329.9273860774324
275.43085382683176 -2379.10967480699
304.9158208804421 -2429.943896919599
334.7286487498185 -2475.471820018584
242.9095774055289 -1675.4831951424244
261.8431360612593 -1691.8576098766719
278.35140087376976 -1691.2470244265355
291.43520467156304 -1670.772731845371
429.5841307663865 -2330.7418292452917
457.59563670430333 -2355.9724602102597
477.326692930318 -2337.7671458501177
498.00793229433805 -2325.2681779467757
519.8064131869912 -2318.442859509303
541.5198979550067 -2311.4134636881386
563.1464787484334 -2304.1809919086736
586.1644724113854 -2302.5610114137435
600.756033791842 -2268.810522688639
617.4079260459077 -2244.636151552338
652.8624156226781 -2287.6651123508705
685.2253208038633 -2316.7913716451126
705.3221222943704 -2303.432591547268
721.6030355304667 -2278.4619942218073
741.8255727227768 -2266.697999217038
779.4958359544274 -2306.861773433707
817.672378111009 -2345.5634466102783
877.9076333726427 -2445.175287636051
888.4551760178771 -2401.9509570778173
875.123728921238 -2298.0077151913542
886.8825159680591 -2263.4487851219797
901.7976775102707 -2238.1532451637627
919.7535414206575 -2221.0964461373933
939.8142427239745 -2209.423044410726
963.7380397780497 -2206.733556794921
1008.9634653381012 -2251.2400417576378
1047.1913940092945 -2277.8145631971165
505.2741032670632 -1071.8782955950107
501.1628410222895 -1037.2751837282465
493.77444178845144 -997.4747117779493
499.2373095727205 -984.6715740441539
512.3329962062044 -986.9442238537969
521.7640040896844 -981.9909999772401
1149.7042630041494 -2114.6699760553856
1290.9342565752354 -2321.1688316881527
1320.5267688438391 -2321.7342769504976
1342.7074277654774 -2308.977644634832
823.1509541743669 -1384.8261647736979
836.8984118496629 -1377.7318491794808
848.4761163660704 -1367.1025125996773
857.7853333250189 -1352.9997494207032
866.9025621336318 -1338.84463167544
864.7970841623926 -1307.956422524934
868.8946681914617 -1287.1794962585636
880.6180360309087 -1277.9733465988504
892.820083372307 -1269.47875079777
905.5232761371341 -1261.6800689453216
919.3406054447603 -1255.3680142414262
933.7184762185719 -1249.707888735631
948.6782365489051 -1244.6825312096491
964.2409001543707 -1240.274359353401
977.3205897201091 -1232.547550770005
990.9694026256049 -1225.4614000693175
1005.2081746118007 -1218.9981647622
1020.7009633143482 -1213.905080098589
1035.537194990838 -1207.8674255854849
1049.6930071214197 -1200.903655919321
1063.4428487792686 -1194.1064891291032
1079.3804496174714 -1189.1904157802423
1095.319653513201 -1184.079328688632
1109.200308400909 -1176.589850306099
1125.1153806753239 -1171.106903816992
1141.725002790056 -1166.14236609603
1156.9281258670633 -1159.5522030412103
1172.1082504182255 -1152.7784909953543
1187.2632617715099 -1145.821079945589
1206.0214481329206 -1142.1178864913084
1220.419641401741 -1134.0775541738078
1236.2511121060606 -1127.2143486562475
1253.5519143161087 -1121.4863343413595
1270.8542223538752 -1115.5315080827288
1288.1552898944822 -1109.3493359248305
1308.5078372740886 -1105.5208002531144
1326.592327563318 -1099.4916081763147
1345.4549188219844 -1093.8496521084273
1365.1103912042897 -1088.5722850716304
1385.573095654249 -1083.6365611214403
1407.650438609824 -1079.6278260037436
1428.1762263207263 -1074.0957436710607
1455.1609545229253 -1073.019383064411
1488.7346224581322 -1076.2147666216267
1632.6448828369766 -1156.9233710778926
1671.4267362995886 -1160.8435145112821
1354.9482802580394 -922.1909551854117
1351.1199567726899 -901.0276701692153
1341.1535967880052 -876.1912062002203
1324.9440837061004 -847.8515053075048
1318.4893015392486 -826.269908520542
1312.5986321784003 -805.409728525421
1309.8616816415818 -786.795001869666
1312.925549888115 -771.8519938764109
1316.6911877236096 -757.4201714840914
1315.9442057867816 -740.5341634632375
1319.3767947840906 -726.1410836643659
1323.5357958420286 -712.2232775786028
1328.4348550973657 -698.7573511330245
1334.0871617158932 -685.7196547750634
1341.281351291472 -673.7694981799955
1347.5494402100715 -661.1440888259708
1354.6005546445244 -648.892392740697
1362.4462040012877 -636.9900636607152
1373.826886272038 -626.6575512639073
1392.442588770105 -619.4187896562455
1420.21689187281 -615.8636050613276
1438.8337952773697 -607.9484431822486
1454.6518611939744 -598.5958258498855
1481.559809722724 -593.461481660239
1460.0469058192593 -568.9921201630185
1482.1578918312575 -561.634208077039
1495.8123447095838 -550.8007166066661
1488.6779760209074 -532.3522177189598
1521.953319740021 -528.1847144061716
1641.5256148922722 -552.4650718846832
1654.2470531218098 -539.5059658964011
1685.940922352183 -532.3788184538063
1712.86260313011 -523.242489481066
1733.0459157942523 -511.664786504662
1709.8854179858165 -487.4175390355481
1798.2746008513218 -494.40212371410735
1800.904797937783 -476.98103606398496
1788.831093864155 -455.85010433778615
1772.6355613886772 -434.0370565979926
1759.1103923736916 -413.25491823192687
1747.3039788819913 -393.2045337774756
1736.2551191481953 -373.62302021112924
1724.9938736257789 -354.2839764278516
1714.5052241222081 -335.38162808606097
1703.8148955783622 -316.7077542550786
1693.9110883263863 -298.43797487068815
1683.8155323200162 -280.382333819127
1670.5676268652783 -262.07785879336075
1662.072466445324 -244.77564479407997
1650.4286679195302 -227.24702882406342
1641.5791258156626 -210.34013807707933
1631.5655167582233 -193.50184631023862
1621.3814778886074 -176.87030038917015
1610.0349330424792 -160.34810377082496
1601.4929283436488 -144.51436075796926
1590.819274322306 -128.49138665549356
1580.984426639163 -112.75301647599937
1571.9933290339072 -97.27267588019674
1565.847666170669 -82.12847464716019
1555.5605138493006 -66.9364456249353
1549.1248269506439 -52.079463564229826
1540.548486090316 -37.30096519978777
1529.832208103926 -22.65866385881427
1522.9776942750786 -8.242738656828259
1514.9879663508061 6.038361718943218
1505.865122988824 20.15518210917795
1498.611025987465 34.14663656639309
1487.2296390495678 47.87484446441674
1479.7200945695201 61.558441558981116
1470.087927304891 75.0032398794183
1460.3345405882499 88.27247342691219
1454.4526510325095 101.64391720366281
1447.4519875428532 114.83354805214341
1435.3520009010213 127.45835990406658
1428.1195571915157 140.35501546830764
1424.7489801550246 153.55566921223513
1415.2974497417508 166.00641178730572
1405.7384365593234 178.29315180272394
1401.028318817843 191.09068493898027
1392.2440320959922 203.2376812825157
1382.3676754032915 215.0827980106743
1373.3789674114264 226.92336123000658
1369.21564654934 239.47549612533018
1363.9544877850778 251.78791720602067
1359.5647353534955 264.21341824967897
1349.183282574448 275.3787755467683
1339.6906163868182 286.5816678803915
1334.9864868917878 298.7224126447877
1330.1726594542831 310.8000901549413
1324.2783127807008 322.57704552354676
1316.3417026486427 333.7791513382349
1306.3779890426233 344.3509107653871
1300.1905629728624 355.8208818440979
1293.9031875409823 367.2050398228293
1288.5239956427304 378.62238794462917
1282.9271707850903 390.3573676278742
1276.2700648752975 401.719705146765
1267.611357747787 412.3717324318099
1256.022280349208 421.9396061836052
1249.0911266302287 432.9611499587764
1243.005992017176 444.22528497306
1237.758245090798 455.75818885648965
1232.4036894547085 467.2313626228685
1226.9429874601935 478.64381905782005
1220.4487126831332 489.6222418457755
1212.932365851106 500.13905653411905
1205.3267646124234 510.55694149521423
1199.4671608541298 521.6728189512397
1190.7657858389855 531.5005581137834
1183.804947562612 542.0422918244312
1176.7515702406206 552.4995402135952
1171.4088001392186 563.7387896503097
1165.9586860722366 574.9263799589509
1159.509110756372 585.6104695725372
1154.7384335529505 597.1424872471209
1148.0855007305045 607.7011461338436
1141.3363177560348 618.1871963823704
1136.2410735581952 629.569077035491
1130.1624042583294 640.4170047719159
1123.9801706739813 651.2062468463333
1117.6949393242592 661.9358145688603
1112.1627960097246 673.1225112650977
1107.369338799491 684.7898564426738
1102.4542670762464 696.427016280512
1095.7371419788901 706.9484533457398
1088.9196072123902 717.4051080306117
1081.1725311572663 727.2378963385986
1076.63456801251 739.2523296956972
1070.327595982158 750.0985517110762
1063.9115551408104 760.8917155797285
1059.002448229359 772.8096885030775
1049.9519291471609 781.7173059873722
1042.4207603744849 791.7322516736835
1035.5845902546705 802.2870785616994
1029.6709470653593 813.0939310863943
1024.6438707716238 824.2147402771584
1018.726291960519 834.6770285975117
1012.7032489086299 845.0994791442635
1005.8130005801299 854.8334386674373
998.8295021273358 864.5117845813661
992.5033883950576 874.7948468208585
986.8171546065493 885.7019269337928
982.4911023574205 897.926630515267
978.7566526374936 910.8262265206512
972.6915192550865 921.6676235873927
965.7906545516132 931.7791645989765
958.7864381133737 941.8410513934236
950.9721630983108 951.1450704346419
943.7686581863248 961.0981842794127
939.933848722571 974.5975374612718
935.2443616008187 987.3793516647373
929.0383232741542 998.6910402561687
922.7041738955339 1009.9707953578461
915.5741725592559 1020.47289750509
908.3296841081569 1030.928312235131
901.6252727014545 1042.0920629320751
896.7356281587058 1055.5047196440248
891.036582707086 1068.1454995821864
882.0141175033099 1076.9006901868238
872.9061737748071 1085.5799426047931
866.1917622165994 1097.3221181895963
859.3363987012152 1109.031087872304
852.945494807345 1121.5012184067627
845.8012205736451 1133.1444282509322
837.9252461211241 1143.9428665422297
832.8413343488503 1158.7511863208713
827.558229642155 1173.5601290737268
818.0931410297933 1182.6105075636724
811.3394699835707 1195.7229045421764
803.8616470582106 1207.976594305064
795.682161309748 1219.3547056428854
787.9016308886539 1231.5254849344365
782.0914017592299 1247.0433189325393
773.9704943565317 1259.1479952195873
765.3569295055197 1271.410543631711
758.4603332228473 1287.1573031014848
749.836362463425 1300.287056586975
741.032373493594 1313.3678165062713
733.9813323887136 1329.8993960841133
724.3098975048547 1342.0134769727563
716.3421081860107 1357.6004508100393
708.1450352878011 1373.1553477291777
698.8186263411022 1386.8891547195599
690.6211285988998 1403.259939117761
681.3111042429987 1417.7955350596876
672.2132848170793 1433.1846704857794
663.3022669583917 1449.4364776173734
654.5524593356753 1466.559606009118
644.7411697495011 1481.8113321303913
634.7008009343357 1497.0073123713566
626.3399516072121 1516.7660548089395
616.5445147961457 1533.715052177159
606.1213347891335 1549.68155680883
596.1632853038607 1567.4560080766885
586.2711498514407 1586.1170003665775
577.0943099295132 1607.5528474818423
566.578995358723 1626.1218410741244
555.1251299261476 1642.739203320015
544.9649446757807 1664.0355191745527
533.2440997346773 1681.4715965778767
521.830146430351 1700.7452185076042
510.385179200234 1720.91021522122
498.05645684297957 1739.08618699506
487.0287197535157 1762.9645561199611
474.8243084997645 1783.8884146879032
464.25453293552545 1812.4868906143342
236.8724994901542 962.274606848423
226.9059516634446 960.5637350533834
218.0962332552661 963.6275385437386
205.86374204459014 950.9727229060771
192.06694305891253 929.3606885294882
178.50145238427322 906.5943036974725
162.6215001818653 868.9132567055238
150.4359285000872 847.7558796117645
140.4165181041403 836.2937291666784
132.41809497721897 836.5849915714507
123.98532643487832 833.8325004632745
114.78900438301399 825.0530191889223
106.66782110356219 823.1172309829375
98.11615485733655 817.1304792724422
89.90593530743344 813.0442317589466
81.17740349277084 802.9067375244599
73.28568921867041 799.648802760152
65.54411666947567 797.3104594635756
58.215760710712175 799.8843198893657
51.224352916541406 808.3786647780121
45.31821115377049 839.778101487424
47.95614946470811 1075.93178581568
38.36506823145872 1090.3252365875035
27.76024109581245 1075.641840490738
17.417546112852587 1059.8568908524428
7.048246613711519 997.9751110221498
-2.194455901708657 950.9974681161331
-10.743040542722868 919.9372734485203
-19.172802281191146 910.7982233473484
-27.523499457255202 904.5813711201588
-35.958278655362676 903.2845632446861
-44.223763526799495 898.9128204333975
-52.35200388539603 893.4675526784301
-60.24642007799124 885.9539315719447
-68.15905232419226 880.3654602415227
-76.1453394696753 876.6994281263378
-83.97307366772355 871.9658954906408
-91.82400418553704 868.157446696931
-99.83995663019502 866.2655384234564
-107.08573594598765 858.3458773460185
-114.72430862769582 854.3315123591644
-122.29709025214116 850.249623178899
-129.95512810597793 847.0895257757346
-137.40381623034472 842.8737694846943
-144.95508953024785 839.5784787732936
-18.83288691216248 103.29725248308253
-18.291370199358727 95.2597804754452
-18.589841398817608 92.1434631255349
-19.236545365109706 90.98876481421252
-20.958054700853815 94.70881660730441
-21.399799516063716 92.55835230097972
-22.271765748950706 92.35241442660754
-23.87254313954406 95.04789152869519
-26.78974586242148 102.55881003905452
-218.3804351294308 804.9012272028665
-222.43956215113127 790.2921239579787
-229.3229085920169 786.2391516548241
-27.459260782044417 90.94497785641425
-28.315741796693434 90.68196494619527
-28.555605209298225 88.50749918018641
-30.021072173793698 90.13176590711994
-29.89493501682658 87.0074299145752
-30.714172690146828 86.72162127151358
-32.21612799982507 88.30697082732986
-30.234963656349937 80.50991847405633
-267.4039286172832 692.140981997196
-264.6905212432716 666.3542060825948
-219.56706088311657 537.913846052646
-209.93853137563673 500.774213637085
-204.76930844728238 475.8082915608152
-203.18825839659263 460.13425394091183
-204.63081391619798 451.82101544305607
-207.19829897562812 446.2430558581346
