-210.97654128135082 438.9281251286576
-210.18008003405194 427.08352105516724
-212.84044446834596 422.40732143100564
-216.3482541909046 419.496642309027
-217.95333139595004 413.01978806518116
-219.9308755137819 407.43025169437453
-221.33940629249506 400.9649201888936
-224.61190139253742 397.993082543942
-226.3491058120606 392.3965880306308
-228.00103830319787 386.8029556927709
-231.6314412815606 384.6399295572769
-234.19348000449673 380.7392991580767
-235.63887417330275 375.13107173138616
-240.23881073094043 374.5801834301748
-241.01482884864603 368.1193451518921
-243.91319859577928 365.0032212882181
-247.33772265008483 362.69139906299085
-251.31149917895746 361.1682854022829
-253.54187654094875 357.1561519001098
-258.0651426661714 356.3739358324183
-260.8137143438116 353.1249161560036
-265.3290000589271 352.25207128948136
-268.0234205064972 348.94619364595076
-271.9123328354087 347.19545396218246
-273.92008659841724 343.05799241223866
-277.13673808810256 340.4647241666696
-280.32883985525626 337.8412963884168
-283.49610913255776 335.18794146970873
-285.98533080721273 331.74748011565833
-289.755030171915 329.7923930142607
-296.8485802649004 331.52061835534903
-299.2815714756088 327.97338455290856
-303.03610677500575 325.8743898968548
-306.77758261706384 323.7337097115939
-309.11625975337705 320.11269571212375
-314.92092807822445 320.0403241129933
-320.0433077521966 319.18064033244997
-328.75058971285415 321.74998020738184
-333.2067198285679 320.02700176873554
-336.9316972092856 317.56264171918946
-340.63973872661165 315.056452719613
-343.5462772369573 311.88452253458763
-347.9836780318441 309.940897306938
-356.1801088307882 311.2309915051647
-361.3949467809219 309.78975522314266
-367.37967255334576 308.9209869765997
-376.46596129661503 310.511481245083
-387.9473041341125 313.8437337514872
-407.358834055079 323.2008358858105
-423.0351621601944 329.1462464864183
-439.6548949903904 335.4289392866823
-449.22392784519644 336.0340200803094
-466.10108135481926 341.8095697312586
-480.69111747263975 345.5431226097618
-496.21042965747876 349.6057915697913
-501.15120763083826 346.018015557214
-517.6641041873384 350.21261433009585
-449.2792307283508 297.7736939961979
-456.2782197967092 296.21982739031154
-454.8490371653624 289.1943176996097
-419.3708378639607 261.0825546628492
-409.02070734521647 249.28509976093392
-407.073656159715 242.83129629593088
-408.49585282029034 238.45363957931886
-409.87170258612656 234.070902546963
-418.18554729084315 233.58477698056015
-373.86892499973953 204.20094740117912
-350.20776535648395 186.98534991816308
-348.41998554037366 181.80350292567468
-349.2384622341981 178.03509905715953
-349.12169167174363 173.82187550553004
-344.45970781963877 167.44106332918778
-340.6121140989389 161.59327872486352
-327.6099784007624 151.6334463509025
-324.4767740923707 146.46099506219605
-315.78343188033506 138.94539988742991
-330.8740436339338 141.85333006076968
-333.1279420667985 139.09268210204218
-340.91759763198394 138.561147602193
-342.21701334617416 135.32004942514777
-346.28577128137647 133.14339866498153
-354.9987597251427 132.7285974973382
-359.99652575055705 130.73446924024475
-360.2723545847845 126.99539567218694
-362.40219024356986 123.90985637415372
-368.3027320068921 122.05366686937113
-373.247958967431 119.79132325275886
-374.3629408647374 116.26000390119182
-383.1066465063803 115.01868284168172
-393.78050519787564 114.17930515687075
-397.73064021733137 111.26247270446443
-400.6950202214558 108.02083488719724
-403.63347669756746 104.73307256561439
-406.54540231213593 101.39938786237099
-406.5126364453349 97.32151052189327
-419.1099595833873 96.16050009235329
-428.790351537883 94.12669349349673
-444.34128768112373 93.14945014266503
-460.8913364499556 92.08244124356074
-479.424333582522 91.0840730806139
-1822.6389232865533 328.4681952957291
-1802.987656052217 307.37031757040575
-1761.381386576971 283.1812335240226
-1750.135052895915 264.43769894819036
-1736.7127266116045 245.65200024686717
-1640.8049698230964 216.2962112562949
-1484.9495293911934 181.49626762243005
-1445.8554959880216 162.87076079282014
-1431.41392492696 147.56414037697493
-1366.0353300183647 127.79466789196465
-1173.8629342629365 98.63980719571902
-1155.7949211465946 86.13419908339128
-1139.5928677896782 74.10867481541437
-1130.257495646321 62.78529712684506
-1121.8097171988734 51.690989526064385
-1115.2526591336816 40.83511105962855
-1112.5897592082474 30.216348305739526
-1108.8261866293956 19.63384437426656
-1099.9624918546976 9.08386001677786
-1097.9992242251265 -1.3052206788924792
-1097.9378999068083 -11.6776687839322
-1098.7822321010353 -21.877075194518376
-1100.5301828365941 -32.16079392137281
-1111.1750413058294 -42.82554820417945
-1113.724912887821 -53.30870860390188
-1113.1805391437 -63.671714848443536
-1120.522089541104 -74.56035709704263
-1129.7509582100895 -85.74247735740269
-1141.857035890266 -97.35763754270059
-1158.8214038307688 -109.67658831166474
-1174.6591940667604 -122.21611102644717
-1500.3734209644801 -170.23394979657462
-1504.6792861870958 -184.92226939850067
-1493.9708788922055 -197.73723226052041
-1477.2145040729467 -209.52639202858876
-1465.3130840880497 -221.76917188907998
-1413.820402558074 -227.45520286536794
-1320.9501683248761 -225.1458478464153
-1282.3829911010878 -230.87413050107523
-1262.4939902338845 -239.44503465999077
-1247.4616084667236 -248.64339002196374
-1136.4414584786705 -237.53275868997937
-1078.4982161337416 -235.91862536971786
-1074.3060988485984 -245.50031767129306
-1068.0837108659873 -254.56077188510787
-1082.167700928016 -268.5853068732019
-1097.0499997746672 -283.1435995999252
-1726.067401134836 -462.6665394640437
-1718.796306056296 -477.90716492560665
-1711.3912877821872 -493.05259364821023
-1633.8977484266643 -487.24033873056584
-1460.1516846590323 -450.26776232303166
-1423.5022201308739 -453.5167353940461
-1400.2208123713856 -460.4972058569058
-1387.3513941540327 -470.61779517870104
-1380.0794196361471 -482.51921774863547
-1375.5288951531563 -495.3425669158033
-1368.0462416355872 -507.08034939913074
-1365.136420475687 -520.5031733724861
-1364.8881745270526 -535.0105335750038
-1374.6912480489832 -553.667745617829
-1375.9672054953544 -569.0652417792751
-1376.1384168806348 -584.181527939099
-1375.2301779956463 -598.9507137737321
-1373.2527939470626 -613.3455501726467
-1369.3078267261835 -626.9227031033544
-1363.4182940838289 -639.6300144282961
-1361.9175155337377 -654.4476150788627
-1364.7450061080579 -671.4998647081898
-1375.4104575469937 -692.7092270717703
-1385.7979882594682 -714.1743034694056
-1510.902180967517 -796.516540661649
-1522.7943344122598 -820.9734557718191
-1516.8450653105585 -836.0652174579486
-1509.8753979615926 -850.626406026948
-1501.0327178788912 -864.1323856083101
-1493.7934327031253 -878.5614266589522
-1486.4155200351302 -892.9305134212257
-1478.047077672906 -906.715410800204
-1470.398290879931 -920.9526948640618
-1462.612456460369 -935.1260889350508
-1454.690101641823 -949.2342746578961
-1446.631766326088 -963.2759379618402
-1437.6108391659811 -976.6878084180655
-1427.6436711529093 -989.4455761774086
-1418.3801901767308 -1002.6797275871397
-1408.99403354655 -1015.8271572616195
-1401.9030873592815 -1030.6637345189338
-1395.4579865942903 -1046.055929503872
-1388.84756788544 -1061.417181497783
-1380.4941436784788 -1075.516582517175
-1375.913979137119 -1092.6617601138332
-1366.4701220270117 -1106.0395135832553
-1356.896376967203 -1119.3360631076257
-1347.9588888615967 -1133.1936436192225
-1338.88087810968 -1146.9816887083473
-1331.1695662254954 -1162.0140214106827
-1327.0302036198188 -1180.3248869191661
-1317.4778930078248 -1193.9581238199535
-1307.786653601888 -1207.5156597993978
-1297.9570683304378 -1220.9960887615714
-1288.0242599033038 -1234.3619833341218
-1279.769557944361 -1250.0843485776848
-1272.7491072323949 -1267.1723284696293
-1264.1148740421652 -1282.8151017295365
-1252.517428775958 -1295.5323579951457
-1240.7923298843314 -1308.1450202864407
-1242.5651358673247 -1335.2931824610716
-433.52198061533585 -474.87650218067887
-428.3059215787783 -478.24474648505384
-416.4650302055275 -474.0441736968287
-406.0495141018243 -471.1770284061739
-398.9548996697984 -471.9735035247859
-391.24402014916 -471.90795362816647
-383.5709736387381 -471.7386015388506
-385.28870293993856 -483.1941797940655
-384.35840387105674 -491.5736133822621
-385.12823010295944 -502.35967829610087
-388.73087829347867 -517.2014155637827
-1127.0210332455554 -1529.6481917820583
-1118.2351841098962 -1548.4347170671117
-1109.1929678586562 -1567.1920622734492
-1097.0446822250235 -1581.8084476958002
-1086.9663482587682 -1599.6437596393139
-1077.201253234322 -1618.2624818089328
-1064.4486209590502 -1632.6512589461277
-1055.2862193590006 -1652.8436088241945
-1042.6544465846875 -1667.9210727780792
-1033.4845087916742 -1688.8782579237711
-1021.9538272739151 -1706.3796104384853
-1010.1828967024272 -1723.8139444875985
-1000.1613343343787 -1744.6484761413903
-988.8555579329548 -1763.703117178485
-978.2382165009359 -1784.453695610247
-965.4251525097907 -1801.6354445063096
-954.2285174765033 -1822.2779525732606
-943.1808187187895 -1843.7600015188946
-931.3626578584084 -1864.3013703655645
-921.429729069362 -1889.277971709606
-908.0960083908461 -1907.91263939013
-774.0456778804974 -1667.0624729009173
-760.6190559294994 -1678.722029329727
-743.3967323451637 -1683.1403085716095
-724.5781271753597 -1683.7088636753826
-700.7913006792729 -1672.0826991785582
-671.2482048759655 -1645.3433828386078
-647.8124537132167 -1632.1381757725237
-626.1297435819483 -1622.369422851036
-604.6921911143058 -1612.3372333371763
-583.8450633098726 -1602.9850099263845
-562.5646556486864 -1591.4977248538166
-541.5563105134952 -1579.7521206008905
-521.1382707423048 -1568.7013427570337
-506.492103333974 -1574.5417585000173
-473.95299192632297 -1522.9555349530356
-447.6280786008365 -1488.1347732138117
-425.35698600511256 -1464.4782123530028
-388.7400243099654 -1387.574211889039
-358.83927626034074 -1329.42219547176
-342.6518385061188 -1319.226560363449
-330.8082155720934 -1325.3384188613893
-311.4255168055039 -1300.224268148547
-291.2094172912064 -1269.0157900045674
-279.9769535452659 -1275.6366667211757
-325.65488078235506 -1554.2499472808838
-311.631866762095 -1561.2013257803658
-298.0651899876854 -1570.973628842192
-285.4029135906527 -1586.5336986379982
-338.0320425876892 -1987.4582607400828
-320.6856301682593 -2000.4591289510481
-305.65322134620385 -2030.119481281998
-282.414442131739 -2005.2099847336235
-267.0897449038663 -2036.560597715469
-227.5575044986713 -1873.228918778038
-192.93825349175182 -1725.2451507943886
-177.22269006093924 -1733.966873422778
-185.14739111129424 -1999.4460341716356
-167.84818367409733 -2022.045495837645
-148.23128802170115 -2018.564709205882
-129.07833255471854 -2020.8819322426766
-113.69164583578392 -2092.914286268587
-94.46133287944954 -2097.874413922492
-73.87907383557324 -2084.6913158664997
-53.55790921588718 -2071.3076908949142
-33.51605761406836 -2058.7271975378403
-13.726694921922522 -2046.9539755076373
5.837055491094252 -2035.99163278811
25.20211417742338 -2025.8432450318035
44.329405120047824 -2013.5120818713015
63.538746224619246 -2010.996476309246
84.43213672681125 -2050.262230615329
105.42373380178154 -2076.3253204522866
128.00672798139595 -2120.139211842349
151.2285016743462 -2160.714219947037
175.79410985432452 -2208.013005156565
201.27876379625366 -2255.0350017781657
227.08876463945998 -2295.7960913318334
254.34493831094912 -2342.2307000711094
282.86283999578 -2391.3286293919373
312.4704471475637 -2441.0823869053256
340.87257207616204 -2474.6332838637286
247.3598124637083 -1676.8536379713998
266.197488027867 -1692.1902663021242
282.7136354837154 -1691.537170833553
302.03014939727575 -1706.4778899402884
438.12399006338006 -2344.413011679244
462.0908364074229 -2347.961042885569
482.1159243482911 -2331.6786304055267
503.99034620102225 -2325.002092673504
525.338772259184 -2316.17015229046
546.7948948462943 -2308.1159725997372
568.8644968044968 -2302.775973531808
591.1310770020073 -2298.1934317638384
603.0273702846031 -2254.7536430146056
624.5835798938641 -2248.877798308962
665.1826817032522 -2309.0996080641626
690.116268096736 -2312.2085841264916
708.9717320670607 -2294.986510446158
726.952430653269 -2275.7111335947943
749.016975979835 -2269.597666921171
795.5389529005004 -2335.2102206049835
839.6806369854161 -2391.8949449906377
886.3564409166944 -2449.5708317265476
882.8732608329801 -2368.822240124012
877.927820872279 -2288.3714168242996
890.9825393142852 -2257.5382864166595
906.5362101652644 -2234.0799223974063
925.1866413074991 -2218.8388131511824
944.4159387125945 -2205.28445664173
969.9099328733533 -2206.2127554054273
1023.0580331466933 -2267.927745942101
1052.6992836482948 -2275.274317133292
503.14414712971734 -1060.7176661153096
497.97284960834315 -1024.3749513986304
495.2738097655714 -994.4972867536122
503.4080169843155 -987.038179826859
514.6848509638869 -985.7197898938022
527.8676466820156 -987.803496443696
1174.3827593668016 -2147.9127390334124
1294.4642164188924 -2314.6201399821575
1325.4977631496777 -2317.747975920851
1352.1664419366512 -2312.722835382653
828.9574767746574 -1387.1861813395467
839.5926522128763 -1374.9200625309634
850.069192186056 -1362.5778394264844
859.31180645207 -1348.474775178268
867.8172032011574 -1333.4820215616412
865.045662812735 -1301.7929947763876
871.2921670829454 -1284.3496251332442
882.9775067618489 -1275.1281200540711
895.7204724213831 -1267.4339569718077
908.9819225512501 -1260.4236845105036
921.5984654968019 -1252.4700668654482
937.1477311127545 -1248.3890139176235
952.7029863108578 -1244.124599818834
966.4154874983296 -1237.3120485646964
980.7077615942299 -1231.1329279768433
994.9700659593475 -1224.793275555043
1009.2006341437635 -1218.2931010408888
1024.688236499601 -1213.1603430624236
1039.5171430855032 -1207.0845493300596
1052.6431136377525 -1199.6493134708232
1066.58705989823 -1192.6407856759088
1083.8603709321192 -1189.1710122277993
1099.1209677430677 -1183.2827634456366
1112.9917046025164 -1175.7595270657964
1127.512386080152 -1168.7993066544152
1145.5057518902279 -1165.234985909024
1160.700696577856 -1158.6086021446931
1174.4434736358191 -1150.399290348456
1191.0182608072917 -1144.805443044177
1208.3190453689501 -1139.686836196097
1223.4270140533633 -1132.3053215826867
1240.7237712643112 -1126.756638950783
1258.7708008498435 -1121.647034912429
1274.5727143599636 -1114.3219444169063
1294.9022038271596 -1110.7044082579148
1311.4503936030492 -1103.5822874250964
1331.0637018841646 -1098.792710899751
1349.9254658946788 -1093.1012014123094
1371.1468224015991 -1089.0167085118565
1389.2547774280217 -1082.170117584762
1412.9176210219791 -1079.3274740344523
1437.4497524001779 -1076.7331188946812
1467.699423846856 -1077.9143756530975
1504.5899911211536 -1083.2935699144748
1716.5520902465335 -1211.466021591302
1604.5480268690937 -1109.8768532907145
1369.109721374513 -928.0380223017823
1348.6535845938354 -895.7089419907553
1333.5791046740806 -867.6680076945778
1323.1573725078388 -843.2173904623603
1315.7879071717575 -821.1596576431202
1312.3878118232012 -801.9240808068491
1311.3173740171262 -784.3664606552403
1314.3481672289386 -769.4269915345641
1316.3464179096977 -754.0033872976347
1316.4262988853427 -737.63324193195
1320.6998360581931 -723.7319552402406
1324.8284662395577 -709.8158458652083
1329.6981664661043 -696.3503328761178
1334.3172432458798 -683.0801522345056
1342.4712199059657 -671.3955791664021
1348.7261759889766 -658.7402387907941
1356.6671136681548 -646.887426598568
1365.4108901390462 -635.3653288382188
1376.7894251945893 -624.9759024733294
1399.0658954180055 -619.2855724770393
1424.1102219525987 -614.4192996074586
1443.653819788575 -606.8110485232257
1468.7319135052069 -601.1618469691283
1484.5397371736287 -591.3930746571633
1461.1304245877761 -566.2039229323166
1483.235139138114 -558.7830724225097
1494.9982586934864 -547.2149545685348
1491.5982338802428 -530.1166934603555
1550.4038864974991 -534.6473498797592
1644.5124464171622 -549.8498100200087
1661.0269257723621 -538.057201289246
1690.8226859870822 -530.1911396387425
1721.5721761824195 -522.1017546365157
1724.4869950227633 -505.3252457550083
1712.8049515172786 -484.4576328822705
1805.0792239996433 -492.2702459877554
1802.858694264358 -473.4939582670655
1785.9020757413664 -451.12944468597806
1770.6297545495572 -429.5978029550142
1757.060078310268 -408.84701442998823
1744.2343234870027 -388.6072886216083
1733.1408921820362 -369.06184826727264
1722.8153841604171 -349.95878628803507
1712.2850689927677 -331.0828332977009
1701.5533074538798 -312.4361405035633
1691.6086943783712 -294.19215676748155
1680.4857787182298 -276.0009918927547
1670.1598033480025 -258.1980466242178
1659.6487408469259 -240.61391689844842
1648.9557952896291 -223.25049872452047
1640.0685438969917 -206.35932573935605
1630.017088324923 -189.5396838889958
1618.8010345621296 -172.8213253640265
1609.3856354077163 -156.73824212138422
1598.8326780624154 -140.5669504533864
1589.115918374676 -124.68599748251526
1579.2428556591162 -109.00001307174206
1571.2127538856253 -93.62949336159632
1565.0315209984851 -78.51966811677502
1554.7090005223513 -63.37131602540276
1547.2394838383195 -48.51782818439746
1536.629531494147 -33.74437642154191
1527.8793716543873 -19.199626897267674
1521.99233059679 -4.8317289402401205
1510.970805424472 9.392824650873578
1502.8169481497944 23.456776286142944
1496.5322790170208 37.418416055761156
1484.1219964349025 51.05780741551171
1478.5818723268987 64.77381281260271
1468.9211165300292 78.17770406050681
1458.141757903735 91.34338431110145
1453.230024733186 104.74490543212063
1444.2087598943194 117.73724068667589
1435.0723403886893 130.56943689596804
1429.8029441786218 143.64031752312607
1423.4209555495665 156.51448272399122
1414.937823142423 169.04424462542718
1405.3537238525066 181.30060908307135
1397.6459837401305 193.66647653913418
1391.808860147791 206.1967429764754
1380.9210875221731 217.85534199688195
1371.9104268090784 229.65796483582352
1368.7085795300225 242.3568119960901
1364.40630026589 254.83219536539391
1358.0281234672625 266.8625411555272
1345.668388206549 277.5834811035921
1338.1151225990452 289.1520684203073
1333.389924418982 301.26451742271485
1328.555414231559 313.3137585807717
1322.6412598510544 325.06014480341224
1315.6550923413115 336.47537502226663
1307.605064113707 347.531288237748
1298.4998467378764 358.19987161040626
1292.2383660468597 369.3995199192091
1286.7227574894512 381.193579902316
1282.055994683086 393.209138369345
1273.4644270014683 403.9608312223131
1265.7352098327738 414.89562372913093
1256.9664822966172 425.3989449715033
1249.0572214693252 436.1021181963342
1241.999504519819 447.0315769300019
1236.722516562942 458.56124675578883
1232.2729426025758 470.38749444430255
1225.848704882841 481.4394590569632
1216.5442456347082 491.28820300621766
1209.9348580983726 502.153003733395
1202.3092225186117 512.544177068369
1194.5957903349747 522.8354403767567
1189.5324292477528 534.2551822565131
1182.5434011818763 544.7890457059503
1175.4618837878156 555.2381108695619
1170.989064976614 566.9088195690692
1164.6087295241678 577.656045684717
1159.0215857342328 588.7860084972338
1154.215253327794 600.3233703475624
1146.64601406117 610.4129081512211
1139.8677249744167 620.8909482039882
1135.6146434451473 632.7553884345443
1128.6321542764604 643.1099908517019
1122.4196396276418 653.8923096184529
1116.963322454653 665.1262559026392
1112.248960291871 676.8354676948098
1104.8648785099604 686.931292223007
1098.2336645326839 697.4839195903463
1093.1796076417463 709.060889794549
1085.503217648511 718.9483739982511
1081.0513572529094 730.994502702751
1074.8221165182804 741.8850435499857
1070.1183718268353 753.8751025724905
1062.8474582579604 764.091801077981
1056.2853312620327 774.8298516194752
1048.81431461915 784.913073817708
1040.4522026237457 794.3174516875454
1034.620992838555 805.1586186446513
1028.8948351176355 815.6864705683513
1023.0628398377511 826.1763890012328
1017.1252267168051 836.627320362112
1011.0822258756377 847.0382119588029
1004.9340778397597 857.4080120901319
997.9261725925935 867.0797852877769
990.8255077401609 876.6948233059508
987.3471616517621 889.599113296663
982.9795194688284 901.8354973634778
976.2790152986889 912.0171513120916
970.1992992399144 922.840354424523
964.0036440956807 933.6278563594
956.9801624894242 943.6763049911317
949.1480758262312 952.9653352327999
944.0233441687268 965.0491830287685
936.6792279091779 974.9543702160969
932.6645928866724 988.4420858985809
929.1623080176931 1002.6696391929066
922.1135828576381 1013.2159396246436
913.6173219398684 1022.2252144471016
905.0335239325794 1031.1635760431886
898.3213269448295 1042.3026400983933
894.0656918420675 1056.4575422945143
888.349338787639 1069.0815928990473
879.3170684969858 1077.8137561981046
870.8246599386306 1087.2503905001684
865.3239403969544 1100.5518970843166
857.2099786620774 1110.675493779421
850.7951944114618 1123.133356804241
843.0319999193075 1133.9603375392162
838.0894713223893 1148.7776277672533
832.9479982467286 1163.5972809424952
824.1587794579058 1173.5068411570744
815.8258225534115 1184.175758599647
809.60693541517 1198.1037559943031
802.6505730780136 1211.181678171172
794.9791224571036 1223.3924941969087
787.152565927564 1235.5629639778185
779.7006996255233 1248.539474347315
771.2216198373642 1260.8335390111702
762.9259328987761 1274.036506898657
756.9781188420955 1291.5080826670355
747.7834541131762 1303.7748677415773
739.4034427810219 1317.7266593658837
730.8268009341762 1331.6355308553154
722.5264581026862 1346.380153352532
714.0130419513173 1361.0857342296356
706.1989610271191 1377.529319994394
696.7948605564653 1391.2630672529533
688.9521129559653 1408.5343396784867
679.1220068107533 1422.1706296592315
671.2080877923115 1440.2779950003362
660.943831594193 1453.809565066067
652.1052734903238 1470.9315797432967
641.8126781850308 1485.2610834869936
632.4719741947424 1502.2913172411686
622.867296649122 1519.2762522875867
613.3692965020683 1537.1412121560459
603.2280674371012 1554.028602907971
594.588468714952 1575.538178804693
584.2200445137066 1593.2658094581716
573.5703679482483 1610.9366942905333
564.272331888801 1633.27301314409
552.0632303276496 1647.9897419948343
541.170498857977 1667.3762296391924
530.2612894886661 1687.6563527181168
518.4365303753121 1705.9638225860501
506.87746856621817 1726.115938128115
494.1666555162427 1743.3138892855443
484.3407799652185 1771.9997203336923
471.4727144511323 1790.9822666704663
244.7323129886147 966.4962984819149
234.45009970662278 963.8968569030374
224.92010841695202 964.111479461637
214.09871909503607 958.3766162015144
201.52573429124772 943.7226173078473
186.65246821904245 916.1800347681341
174.02925709914928 897.2791191560841
165.22052153705073 896.9092369147644
150.01587858821114 858.9989733238376
139.16355250676858 843.5985453126955
131.07006081436128 843.8818869712276
121.54178562291652 834.1921807039389
110.99372013723188 815.4810813808606
104.70033029219334 827.4018617556438
96.56555473503327 825.3702766872062
85.37940707251143 794.4251738508457
78.68425401467812 803.1548967479148
71.12727853965568 803.859384623668
62.54005614576063 791.5331587351759
55.995122555602805 805.0549957922024
48.541283687340865 807.5424098943566
44.53776562281162 878.8722247479025
45.2553120507483 1097.066979145389
34.71291371520388 1090.4476207601174
24.186964755890333 1078.7288773069429
13.689344164733203 1051.9109286704552
3.564827262331272 987.9935688083145
-5.431558679471344 936.9842571624731
-13.893824057604222 913.8943930526416
-22.315956853237086 906.7254259530415
-30.808518616567845 905.4760268392822
-39.06254250136191 899.1518880441332
-47.305953862433 894.7503264761434
-55.59441992011124 892.269724059797
-63.55414231478228 885.7227957971006
-71.3147277965027 878.1088825420859
-79.38935958845514 875.4075220056856
-87.41950387153153 872.6321277278618
-95.29545027995556 868.7892593465579
-103.1068753702809 864.8756975724184
-110.72543755168643 859.9005044067526
-117.98551746949093 852.8777272666091
-125.56239798974215 848.7626783801616
-133.53927164709722 847.5442542593058
-141.1744865770325 844.2782505428594
-148.58591821520434 839.9590614477258
-155.74519570950807 834.5923759617068
-162.62405328146346 828.1844101975765
-169.28706758404272 821.7438096808492
-174.88257004000224 810.3438077113959
-166.19142993897975 736.4817775171612
-22.238874982152623 94.41627211200507
-22.885652092856045 93.23222044060066
-23.759679946789145 93.01331952374426
-24.37503547717173 91.81970183727793
-24.70446171732608 89.65873951409962
-25.544870370042364 89.42292545973729
-26.666717242962587 90.13815058832682
-26.92618711148369 87.97147519302703
-29.56048778324406 93.43541920501389
-38.200447339876135 116.91760270820366
-261.97400691948053 777.0261383625084
-267.61348694460685 769.8103802920228
-274.15237365433 765.3819151375976
-282.7079574368154 766.5280234941863
-29.80507063572863 78.53443680576838
-33.44949899512422 85.70373980740388
-32.76316771843466 81.67358716900905
-34.29028264120217 83.21163690486127
-34.68009547266476 81.96518149804133
-37.04101854462429 85.30511675847352
-48.01207178425823 107.79072762989975
-61.06932192486175 133.71438935147407
