-211.30140008307828 436.55093439704245
-210.4559867263417 424.71670281617355
-212.63727925286165 419.1484074548543
-216.11490815182842 416.23953016805933
-216.7418172104385 408.00365767026756
-220.09765837316704 405.0654524624985
-222.4460415411789 400.35204333518783
-223.24358575847222 393.0220113653937
-226.43339556735805 390.0370717916905
-0 0
-232.70368742067208 383.99217942664166
-235.2574911266425 380.0827710759825
-235.6212348909605 372.77826340662466
-240.20634720111298 372.22293154008975
-242.60133971861256 368.2737975565657
-244.94334784405083 364.31271779468295
-248.36385862870904 361.98949394569263
-251.7623357884345 359.6341561619969
-255.13847782698107 357.2469133976263
-258.4919852295649 354.8279774370651
-263.0153739768598 353.9829276276083
-264.52596756904717 349.09885774900414
-268.4137347523932 347.38317028358165
-271.05490221008614 344.05412363155983
-274.90966172095125 342.26550789185893
-278.75471923738075 340.4347316342577
-281.3080362989537 337.0263917167713
-284.4699305423394 334.36186776789697
-287.6065880069568 331.6676808719785
-291.37995760028537 329.6933731649089
-296.48010303427543 329.16340699534845
-300.24348875049463 327.0930257020647
-303.99411586818644 324.98088792653584
-307.0415500432639 322.10322343470864
-312.84881686119087 322.0661698914573
-318.6823776488063 321.9480426654332
-324.54121798395954 321.74834549611603
-328.27404974957966 319.3746205649574
-331.26760281150973 316.26851776222657
-336.4210584874896 315.1854555752171
-340.11096432597935 312.6795995028335
-343.73790202726224 310.1826150993899
-349.6562755824899 309.56338437512574
-358.6134066360081 311.4826232407148
-364.59313418837013 310.66516782977317
-370.5892915692375 309.7621296643776
-378.9207143953126 310.67521980702924
-395.8743037092429 318.3512771495068
-410.6505588401894 323.8751588563719
-429.52104342558647 332.20576944808687
-443.80417741697096 336.5811226246144
-457.4053138550826 340.11818366140517
-469.4962142095558 342.24889312150435
-475.9723587110412 340.11073747097123
-507.02283892649893 355.08990524501473
-515.3114417644593 353.6652626236202
-476.3182271864059 320.30758100613133
-444.258617467637 292.67435966572776
-448.69217400548257 289.5364104672049
-447.18857030074787 282.6011015413299
-404.77641618782803 250.46367580577083
-404.5653625431387 245.06298665922347
-408.5894788754584 242.23880315152098
-404.81140804168786 234.84404169428294
-414.84559040373523 235.44030267262298
-403.9426745744565 224.21934719741466
-352.4364304822687 191.28398382749404
-344.51585597975287 182.78081129740664
-345.3444110209197 179.0481437396492
-347.91743377636845 176.21991736028662
-347.7787743568072 172.0288467289047
-341.2886073067267 164.81227661383386
-325.64786487446696 153.47139180544664
-320.7273119470495 147.45504864608733
-325.7599802712169 146.04600389499328
-324.38011661232116 141.75168410490545
-331.2290964676066 141.0222877890334
-334.39787521835325 138.64364770681226
-336.6238110775769 135.84332819688947
-341.61914594464577 134.10950422714575
-347.5457738513272 132.64967047860367
-355.3234551447503 131.85690055509647
-358.4338612271126 129.17494774848177
-359.6372692042107 125.78566929240421
-364.5966467594898 123.67006578689862
-370.49778711811985 121.78419331167869
-373.5366902106847 118.88793490698278
-375.5980387334722 115.65082489791898
-383.38220634084763 114.09681792768691
-395.9754341593236 113.78688651305647
-399.92291919142286 110.8452015443639
-400.9514505416461 107.06509379134692
-405.8184142980006 104.27087137190499
-409.69716206130664 101.15451249900536
-412.5799119767116 97.74362502633565
-421.2857926463453 95.61527552823631
-429.9875612597124 93.33111572206295
-450.4334893808484 93.32562158482055
-463.0672870355356 91.39303954650423
-480.61798219177103 90.15184520524508
-1828.3193307441177 325.11140371783574
-1787.9156141173096 300.54410124892405
-1757.091719554453 278.33377278579735
-1742.8258254718353 259.23375950754604
-1709.5386158393205 237.810262508119
-1579.80866249318 204.58149943606858
-1464.5087685607023 175.610554377621
-1441.2520616297372 159.03614321289538
-1430.7496101762897 144.22050124859203
-1288.6433681134781 117.61917282973467
-1167.105336122642 95.42606768621907
-1152.9931489834419 83.32345646483218
-1135.7637009044638 71.307893727103
-1131.3933150420107 60.317217096358846
-1118.9247647641307 49.06496507218442
-1117.3392532823054 38.43166760029883
-1113.6534990164175 27.782802747208034
-1107.8668632269153 17.175953066869024
-1101.9797486473306 6.680836112789151
-1099.9937263236352 -3.7151108521369673
-1100.909563888461 -14.111418742242329
-1101.7311569804003 -24.340454774473155
-1107.453950083762 -34.78143820879117
-1112.0781378600288 -45.29034437681718
-1114.6047106924318 -55.78834019972802
-1119.0284273743055 -66.45584043700535
-1126.3426351614487 -77.41620126022497
-1134.5460330826552 -88.59626863706428
-1145.626705767438 -100.19706099705778
-1162.5607414360384 -112.59006382309614
-1183.3393902461887 -125.72942174279794
-1503.971963619521 -173.9664698913044
-1503.28000380072 -188.0803822117221
-1486.5984686089216 -200.06247306681325
-1477.7436546670792 -212.89126588750358
-1447.034365870232 -222.23308482432387
-1386.672999504651 -226.19237928094307
-1306.66002583372 -225.64480248439529
-1276.9573085730858 -232.7746379693904
-1258.0402911872654 -241.44487103573
-1231.231704124927 -248.20251964399603
-1109.5037815666094 -234.42985878380267
-1078.9573873348572 -238.48680532796595
-1070.8448007849797 -247.16879380653393
-1063.6368211122133 -255.95451309618585
-1089.3393730315997 -272.8895937244973
-1708.0303269549297 -444.8116480064746
-1727.949917843602 -467.21417082991974
-1717.7495847596595 -481.6558564556418
-1706.4703032104976 -495.66934972890175
-1585.904936277612 -476.69857676555245
-1447.70646076995 -449.89110176235494
-1415.8443757909865 -454.4817967103102
-1396.3650445259555 -462.60746040895896
-1387.267659009499 -473.966710082369
-1379.0234424952305 -485.5289332764871
-1374.444952655861 -498.342324229869
-1367.8736088291666 -510.4133523612718
-1363.997610826124 -523.4801979641882
-1362.7874849780421 -537.6200059402765
-1373.4800618454344 -556.6655366672716
-1375.6456762880655 -572.4499745042798
-1375.792621339153 -587.5463071696925
-1373.9454520799673 -601.8919294265163
-1371.0379986989308 -615.8439787183362
-1367.081327100661 -629.3755993782219
-1361.1825476268727 -642.0335443230488
-1361.4696703507332 -657.6810296147107
-1366.961273232621 -676.0487241924593
-1376.6893109569473 -696.8325057694178
-1391.4758824345524 -720.6135362335234
-1523.4675140361978 -806.9837257816091
-1522.9483940126634 -824.8952595173822
-1515.2286929632676 -838.991065519072
-1509.1191522371057 -853.9996395497832
-1500.2642857256667 -867.4653151429485
-1492.150557046561 -881.3488044501098
-1484.7646195037528 -895.6729451478795
-1476.389821716603 -909.4113999349348
-1467.887906428808 -923.0715541928754
-1460.101162523223 -937.1924003097407
-1452.1786792120242 -951.2481714263743
-1443.2896061190688 -964.6818713278818
-1434.2762654615856 -978.0325119000736
-1426.7812989968195 -992.4409931239987
-1418.3266933442362 -1006.2158769107176
-1409.7392315469956 -1019.9192610384836
-1402.6289552957812 -1034.7371713463597
-1395.3648616158657 -1049.5107922111786
-1389.5342939194477 -1065.4555110476374
-1381.9518544681691 -1080.1504857805637
-1373.434005889417 -1094.173218218463
-1363.9984549443202 -1107.5004356249738
-1354.4337657441313 -1120.746703859606
-1344.7406286341668 -1133.9107732536038
-1337.1951774230672 -1148.9464989617627
-1331.7434090634952 -1165.915731267033
-1326.0914077107839 -1182.8823180670304
-1318.7586684722694 -1198.498883741344
-1307.5811192989734 -1210.6839457318513
-1297.7458591322277 -1224.1371185880919
-1287.7820481538402 -1237.502887452268
-1278.0813373699473 -1251.8103271129562
-1271.0555772141472 -1268.8710413721367
-1263.1193775394372 -1285.197820603655
-1250.822322385461 -1297.1690398025394
-1239.7863011601282 -1310.4754585476553
-1236.773678597281 -1332.4844719278906
-438.9801512065044 -482.0792744421965
-425.04214613786434 -475.7974085748244
-415.21892186522217 -473.8071832772088
-406.1245216477418 -472.43187119032615
-397.7390262066368 -471.6912836084596
-386.8555289655682 -467.7518569805687
-383.0132367044568 -472.1915506541554
-384.10166011749675 -482.8611753858276
-384.40603822697005 -492.8052331039569
-386.37793884638 -505.181243092836
-389.34821058579706 -519.2388380250825
-1124.7273879726915 -1530.0945404595518
-1117.1191759929088 -1550.4727493990097
-1108.070553611632 -1569.2101988640054
-1096.4897795747281 -1584.625874863895
-1086.9601991881343 -1603.2736901043725
-1076.067876573205 -1620.2169376374366
-1063.860439208953 -1635.4210362735748
-1054.6844010527573 -1655.5995331528654
-1042.5738001031168 -1671.5082624200654
-1032.3399893390829 -1690.7498769514616
-1020.8077838994843 -1708.230507961447
-1009.0358361909632 -1725.644135180369
-999.0104875027375 -1746.4598609356995
-988.6795915570912 -1767.2401266490367
-977.0831176287146 -1786.226352186349
-965.6857300160209 -1806.0329650489286
-953.9991900907874 -1825.7835428402027
-942.9328297007485 -1847.2557155609343
-931.5434347304648 -1868.6815751247102
-919.3932964259144 -1889.1577399696116
-905.2210604722388 -1905.9577203278973
-774.7835195775592 -1672.2318911535594
-759.6573619763113 -1680.2549486298772
-745.2219896818234 -1691.0790005480715
-720.3916606563661 -1677.8891069605174
-697.8099460181335 -1668.9943916137554
-668.6790158779593 -1643.1507458917104
-644.8904286186089 -1628.9936571626383
-623.5884282822967 -1620.1337821650454
-604.6162037450898 -1616.6370174435806
-581.3299606829522 -1600.707492583313
-558.7353710630134 -1585.4260579172642
-535.8387768487788 -1567.9686875780412
-519.9276583146394 -1570.1564349196087
-504.6341648314601 -1574.088104168523
-460.2859427110783 -1484.2684564938293
-446.6931649825143 -1490.5036787468537
-421.35000872873877 -1456.2692642998038
-384.8752147802166 -1379.3096349434677
-357.4353817968959 -1329.8003413444092
-339.48774596934345 -1312.8153222508695
-330.3360538720925 -1329.5781629946448
-306.75186149974076 -1286.946889139736
-288.2402797461053 -1262.5143726436888
-282.59294945987597 -1294.513895219193
-323.47525593623607 -1552.6621521750915
-309.8304029075311 -1561.5598360082643
-296.04522549405976 -1570.337933204879
-283.7037407325311 -1587.8542714916784
-336.3213440365077 -1991.8051996983734
-318.89379613016854 -2004.7959364458245
-302.72574621968664 -2027.524875944987
-280.9000990882228 -2012.490778694955
-265.1844222910362 -2041.8516650761312
-213.96892638832617 -1780.187152672501
-190.51068789731198 -1723.5027350709058
-175.4814086795763 -1739.1694210765756
-184.35081645051537 -2019.6036186524395
-164.9315136336709 -2019.27551260607
-145.60713001932982 -2019.7582933825358
-126.60050969675845 -2025.0464959957144
-111.04929433490126 -2097.0617669080993
-91.5134746924752 -2096.0031688787376
-71.06560501658971 -2084.789121178357
-50.816002319562834 -2072.3770732924686
-30.810205759094824 -2059.769582070063
-11.05548831626358 -2047.9701599823395
8.4666754594563 -2034.982387001584
27.753262829563685 -2022.8096194161014
46.854481281248745 -2012.4546349132606
66.18710003477659 -2014.9132159447927
87.09677498843394 -2053.15346523016
108.58760070908046 -2088.178568267629
131.24759033223796 -2130.962005769221
154.45110663588164 -2169.509127811854
178.48381233632114 -2208.800472820914
204.00200644802086 -2255.794357064753
230.43449753533108 -2302.497761637487
257.66893210464144 -2347.9034736181243
285.9105595862503 -2393.9875003677603
316.849200241025 -2453.626414983875
229.83880955634723 -1655.1178573206566
249.91214068691053 -1681.5302322400528
268.79000654637304 -1696.8429309693931
285.328962622829 -1696.168441838422
299.2499402955173 -1680.5649268127456
440.3488660911537 -2342.9786333068073
464.66532302959075 -2348.47229866009
484.2437304403303 -2330.2163010178333
505.64398151870216 -2321.572778086854
527.1454582254603 -2313.7084228295207
549.2372095024531 -2308.5639449012365
571.2787774758841 -2303.208535588052
592.7681329321655 -2295.7061964851064
605.3517635662699 -2255.166123004513
627.9542440653305 -2253.129926870694
668.3436774321219 -2312.350693306815
693.2843673901009 -2315.436413709629
709.4654344077817 -2289.59992081162
727.0470494618828 -2269.381322710833
751.5336396545439 -2270.872340856613
796.8026827954392 -2332.665960803216
841.969227026213 -2392.150459469655
885.9730461976911 -2442.264474091859
882.3609229858149 -2361.5419118846103
879.7996963412024 -2287.652398053063
891.7255643732799 -2254.0189701604454
908.7404169901309 -2234.2638283176416
926.2303987530106 -2216.235828702767
946.2198165776643 -2204.511070218458
972.1177627320334 -2206.3336228641547
1029.8564455473136 -2278.024517331772
1056.242970967183 -2278.041216984982
497.1427912349493 -1045.8551740671955
492.67962345627024 -1011.3811292638338
496.0872651152766 -994.0917590395995
504.6704351657897 -987.5164565056991
515.9546898953663 -986.1844441964071
523.9552967908918 -978.555489977328
1151.1562651410186 -2101.3460574656856
1302.712120443105 -2324.901316454234
1326.3992202081522 -2314.92745213132
1352.0363445611079 -2308.164362212067
832.660442501175 -1390.797464584167
841.239085427663 -1375.0857431988848
852.2436685262097 -1363.5779146997754
862.0290236562062 -1350.2999527417335
867.2694467309522 -1330.2585112552326
863.8938667652021 -1297.7551336694712
872.3426314567008 -1283.6363711515808
885.1603589703891 -1276.0486428453314
897.3348969258304 -1267.5168964392976
910.012799949436 -1259.6796036803119
923.2161582150368 -1252.5206286567372
938.7697582109824 -1248.4211393069622
954.3291427010248 -1244.1382107272193
968.6598291549581 -1238.0961737205585
981.7146515469758 -1230.3301763908744
994.709442895562 -1222.4275537693022
1010.1970100033326 -1217.467043077687
1025.03451348527 -1211.55818934297
1039.8511659824126 -1205.4764836383235
1053.624222047408 -1198.7877204555418
1067.5457628147574 -1191.7827168977815
1084.1254522361348 -1187.5756834045549
1099.3579241198893 -1181.6971501509206
1115.2635443918755 -1176.3622854165596
1131.165841004865 -1170.8321144142558
1147.764108372801 -1165.8188330659223
1162.2431107992109 -1158.4782912941325
1175.2556421279369 -1149.5695610298885
1192.5319109988113 -1144.6731591373682
1210.5476462252764 -1140.2383067668106
1224.913281353331 -1132.171123622315
1242.196967731622 -1126.6213620193626
1260.2312951835593 -1121.5106252907142
1275.2659467542223 -1113.5285200878586
1293.2993863530585 -1107.9646642645255
1311.3405675095223 -1102.1592062872785
1330.9296392815534 -1097.3838413617518
1348.211827684579 -1090.449846481445
1371.7481945941538 -1088.2591100595848
1393.7834003035584 -1084.49243106545
1415.868422134279 -1080.4062250852626
1440.401189706143 -1077.796554407708
1468.2343927845336 -1077.1855772542779
1506.7361246044386 -1083.7353232279538
1715.484897543309 -1209.5092253888859
1602.5842687930856 -1107.441944942005
1370.34641895498 -927.9955237269533
1352.3685294161644 -897.3451736342937
1335.6138078684585 -868.207784018962
1322.6498242312048 -842.1528616950507
1316.952169478322 -821.1826735302815
1316.0989219584942 -803.5220143964254
1312.4553846402428 -784.4117944860546
1315.4748934584436 -769.4815167893875
1315.7262550143153 -753.0739816684713
1317.5308764008241 -737.7075231624497
1320.9173864256732 -723.3348175211592
1325.9135022408823 -709.9080113474688
1329.888017113891 -695.9876880641519
1335.3937373331241 -683.1716960555895
1342.6918000391697 -670.9543427891159
1349.8781401486644 -658.6600084632303
1358.7576118795319 -647.149713867998
1365.7261603152979 -634.687367946167
1378.9560631580548 -625.0409393628858
1402.1863822686053 -619.6469554354968
1427.2734131406628 -614.6597466418339
1445.012639927605 -606.1579583321936
1467.3465323061475 -599.2655122140135
1481.3141012858152 -588.680332040911
1463.4981818369183 -565.6271490655612
1485.6342176508858 -558.0859892031341
1498.3629243598277 -546.7481567448265
1495.927589617802 -529.87701084334
1556.6717340557198 -534.8729871585952
1645.1534112146462 -547.9290588833679
1661.6840963301472 -536.0242196052917
1694.3634620270363 -528.9210324308873
1721.3105958058331 -519.513072758105
1724.22845149807 -502.64524969859934
1717.3549561608545 -483.0610256993924
1806.7824188356233 -489.8176099187274
1799.7244596327994 -469.6720870984656
1786.6284408858578 -448.2441457707715
1770.3730309115126 -426.4039533367209
1757.7635968725642 -405.8117020363331
1745.9009262589293 -385.7122705958588
1734.79512825967 -366.0804050567515
1723.4754515316254 -346.69347840399286
1713.909905839672 -327.9296184620202
1703.1608099962473 -309.1993778986743
1693.1975144707264 -290.87140971596654
1683.0410193971777 -272.7598339684722
1670.7173489625507 -254.56539410443628
1659.1913561317804 -236.77002288631
1649.4619574590647 -219.47949994318614
1640.5474382071573 -202.51692026083543
1630.466997101338 -185.62966186292982
1620.214932796132 -168.95138811038305
1607.7744292106568 -152.59877055974903
1599.163306657243 -136.75422714151134
1589.4002498029615 -121.00762755414912
1579.4835379698654 -105.45498225402264
1570.414295415182 -90.1550927881361
1565.193318175251 -75.2255059108782
1553.835479850245 -60.16894181019514
1547.3318293656916 -45.47757504333428
1537.690515827266 -30.852512618534792
1526.9119249555586 -16.400409400705623
1520.9984676541571 -2.1590261012135166
1509.952862434142 11.93118715557348
1502.7770986766582 25.884197746226118
1496.4726678057561 39.73102704843209
1485.044406398734 53.28330905482266
1478.489372779514 66.85188537385623
1466.8183650280523 80.03051928128113
1458.0249819180005 93.18879816273207
1452.1064146503268 106.40940057801775
1445.0718982311973 119.44542244257073
1435.9294665385023 132.17627293297443
1428.6657354885247 144.94901255625388
1424.2708967843773 157.92850462479942
1414.794289531095 170.24135311434765
1404.2208993806596 182.26262848585247
1396.5184210020261 194.5155515685257
1392.6664814113667 207.2295141944876
1382.7728641139672 218.9502369719106
1372.7824342193067 230.50463834577155
1369.5896874387886 243.11538014144944
1365.298271943085 255.50269789030872
1355.9892023685147 266.86566482033436
1346.5875218508666 278.077410077738
1338.0726483294113 289.34855761298604
1333.3667479444894 301.367077624509
1327.5799242863247 313.0935078086354
1322.6617140941146 324.976906978971
1315.6997840389781 336.30057728137575
1308.6420112892404 347.52278528011874
1300.5256151754807 358.3770699590551
1292.339056085901 369.0471028405491
1286.8319900271417 380.82467021292945
1280.2619002323086 392.23776821407495
1273.591475371076 403.5600994426056
1266.8218499579855 414.79079120567195
1258.0594980795606 425.2884894889631
1248.268436540429 435.3273599682341
1243.1061245221383 446.9095693488222
1237.8365371005123 458.4328821310836
1232.4603283721285 469.8963066346287
1226.9781615817494 481.2988583006097
1219.535901591067 491.8914359190081
1210.155953054399 501.6199450649852
1201.621978140981 511.60592417265445
1195.7568953060706 522.6762356640932
1189.7900597431887 533.6811911022339
1182.8137256834914 544.2018838030043
1176.6495728690463 555.0646653022428
1170.3859155306836 565.8593541927213
1164.9195839349393 577.0289099905204
1159.3466589176821 588.1456660185534
1153.6676504172406 599.2086050623467
1147.000091095743 609.7473173588853
1141.1150146909429 620.6911657554739
1135.9993687179772 632.064422564945
1129.9013190882963 642.9020214018058
1123.6998803069225 653.6807928937548
1117.3956198229632 664.399750752855
1112.6983285162994 676.0964648014613
1107.8793534580273 687.7640134387836
1101.249790297617 698.3300790954478
1094.5194596810607 708.8322455838751
1088.5230947665546 719.8211390059637
1080.75896862046 729.6410430797046
1073.730067300088 739.9457700235529
1067.4208636776748 750.7580833967801
1062.6277951264344 762.6835313711266
1056.0904438573436 773.4041468683748
1048.644050768245 783.4709023239894
1042.692386307797 794.6782918488157
1036.0690521481033 804.9254121848375
1028.7663062751662 814.2382250133869
1023.7153262068498 825.3677549366727
1018.5470811581624 836.4722610249474
1011.7275302977862 846.2673362700124
1004.8140846985887 856.0073920190979
997.0518402271169 865.03620034061
991.4566708747151 875.9809756941225
987.2317910848501 888.232734519168
982.8662526983188 900.4792775554387
977.6285978968408 912.0369096556657
972.2621723221791 923.5730984991698
965.3293670098324 933.6959961295734
957.5804468859634 943.0671703233438
950.4470808142859 953.0825497151874
941.8114099256754 961.6170069907308
937.2585391585483 974.3974706321768
933.9248151569224 988.6275535479012
929.0499395135952 1001.4101107387448
921.9996665697495 1011.9672004789833
914.1675789351531 1021.7331538243441
905.5741806856419 1030.6888004026864
900.8129653918037 1044.1154157381382
895.8828390763883 1057.53956836065
889.5045201562014 1069.4216701664905
879.8219253902336 1077.4016797845743
870.6932412028012 1086.074251478121
864.571810597403 1098.5989187689602
858.9062937204861 1111.89252115811
851.2584794162083 1122.7822590431347
842.8869532417377 1132.821956026127
836.7621619678266 1146.0323225367288
832.7967980230669 1162.475588217889
825.1522394006245 1174.0309969554187
815.6638962551071 1183.0728668792713
809.440479350437 1197.0092357158046
803.5843185344419 1211.7624532083576
794.8018018249119 1222.3150558738419
785.8941186324637 1232.8075414674033
780.5710762155109 1249.1748456384155
772.0874636083678 1261.4760990755226
763.2911585135663 1273.817729243481
756.354566744 1289.5552602992616
747.6958662627396 1302.6722118682087
739.3468370580043 1316.6116566901285
731.7644439413374 1332.2615353537853
723.0065552171802 1346.1224019802162
714.9822929977036 1361.706400330022
706.2721466440761 1376.3679213330893
696.9011568454029 1390.0912839046
689.0934028426418 1407.3518686379566
679.2972618152302 1420.978617041907
670.1512716692846 1436.3572929741545
661.1902587850988 1452.5988578020065
651.5771872218538 1467.8839085881611
643.32344292105 1486.786786256929
633.9946898444865 1503.8200468304024
623.2629276041223 1518.0330441312333
614.9175530464315 1538.676510172099
604.0647045246724 1553.7035858707156
595.1051198675088 1574.274085509724
584.4327690209811 1591.0573020776053
574.5052233774338 1610.603535421441
563.9345562446919 1629.1573945672353
552.7474596604563 1646.7055735130407
541.8987542136799 1666.0881549851022
530.7343501094924 1685.4109438394705
519.2544254433705 1704.6697162962316
508.5887795832076 1727.6974426334211
496.16909868473493 1745.8640340846641
485.0386922647963 1769.7351403546397
472.48220765568396 1789.6819727115796
243.45901238411884 958.565965016988
234.20952537746004 959.8384750688341
224.0459475267738 957.1271667844509
218.11061904318493 972.8498125921589
203.30613060986343 948.4548577852534
188.17794231838843 919.9511193671201
178.7657977579957 917.7514857258186
161.0411291220476 870.2245427078554
147.4345891087723 840.161914117944
138.0543862779534 832.6325638776192
129.44612310409656 828.953980154097
120.91933187683854 825.1875636353586
111.25382064384972 812.4177419235415
105.12450859694557 825.3319560590459
98.17690945024111 833.236037657277
87.21369957672644 805.2911092307803
79.43962353782385 804.0854097744647
71.69595778258659 802.8048888974441
63.02844395761831 789.4880716339427
56.44312913012732 802.016317274156
48.47211787009254 795.5246405920988
43.97107242293492 853.8685758300144
46.068765538446044 1095.0313551865827
35.572387154563316 1089.419389065628
25.11595756856867 1080.7081884928114
14.4116247641096 1041.9003335596253
4.381978809914975 989.9903021048789
-4.679924423435859 939.9883500913141
-13.203673736784076 917.9050402954832
-21.62170898025368 908.7428138372117
-30.10090487278836 906.5003781167658
-38.412083509306576 901.1817307516137
-46.57392221347885 894.7887291252907
-54.80304534354654 891.3167934135838
-62.970998720902166 887.7694820842244
-70.75656688532555 880.1605014101704
-78.85214800688581 877.4641524043591
-86.80442028741875 873.6984563443873
-94.69286233080979 869.8610589189508
-102.39926616773252 864.9597622365504
-110.02189611942607 859.9908036568102
-117.56016444356545 854.9553249942372
-125.1590312181592 850.8438263891511
-132.84583151228327 847.6532221668305
-140.81194886076867 846.366348018417
-148.24545165182434 842.0500496197044
-154.69706205377264 832.7531560984511
-161.94644214667693 828.3171795127957
-168.61472342278196 821.8820323167181
-174.8258460296015 813.4248112518047
-164.22946966024338 730.7733446802197
-20.55451924869864 87.62141141556029
-23.273248119566716 95.19640708537841
-25.149111072213106 98.85101017327788
-26.072844138755457 98.61139284340408
-26.994294956218578 98.36314370645476
-28.734364715745894 100.9917634482263
-29.112674746868752 98.80006158440911
-27.119664696279035 88.95798888667277
-27.950754041066535 88.70036836753161
-254.6821885021359 782.6020590694625
-259.76456529088057 773.5492037480485
-266.00881277909315 768.2501620721322
-274.5288749701154 769.4952220824005
-33.10250734560755 90.11228555215986
-35.00488844531969 92.60484752393216
-35.145110631376404 90.40918757907468
-37.473525941318336 93.79091029265759
-39.10877177386651 95.28643119741459
-37.28019658945449 88.46573880464473
-56.365473831554525 130.333930193731
-78.66889856346194 177.33359636236935
-203.70970730589121 447.8463521670665
-207.46822604880163 445.0145336729615
-207.74359862824446 434.93286519759215
