-474.50013304118 966.8395025772904
-492.870692206286 981.163839918745
-511.832166336827 995.0823249877121
-531.103878681809 1008.7262612072407
-551.6309313019341 1023.8517058788158
-572.9773805585205 1039.5508267363825
-595.1643565246461 1055.804616736735
-617.7132904602672 1071.7272464525429
-641.6351051565545 1089.0364511028718
-666.4588463178292 1106.840822415178
-692.2042636556869 1125.119663581118
-719.9549793740648 1145.545209790731
-747.0774925976565 1163.8574741152795
-777.3554138563625 1185.935310439909
-810.3466075809483 1210.8622446761021
-847.2679383251742 1240.218142379077
-881.96239321675 1264.8740399547232
-919.5226226581659 1292.2361032024482
-959.4468008257328 1321.4200075620417
-1001.2008754584147 1351.5623577849838
-1046.0277781992372 1384.2148992246714
-1092.1779622671304 1416.9221216206693
-1143.3722532716167 1454.3726793530557
-1196.0043666894542 1491.7498298507553
-1250.7178613461174 1529.7976439090874
-1313.3078829093274 1575.3803999949412
-1380.7650392597648 1624.4728087468811
-1453.2052602735814 1676.9482614300275
-1533.390476348667 1735.675559268842
-1613.4868671793074 1791.5303875290267
-1706.2822901983156 1858.5289199137014
-1811.4318623500549 1935.5917978910256
-1921.6538184732265 2014.4236401381083
-2043.9969513109081 2102.0705180920345
-2182.9648589982003 2202.468030273985
-2294.8887871865986 2271.547149949836
-2320.08379565634 2252.990719273577
-2326.3086290245215 2216.2258825593685
-2334.966355081127 2182.2804862434978
-2368.2496701887344 2171.350386200014
-2389.64007634652 2149.2827421069105
-2407.965997443213 2125.7101766603355
-2427.4335506340444 2101.924679253801
-2444.3798593404586 2076.0192926007985
-2463.3580389848726 2051.902329977868
-2477.451895702276 2023.8164700587847
-2493.575722059281 1997.524747870858
-2509.423535650301 1971.1099712406572
-2527.3712980586365 1946.4054874946803
-2545.874205501443 1922.1406113399705
-2560.1251235562236 1894.7254027262716
-2580.5605633564355 1871.9111033512024
-2596.7183731757686 1845.9820395690172
-2613.4369519066327 1820.4868300564465
-2629.9054587591954 1794.840738892614
-2643.628548283503 1767.3788780848488
-2683.002057378592 1756.8007741637189
-1838.512693681455 1178.8668606641552
-1837.0011302531857 1153.2509906557714
-1842.8367325960892 1132.4847800277803
-1853.5853177424137 1114.8051264009127
-1034.2104269702024 608.6121858343879
-873.5872754348981 502.9008572255882
-840.0168389732293 472.935207233955
-856.7668729655935 471.6296485472032
-865.6421585646203 465.7817657611608
-865.6325126388186 455.1531094726316
-870.836237837997 447.30889424218196
-867.9244067393545 435.371363534787
-869.355004678122 425.7298155416207
-876.0943717306696 418.68801251271
-876.433918659376 408.5983189189235
-879.3919654040034 399.7821546578639
-878.6045847828428 389.32632019755397
-881.3704334146097 380.50776483869936
-882.204364002966 370.89683219747553
-885.7118530127782 362.4410482170456
-886.3510295061226 352.8425321491677
-882.2249524393626 341.4602953395377
-882.6428786342152 331.94961785835216
-888.5957509967925 324.5205560676337
-888.7391081077373 315.2646471139187
-888.8388072210545 305.88490446220663
-906.8643247455474 302.5443711322397
-59.947522139190816 19.372521502665236
-56.31008956211016 17.611752141883343
-59.34538176563516 17.947859568511713
-58.55228720653411 17.10642168554084
-58.71115858863978 16.552941043197993
-62.72478494371302 17.04703357669458
-63.85033919200596 16.7073093305232
-62.065655272771174 15.6158392525516
-1099.3726347546663 265.5951994155453
-1097.9339643685087 254.3029883545423
-54.67257639871626 12.120618380533777
-67.50239929304456 14.29776519888255
-65.67394270810546 13.263983156370566
-63.83215873305818 12.266030795561537
-62.96133201675276 11.483495577402545
-60.11066573376868 10.378239978104611
-62.17992113553499 10.131999189629324
-61.28433709129454 9.39308401328231
-62.36011797411483 8.95632102229931
-61.450743823517094 8.234444944043016
-64.50278868149104 8.02435370051145
-62.58871909873188 7.186949393173374
-64.64278205998676 6.805198567643246
-64.70414119383443 6.194684202470613
-60.77452006544965 5.240010573868901
-61.8183466887869 4.7425744764789455
-62.85810878648439 4.225891596633156
-63.893535944978694 3.6899951826140867
-62.92668546955778 3.0384627388444683
-66.94955224567217 2.599510358512331
-68.97024554269493 2.026136663794256
-68.98629875554985 1.3749850944725717
-67.99625955712244 0.713222434051563
-63.99996479551222 0.06712803584527799
-64.99771172151087 -0.5454089909136949
-64.98966720559145 -1.158946291452384
-64.97583141453636 -1.7723803174686779
-63.95727264266428 -2.3382207149684877
-65.93044874386595 -3.029179498224706
-69.89306087462703 -3.8678212957271216
-68.85584119852997 -4.457929210162833
-68.81104859131162 -5.1029003286514465
-67.76368983680867 -5.664127443904626
-64.72054140182568 -6.020923571560149
-61.67691833349218 -6.321213877392255
-1113.0448401650262 -124.6241701356975
-1108.850162588517 -134.68599380566442
-1105.5564422413922 -144.81005841637997
-1081.3748563602837 -151.9619032250381
-1064.0807684878619 -159.7126110683861
-1040.8128333614516 -166.20663617950723
-1033.2940124332554 -174.94994675501815
-1030.6250436178796 -184.44787737364717
-1028.8515581856195 -194.09655128059993
-1026.0068581736257 -203.53360160102753
-1027.97082500934 -213.9532260322737
-1028.8521991432033 -224.21452298679182
-1031.5813333167691 -234.9552143545589
-1035.1719973441 -245.9978372153438
-1038.6457822464522 -257.12825403221495
-1042.9697619545557 -268.59463071412534
-1051.0335530663403 -281.1982758281858
-1057.9882320647848 -293.7088708439549
-1061.916864812847 -305.54471395534443
-1071.4662602288888 -319.19281506813235
-1088.4973168352872 -335.40213362824676
-1109.1283622340216 -353.17173738576116
-1144.7194801159455 -376.3539714724417
-1165.765030321808 -395.4148379598246
-1179.0000843565726 -412.2618113374008
-1208.014247404414 -435.15236190091787
-1196.3830848059154 -443.67050205110735
-1180.0274859509293 -450.2267566463918
-1152.484039363516 -452.1333199536985
-1134.2851213834401 -457.30325103606526
-1125.3308949231887 -465.99825850680526
-1108.0310933552 -471.04468594612143
-1093.533101395002 -476.9007822948378
-1079.9524024026316 -482.89937724621717
-1066.354968620296 -488.68812232221046
-1058.1746937235325 -496.8171872662099
-1056.2441625114543 -507.8703271116324
-1037.1528625793824 -510.5388718240687
-1031.499711431344 -519.6473278263386
-1048.8777260054935 -540.6066184292832
-1056.2239486025894 -556.8006558889406
-1074.8028784017874 -579.3442608494819
-1683.372352522483 -927.5459680053173
-1669.5047306447968 -940.1116712149918
-1664.2168439588315 -957.4874914502572
-1659.6122457043714 -975.3523434677815
-1653.9618228557365 -992.698991908287
-1653.2480254798247 -1013.1593982424783
-1655.6877034645142 -1035.8123520196132
-1667.1200833247462 -1064.5161472590687
-1948.7788448540884 -1269.8570840252714
-1930.304113531835 -1283.3744696237638
-1903.470548837185 -1291.046037021711
-1799.3579202227345 -1244.8514268504957
-1737.9403044434453 -1226.251400892584
-1713.5517144793107 -1232.9077507279349
-1591.6277675320832 -1167.645943606553
-1546.3400635173712 -1156.543733700154
-1537.9768299526415 -1172.5968064636813
-2023.7362898117772 -1572.7238884492285
-2060.0759255963717 -1631.7080562337899
-2038.6909938697227 -1645.6424373218147
-1981.699542104521 -1630.0990536843863
-1796.419152975742 -1505.7271422212982
-1765.7048307366244 -1507.9689820130084
-1749.4372630235257 -1522.2451388474706
-1727.8187256515944 -1531.7060590360347
-1723.2444887695583 -1556.3137318437255
-1713.946759634145 -1576.9044058342959
-1703.6856034382117 -1596.7718574165115
-1695.373129605091 -1618.6556000005187
-1683.9336954150135 -1637.732673376805
-1670.0971250376326 -1654.6832303921599
-1663.3631291381837 -1679.7973391524438
-1661.8753347066836 -1710.6710297113086
-1737.2192461493703 -1822.7433420007912
-1740.2190883058167 -1861.1667106135526
-1719.6586867372546 -1874.7559844227997
-1700.3354959472688 -1889.6092721040916
-1681.5473412201015 -1905.0143147062195
-1661.310941961963 -1918.7209161619767
-1642.2609461744958 -1933.7393786831901
-1624.3557068609648 -1950.1057759999112
-1604.389653197886 -1963.983156931741
-1586.1824701792568 -1979.9985281045113
-1569.05113531207 -1997.4179669703344
-843.292584882133 -1094.8888602423583
-834.6039635860569 -1105.2878466564462
-824.6035571559418 -1114.0130041995774
-1489.260173239072 -2052.6568481857676
-1468.427065796935 -2065.158093811465
-1448.6344811395513 -2079.0897383358765
-1429.837361636412 -2094.483497015105
-1409.7664323454671 -2108.045209722015
-1389.5668823644353 -2121.4145939528144
-1369.2405546085704 -2134.59042994557
-1349.3211605406507 -2148.418349790662
-1328.7387391805298 -2161.208542228384
-1309.0662565323428 -2175.515234607287
-1289.74897949564 -2190.5048664383185
-1270.2646464174209 -2205.3237240963117
-1253.068870070561 -2224.3262815648445
-1233.6957072168134 -2239.697279097067
-1212.7207885307046 -2252.259374287399
-1191.6184067530614 -2264.625040197007
-1170.847585181699 -2277.682359828557
-1151.28196487599 -2293.2304370366446
-1131.0858329530909 -2307.714202082401
-1110.2863770819297 -2321.1189458677645
-1088.9110462167853 -2333.4304646650744
-1068.644355578886 -2348.2758017936026
-1047.7877387436388 -2362.032356793296
-1028.2240898001498 -2377.1527551158033
-1008.6776858339203 -2394.1957576816326
-987.7614315682187 -2408.3057020042747
-967.0385194427781 -2423.162706446664
-946.4839707087918 -2438.7751214885147
-925.7197101553422 -2454.2151532068065
-904.4031528257251 -2468.541256928652
-883.2327196546015 -2483.62556818284
-861.5308808778811 -2497.5845413706784
-840.9115939719183 -2515.148443158695
-818.1875646209745 -2526.836977151395
-796.8121213258995 -2543.091709574808
-776.6507902249814 -2563.9529149426503
-736.2283775897864 -2516.5158008706226
-660.9221937606504 -2341.5103787501366
-649.1247214641926 -2386.2870942080785
-605.3789613508761 -2312.0588905029504
-558.4679498719892 -2218.796418999674
-478.39469372265455 -1980.027150575973
-423.44794712511606 -1828.6117237061358
-403.01078776930115 -1818.887381049626
-381.9690304444246 -1805.027606376519
-408.28413711789017 -2024.2354268656352
-390.71134637312184 -2036.8653965874382
-372.21896225392175 -2045.4080385435602
-357.5018442443264 -2076.4492364037956
-338.54081502523917 -2084.6904126421377
-316.286402618283 -2071.998772084285
-292.46480989139377 -2046.2046170838319
-273.389083991746 -2051.86705435663
-255.09055361147608 -2064.2986240992823
-265.89802932483525 -2333.902148334666
-245.14377843416335 -2350.2496735230116
-223.25400787720955 -2357.452363880713
-202.60630205955496 -2380.3931789445523
-180.93967639557238 -2395.1753241685387
-155.0595761197381 -2349.889684188083
-121.83021894084351 -2158.5646614713273
-101.0163648902705 -2153.632209553051
-90.84070422166587 -2430.302854883834
-70.49384992087437 -2509.0098878090007
-46.420755817474166 -2493.567948428383
-22.701466848286493 -2483.8962626089956
0.8229898549097389 -2451.999861885742
23.809664038847906 -2426.883206892816
46.43619325261483 -2407.552217493155
69.10116897013441 -2402.0062507093858
95.33490089009395 -2492.177212132451
117.94173238950667 -2470.185974326824
139.68326297318896 -2440.0050381188075
160.79700923536672 -2408.6386864411525
181.40516169676857 -2378.0910763277693
201.87661173765665 -2352.3534669843566
221.30717348641952 -2320.4706709983325
243.1786407227166 -2317.2751560175698
267.3989539762727 -2334.737201359587
292.2181786318931 -2353.931293831037
317.5574733993832 -2373.8538815791085
176.05140953509928 -1227.438756598758
186.91637791900112 -1220.7732253230497
196.3852464120913 -1206.1164267978702
206.44360667412022 -1196.3181170839891
216.87219121593762 -1189.3895294129666
230.01851300148923 -1197.101701475937
507.0535684259313 -2510.3023082382983
535.9968943078635 -2529.842550296821
565.3555501928729 -2549.0574928522333
595.351717937384 -2568.915205285882
626.9493462113318 -2593.2910591148816
659.7942364409881 -2620.205252563099
691.4311218380511 -2639.955303362876
723.2383574223396 -2658.373803352914
755.7277201159563 -2677.3867133920603
756.3547749049645 -2585.645655243282
743.7199995243366 -2455.8576022048837
760.6784193511227 -2428.6608125330054
779.0363218701975 -2407.073411677956
799.2722984117258 -2391.996612245017
518.8202247381441 -1505.0878959059705
528.7043430772756 -1487.8550727847207
548.3173761860587 -1498.8542474078113
875.6393291212298 -2324.5454964995033
908.645577801314 -2344.0476134119194
929.882600717832 -2332.4749406761566
942.2604275565428 -2299.428252122897
955.256694369897 -2269.1250842255254
984.0290770953919 -2276.41972742963
1019.9214137664821 -2298.9095914673508
1047.2184115629666 -2300.894955986374
1104.673390539776 -2366.9053002250334
674.957474732918 -1410.8608745380116
672.1169455525554 -1371.126475384785
662.7471747261421 -1319.9602957636705
669.380741713675 -1302.0082267876999
679.9236848703589 -1292.0153957102495
691.2852389327247 -1283.7011795716812
701.5850429267657 -1273.5361901184624
709.7904495178025 -1259.806936706302
720.2937711005746 -1250.3702984771003
730.6817170656095 -1240.8481890811836
741.4692405128793 -1232.0987644556965
752.1563798308105 -1223.2566289539614
761.6785527742111 -1212.6292847543239
770.5265639752105 -1201.090260641787
779.7718583326524 -1190.3297227879516
788.8820909519554 -1179.5024572145965
798.9845463622348 -1170.261806039287
809.5542714848125 -1161.7563778696008
818.2958743456253 -1150.7110245534839
828.0751214380491 -1141.2237262059357
836.5579124158648 -1130.0472818313444
843.697681720352 -1117.2171775709965
852.4997162431416 -1106.7308768645441
861.7963458485397 -1096.9649302881585
871.6095631656369 -1087.9029227822707
881.3283502723712 -1078.7536044000876
890.951935239605 -1069.517951739382
900.4795561737252 -1060.1969481719757
910.5650731182052 -1051.5475489093387
919.243908898258 -1041.3028550587244
927.521830523424 -1031.247910980903
937.1294213991849 -1022.5250351693247
946.6549819928754 -1013.7126540928988
956.0976784981898 -1004.8115391307826
964.76060888682 -995.1045008140261
974.7311803577518 -986.7462318338916
985.3391294995863 -978.9932583409335
995.8872050643084 -971.1280424275678
1004.9293322240068 -961.768182690513
1013.8834943335194 -952.3241359526977
1023.4841692189068 -943.4745122992374
1033.0079373428907 -934.5285449822205
1041.7060209803758 -924.8229916331192
1051.0669138548458 -915.6933671265998
1059.5879882886968 -905.8196813242206
1067.2501609001438 -895.2240468500706
935.0511073678333 -769.5455974860677
878.4104090124144 -709.2504165234185
868.5459822614343 -687.9621186500898
861.5201913855957 -669.3757986624006
855.0191881025048 -651.5882042951158
848.2618750927112 -633.9816963163822
846.0904913940503 -620.1063460186281
843.7344341203999 -606.3276380633896
842.8303026915811 -593.7996975957615
841.766180116342 -581.342152275527
840.543308211939 -568.9568938154536
842.4962687082574 -558.8569022680706
842.6571793134874 -547.680452592054
846.0572536376902 -538.6985460970254
848.5146552958144 -529.1718811012404
850.014650005549 -519.1253170246506
853.1177637851877 -510.1235939595039
850.0857766419366 -497.57328339760727
872.0581763382836 -499.5393248599625
886.2892682911637 -496.73668367849956
893.5284687506254 -489.86516056172303
892.7844961520034 -478.64897725850557
874.1951394151034 -458.2050394997943
845.513253366789 -433.13662784519636
842.3392961404376 -421.69717828986273
857.016263488553 -419.0932164997652
862.6930212297669 -411.9426551371645
872.8426862909438 -406.83491122125815
875.6893345725833 -398.2614584865403
883.0225751397393 -391.6977556657474
892.1449306218768 -385.82563777655633
903.07710543073 -380.59393275097597
911.2133946847866 -374.05233503752817
925.8059629701766 -369.9896200285411
932.0129378912583 -362.42500410885776
943.771219614475 -356.89898434628043
967.7087251665216 -355.66954218288845
1009.5976036861509 -360.4118181069841
1017.6399735013638 -352.6157743665811
1021.8327502132599 -343.4266014618051
1037.3524860686755 -337.90652501414985
1056.6717755557713 -333.32980476371085
1071.2123354445016 -326.9619739228657
1067.5017420069344 -314.97465106284386
1065.5847458646447 -303.6332481474657
1080.9056720093777 -297.12611500498525
1101.030149063909 -291.63952210272623
1102.7336125052468 -281.10955133386705
1091.7099787568575 -267.479573580305
1083.4495500728635 -254.7667019979443
1085.778843830739 -244.64934557358467
1090.946314284801 -235.14280628675002
1115.6201193330448 -229.59257248291553
1137.3394119376064 -223.02480143118484
1161.980731141442 -216.6212834787938
1191.523231405922 -210.64754691187346
1191.463663820006 -199.19422129320714
1169.5625369717627 -184.33521669006728
1152.4360150475432 -170.6347890124952
1130.2046084836809 -156.58398054159156
1110.7887438816547 -143.3470141503323
1092.2190127650633 -130.6048550189107
1074.503936755127 -118.33127185040338
1057.651534900719 -106.49990949363732
1041.6640013973536 -95.14256772262404
1025.5605928745333 -84.06230036607137
1009.3426525465089 -73.28990210375007
992.0165104481571 -62.76338899598632
977.5790748719337 -52.727150240973835
965.0400748278238 -43.05408199355976
951.4074541501684 -33.58357020173982
934.6843729883554 -24.292445149979716
922.8715399511017 -15.398725540844826
908.9752186293273 -6.712072538852624
897.9983517886254 1.7205187915691285
884.9443348961929 9.925932456683803
874.8158597975217 17.9502492106043
863.6159820384815 25.757243014521887
855.3452147457289 33.47482056087726
842.012146751436 40.79883237346596
832.6112950119187 48.1085378968824
822.1503317048544 55.179997078632404
812.6278055175418 62.137345451381314
803.0477579731993 68.92240865072779
792.4170705200061 75.43995193855596
783.7246234664769 81.97386517865915
773.9863073180713 88.23942477224149
763.2075432134351 94.20852393553707
756.3506967882835 100.51180760427134
744.4930480337594 105.99104409997298
737.5431640342971 112.00929062483131
730.5462461170356 117.90751580924638
720.5468243021612 123.17984408201907
712.4814713194052 128.6318507467559
704.3776279968905 133.94460488378797
697.2178015595535 139.31380831943034
690.998290635114 144.7665788065409
685.7148867336743 150.32995081428103
680.3881076048334 155.80764753346878
670.1558392047287 160.03796793200604
662.8158349209407 164.81556048521716
658.3499186889223 170.2215749025057
652.8752380511427 175.2995252123173
644.4733682602246 179.48559163153175
634.1342031930495 182.9584989573212
628.5462689701229 187.79134102438778
621.9685380387637 192.239792160528
616.3158332386291 196.88522976438415
610.6311885715867 201.44118631414804
602.0758084097934 204.94077419511666
594.4529382092172 208.62814827924967
590.5762402923673 213.5502385906699
585.7225994173109 218.06888024619275
580.8365261210201 222.51501055808666
573.1277494053863 225.78880145285473
567.2632227971917 229.68769244725246
562.2998059420603 233.88015785337885
558.227683785891 238.39222524033647
555.0365488594758 243.24972647500087
549.9793885910333 247.24819943739362
542.1719605308948 249.91711668888507
533.4594707108092 252.03371423074194
523.8558020672273 253.57266934845725
519.6469151044616 257.61809645755966
516.300203601632 262.059343967952
512.9160292057579 266.46040415753725
504.1968119649214 268.0048036965191
498.1303044424211 270.8416507779054
492.0554811953065 273.588017693859
488.5815950366137 277.72652914599007
485.93815944829214 282.3262389364584
482.39154359312863 286.3902908093057
478.81157945599074 290.41258818938877
475.1987388658404 294.3928643501992
470.708417759521 297.79621463398126
467.0363324687627 301.6837154274777
460.82837116698073 303.87696906410565
455.45051809320563 306.538456916307
454.1851665157965 311.9564625344669
449.58231909120457 315.08211367923496
444.1476225128551 317.5671415876938
440.32215105794364 321.1563533354204
434.8639035929725 323.5079370771016
430.197373151418 326.38967528648885
425.5705724403604 329.1408328858392
421.80816268278016 332.3354839528534
419.58256127070797 336.7409602016253
415.7633081559748 339.86743237797873
409.61628539941495 341.0329877527759
404.24489498599314 342.76240295248755
398.8757093654306 344.42294998769245
395.7624485003183 347.9958108325916
390.3821730432656 349.53935253418575
387.2232476594376 353.03563059849614
382.56723577208055 355.1426616357282
377.1780202819489 356.507701201797
371.0748330641734 357.1112827486634
369.27713793105914 361.83338071748653
365.300568152418 364.43311444971715
362.00872855768046 367.70325052690464
357.9924851668933 370.22477032747514
353.9602225189614 372.7038514347918
351.9586497848703 377.3342137172443
348.5513398331309 380.48385445446866
345.11584531613113 383.6027284988107
341.65244403489595 386.69058365181627
330.9525486506955 381.4386065169715
333.9945106138407 392.01105453777836
329.81428725401014 394.23157651706344
326.2559274751497 397.1814066485614
322.0434210298246 399.3207169324015
318.4396126615999 402.20046380869604
312.355395327879 401.88942137056114
310.5485003681959 407.06710616195045
305.0774007290686 407.44174990346204
300.80910812091633 409.36277367574456
297.11585769046224 412.05117049810815
291.6659130811301 412.25719538481155
286.80662080570795 413.2202345747493
285.89315833347274 419.9155891582401
283.77159557389734 424.96432973303115
281.0343916966696 429.17207584334153
277.70409110638326 432.5233378475404
271.67274286678423 431.6177947944664
269.7584228208081 437.5230203283367
265.1548132402002 439.1604775199546
261.561898528655 442.4718897716392
257.4294222683049 444.888854154166
252.78186176641032 446.3970546071148
249.0978339553138 449.60679389747986
244.8994446702883 451.9073599756751
240.21156163181251 453.2851262267558
236.4392968688039 456.3906866887027
232.17827227253204 458.57305839368934
228.34048573016597 461.6119827046433
224.03118188589988 463.71869656377544
219.70244327396634 465.7851826963258
215.77280977367707 468.71963321624645
211.39785123584133 470.7089849289783
207.4057254913416 473.5735054174909
203.3785441560724 476.40441620219735
198.93254805919585 478.27799585876386
195.59556455356795 482.8906451019434
191.82304299541158 486.55207344741683
187.9992215483598 490.18495764069576
184.47368815008386 494.7256395016389
179.85787034179194 496.42234687422683
175.89018636528155 499.9626409446875
171.22596405402481 501.57917543870354
167.48960607558263 506.000229107306
163.38028216683605 509.4427184670373
159.22130916453148 512.8523907596929
154.4377562591694 514.3131142034329
149.64080583527138 515.7292208407147
145.37028138169327 519.0264745569414
140.52982457855728 520.3579233603731
135.67717677384718 521.6442309684621
131.54084479290424 525.795593506801
127.57253841932416 530.8872266698927
123.52071643313417 535.9502146765549
119.38557132384894 540.9834427777603
114.96091608094709 545.0073281836029
110.27433713961693 548.0151189232083
105.91793107977736 552.9470063901057
100.60747603746753 552.9214553310175
95.62699222542334 554.819320462003
91.26257608218502 560.6203191169968
86.49543381841973 564.4107900532762
81.38105323406687 566.1811761040047
77.03953615314373 573.8518187383469
71.9430765087287 576.5285714884035
66.68885842972198 578.1665816711828
61.3050374634049 578.7622071123948
56.0119816905135 580.3030741837421
51.12958369536045 586.7765892323407
45.97643191275721 591.2149927975199
40.67681695644361 594.6102896538976
35.37692898753355 598.9561527319099
30.148655970346077 606.2508214783562
24.585782120964772 608.503524490615
18.98358143911904 610.7050217869053
13.407824658858702 615.8540656989425
7.737859642314926 620.9517900192862
1.9710090843301604 624.9968920908243
-3.87046695087441 628.9880916882149
-9.786061434858992 632.924350141147
-15.800019390527622 637.8043268803207
-21.939716984987133 643.6261716389558
-28.189132007874708 649.3884606586744
-34.442354587950774 653.0924315978848
-40.89085725308208 658.7320682896105
-47.37604390106463 663.3102671180994
-53.869436919954275 666.827626726673
-60.61196812916229 672.2731508245063
-67.26235880721616 675.6602512266718
-74.19764758362321 680.9696829470871
-81.3551001011147 687.2010969778333
-88.5080960774056 692.3657392800085
-95.900235352945 698.4469520724174
-103.12266669630247 702.471149310378
-110.73713774371282 708.3969835652393
-118.30711617838568 713.2548115936926
-126.14983215799766 719.0175379269333
-134.10995724627008 724.6954666391971
-142.16105406051102 730.2918832277985
-150.5970646414292 736.7662615249053
-159.1666886946956 743.145991854875
-167.86888686973117 749.4291406271293
-176.70259532948347 755.6137854776241
-185.9035456735166 762.6695691490612
-194.51425674336983 766.7106389789922
-204.23675650972143 774.524594374116
-214.12247337717446 782.2228367893904
-223.35094924331332 786.9169927458111
-233.2500635636378 793.4251116819778
-243.29046405125797 799.8160726702881
-254.07074831977897 807.9957022461367
-265.0253130844059 816.0426357884204
-276.15260974103035 823.954328912239
-287.45105733824903 831.7282546812527
-299.59001705142555 841.2459935614115
-311.93210465221296 850.6082306721707
-324.4754620847457 859.811999512039
-336.4945493853513 866.9898605139217
-350.8994417864 879.5900077615667
-364.05245110852763 888.2937649459626
-377.3988567311117 896.8272425267031
-391.3331003508714 906.1056255038784
-407.09404967424547 918.8576792517016
-423.1275706891757 931.3925375064354
-439.0088400767097 942.7996809155707
