-498.30842494366027 1023.0995619343058
-508.6655069451821 1020.2251722263085
-523.3102322499941 1025.1572566306388
-526.979822604118 1008.6308871773323
-509.1684164376391 952.4429241179687
-523.9271161262074 958.104575183563
-573.0037644187121 1024.6671098273748
-588.1460441648703 1028.7415762635505
-598.8757227223207 1024.849681042941
-615.7365997757988 1031.1495719324805
-622.8748056213508 1021.0009679339997
-609.7794050675365 978.5591842885545
-594.3270737223903 933.9295098885035
-584.6241964107901 899.7463803600644
-585.3839967849939 882.5001848770494
-585.3095283159544 864.4933522373408
-587.7894559044461 850.6818180304285
-594.09433605333 842.6226438147463
-600.2994218704853 834.5205833902248
-604.0380123044981 823.1519177474053
-611.210792746665 816.5913095484138
-614.0660406861999 804.4046852648077
-619.8171072944732 796.1832411606712
-620.4937758018465 781.6594361940294
-615.2893114517176 760.1993575459475
-607.8256240469244 736.5955543932959
-602.5461922447477 716.2639780216198
-607.352632128704 708.2455649323439
-613.3776560138882 701.7063852516295
-620.6638177410974 696.6099520872823
-627.9084095131267 691.4383770537296
-635.1106608972121 686.1919909287096
-643.6421753783026 682.3259851964355
-655.6224968904625 681.9641790967584
-664.154014862189 677.8646211024994
-673.3730991893103 674.3720555362472
-681.1588594871178 669.3635844159802
-694.6689477847233 669.8209111274934
-706.068979664129 668.0199068561175
-715.2981266543114 664.0215282691012
-726.7325307293172 661.9281145107542
-740.293765814869 661.8263671807282
-753.2834278830716 660.7329848560078
-770.8658570320875 663.3662867995215
-790.0926092491052 667.0154936805748
-814.8473332247152 674.8242908613842
-851.4612518666219 691.6810945585582
-882.9893209843709 703.5416540813768
-909.2998220557337 710.5560031478244
-931.0576598468407 713.4848520049495
-928.9671344873013 698.0430237760794
-921.0329515444421 678.5530945838605
-907.1398942506155 655.1780004387984
-888.8081565542896 629.2384769247391
-896.3602763341507 621.9479520105882
-895.5843641264009 608.9479836014816
-890.4822271439183 593.2464944193156
-888.5139474479556 579.8827167543897
-885.530693037594 566.0710129377395
-878.9760013192864 550.2455716357542
-885.8437782819955 542.9565364548795
-888.3646699059503 533.0142711625009
-883.016097103602 518.5157396414521
-890.4797497286754 511.6393410627801
-907.4812128552469 510.0576911632351
-925.4075997696347 508.6814074532347
-950.4346775729393 510.79831995301504
-975.5826783471647 512.4865244169574
-1589.7878300183631 816.0537087260278
-1597.4315345585776 800.987822877369
-1591.460735675079 779.2539552703832
-92.02774266852947 43.98743660791022
-92.43947535322324 43.11546586111338
-91.93272130274953 41.82552753846609
-94.15221855638912 41.76553292979674
-94.54285103516126 40.873577261396
-94.92503375310208 39.977968519828885
-98.99965420518771 40.59640953647573
-96.59268989893525 38.546754183564275
-96.02054556062743 37.27002589534211
-2047.1309361401409 772.3981682383705
-96.70158580107635 35.465522744731516
-98.91716543889238 35.21923311962929
-97.35577411075732 33.62816152118926
-95.77329151746427 32.06987109283114
-99.87748375438306 32.39580588429539
-99.22562879003347 31.149230989263312
-97.60232238893545 29.62746469555417
-100.75723013260884 29.546244702237587
-2371.8570288054884 671.207296523213
-2389.6825032435218 651.8792324439986
-2292.2571129013027 602.0442910229991
-2118.4859774618058 535.0160402246812
-2103.0478988089294 509.9858187394497
-2097.067804665037 487.56089120987104
-2100.6137782080714 467.4673836776327
-2103.9673404420632 447.35045585441367
-2112.028664459274 428.20546528784087
-2127.770893648358 410.46318244498724
-2142.3817839754747 392.2808836663624
-2150.9263022556725 372.83379978851264
-2157.32042166502 352.93710242344906
-2159.5768726047017 332.34429634175456
-2167.575422724054 312.5968438782431
-2189.268131562253 294.59471842842055
-2215.7740037045514 276.8294863397009
-2382.2091051427437 274.7431152458745
-2382.714612941395 251.96641299097377
-2383.997958979266 229.30052678241447
-2385.065791615124 206.63293461431013
-2384.9211530458983 183.8888081266074
-2383.562096067434 161.09852324158598
-2383.98218201101 138.4664430612098
-2385.186292643493 115.8893842661578
-2386.176596254958 93.30193719908846
-2386.953004075037 70.70612658854907
-1241.7479834847363 25.018903085291512
-1238.9293713619345 13.229239461193675
-1226.9991022151064 1.4843056702345376
-1214.9585705485977 -10.033536291258347
-1233.8061368376352 -21.872738781193615
-1242.5470190589986 -33.55451426554538
-2381.4248625498826 -86.62923311026148
-2377.5125203091748 -108.785181771767
-2380.383704142488 -131.2608892735625
-2382.0441650339308 -153.7354735505231
-2381.497633087204 -176.10514927180088
-2380.7409475002814 -198.47806149663558
-2379.773999820448 -220.85223516774
-2378.5967001638846 -243.22569348134144
-2379.196610162969 -265.81852867893986
-2379.581711552998 -288.44389063127073
-2377.768321918069 -310.840485270067
-2377.7246711708335 -333.5062039985934
-2377.4647753266013 -356.19831847053166
-2379.9507309054543 -379.3870299082376
-2380.2383339658745 -402.32011324237516
-2380.3047913619826 -425.2917824496358
-2381.1321269696396 -448.4849985373424
-2381.7333918005934 -471.73090886864895
-2382.1076724270533 -495.02730931148164
-2382.2540769143666 -518.3719832561161
-2382.1717349745218 -541.762701824773
-2380.886816173936 -564.9663428640133
-2380.346662206532 -588.4333162918474
-2382.480831863864 -612.686776257878
-2382.436604607875 -636.5153768955628
-2380.227212446378 -659.8624228805156
-2378.7502598782685 -683.4999642495023
-2379.9143692277353 -708.0230187948353
-2379.8713563472597 -732.3334808936803
-2379.5811615387192 -756.7050255218599
-2379.992735837106 -781.447104647914
-2380.148936878059 -806.2630081296336
-2378.1602423694235 -830.4907354169608
-2381.571790505117 -856.7828235149502
-2379.0719917665074 -881.1273789822583
-2359.5043819846983 -899.090691418284
-2192.6989295143467 -859.1253718210388
-2194.762860860804 -883.7261932216893
-2097.68002449594 -867.5474135923132
-2049.9643086385845 -870.1582231456122
-2006.075722229596 -873.501114298662
-1877.3830273260048 -838.1938729841954
-1643.1347916306509 -751.9022918790032
-1556.4360933881408 -729.7038352637751
-1591.9932560084112 -764.4039984352104
-1716.7811375937583 -843.9381053147683
-1729.4526390134436 -870.1089411156718
-1755.1220374369811 -903.4504046725867
-1741.3864830355258 -916.8408349878201
-1750.446970521094 -942.3796492887163
-1736.4043389079673 -955.6275277646546
-1710.064515824212 -961.8333284508825
-1686.3609010929054 -969.1294605289452
-1682.5045387322773 -987.7142689792867
-1686.1672187850875 -1010.9382326801987
-2002.547935257741 -1225.9305718493843
-2125.9636759062973 -1328.6562567974397
-2079.8677678046947 -1326.7400153937908
-2047.4009311980028 -1332.815976393422
-2006.67131823483 -1332.8732950185808
-1917.2755106546363 -1299.1961423295577
-1687.1900381935825 -1166.186423784953
-1667.3471726626049 -1175.3949999102506
-1686.4533705302608 -1212.3547455374282
-1919.554630205274 -1407.02168485688
-1907.2671987809074 -1425.3044700885596
-1873.32807252013 -1427.1184017831226
-1839.5201587639044 -1428.428012012233
-1808.2022566766266 -1431.09769021879
-1787.8907575684193 -1442.1011195479407
-1779.8912984171498 -1463.0116082310874
-1823.787688771149 -1527.559971420694
-1792.0940855979761 -1529.4230246615075
-1757.5049095847019 -1528.2072807003863
-1724.5901303998426 -1527.810486325923
-1692.5768278523385 -1527.607175231026
-1664.3968426135013 -1530.3281185086444
-1626.0945537732835 -1523.0891314000196
-1609.0517238616674 -1535.2942877304652
-1621.278738515368 -1575.9366269104914
-1620.3258071316102 -1605.461079797108
-1618.2513037117942 -1634.39980360837
-1616.4667721493968 -1664.1620036934235
-1205.865607636053 -1265.4612346178496
-1229.8899296433055 -1315.6640000250766
-1235.487712841258 -1347.276553428537
-1201.1331386665045 -1335.2509813503796
-1622.3287883814687 -1838.5737141569048
-1615.125366792693 -1866.1173729277505
-1612.072433184144 -1899.0269798419802
-730.0476002140339 -876.8759897623667
-712.7659382959907 -872.9797919797662
-698.1265859707662 -871.9565757311557
-702.715217439929 -895.1174912704776
-1618.7870676377977 -2103.1510715230656
-1604.6035746557072 -2126.533180602204
-1509.8411466405068 -2041.2987806568835
-1461.4715633325286 -2015.9863267319981
-1428.78572285054 -2011.1340975127591
-1401.469884645074 -2013.2290387417231
-1377.6262784704882 -2019.943275655916
-1353.7829660279272 -2026.3861134770511
-1329.9429525391272 -2032.558177025078
-1298.0168568339582 -2025.8302592702312
-1257.8400669675289 -2005.1252743734296
-798.5152397030054 -1300.4035573475073
-782.4247747495303 -1301.987892362347
-764.3500274153971 -1299.9357813330942
-764.3359588558149 -1328.864004328495
-1177.1325592576845 -2092.644245430994
-1151.2637695676467 -2093.301873328568
-1147.7449178672616 -2135.054473194975
-1140.275411799679 -2170.7316704846485
-1127.6614106081895 -2197.562227338545
-1151.8219207700402 -2298.5532978013835
-1114.386096344133 -2278.0341587155544
-1034.3693024982551 -2166.767441616491
-641.6668454298865 -1377.9200482887452
-623.48575221431 -1373.073019466101
-604.6530364469119 -1365.0801095597026
-575.7557775609021 -1334.0593257442642
-550.993998357563 -1310.9117490410808
-535.4365983918826 -1308.7030408394908
-521.451022471094 -1310.0339045856222
-507.48890240434616 -1311.2173785976267
-493.1997401366426 -1311.3180454524174
-479.29807420725984 -1312.205150142771
-465.42447700248715 -1312.9467072988764
-452.555792761106 -1316.3803608525793
-439.66397921039237 -1319.6880636668968
-427.05728200818277 -1323.8213919875232
-414.41173604669615 -1327.8342942652007
-401.43968614264946 -1330.7690176697424
-387.8900579368388 -1331.6569764596873
-374.3600863684169 -1332.4077925823728
-361.1124493748801 -1333.987180937836
-348.1208664765497 -1336.4029565679718
-335.3589125427087 -1339.6624200813321
-322.09930241543356 -1340.8553387235668
-308.6231965280479 -1340.9428483588738
-295.38976874645846 -1341.8721565484223
-281.96106738696506 -1341.6925715222558
-269.347990056793 -1345.3013269347375
-256.31779284938324 -1346.826710853635
-243.4605965744936 -1349.2101162960466
-230.58125305493908 -1351.470786121407
-217.68093390524928 -1353.608514679979
-204.76081264807414 -1355.6231075058067
-191.68215062887035 -1356.5242176718746
-178.73540300397684 -1358.29071104569
-165.77239608802728 -1359.9336427543933
-152.7943091062835 -1361.4528633429559
-139.9043681468079 -1363.8430143434553
-126.98272461067134 -1366.1110451388827
-114.11358836019025 -1369.2531135445927
-101.12250899839098 -1371.2764995338725
-88.29529254576009 -1376.1703896372203
-75.32939198999114 -1379.94546366964
-62.3444797004367 -1384.5971131888446
-49.64678239977473 -1389.1130972665076
-36.4413048125071 -1390.5225748989342
-23.21348117051007 -1391.8064284561794
-9.978813917324532 -1394.9643089601984
3.3257511435857614 -1402.996058219456
16.6991346960469 -1403.900686979105
30.111465958613373 -1405.6775233380604
43.55915190740504 -1407.326046190117
50.487320720764316 -1246.9783600553935
58.11348279038815 -1161.5471678403642
67.62658326351942 -1134.9870683122792
77.12207216375873 -1115.336803833339
86.4849694319621 -1098.6010877758827
95.80011775046951 -1084.7780129773078
105.05482887537087 -1072.8688097479424
114.09148837106711 -1060.8827137253556
123.37504672426579 -1052.7956106698894
132.51498985026262 -1044.628535635986
141.51064253799427 -1036.3834898571492
150.5060720380212 -1029.0519531489583
158.75823280843366 -1017.6914186115274
167.9525565030992 -1013.1736962456504
177.42112412511742 -1010.5432918555146
187.03713636558493 -1008.8077664352915
196.63618397768573 -1006.9807402084182
206.21739630931972 -1005.062378889691
215.56959252849495 -1002.0752221151357
225.9816794055573 -1003.8791165140572
239.88100989365373 -1020.1769949829298
250.30040107593857 -1020.7598685397189
260.50519394286704 -1020.2676334809358
271.7497078475028 -1023.5394942476802
278.0297764586823 -1008.3726708922328
273.871961333789 -957.6064686473163
280.4224045700961 -946.3256706943574
293.23420424820193 -956.0406379746228
302.6282260711563 -954.1578259308179
313.8812959489825 -957.8844043272587
323.63046729825146 -956.7462153760084
333.7158039099498 -956.4532200901076
345.6131855473927 -961.7876719815988
358.99727217537725 -969.6787914410824
372.5643493178305 -977.400534897225
384.4867155613137 -980.2953460854915
397.9949919597124 -986.7603490083033
430.04367136528657 -1037.3964722894837
446.64392074220837 -1048.860909779761
460.2984615727605 -1052.770785248978
478.9815437687418 -1067.4627303699708
497.1521099537596 -1080.0744324205275
504.0838952341917 -1068.0170534993927
515.6206989907005 -1065.8289237829595
532.9352963679069 -1075.1650895956636
544.5910065735467 -1072.6740583976157
558.5540518709181 -1074.494472362971
566.9651373812459 -1065.551281259736
567.1270208892499 -1041.6155443239527
578.5607617736488 -1038.7436858705305
604.840278281158 -1061.8155384852735
629.0982294788965 -1080.1552747945627
660.9244957742828 -1110.1544085781536
668.4334790241248 -1098.6321878225235
668.9190141795611 -1076.0280444621526
669.5691446236601 -1054.361494255144
668.2333068009559 -1030.266105276622
668.7063539545945 -1009.6300372813562
669.9659681043493 -990.7379076133112
668.6528461383425 -968.6239576590568
669.2817549866088 -949.8978536885137
667.8621428743941 -928.8143830255981
667.2834894174782 -909.45958939957
666.9949100377243 -891.0032491432162
667.0212168860521 -873.4321360150715
666.7724006807044 -855.9436696947353
665.627978345193 -837.7585537874808
664.8262701206804 -820.4523328977889
665.0284291086385 -804.7814538601747
665.6360449284643 -789.9478816301689
665.3691066807851 -774.4191060884372
665.5250085677014 -759.7213061188694
663.8840210028316 -743.8192029365146
663.4332593204738 -729.4191596245693
663.4511206220303 -715.8272211542197
663.2729127538091 -702.2998242966303
661.5130348348906 -687.3983595729138
660.232771883485 -673.3065326662514
659.453778608421 -660.0073589582738
659.9107867786634 -648.1841971948758
659.4845137925088 -635.7170566123409
658.8829432188782 -623.3155437940148
660.3058509737683 -613.0229874725806
660.115576652495 -601.4120263685654
659.0205597649515 -589.1925846504604
660.7618119675215 -579.6851109398945
660.8672438899988 -568.8923324788591
659.3008457103551 -556.8585052287615
660.6473422840551 -547.4569290209182
661.8757893032181 -538.0793989126903
660.6412872206708 -526.8568018156499
661.6179190096965 -517.553600359691
662.4784733125384 -508.27873494519554
663.2235704592251 -499.03356158410566
662.2445033196936 -488.631986082422
662.7495359573097 -479.46538205419034
663.9568776670931 -470.9111005259535
662.5991296989341 -460.6640786106673
660.2816572210978 -449.9212521512634
660.316394927645 -440.92885887607576
661.0776831691365 -432.5231748886142
664.2653814151749 -425.7610868237634
663.1497856100714 -416.31882235291306
661.0640356099518 -406.4115412031066
658.8512702026625 -396.5803875033892
661.6821290917185 -389.87274852270775
663.5789034506392 -382.6474080602757
661.9147324863989 -373.4553345682171
658.3859153203755 -363.362059807778
659.1266191820291 -355.74302506959776
659.7825404210384 -348.1422113958042
660.3540873950482 -340.56053685160464
657.232502350597 -331.2724526035519
656.7348116871624 -323.30076881787227
655.244280140529 -314.93480808433975
657.276172972285 -308.3245569897196
660.1510543538985 -302.120150661018
660.2278357794085 -294.66626013515423
661.139989131133 -287.63677576361016
661.0577659716888 -280.22603385217406
661.819169327547 -273.22406027031303
661.5796009784469 -265.8597968275742
659.3975634206895 -257.7961468968411
658.9922132984049 -250.508009476882
659.4463660074568 -243.59698347795538
661.7114973213653 -237.3750077677022
663.9179248326108 -231.13197330953543
664.1705297456957 -224.2286944557316
664.3521615908123 -217.3412188003353
662.5565035777875 -209.86633738352924
661.6354341961561 -202.73764380613653
660.639111070027 -195.64499718777537
657.645193084369 -188.03935761702388
658.4231038151147 -181.5709678403204
657.2046398193966 -174.5911263491283
657.8510677951432 -168.14568861790636
658.4344695726173 -161.70358461897519
659.9283110937183 -155.49477231403188
658.437219366076 -148.61166896805247
658.8302581238471 -142.19244347174347
658.1814379084834 -135.5772650289168
659.4292129891862 -129.37199486930092
659.6354235159962 -122.9719807227332
660.7644078909511 -116.7535749539203
658.8757496565789 -110.03066170155134
658.8950278687947 -103.66456602803217
657.8636557737228 -97.16177443847357
657.759017542596 -90.82441764965506
656.601604161735 -84.37021638135164
657.3671421629693 -78.1820977237788
657.0802917385618 -71.87830137646996
655.7380497918276 -65.4874801409445
654.3252004414647 -59.224421206432375
655.8477570579263 -53.176306397560595
656.3168903681188 -47.03338620089632
655.7304204025571 -40.82420554873889
657.0825139116448 -34.73571521579914
657.378937027005 -28.58204249603266
657.6177313738284 -22.425864146989415
657.7988760183382 -16.26771984670899
656.9224730819842 -10.09278751632875
657.9881577358495 -3.947692918998232
657.996278215572 2.2131096799428316
657.9467158078769 8.373718267822746
657.8394748576256 14.533592778224515
657.6745647660382 20.69219320908548
657.4519999898685 26.848979670034467
657.171800040137 33.00341242971904
656.8339894804208 39.15495196312468
658.4338520217348 45.44075826634371
657.9795374208832 51.60356901804936
657.4675414001866 57.76185597082093
656.897908843499 63.91507926176815
656.27068968735 70.06269947190194
656.5792509452286 76.319638548689
656.8280914581211 82.58848752388076
657.017015353822 88.86867578374083
658.135509675639 95.30294278765422
655.2377725908292 101.15562945387103
656.2355902306956 107.60971198999941
657.1698189950886 114.09131869674644
660.0072659942192 120.96036059319555
658.8458054240022 127.13459275585808
661.5468652128043 134.0923007749206
662.2187180617572 140.69601788481066
661.848556817916 147.10706250225337
660.442208482341 153.2973882848891
659.9499067361872 159.70948813047298
660.3650453639231 166.37009004476712
658.7784056515688 172.54568162425005
660.0288779869614 179.4933988292404
658.3193817342948 185.6652677077108
657.5295056536662 192.0415298700918
658.5450861201545 199.15413514913118
659.4845940995215 206.3033449689788
659.3959167420269 213.1807331443017
660.1844458397827 220.39169102127926
660.895202986402 227.63683943852882
659.6429159949546 234.2460744125144
659.2637312545121 241.19563149522077
659.7476683487826 248.51159753288152
660.1518278064354 255.85848479935615
661.4046052650012 263.6056678720088
662.5694018003061 271.399682752181
661.8019817284353 278.4638881081635
660.9599584674525 285.5379717352905
659.1288883266469 292.21585955125477
656.320209431968 298.47074009218653
654.3584894279667 305.12123379658397
654.1340621106924 312.62378154351086
652.9277615294351 319.7097718621705
652.5395746675257 327.2492986894314
655.6251419799931 336.63730215725326
655.934998253803 344.7176787833538
655.2694044875391 352.36062144136633
654.517528114892 360.0219512618245
658.0368202000836 370.152054243878
662.28887601071 380.87982975273223
661.2231602177034 388.68101624817405
660.0687318041049 396.4962412110871
660.5298217954396 405.3706384518799
662.5760029230672 415.35170681061555
664.4915499808718 425.4080159141558
662.9271035257344 433.3493456911874
662.1032730502707 441.8543377812633
666.1361647726037 453.76052051941076
666.7174170375416 463.4996071398429
665.5420050148631 472.1332858005205
663.4523101967088 480.19999176869015
660.4646973676408 487.6754899839346
661.3886527231131 498.1456112916236
660.5866549786476 507.4586399541554
660.5771713298999 517.2608633153953
660.5675997838949 526.9491874134964
660.4365082211573 536.6792511441496
660.1831444671827 546.449646135326
658.2776716247176 554.9698253421897
659.3066696082881 566.1057457843258
659.4349120191238 576.6468562390074
658.6792730860593 586.5710657770468
659.2793024678905 597.8718937510374
659.7284207308243 609.2309996052503
660.0256278433304 620.6465746219965
662.3368039495383 634.1915784161051
663.0244471509003 646.4321948048713
663.5444550176169 658.7364846548078
666.0055760013081 673.2351541141965
666.1677135323534 685.6796463707205
668.92012573812 701.0755061920918
668.0292206238722 712.9277385490494
669.68685584553 727.7640518105634
669.7893633908819 741.2038914417793
671.0306053677064 756.2003217797844
672.0549030470885 771.2789425949398
671.5606650729603 784.9173670691479
674.0904043233562 802.4376155185985
675.0850602382885 818.5237696261888
674.5848544761313 833.138208289247
675.74181381344 850.1582211942211
674.8001993734356 864.900971745073
676.686730270857 883.6651340158988
677.0869311463733 900.9341194953082
677.8231932960234 919.0863499312683
678.2860099587422 937.3244308638548
678.4738989780552 955.6448966041287
678.956931125603 974.8648550832588
679.7113950333093 994.9961906770661
680.1567508370188 1015.2195793476551
680.2914072465913 1035.5310720719356
681.1968029469833 1057.6081106226486
681.7579866909043 1079.7847227957825
681.4470311291711 1101.2061313692539
682.6101858900372 1126.291407282844
682.7669058311895 1150.6838628840258
683.5307223761793 1176.905583115272
682.8746783299432 1201.5016328310905
684.2474365666765 1230.556559265738
686.5688535963338 1262.375621307468
687.8843762519195 1293.460507672541
689.1388133360016 1325.565424999403
690.3048725380571 1358.696133412551
690.9105091128664 1391.9621648584416
690.9533166561067 1425.3559254452643
691.714310833645 1461.5814422015408
693.9536658331829 1502.4823824846292
695.0765312631709 1542.638199866436
696.7146814369588 1585.689961080096
698.0008920942682 1629.8232280329073
699.6766141134711 1676.884502779696
702.7904916487995 1729.6746875779963
703.8735734047665 1779.875836304995
703.7188847438973 1829.3112723795273
704.4514401688166 1883.5788192810196
706.2784272663552 1943.655006213336
709.0383520961667 2009.5834432182091
709.9776764419684 2073.8359865124494
711.981123224567 2144.9202503057973
713.9402377196371 2220.025526196676
716.0415399080908 2300.122934350695
719.8768696052839 2390.9801949425046
721.5150809633265 2480.1824505351383
724.7903556079425 2581.170265677511
727.0221308274614 2685.3235971270014
730.3950658146766 2801.3475414224445
735.0650043994038 2931.239232697888
742.9872289606902 3084.7850780242884
731.4452129946377 3166.6208962215906
700.9452412361062 3169.4150515179385
664.8733358761629 3145.4997134383757
637.8092698818921 3163.3413244942017
609.904087459847 3178.0045632597466
579.2703422467623 3178.6485918694
547.9015254632043 3173.043321228863
516.9537020469531 3171.1398376514317
486.8481415657433 3173.877736626599
455.74046577758963 3169.4013043243394
425.95716838438483 3173.541316999348
395.76516043445235 3174.4245049750816
365.8229446039974 3177.0076444983983
335.02666977968283 3171.352728810899
304.84751574823446 3170.377421087611
86.01615653654059 992.2788019577367
75.15403400745596 973.1021894808407
64.86270761423138 956.8039658994683
56.22427747206788 963.3606960130478
47.17507432104821 963.8462078375385
38.319232665369164 969.2428160208036
28.522840652014473 946.5703605972141
19.570339723857657 943.7971189843148
10.70647037480262 943.9392837953686
1.8084914026032184 926.9982358984545
-7.02331912296059 943.9738730433683
-15.66888355513969 930.8681357142565
-24.25247226762868 924.6820089030109
-32.863692567065804 922.4147536281374
-41.569441000781126 923.0644514739383
-50.01844665922257 918.639295367773
-58.57925314458521 917.1311090029727
-66.82370508756509 911.5539437895983
-74.63871240888336 901.9168823178463
-82.46233671012389 894.205772193574
-91.05835665179384 895.381692734375
-99.46268848275521 894.4871008571238
-107.6185638015784 891.5280392255117
-115.85681621352514 889.4864800191543
-124.34316059890527 889.3496378884262
-132.83713995641565 889.131764278051
-141.80910656828496 891.7954795211202
-150.01121362345157 889.4383822318548
-159.41050693384307 893.8972481661945
-170.01547788436818 904.1541557056241
-193.82631504791078 980.0165098583534
-215.70041394104416 1039.8640927667723
-226.06382686017483 1040.7305829009413
-236.2409121442214 1040.5187318973485
-246.4338093234734 1040.2073724129827
-256.6415456060058 1039.7961901588985
-266.8631437043128 1039.2848803539148
-278.1286828470066 1042.5379780985388
-290.011997939269 1047.5982250134225
-300.6352037898779 1047.7206088658459
-311.0012528841315 1046.7770635166307
-321.3759385625804 1045.7310869018959
-332.06094902849605 1045.5355212188128
-343.70521937788806 1048.081925315191
-354.78513396707825 1048.6069371866477
-365.9048980961075 1049.0160177753614
-376.7251357140853 1048.3673841364982
-387.21824540587505 1046.6699720660738
-398.42400595552294 1046.7369829514735
-410.7582533638017 1049.4792314731717
-422.4322084802379 1050.2261800386186
-433.774152583175 1049.921894500133
-444.75681704935226 1048.5763556785596
-454.95404431248807 1045.283127943674
-465.1285581099515 1041.8907929483578
-474.44703256171914 1036.580924623533
