-438.467182136863 915.4078490973076
-442.9729522121278 903.2225437888892
-451.06201592534165 898.0913415624086
-457.2645948899381 889.3306979184632
-462.8761926439219 879.6485834033197
-465.02738226973383 863.7769004432562
-464.0257877513806 842.6885950941253
-460.2139853371388 817.3414755780523
-462.94872392699966 804.2776131500632
-468.52000999747116 796.4075591253322
-476.5599046227741 792.7897938961704
-484.5732584784596 789.0910956078316
-492.02791132531235 784.4644889839506
-499.9777441584281 780.6095409013712
-507.3513453516482 775.8373620610654
-515.2346103078286 771.8272451403489
-523.6504470350586 768.5637314627742
-532.6214644043991 766.0309234330643
-542.7485884307027 765.0280842926485
-554.6632383555323 766.3319724616441
-564.8689776636867 765.0647280284078
-575.1002300625352 763.6725249621195
-585.964651304767 762.9478536710637
-598.7164335766671 764.4472723250677
-612.7967926221851 767.3357094205656
-630.1420418393512 773.9024532242635
-647.665832020593 780.2082863140286
-668.5946917153585 790.0671732264572
-700.8715042534438 812.470389937698
-722.4049659409018 821.5637925224823
-741.5027391385976 827.3419413096117
-773.5882909393022 846.8589942378894
-784.3029448335631 842.4190707275097
-777.7948167742146 819.7165503996889
-771.6233516978778 797.933207176223
-751.0714586829429 762.0968861974679
-761.092998180877 757.7687299698001
-761.8007165311623 744.2342832016058
-760.1551836560992 728.6790080417867
-760.4693102571312 715.2778677947773
-759.8634447949867 701.2585438084133
-756.6980560746724 685.45536100669
-764.6439962647374 679.5944076993954
-768.0244107082942 669.7010561109914
-756.8484673447387 647.4537801866015
-773.6640292351963 649.264175715526
-789.0365271166066 649.5424226913623
-802.9266496759135 648.3307761013764
-823.91921945844 652.501432800722
-848.2203460044875 658.7854313993497
-1410.5006880278859 1074.2517438072236
-1426.2094448495827 1065.0477075802028
-1421.69814246858 1040.8738596493758
-1432.2943493842238 1027.9600657233837
-1440.3196920217392 1013.2128033016571
-1451.4875642588383 1000.6761967799299
-1462.546997480181 988.0188662984666
-1479.3339878662844 979.1051794080327
-1489.3699021285117 965.609804545142
-1515.3224249948555 962.1969384215013
-1537.0960479459598 955.7383216073905
-88.83491698275749 54.07732911920284
-92.77880365725453 55.28194634714497
-88.97832234904845 51.88312010614653
-91.20238001608091 52.03004785124039
-91.69053999973873 51.16487930755149
-92.17049302073768 50.295131139247935
-94.40680937925654 50.362231313045676
-87.78528667184565 45.76836728507886
-1563.8000108734323 796.5893082337051
-1579.3241081894737 785.7680072970161
-2178.546927232007 1058.308691189853
-2219.1833837423433 1052.2172348530903
-2239.9298670446065 1036.2133905337896
-88.41750229385296 39.8916694074904
-96.11391401053547 42.27428927345076
-98.3478349927238 42.150959090440296
-96.89656309634897 40.44818982495093
-98.20132312706673 39.90614158363883
-88.34504299211106 34.930693934161226
-1993.709993145607 766.5614543083574
-2009.1618459378128 751.1948328015578
-2022.7481029117464 734.5706992297825
-2034.3127456528277 717.091802264155
-2045.7272462313265 699.4598158770766
-2053.192807553886 680.4177356661077
-2063.3375690878133 662.2137691038992
-2086.6913923200286 648.0308890921024
-2113.790922098953 634.6155825789789
-2259.915923733174 655.2778171563826
-2289.117994664883 640.3653695363486
-2291.2030915313603 617.6709426200459
-2296.9358278257255 595.9989956791437
-2301.4933037813516 574.0318568246872
-2305.8408158179163 552.031821644519
-2309.00347500708 529.777266787872
-2312.928365470859 507.72667469840604
-2316.64279282207 485.6492257438064
-2320.1466000863725 463.5469276218398
-2324.422076344769 441.60843628838626
-1204.5950551310698 217.08697140495272
-1197.720066759674 204.18531210937286
-1180.8364004181935 189.84571485130664
-1188.5097929835536 179.57859555690666
-1204.0152084148865 170.303781242982
-1211.5188357243649 159.70632637775975
-2346.537892701057 286.8029255744817
-2349.142537811466 264.6230092881284
-2352.5322671662684 242.52202362164402
-2356.709640053549 220.47374555414018
-2360.6802133012707 198.36816913977788
-2363.446042379145 176.13291788407017
-2365.0044629260397 153.79821305825925
-2368.348745294235 131.56071094070361
-2372.482705563067 109.31976858807027
-2376.4075478672894 87.0124499102121
-2379.1227555396486 64.61357499340528
-2382.6265128384575 42.18886487274771
-2385.9186414230076 19.70371818184725
-2390.9983106760264 -2.842242844473513
-2394.8645448786942 -25.47178209245685
-2397.524834011176 -47.73541976019569
-2402.97465948852 -70.20531216390755
-2407.214134021536 -92.74218547643498
-2411.2418283926413 -115.36396755361952
-2414.0581603683536 -138.0115877705928
-2420.65263731665 -160.98698534958748
-2424.0364714002303 -183.87002290074392
-2428.2000056289776 -206.9147956609984
-2431.148493265269 -229.95869997461182
-2434.872590903551 -253.17872356623633
-2437.380921987947 -276.375181825691
-2443.6381336101463 -300.1277594064238
-2446.6894927237367 -323.6271406963015
-2451.494809700637 -347.48985310486165
-2456.067214131874 -371.4698368192147
-2459.417619934549 -395.40608335669236
-2462.5346438685974 -419.4366790672458
-2462.464226758682 -443.0281389864142
-2473.957765864038 -468.8890836018883
-2474.3938330008973 -492.85308075239567
-2410.9708037973573 -503.575995492959
-2376.8753783987563 -519.5694713527423
-2251.0525915571397 -514.0459415693161
-2182.9432481309486 -519.8988126929161
-2165.3961138182694 -537.0481079575062
-2131.2585663488544 -549.6707408664079
-1961.8431290646213 -525.483146201603
-1693.8354666844834 -470.6223664486832
-1630.7662994485627 -469.4787285733406
-1708.748265614589 -509.18401856218384
-1827.2189512927848 -563.0407658744573
-1852.3958240979525 -589.7166360757238
-1852.5315098908109 -608.7914296880933
-1859.101630563116 -630.1667455821228
-1851.2726571129065 -646.769316701186
-1861.173641632385 -669.7138759894759
-1822.981464066966 -675.1848499990658
-1803.540799913716 -687.1248671432244
-1801.7282434483936 -705.6913891782765
-2191.2127154119235 -881.8337914919708
-2332.661378928914 -963.9849019841844
-2274.776727878788 -965.003543154675
-2255.5903652759607 -981.7902546237957
-2228.9844904665097 -995.0422811417382
-2199.601254498625 -1006.6356447136542
-1898.5832270271092 -890.3879660301615
-1825.2958019310347 -876.8809699457167
-1816.1396607825893 -893.4275194622678
-2090.854059846956 -1052.905646495213
-2106.720165394162 -1085.6473390201786
-2086.771139356291 -1100.1214532721594
-2050.892438330217 -1105.775839128319
-2017.719282306267 -1112.3061169522907
-1991.5743696111435 -1122.242188793478
-1974.0868979500433 -1136.778307033511
-2003.90637320417 -1178.9759316592133
-2021.964203482159 -1215.1303468503934
-1990.0868096602005 -1221.3842515836218
-1953.1862417419231 -1223.9642580852033
-1920.62480975019 -1228.6579427049846
-1890.6595427161142 -1234.4919981662474
-1525.3856738895552 -1016.4091429599143
-1481.9325594555219 -1007.5415074455275
-1442.8890066403612 -1000.8033345849681
-1417.9804366727851 -1003.2449756730696
-1396.396875766702 -1007.6506167065021
-1360.357964450965 -1001.0730285822441
-1366.1582162914435 -1025.1222990743015
-1350.9770009025287 -1033.5676770451023
-1338.123153647164 -1043.6644219639606
-1357.2915915957417 -1079.1272100097829
-1317.6439056457914 -1067.8157790155121
-1323.8172634823472 -1093.4335155399754
-1893.4546675988508 -1593.8803034569835
-1892.9256342123062 -1623.8437558281087
-844.7374621291921 -738.4460847452114
-836.3191579070403 -744.9632649450971
-823.4100423543762 -747.3552717081512
-816.4029893539314 -755.0034165313191
-828.2479645417661 -780.4161128733961
-1914.6497048935616 -1837.8880563165421
-1727.547258379159 -1690.40512010188
-1726.130905635861 -1721.7189365888742
-1710.2474023398063 -1738.9004637384926
-1678.9175387465668 -1740.1034159179076
-1662.8461628968687 -1756.8447963719389
-1643.8863728193044 -1770.5065922664596
-1623.4709338113719 -1782.4879037653052
-1590.984817501235 -1780.817596072254
-1552.7497820868925 -1771.9210236997324
-988.1615982373196 -1149.692417896659
-973.2274455234766 -1154.5251574910997
-958.2918059279168 -1159.1776458728884
-961.6193396388811 -1186.1775776132688
-1482.8654737784052 -1865.4219326136235
-1465.5290560682918 -1880.3405504906768
-1475.3643897903257 -1930.85471160795
-1470.5748173729426 -1963.3182896587443
-1479.5003445651905 -2015.2118326447674
-1493.4039585773276 -2075.570672491199
-1415.2377887187881 -2007.2463728656614
-1352.7335972816484 -1958.1909546276256
-849.6600904974275 -1255.521298352164
-834.8224112390568 -1259.4413609585033
-812.3651839433779 -1251.4498823031795
-782.0926327738929 -1230.4857226968547
-752.2983669336179 -1209.0587939008637
-734.4314343111583 -1205.9661969954443
-719.7650534421236 -1207.7972792830165
-706.1386753428244 -1211.186266098275
-692.5136545355983 -1214.4253119404873
-679.865630009584 -1219.2615491073568
-667.1886142521342 -1223.9670555257264
-655.4243003322784 -1230.306866815732
-643.1380571266465 -1235.646567378942
-631.2628818390484 -1241.7552794380458
-618.8850892439575 -1246.8541399504188
-606.4675922167866 -1251.829884445476
-594.0116129131331 -1256.6822206605527
-581.5183754394875 -1261.410868443038
-568.9772239626604 -1264.9244715048185
-555.3252256672276 -1266.6107901552248
-543.2639659587821 -1271.8306739856273
-529.2333528085087 -1272.3191652549547
-516.3684907754005 -1275.4370159809284
-503.4922319503822 -1278.425426986503
-490.60587305275163 -1281.2844638588838
-478.4080964158071 -1285.888678418083
-466.16711818803026 -1290.3767736286434
-453.22240521627583 -1292.8609559461427
-440.594472174376 -1296.1626098176814
-428.2575714916893 -1300.290910704232
-416.18578319421783 -1305.2545322147002
-403.46886910128967 -1308.194890551911
-391.01930588282147 -1311.969855761525
-378.8109368595044 -1316.5873590900167
-366.28273611133665 -1320.1276291430283
-353.9796498523558 -1324.5147819070967
-341.62623729355005 -1328.787234282694
-329.94292047958606 -1335.856904471958
-317.92545752492475 -1341.8511107636225
-305.60251419684664 -1346.7620811845595
-294.2749741368918 -1356.446180132751
-281.97997739082854 -1362.1190448527866
-269.2168789830772 -1365.7182257224993
-256.22675208405025 -1368.214841140257
-243.5629318572842 -1372.5571384190473
-231.0050491655254 -1377.768364878521
-219.30594669732835 -1388.791165634052
-206.3919892222396 -1392.7908481839213
-193.14743672261915 -1394.689236958356
-180.39648065741113 -1400.4289020747965
-155.8392668614195 -1307.747346739459
-128.16085545558826 -1170.0016218488297
-114.65044857182411 -1147.2856116252308
-102.03343892220101 -1129.4003618476972
-90.08888575657717 -1115.3676491019176
-78.34931913380981 -1100.213790220459
-66.90599470085326 -1084.9389788707424
-56.176646347955376 -1077.5366278716917
-45.75536840637742 -1068.0203398166145
-35.35593061867103 -1063.4124120820143
-24.930723956708103 -1053.7051100772903
-14.76514473028127 -1048.8960818408532
-4.689500696229317 -1042.989457560919
5.271619833691746 -1036.986600696619
15.11730304527976 -1030.8891633675453
24.96785946873713 -1029.6973370818969
34.729338440134086 -1026.4126231937673
44.51696334828004 -1025.033775040729
54.281361781983634 -1023.561690257648
64.08416763783642 -1022.9947309044
74.38564625580143 -1029.3156831755293
85.95689046801843 -1049.4857850304925
96.46245668527955 -1053.5933724403549
107.45740673527779 -1061.5752002273457
118.06287068487553 -1064.4727138661876
125.0213497804756 -1036.4871741121874
128.48186025380045 -985.6614081852464
138.05694310871476 -985.3757052309932
149.12064280383393 -994.8864427108108
159.27519279416143 -997.3622275584647
168.9893516836666 -996.7766043690704
179.58983114228172 -1001.0177283896058
190.47298681033737 -1006.129236875437
202.83832482097688 -1017.9885136797075
214.83370975121204 -1026.7655414721182
225.73066878324477 -1029.5443968914935
239.15913078990687 -1042.929964168168
258.4526007444952 -1079.4916642422054
276.04619772957807 -1106.0734590066984
288.8921189250602 -1112.0891797077197
303.7032479732265 -1124.717447704317
321.7516377540127 -1147.754278407452
331.6153342122379 -1140.7783615213368
343.1049486000713 -1139.464345315878
357.87208042043665 -1148.5367099294426
373.7640090517522 -1160.2850794255528
384.5461893651221 -1155.7024825813794
391.70216098468404 -1140.616244439789
398.9255383577763 -1127.508055335286
412.8784587487649 -1132.0584694710979
434.69343538539914 -1157.0382954910524
456.3068978580496 -1179.834316744162
480.248711997343 -1206.964032034465
491.50270618921166 -1201.3447006620047
494.94136609760403 -1177.1839465968933
497.56353611053316 -1152.152562611906
501.77579990282493 -1131.7530855411353
506.05524951736794 -1112.291366700252
509.58335277137866 -1091.9477123829147
512.7664191745398 -1071.6410776780256
515.6055065232957 -1051.3762226923604
518.9996555870453 -1032.9449924853348
522.0865506046825 -1014.5475019326125
524.8671717349846 -996.1879601937168
528.766519003419 -980.5110750934978
530.4800416674999 -961.3505736163304
532.8566763855564 -943.9913995536921
535.448114036116 -927.5431618933787
538.7887645029361 -912.8563234405508
542.4128036999791 -899.0485806575349
545.2960700423661 -884.4055608126573
547.9476541818465 -869.7915659953318
551.9918995369028 -857.7324424583938
553.1084290503125 -841.4987021460553
554.5208829536049 -826.1547012323748
556.8197978355585 -812.5125923568002
558.9074789865596 -798.9038928011857
560.7847934181988 -785.3314048673388
562.4526425154934 -771.797917156647
565.1054263219831 -759.9110850234057
565.7681741806432 -745.6556665675528
567.433158857879 -733.0406606925493
570.1472321375678 -722.0333328080293
572.0747637035175 -710.2636586040177
573.8286218317761 -698.5246686886902
574.7673862620991 -686.0520765141922
574.8697457746632 -672.8668333280918
577.3991891709333 -662.7602706444833
579.5363677384559 -652.8909545004566
581.6259403745398 -642.9621026805797
583.5803727578466 -633.0520899039926
586.0848863603635 -623.8914216271608
586.3945045233867 -612.5728406196048
586.5435547568486 -601.3041313455278
589.352877525596 -592.9242664559276
592.0567090005193 -584.5449968372619
591.0643975020812 -572.6882904386134
593.5254834942093 -564.3478541139012
596.6133705196972 -556.6942483240925
599.6099890212189 -549.0326593800897
600.2839249081599 -539.3590728789632
600.8293362605176 -529.7217275973734
602.0032531829854 -520.7764233882928
604.5872018945776 -513.1503827391006
607.0811587401868 -505.52197450029036
607.9364267316312 -496.62692340707434
608.6784226730745 -487.7607792475919
608.5215649852111 -478.3069150116371
611.4090628468538 -471.34165726013657
613.4218245533024 -463.7614313002943
615.3462974717173 -456.18519724761876
615.5649570912186 -447.4380220782384
614.0451055855449 -437.5666901244165
614.0341412793015 -428.9091667747273
616.390472497293 -421.98552749420674
618.6710315296743 -415.0556044026013
620.8759095359854 -408.1202089554778
623.0052062237027 -401.1801503292029
624.2132124523062 -393.70276275379643
625.3359027096226 -386.23827979932474
625.5179262202574 -378.2701732586228
624.7451574969112 -369.82359062688204
626.4650707994356 -362.929077187621
628.9806737068418 -356.5281364819436
631.4313666748533 -350.1120237568642
631.1798455465116 -342.2513733732586
629.9531066402881 -333.95820611904406
630.4023780181632 -326.6387022216517
632.5117327003464 -320.3278133356601
631.0321939428076 -312.11275239523127
633.0562569981619 -305.69392449879865
635.920009514544 -299.69107677577307
638.7268426172973 -293.66140454635564
641.4765050746759 -287.60544750956865
642.3361227471614 -280.72282667097727
644.9632154377309 -274.63330230003623
646.6088523507843 -268.13614463850564
650.0439843055701 -262.38105584843544
650.6355874415494 -255.4884192181513
651.1551222317419 -248.60813902880423
653.4779922321059 -242.4366178371077
652.9199507168918 -235.22656728322934
654.1721710693171 -228.70892111689972
654.4125422818036 -221.86758326593537
654.5821882050931 -215.0422258177032
654.681433262509 -208.23357304082108
656.6221730585187 -202.030497321342
654.6700552056117 -194.66925493534256
655.5212924047821 -188.19095409706625
656.3086345569166 -181.7139956250916
657.9984072824195 -175.4967122592306
658.6606657927663 -169.01516895660524
659.2592664817041 -162.53682523663778
661.7406253302792 -156.52266541140622
661.2412626829745 -149.81319209410572
663.6063390681733 -143.76239685166857
664.9367358158084 -137.47777043077804
666.2076159441574 -131.1808387608574
667.4188657003097 -124.87216546257235
668.5703766687024 -118.5523152075463
668.6757982907193 -112.05657847832646
670.6937753244376 -105.88134746523049
670.6762749067464 -99.38477890104949
671.5865111137161 -93.03525186780743
674.4202243939698 -86.93308304890333
672.2336124237545 -80.19333094284971
674.9502855876357 -74.0480383613848
676.6156497705334 -67.75885540354682
676.2189164086169 -61.39199533453903
678.7571068155238 -55.224903326485126
679.2440748952117 -48.872146666050405
679.6715863173816 -42.51511205223379
680.0396036604332 -36.15435593895969
680.348094710495 -29.79043510590681
681.5964407351178 -23.458302948405276
682.7857678041993 -17.1054168037508
685.9155506156962 -10.763708634397393
688.986173580093 -4.364930178364564
689.99685187599 2.0843227252576746
689.9471523528052 8.539728347842933
693.8361147097366 15.08131043699818
695.6636830509963 21.634234072946928
694.4316475330846 28.10136837390159
697.134623337286 34.746466645982
698.7755312984245 41.38546675590953
698.3577525332663 47.9212841719123
698.8758137993603 54.53069673387405
700.3274427472643 61.241104946573564
699.7238299808843 67.79057277293505
700.0533618708789 74.43984506485961
700.319637049818 81.10120814396821
700.5224582143825 87.77405959210654
704.6257731749148 94.99220903660186
706.6754269993536 102.00902349930286
707.6668414949166 108.92034451198035
709.577513433178 116.02048280363334
710.4316732415055 122.99527493068496
712.2009653796591 130.17597670953572
710.9518896464299 136.83351419944788
712.5810814056857 144.07360071402184
716.09331292176 151.7707718526142
721.476037966795 159.9791443899355
722.870379287723 167.39896877945063
723.2167153637326 174.62411808937983
724.4607891008085 182.11415391296174
723.6927554508711 189.1369760462654
723.8217386680134 196.42324361341264
725.8027683825156 204.27026559995542
729.6378893333058 212.67005066355398
731.3964194179293 220.80597288713074
732.1111672372316 228.6968272769395
731.7899782460627 236.31425631693742
732.3384822010352 244.26286555161033
736.5837947744525 253.54548561484447
738.8330814739212 262.262612127139
740.0433782057574 270.70241663828983
740.2236263007677 278.83683950680097
740.315682156732 286.999461241328
743.1056692494438 296.3004629246066
745.7848845844723 305.6810526109287
746.5088296592958 314.36374988332943
746.2166685624433 322.69131311451304
746.7472243883441 331.4477075924711
748.0882431835732 340.6581577043399
749.320909210405 349.92452760572803
752.2482285854497 360.10915371599907
752.355209408668 369.0604813247271
752.3593948942284 378.0467443510001
756.7061089285953 389.3544204322649
757.365396653396 398.9156000359526
758.7908052252292 408.9994057521947
762.719081799306 420.5955328569524
765.6230815760582 431.81280314272817
766.6489833701598 442.1247971981445
769.2699896957038 453.5115025592755
772.599099576482 465.50470602734976
774.0652047549936 476.5543607896268
776.2364581218095 488.206883485381
779.9375869888 501.02530914324876
780.9551676785534 512.3134061062257
786.8126010878102 527.0056268859322
788.3318294324205 539.034253738789
790.5122328953569 551.7122525762837
792.5214047742815 564.4810209162038
792.7399739753743 576.1625930772693
796.8231903501455 590.8779935995381
798.3038185342969 603.9139121708992
801.1905360580987 618.2537706564648
803.2836096406979 631.8381457957496
805.3373996915855 645.333768416
808.7614464797963 660.1824919580249
809.6751914096018 673.227364577395
812.7078372290621 688.2811716925434
816.2908304743037 704.0974933086835
821.9071962190835 722.0142386430374
826.5198967859667 739.4226533025039
828.6662819814613 754.9524442685256
832.7978666172869 772.6213259790954
838.1304781242471 791.7994074506629
841.741867862662 809.7497316375453
844.3817888657675 827.1296117488761
850.3153234720664 848.1537895149646
854.5332518130717 867.9267950384856
857.7668897348307 887.1256747917032
862.0993044420329 907.9035131998131
868.8528801768568 931.7567668701852
873.8934662526433 954.3302413949482
879.9328668950718 978.5571775618528
884.2804175668208 1001.4709896486512
887.6291922139258 1023.786802576422
893.2383645269881 1049.2898665941416
898.4574749708755 1074.9768209914846
904.5523248903766 1102.388811416106
907.7141465966329 1126.8824375543113
914.8473496206835 1157.0131057563742
921.5081911686696 1187.3633199695225
928.2992380406661 1218.7224969832628
932.2019375104094 1247.0960459009718
939.2146245349044 1280.4764304975545
945.6980676355176 1314.0837739164301
954.5325364985254 1351.995797613917
962.187319797817 1389.3507698275096
970.3663910740651 1428.6070373177836
977.9121403227854 1468.1225581705735
985.3673871259672 1508.7263212354135
998.0976438682488 1558.8463982396247
1005.7467907412708 1602.5409177033935
1016.3524080825295 1652.4611289179675
1026.785857626363 1704.643893186637
1038.196469347722 1760.705566252894
1049.64390548262 1818.8588927355504
1060.0902607431628 1877.37706363892
1074.8483810800567 1945.8751135901762
1089.8389682969482 2017.4488898560585
1104.9808091516832 2092.121748705484
1124.3206270293754 2177.9127915589897
1139.894474941327 2259.7791011508702
1158.8915887470973 2351.9894314242206
1179.7257670467739 2451.9559772895395
1201.3351908237153 2557.9424855317893
1226.0573358388442 2675.4499451934726
1252.3512100509622 2801.8525026638877
1284.3693299462864 2947.3073175855498
1269.987321618216 2990.5071815544916
1239.6175946593107 2996.7310888718503
1199.5301397288542 2978.5312561532864
1177.0420998899574 3003.6058155301666
1148.4910644767895 3013.568196476889
1119.1620076505226 3021.383855227874
1089.7874119721394 3028.9147225874594
1060.699754105012 3037.104711998183
1029.9500714584988 3040.280061162562
999.546173930251 3044.096490944628
968.5552424902186 3045.704638050892
939.9750220627337 3054.646126460177
910.7419930820269 3061.4024599906784
278.35734582428586 968.8039987663444
260.71942983302387 940.5324975286834
245.70121668057814 919.7472001162513
237.3215914047659 922.9774982376924
232.02220410506516 938.751669400501
219.52274755519832 925.3165746412504
206.8523412065838 909.7808026867543
203.42022653733264 935.1305852315495
191.19157203318557 920.3509019843895
181.200170415743 915.2352147078398
171.50655250072293 910.9964338290885
162.78735521921243 911.5790020512396
153.82827859267346 910.0911276928343
144.62005365083516 907.5494697712238
136.0656434872201 908.871355397676
127.0829517057085 907.1416225627421
118.27435483390899 906.3151642715809
108.89233502570497 900.4395922951466
99.7422654961767 895.4621602690369
89.98632614167701 883.4288093035701
82.21329329785598 890.2117581817939
74.07268591169044 893.9363720096794
65.35687168030168 890.6051197495805
57.093154756790426 893.1771222327167
48.51483036600995 890.6796905928401
40.303502028565426 895.0930832735964
31.90661322906976 896.432355525084
23.4619122440572 896.6931128729897
15.03186910829427 897.8741798888701
6.632905139565706 905.9757196356918
-2.059990466861184 981.9978393251567
-12.149803245870919 1054.9300366759337
-22.14820449846612 1057.768148999342
-32.23149087966119 1061.510777616353
-42.307707483949905 1063.1585290479743
-52.417816020079385 1064.7104641937567
-62.56090378893334 1066.1660908681686
-72.7360518273343 1067.524925594045
-82.94233499126983 1068.7864936769158
-93.35233939943247 1071.9427879922757
-103.73298996530768 1074.0020795104901
-114.47721553569455 1078.9439128718388
-125.09393862737008 1081.7913414881318
-135.7744153357865 1084.5341433722708
-146.1169270254432 1084.198249231496
-156.4651446912189 1083.7636543530862
-166.9703320835383 1084.2185703094708
-177.98246856050244 1087.5321792411983
-189.07176639376385 1090.734095530502
-200.41716372221273 1094.8068142305033
-210.90932794715903 1093.8524833746449
-221.79841050645834 1094.757719816037
-232.7699718118677 1096.5669793599943
-243.71452417877242 1097.2598738240247
-255.37057071959643 1100.766038543317
-266.4085062792864 1101.2336299723322
-247.43391544094536 982.3163734202759
-291.6174209003044 1113.4452298283265
-304.69188669410556 1120.3052504486384
-316.2918269837372 1121.2423824415887
-328.4972433879558 1123.979786778443
-340.2028186605369 1124.671970921044
-353.74140377448583 1130.9695041227487
-362.5085816006573 1121.8861476397146
-357.53127561417637 1071.9474739732818
-355.87770482805024 1034.498457807608
-357.8971523143856 1009.4308437754681
-362.2216911813651 991.9331864786618
-367.6567386676362 978.1888991970199
-374.66883186057487 969.0945601086781
-376.3717084424329 946.9452661501214
-379.96047276528725 930.405846464853
-388.2998879601673 925.8721277855391
-394.61067598992054 916.6713775365619
-400.7830446017254 907.4342682309124
-405.1664995938352 894.5189252368442
-405.1316333629152 872.5321539339949
