-444.2093676063931 932.6130160633232
-464.2350444496331 951.8228950308178
-479.04842606255517 959.0081362986388
-497.681964688063 973.119551763415
-525.9004528057615 1004.6813991204848
-527.8487092412189 985.5454023800118
-529.482042320154 966.4640535790654
-523.470160647583 934.355387907403
-524.3536196407159 915.4661553381858
-530.4841045830007 906.1382978247702
-533.404773562703 891.6279198973759
-536.0984772423864 877.1444708247294
-538.5659968899315 862.6909452370265
-541.345732764163 849.1135363530789
-543.3713442354333 834.7236562262856
-550.1545625135238 827.8683212598204
-557.4180789955467 821.787128889784
-553.2324045184482 799.1982899072894
-565.9777460568533 801.2678646797237
-582.3195541570543 808.0346136437037
-597.0628056435174 812.1453109617092
-615.5353459391748 820.8484865671255
-641.5155855783568 838.8049555528735
-1075.0200670622025 1378.3453324234742
-1091.775485923075 1372.7863228985907
-1096.5548038461784 1352.2753277945544
-1107.415838233146 1339.5051926851118
-1117.489007374328 1325.8862388597067
-1131.3137791428219 1316.7479383395998
-1144.4067669632823 1306.714257873024
-1156.745188957775 1295.8046024856683
-1176.3824788596467 1292.9146388807087
-1196.7482669732742 1290.5012923265379
-1221.2946727620626 1292.1777440750968
-1252.2231230986376 1299.9854806793398
-1498.4766257311396 1526.397327741836
-1512.1748145247393 1511.4136860294304
-1518.5840876731604 1489.3056666332384
-1506.6967066047448 1449.8779377266267
-1422.2171200879648 1342.8456587890864
-1413.6117739253566 1309.5918267229706
-1343.569957531912 1221.751107721084
-1300.6052200590234 1160.3771204031987
-1306.2658407201477 1143.4008716839803
-1325.3779356107411 1138.1486404667057
-1830.9155699694995 1542.3955963510991
-1874.7291057644863 1549.1981086999458
-1886.2050180096874 1528.8605659232219
-1870.8495624581358 1487.2867627496057
-1677.4348874980687 1307.8001369491983
-1669.0865329790402 1276.0686288080306
-1670.691359035306 1252.4114271455535
-1681.668165105788 1235.9454609608517
-92.49427781915713 66.63939203438592
-96.38846013603754 68.068089091758
-1739.1141160059992 1203.6224871232143
-1759.535618564043 1193.277171073196
-1776.584688687815 1180.4388353150787
-1789.3573284872284 1164.656752433544
-1800.3037626764055 1147.6634358962456
-1817.8750997370812 1134.8035608667683
-89.59237028070157 54.75588724042066
-93.53940641849277 55.958729854027524
-96.65396041713433 56.58632286765973
-98.92082438205378 56.66277881974088
-102.07003801196183 57.190098270912834
-2059.154308767571 1128.2674916366009
-2065.3366657947645 1106.3604552422173
-2074.8328746805023 1086.2930277531214
-2084.1343136435207 1066.1450007825629
-2093.24030812469 1045.918262792105
-2101.2514629938933 1025.1762235177046
-2108.154806839275 1003.9463682888941
-2117.5653932314576 983.9419725718091
-1082.9759086255535 490.79953273883274
-1084.8300282546754 479.3118085306891
-1076.4606468564853 463.4829832575491
-1076.189599035709 451.3368441943997
-1097.0789818320231 447.931588105161
-1109.6347787764153 440.8476581879685
-2178.079518766119 841.5429935134348
-2188.5969139068993 822.3670399749715
-2198.1523063452055 802.3256434324248
-2207.5242048269415 782.177016475925
-2215.7657393340146 761.5977864946741
-2223.8153858427336 740.9326080617146
-2232.6239282062616 720.4903852244257
-2240.290010009558 699.64967737531
-2245.8468844556824 678.150257377157
-2254.077567869996 657.4483386740606
-2263.079984704634 636.922273773867
-2273.825748455354 616.8082892288734
-2285.36059251283 596.80060505114
-2292.840252079032 575.6557812149204
-2301.096354793209 554.6571607375196
-2307.2114305784494 533.1035683693601
-2316.0537978349525 512.1316291094424
-2324.7054969540764 491.0400721239563
-2336.1060201973933 470.4228548843008
-2345.359593711496 449.25758333660514
-2353.4374577558942 427.78047224186713
-2361.318508971601 406.19071775230725
-2369.9884228201095 384.6503291284829
-2380.4387729990244 363.2839770797761
-2390.696338992991 341.75431924923714
-2400.758966240469 320.0630969293318
-2409.632080969388 298.0893060194158
-2417.310211520152 275.8629030522208
-2427.766750411369 253.82987530435136
-2437.026519332072 231.5291430299983
-2447.077363901292 209.16112230025985
-2456.922382870374 186.62369771967477
-2466.55927099388 163.918768523131
-2471.992215216064 140.82076519880292
-2488.1961451609463 118.15643531440406
-2497.1961980646442 94.93233575282017
-2423.0126191324944 69.17982021289608
-2392.5639960922686 45.67849168913813
-2275.894341872402 21.93044990842968
-2214.999963393686 0.4026983616535313
-2196.905561393286 -20.370427566698737
-2187.6238011280248 -40.57221633299217
-2007.2208701234115 -55.931909863821666
-1758.7841830844766 -65.40793019099941
-1704.1570293602085 -79.27685212083897
-1683.3758645974576 -94.03030623560582
-1845.0816342452968 -120.31110909099277
-1911.692781971085 -142.54721098518053
-1917.2576637954564 -160.93181977964608
-1939.5717638559931 -181.01207930011668
-1919.8959442266905 -197.2297222578398
-1939.8386294819427 -217.5548013021506
-1916.8817476945876 -233.0780241793362
-1887.8566648089013 -247.41304156533792
-1892.4022793651407 -265.9597959346852
-1896.7655801087442 -284.61260357675457
-2592.197709069457 -413.68591599794615
-2487.6609400203406 -420.7992959798241
-2450.1642626138637 -437.9681337835695
-2406.6701841033732 -453.3647813271728
-2368.990954757151 -469.15547132992236
-2313.605512116077 -480.6230688451251
-1984.6116270264263 -431.59899197231806
-1947.3509833651342 -442.53039170981776
-1967.4706400973153 -466.4153517574875
-2273.7103878720372 -561.4312710232567
-2274.1940595373485 -584.0765185872783
-2252.2298674214035 -600.8507504322253
-2217.6229773875293 -613.7990959286842
-2189.7014483527 -628.0856367423858
-2168.418492391799 -643.8984716966467
-2159.4594345273313 -663.1862111284423
-2232.3012275347483 -708.3750627646734
-2214.2030584976014 -725.3997627100985
-2180.824626141521 -737.0264242309734
-2151.201349881099 -749.4109368495625
-2114.949902126958 -758.9439448952545
-1704.4296543891166 -629.6098420760242
-1667.643938970801 -633.7347180121595
-1626.2747778637834 -635.4103767519872
-1598.014126794942 -641.5877574921448
-1582.7516351469083 -652.5651396142675
-1564.64707528135 -662.1786237968705
-1552.9223862662527 -674.3004243162886
-1542.0215217580685 -686.6684982106949
-1515.560389401398 -691.8328599289594
-1523.5586391215886 -712.6661723120949
-1515.0664620166017 -725.9294839531574
-1505.561734868436 -738.6561192462602
-1495.9515465508803 -751.2689068316548
-1511.1412254391148 -776.5649984247102
-1505.6297170542002 -791.5049937450106
-2213.403896882735 -1189.9631041609332
-990.2676568132811 -544.3068692103138
-959.0118365595463 -538.7915156520991
-946.1583320503837 -543.1992366449311
-943.6573035259993 -553.4861276509465
-955.6297909378327 -572.5100022463487
-2059.198873252023 -1259.7999842822667
-2038.0732478348316 -1273.0539801830796
-2016.8799241760169 -1286.0246387436537
-2003.1656407862952 -1303.620886444073
-1990.9647185527604 -1322.179824939909
-1977.7639939933104 -1340.0636492583585
-1969.3385808432338 -1361.2279581327875
-1941.0751807473705 -1368.5218824288354
-1902.2928682295633 -1367.8197408587657
-1913.693045926736 -1403.177795566781
-1193.363048093631 -892.1797102852531
-1184.2252612255386 -902.6248006094808
-1177.365415846496 -914.8178384621757
-1183.7075955796804 -937.5160415518083
-1844.1177731588045 -1488.667067789105
-1871.9049549050778 -1540.047999187629
-1870.5397155689177 -1568.2991336091955
-1915.1880534319334 -1636.281063873686
-1931.5771134766917 -1681.585815441202
-1836.5690024205192 -1629.1222481287582
-1755.321830880863 -1586.4429614811418
-1723.5838546081563 -1587.106705969731
-1097.6033716157908 -1029.704733706536
-1079.3336883249883 -1031.5463097926227
-1056.5165782486754 -1029.2704794589763
-1021.0708718389117 -1013.9700561072427
-985.3144592730678 -997.3762661841429
-970.8501869090546 -1001.7359505272104
-960.5274493912283 -1010.2588871007182
-950.1305672546204 -1018.6760550677596
-939.6606188793204 -1026.9868165304424
-929.1186880579987 -1035.1905445382426
-919.1666594707259 -1044.0371890490428
-906.516079752591 -1049.760733286397
-894.4866960409934 -1056.1011081358013
-884.3360859152461 -1064.6152765896713
-872.2097031487491 -1070.7059511057043
-860.0479244977711 -1076.6622346711508
-849.085449210521 -1084.058531601946
-838.0602388467127 -1091.3436837514528
-826.9734160363248 -1098.5171683543283
-816.4198675675187 -1106.3831162129306
-805.7915051258684 -1114.1476788410896
-795.089302658788 -1121.8101447203812
-783.1734201661352 -1127.7270919620928
-772.3422638244836 -1135.172421930022
-761.4403326334597 -1142.5137285122862
-751.0152160140651 -1150.5877390774453
-739.4281481626551 -1156.8815901831729
-728.3199120054819 -1163.9068286492382
-717.6672547498072 -1171.6781603579864
-705.9042413614574 -1177.6367020553944
-694.5988609713294 -1184.3400788360293
-683.7274481060485 -1191.8023228314294
-672.7767742942034 -1199.1648810611018
-660.3049885861258 -1203.7966281927675
-649.2237855411516 -1210.9436305161428
-638.0662166361147 -1217.988712257907
-627.2887658875777 -1225.821277426379
-616.4197459734781 -1233.5589555323218
-605.4599874805577 -1241.2007104252089
-595.6997257951422 -1251.4542886927964
-584.9561733275358 -1259.820334526319
-574.0754784579129 -1267.0115804653558
-562.8443593290124 -1274.2273059276015
-550.737223868531 -1279.5067449003868
-539.3538417793809 -1286.515617222668
-529.3984794300766 -1297.1269213061314
-519.6592534962559 -1308.5940013066368
-507.22820479037205 -1313.4624274280313
-495.4543260518589 -1320.0852286108266
-482.91540910328837 -1324.7236344425216
-458.65814135233927 -1296.2475494176324
-388.88988093644787 -1133.1234092124455
-368.6594758134758 -1108.2933686046006
-350.46885630577435 -1087.94328012067
-335.07864209327585 -1074.9875830040671
-321.1201459824493 -1065.6692037608154
-307.0893940300974 -1055.2237222855765
-293.2859456785857 -1044.6091872405764
-281.0175776155307 -1038.6554390514204
-269.6447050547537 -1035.4669154714384
-258.60051579259147 -1033.126697569957
-246.22340517037335 -1024.8365892893883
-235.59763438760677 -1023.2271276070448
-225.45485911472718 -1023.46182464299
-215.32885317325943 -1023.5963486604908
-204.82745971782174 -1021.6700601199705
-194.38202495769082 -1019.6370081422837
-184.52745665637454 -1020.4502034592035
-174.00053855100273 -1017.2255465647532
-164.506946374099 -1019.8168779710744
-154.23042392467386 -1017.3760250448285
-147.38709143396267 -1038.594264031261
-139.89278556528777 -1057.7896806770166
-130.1002637759205 -1061.0536844879414
-120.93211705612653 -1070.1889660542774
-110.98519442632337 -1073.2768918681475
-97.62732994899696 -1040.4296729943017
-83.97885630281644 -996.4675366985474
-74.37782651548474 -995.2245670816372
-65.65381777869783 -1006.8617463242317
-56.437732847661046 -1013.4297125657093
-47.224233534450654 -1017.9051388843086
-37.595557344825885 -1021.3082659353795
-28.042213546699347 -1029.6181982945918
-18.439283819559343 -1043.8371486071098
-8.526385636312813 -1052.9654793714658
1.5521257806010869 -1056.998860408828
11.872529134105688 -1075.934497565702
22.946687621301145 -1113.763641679513
34.474128024277825 -1142.4799930401257
45.79826813556166 -1152.0900653316055
57.45721020180013 -1164.5834744645083
69.82992962543928 -1184.9442100489398
81.84519094340689 -1194.1986286708914
93.49842003270952 -1196.3519738987297
106.4245891743043 -1212.337744532884
119.08316509214414 -1222.2124200774745
129.49104107625902 -1209.085633973453
139.89079059896602 -1197.8591597953393
151.468124554344 -1197.4583112760083
165.75009160671607 -1216.7624694788894
182.29278875517767 -1248.764725305716
199.15463231819226 -1278.5825872528553
215.62305228909838 -1302.269825850823
224.0962306332605 -1277.493592710337
232.84428069275668 -1256.6095419614928
241.59679881901494 -1237.6396837530722
249.80703362874647 -1217.639292216544
257.8674070114072 -1198.5743199323158
265.36655548688765 -1178.4925079223137
273.19246075482744 -1161.2987898842925
280.95232275992475 -1145.0357166201425
288.17877950218553 -1127.7628257061103
295.10083281734035 -1110.457787793175
302.51673884081794 -1096.0167073184225
308.307292501866 -1076.729591582849
315.17925886661584 -1062.2269224512675
321.80229506879715 -1047.6923608046661
328.1764298256883 -1033.129338905282
334.3017347105583 -1018.5412854516559
340.82016998069923 -1005.8258356864409
347.16424946171435 -994.125738473602
352.6206958841116 -979.4588530582613
357.828053394562 -964.7798112542873
364.9269348317454 -955.6973015732058
370.05633831837673 -941.914171498866
375.3298212382057 -929.0487206219577
381.5412327970822 -918.940306916441
385.631979242331 -904.1996331483675
391.07987441946153 -893.1301875001528
395.9412898923087 -881.1279674135958
400.6087510981919 -869.1154287800597
405.08251472505066 -857.0951850664133
408.926913524779 -844.1698759107067
413.4501372110708 -833.0420061678443
417.7978133507727 -821.9057045423841
421.97020278412003 -810.7633119242191
425.96759507845456 -799.6171633619915
431.70474188473673 -791.98170170417
435.38672867375914 -780.8164934827917
439.38994553022866 -770.522858692033
443.7397258862164 -761.0887304844459
447.94921133405717 -751.6425374240046
452.53873476109186 -743.040169533808
456.4763422921322 -733.5702753844353
461.3470926954218 -725.7815511994514
466.11061074651934 -717.9671987977631
469.1092262078054 -707.6281042233371
472.51323414051296 -698.1262375545506
476.9152801523348 -690.2701033343542
481.2102881955117 -682.3940639650909
485.9823978609064 -675.3111201286143
488.29556370447716 -664.9755202009521
492.2542661255506 -657.0591582811974
496.1062390322793 -649.1283383070307
500.4663957682896 -641.973042040472
503.4903707765004 -633.228589480404
505.13322957187535 -622.9321153884162
508.53706836010207 -614.9748369679144
512.4795845626102 -607.7743622484701
515.6789943454113 -599.7967779097395
519.2412938132165 -592.733058635316
522.1125729577567 -584.8542221438016
524.209059055451 -576.2342079434356
525.5102598791502 -566.8932587019782
528.7427713646202 -559.7598429055633
533.2748235022309 -554.0568225540269
537.0462841126904 -547.6041350471628
540.0368910176876 -540.4222019309997
541.5133051933573 -531.8311200922394
543.5963979126631 -523.9541546513184
545.5796356007664 -516.0851298165205
548.9291179444208 -509.5859333544835
553.6832766267003 -504.41632525516155
556.8977271537838 -497.86938195770773
560.0382133216417 -491.3066248479693
564.6204819758788 -486.03365246999755
567.6251777089152 -479.4274268655501
569.015800668459 -471.5315669068536
571.8603877022521 -464.9136446449275
573.8492218198297 -457.6604315611913
574.9648966897718 -449.79480607774923
578.3638944952407 -443.7749492077016
580.901583281564 -437.129672455408
583.3656430940903 -430.475930171965
586.5663137554208 -424.4007063700262
590.5200519410191 -418.88192638925824
594.4218677460602 -413.32631557316216
597.4450763597054 -407.17119339848426
599.5736061009427 -400.44037117542433
601.6285860464392 -393.70553012595894
606.1356942851158 -388.5865670780458
608.0589920544332 -381.82229136307217
611.6125355669071 -376.1038504687485
614.2555997392494 -369.83652900839166
616.8349812201637 -363.5527553782536
617.6181550465113 -356.25386251512214
618.3189128366521 -348.972380036731
619.8130934082836 -342.19253241363157
621.2346478565617 -335.41543241558503
623.4681118093773 -329.1086652715936
625.6041417372289 -322.8551654244132
630.4009103928194 -317.8532557264509
632.4674345521752 -311.46419413953504
635.3708517140496 -305.49775906242434
637.312711808896 -299.07943320594813
641.0085838429316 -293.48423371567895
644.6555091866793 -287.84592141502236
648.2530033537008 -282.164922771961
649.0387186685443 -275.2703065517495
653.4492659883796 -269.9130541104819
655.9606839396591 -263.75098317430894
658.413994644337 -257.56554827167207
660.8089807797379 -251.3572973296059
665.0213720007824 -245.8202082461833
667.305521012398 -239.55029039091565
670.4748886419162 -233.5881497435392
672.6436707524931 -227.26744640755675
675.703223932095 -221.2377751826597
678.7087782174792 -215.1706168846865
680.7038540002662 -208.77323379491014
681.6798685798341 -202.07314708535654
686.43572608103 -196.47390147194926
687.2905485232928 -189.73850929779968
690.01228674942 -183.5185116952408
693.6465195684486 -177.51198801933853
697.2286403338519 -171.45326797179527
697.8381631016407 -164.65387368333577
701.3077259439677 -158.51963137510964
705.7008897415424 -152.5459085586874
707.1053604713436 -145.8972556036996
708.4471933837264 -139.23567856954315
710.7092699879571 -132.74537111773492
712.9118455980166 -126.2248010734408
714.0682686588681 -119.50944604727562
716.1492291442171 -112.9392827856795
719.1588974149389 -106.48699577379983
725.0820220967853 -100.39950812646963
727.9784368009316 -93.82641180857381
732.8010878724417 -87.44464313476222
733.5916399691977 -80.54381271893642
737.2918902514764 -74.03829123774256
739.9417314598187 -67.34414632501871
741.5339799492837 -60.525668774292214
744.0607205017425 -53.7554109502281
746.5255032062109 -46.94329624891638
748.927767192829 -40.089893084962725
752.2659820286484 -33.23992001303892
759.538881342912 -26.47050676428154
762.7516384967489 -19.466329148683464
765.899554157575 -12.404553245790188
770.9817864215247 -5.299528872880534
771.9976879951022 1.8893729692080101
773.9464030893078 9.108520468375646
777.8269937660727 16.40633319281651
782.6379715630335 23.80767665481781
787.3781192379056 31.300117338094005
790.0485623594901 38.784908324022666
791.6493266774595 46.26384734460675
792.181427304145 53.70834417823382
797.6286206463011 61.55147054197011
802.0016345235875 69.41453897775217
806.2969327120306 77.36443820755751
809.5187820135536 85.29561282558777
811.6690113695541 93.17948262557938
813.7423441309303 101.11081726649483
818.7116114266236 109.48651659095398
823.5949227681649 117.96356721674893
826.4137547903948 126.23908227344388
827.1753620707112 134.25691931214521
829.8302238105136 142.63870320005287
837.3199812839231 151.97450096213734
842.74259498887 161.0866803662717
844.1457918551708 169.5254614894372
846.4431845493618 178.21036818865184
852.5580120343715 187.81330122225236
855.6430751691903 196.87287247107312
858.6328994516789 206.0061746142649
861.526379367433 215.21221539225368
867.226078406459 225.24415404568074
871.8474407171659 235.14046890088463
876.3710744040641 245.09944909743564
881.6787924396668 255.6687445937238
886.8639535526064 266.36127325315226
890.9697413577594 276.8788904645627
896.8591607213089 288.1104750443299
901.6655231422754 299.1643099979786
904.4498075486248 309.6878196268877
910.8866751770363 321.62317233825723
915.297877261985 333.0252180837124
919.5737994135965 344.54031321754303
925.5787760992365 356.88643744844006
927.7128141248959 367.9034309550081
934.3505044090795 380.8807358091227
939.9017976899444 393.6313131589138
945.2940826821207 406.5219517395929
951.4400434697744 419.95457335554033
956.5039569842361 433.12836466052266
961.4023579151486 446.43645258333527
967.9390063422794 460.7364539529303
975.1882143467546 475.63951328625757
981.3456403736344 490.2751616385042
989.0922425755595 505.9817542924354
996.6274655541654 521.8799621590015
1005.7112254041273 538.9118027062767
1015.4364724972603 556.6442044271374
1019.680115208266 571.676011958572
1027.198864639473 588.8280669969611
1034.4821146710071 606.1746896941515
1042.3847759295631 624.2267047397719
1050.8890575056992 643.005590033853
1062.520683052267 664.12257760608
1070.4720663418682 683.3663403927436
1078.151851526777 702.8211614979894
1084.7242636416258 721.9295477171804
1095.1649890999765 744.0360519824618
1103.637748595429 765.2664371806809
1114.2527982432487 788.4577995093272
1122.092128050564 810.1637218284689
1128.8123849071894 831.4966023262774
1140.0233509284785 856.6345541348443
1151.0841189386238 881.7626387681055
1163.5612275523733 908.1306457425684
1176.436685309503 935.4174070745046
1189.689187871179 963.6392666669486
1202.5257611666664 992.1757877163351
1217.2384881831983 1022.951838008751
1232.2507820673954 1054.723665276499
1247.539882031287 1087.505973657783
1262.3348966633855 1120.649190721985
1279.5977489772538 1156.8295470000517
1295.5716180190373 1192.7343302611584
1313.1873242847748 1231.0723176717904
1333.8300449375085 1273.2766436332695
1353.814355735079 1315.952389034502
1371.711979099096 1357.684148245107
1389.6675627135219 1400.5545562889934
1415.3323497304107 1452.452525835731
1439.4777668207544 1504.2033635212806
1464.169712983686 1557.9637516904143
1490.716939240538 1615.2297072123586
1520.374283377623 1677.54524184714
1548.3582332484284 1739.7780839899683
1576.6536873819357 1804.1560769692144
1614.3272164225175 1881.3262976734063
1647.5082249069974 1955.4962666453225
1685.21226935403 2037.350143499796
1724.0878617050535 2123.1453188892406
1765.2851526722836 2214.4959538808807
1808.047799388544 2310.696681766398
1856.5192040599911 2417.3622907947533
1914.0381419719727 2539.460177099944
1936.788548541744 2618.568142752364
1910.68498273908 2632.7346802774036
1871.7233348320271 2628.7222671566647
1846.7348047473786 2643.8977969911507
1825.5813304039534 2664.611192290637
1798.6269008670886 2676.8575366420328
1773.8012338981478 2692.174805361162
1749.388281827116 2708.102036372701
1719.4823503171303 2715.359358712559
1691.068972092148 2726.0868899628285
1666.124373689044 2742.5737130292946
1642.5529812156333 2761.4106365949337
501.18121171981596 860.7167902504616
480.2696511377832 842.7580092743063
459.2502070910008 823.61292321507
464.48830949338 851.5577551428805
449.4770055329329 842.6122604716525
439.2974265078118 842.3287784847516
434.6120012147717 852.6203190166718
423.9770109800444 851.2605324813476
412.09288756082316 847.0793658340302
401.1819147372647 844.5579147031552
391.19520063952774 843.7217047087265
380.4347044723612 840.9509115477712
372.1820173613976 843.542853655225
357.59201718762364 831.3560905193913
356.0182531210816 849.4068538954778
342.04434275921955 837.8727036885815
334.22565903201 841.0221214953971
326.01734248224216 843.1658747843252
314.27875905298913 835.8695242728455
306.4799370385883 838.7604235971216
298.9889673647686 842.5209774208291
289.5006202382112 840.5417246524357
282.9266653473231 846.9955737992046
273.79365904576304 845.788408685253
266.2033146069667 849.2560245840262
259.73291948375015 856.4833977004153
250.90063201146614 855.9864910477542
243.73417804880967 861.1728342504025
237.80958404042957 871.1231840207893
234.77290056953277 892.6425293241233
255.398861121022 1009.1840375957623
247.87876257903756 1019.292460024249
238.82892048324715 1023.504639335263
229.94023865015507 1028.6124083684338
221.1861328172234 1034.6210391488091
212.1400309849138 1039.5756861593675
203.02077108064378 1044.4513231883145
193.69136431261106 1048.2555296256344
184.3562397147763 1052.983274738126
174.62295830323032 1055.6546890121922
165.00967421216654 1059.2241535276632
155.34472256778716 1062.705988112581
145.7642458983319 1067.09033573437
136.6192180428579 1075.3563080492706
126.6314529651181 1077.5850199032757
116.39910864597334 1077.732456366803
106.66536228990228 1082.7587452833452
96.58138035259397 1084.7087337019038
86.5495038519998 1087.5615768235712
76.68244704673393 1093.3141370689966
66.71494986256356 1098.9768493761985
56.64783375303008 1104.5483343571204
46.523775150694426 1111.0263445777186
36.15320874357375 1113.4131962113363
25.7419106229356 1115.703076108281
15.27711224488704 1116.8955232435383
4.453561754447585 1038.9904550994197
-5.722151780069346 1120.9853955244046
-16.55323892536773 1141.880024468893
-27.49062875259947 1150.6716583503683
-38.528037940870654 1157.35888569295
-49.437515819703 1157.9451334279947
-60.7256481695083 1165.418978588556
-71.29871382040851 1158.808652628878
-81.46988752819473 1148.1130856436328
-88.48113140289975 1100.4485855257676
-96.75274914352278 1076.661462825326
-104.28903494886394 1049.8327472456908
-113.06127567350227 1038.8657988128593
-121.40178518335338 1025.8414139399397
-127.85879853686001 999.8580537439856
-135.6087831248837 986.7250163745664
-144.28713410415446 981.450570804261
-153.18790362016833 978.0764112197257
-161.05401611740785 968.7030524843275
-168.93096974037448 960.2537828421072
-175.0210098369031 942.8937618394083
-179.73207784769693 920.6195632249782
-183.1263084084374 893.4252935577198
-189.59671763260246 882.8714995190088
-197.20032664308752 878.1298486965692
-205.18828412502506 875.2706827363909
-213.37735192508794 873.3104291633286
-221.54770014279842 871.2735601184261
-229.95411656795972 870.1270621429087
-238.09392120100193 867.9350693958224
-247.03354732810678 868.5524891994105
-255.72298848906004 868.1190892718718
-265.0090117149573 869.5120607040834
-274.343461238719 870.8069047013577
-284.03471640560605 872.9537673189725
-294.4267187175042 876.8910464278009
-304.26287081293304 878.8197229492931
-314.8328404466935 882.5243807262589
-326.18831062779606 887.9849019041847
-337.6734188412152 893.3093877308607
-349.64893657378815 899.4279410563245
-362.51046618157403 907.2569437093429
-375.9286637154174 915.8480440537834
-392.6461575928105 931.6383391250072
-415.249543458503 960.0436535166017
-429.49578304897136 967.9950270239775
-445.58338399194486 979.40361848948
-462.7669966060658 992.4070268051317
