-486.29532514276605 1016.6837545393805
-487.34405804999386 995.0677208528896
-490.4461754522379 977.9051840461184
-480.02292352500496 934.9753969439555
-488.8339678894134 930.3990282870527
-494.76065631545947 920.4547207561575
-496.68930150514234 903.4714925056206
-500.30187686903867 890.021927820499
-503.7051065482549 876.5855153019648
-506.8995687585668 863.165005773739
-506.79877582400565 844.6182574532054
-523.6391428054616 854.2868652402196
-521.6041276576169 833.1975360084405
-521.3727254440139 815.5945568498364
-537.798862663826 824.0317853805734
-552.7668662619271 829.7335666121799
-567.8899477132703 835.2251237158872
-586.0157329234731 844.6120770899291
-617.0800207823766 871.6858654074998
-1025.751822884839 1420.329960906419
-1036.7511032635707 1407.3560849627818
-1041.5901511774396 1386.3065883743604
-1054.6397432398394 1376.4051046036577
-1060.2070141411682 1356.9248642300977
-1079.2092142500776 1354.670244700802
-1093.219189368836 1345.967237341142
-1108.4364646215392 1338.66075011457
-1127.4831085597873 1335.771627155016
-1147.2257146223963 1333.3994749170752
-1170.3201584733065 1334.5320253448454
-1201.5343410472497 1344.2932073339327
-1435.0623304032624 1575.3593583235406
-1447.158794178656 1558.8009572845976
-1459.7579925114585 1542.8812667535105
-1419.4341578636788 1472.152054473256
-1365.2935209637903 1389.4882517007104
-1361.3768929158293 1359.5694007423242
-1293.4527556164498 1267.5570870726935
-1252.0300932821606 1203.9890553970433
-1257.5294615766243 1186.6173154251567
-1281.1570443907476 1186.234642727974
-1767.2029599835341 1606.0939257171217
-1815.950370217475 1619.2014244395339
-1824.4587335909912 1595.9719074669067
-1797.0231086526069 1542.1193037403173
-1635.6195644391028 1376.8778596607758
-1627.7910080282431 1344.1046961388074
-1631.9233458866763 1321.6755249114794
-1634.2112818674364 1298.0456410377835
-79.67987567101862 62.06542848519629
-93.77519352068629 71.62550579338227
-88.04717311973405 65.93705563356298
-84.63846246164063 62.1396063081305
-1725.588662426472 1241.8614126001416
-1742.1976081162838 1228.8903507937148
-1753.7797326053328 1212.3038602193626
-1766.8598653179592 1196.729800885982
-1791.4675698400843 1188.7573117382972
-1816.9203098306575 1180.969765796258
-94.48129630908468 60.14386625213697
-91.65316745234354 57.12877467575053
-92.19111841151852 56.25653460739803
-94.43782001293187 56.4047706422523
-2025.424981279951 1183.7945958683501
-2027.0173376895884 1159.062428303934
-2037.924064697869 1139.7765160439637
-2047.7699377053593 1119.9081579442973
-2056.5404510286853 1099.4841396230927
-2063.335279598119 1078.0684226735113
-2074.3625114619963 1058.8962040922986
-1066.7691971017184 531.8528745009797
-1066.3729539024275 519.0806519081704
-1055.8951506849853 501.6437289151854
-1053.349334961908 488.23782988960016
-1069.7806027137606 483.5757045772496
-1090.7926421174966 480.6614316775698
-2137.313752112198 917.6959872594397
-2148.6930085343993 898.5317774432865
-2158.0483651112445 878.4800816414021
-2170.005782601001 859.4363871039071
-2178.9962037250566 839.1665771179108
-2191.365636975082 820.6805987013427
-2200.8441218946746 800.7803388705662
-2209.199025449152 780.4413276823037
-2220.2038542062974 760.9887290673255
-2227.2418948968243 740.1368397914016
-2235.0359911941355 719.5263150621035
-2241.684594562065 698.5371704520178
-2251.9659684726075 678.6407568376893
-2264.951375320503 659.4514898260244
-2274.88619735619 639.2666025050055
-2284.6412903415644 618.9532894059391
-2293.2475035046946 598.2607188086857
-2300.6963419007902 577.2177599176254
-2309.896372516216 556.5561501200265
-2319.8852057083477 535.9977913532271
-2329.6911680080675 515.3009428530153
-2339.3125396053365 494.46723050696863
-2348.7476151399374 473.4983002867674
-2357.9947039269864 452.3958181198
-2371.971191133466 432.0574827877481
-2377.8891318165 410.1369000577376
-2388.5393667408216 388.9469032263328
-2399.989147907048 367.7445987752944
-2411.250629722681 346.36166165148103
-2420.3391706786456 324.53397184055507
-2432.206850751898 302.9370151624518
-2440.901193050775 280.8030729235413
-2451.382726642198 258.74258930501384
-2461.664466678585 236.51015515626034
-2467.7590322462534 213.762388569728
-2482.61640228527 191.61367149591018
-2485.3016961408703 168.39382161858694
-2252.170352908366 131.39521102614674
-2351.1862691322826 115.06140901196252
-2226.2602031491647 88.03128917742083
-2205.997322962751 66.51925346226331
-2198.5258037707454 45.664977326155196
-2119.8624663682544 24.147954014804995
-1895.996155332918 3.818240798127586
-1718.9534021118673 -12.657067908371127
-1662.7699052574194 -27.663010867084893
-1764.4045113325344 -45.84452409395298
-1875.8293975189586 -66.28024897102787
-1911.0924664239603 -85.40834138176359
-1908.2141175599008 -103.14980147866729
-1917.1471842916894 -121.60457952908844
-1938.8667832360047 -141.1793074925204
-1931.4834777289918 -158.79412854359308
-1913.9825072935412 -175.37092625155935
-1890.3721796694363 -191.03146948035632
-1902.420404588093 -210.22037058019998
-2675.8133222563106 -321.0110036052445
-2525.9224866902987 -326.99325869549494
-2469.2715175424532 -343.1430789824995
-2435.294436992805 -361.64209538146395
-2403.1653759235937 -379.8488856927346
-2371.897413615521 -397.65268675566654
-2237.120880754528 -396.5780691012611
-1963.98342430407 -367.11457211456343
-1957.5245483406388 -384.86704541150027
-2269.200997523689 -468.2049047559149
-2292.0963933489857 -495.29700543872843
-2284.44311246864 -516.0268073410459
-2245.45647322725 -529.3148655024136
-2221.9621015276944 -545.7365842369682
-2197.3896206282366 -561.5183480130418
-2182.382999463169 -579.4552990991981
-2198.084168027672 -605.6616136640137
-2250.984701618519 -642.9221360937775
-2218.988993482516 -656.2650735818953
-2187.8989471386353 -669.3595424804606
-2149.132274565111 -679.5192906920249
-2105.616467403416 -687.4622114702444
-1733.2994677591978 -583.878373521131
-1678.6474014367354 -582.9853357072503
-1633.583040199026 -584.4924728121889
-1602.715843616925 -590.394719335538
-1575.6235010344287 -597.1897378455271
-1576.498044653418 -614.4248653854673
-1567.9044768286008 -628.0099931854837
-1560.1645841226004 -641.7596672038164
-1546.800010193451 -653.031950570215
-1538.8667245523955 -666.4969647833228
-1532.6446629049533 -680.682993227363
-1521.741169421899 -692.739354509668
-1527.9651680179072 -712.6839729669866
-1511.3913881585042 -722.0256725354782
-1502.8609757039849 -735.0767903464689
-2251.611223466888 -1127.1960336862182
-986.156651337102 -505.13271426783825
-969.047709448199 -507.72289372570026
-959.9092513854 -514.2909965230978
-961.2572272667087 -526.4983789410172
-974.6772512021656 -545.6127344454037
-2079.8135064710955 -1189.6183330381243
-2069.599724382319 -1209.2832508707913
-2049.7541652171453 -1223.2239623940352
-2039.221784382403 -1242.6256532440684
-2025.109387207713 -1259.8241821155839
-2015.0744112756872 -1279.5484035478855
-2004.84769649588 -1299.1946404812343
-1969.4056145283225 -1302.2144698414004
-1941.5418894483878 -1309.724815187215
-1964.7849701809398 -1351.978188045607
-1222.8956718819052 -858.2320057493216
-1207.5972683786113 -864.2533409854522
-1211.6794646213873 -884.2131389064679
-1895.851163827124 -1410.502522016653
-1897.879938267795 -1439.4359103206473
-1915.357530658422 -1480.7587682502751
-1918.0927523587832 -1511.3848594414023
-1989.8183420176783 -1597.9133161001
-1980.390826470787 -1620.658253436039
-1848.5989239578619 -1541.5352796293168
-1798.464078537668 -1528.1122204241601
-1766.8831359171559 -1529.605499470879
-1111.4548747720264 -980.3020255745159
-1104.5839226791295 -992.5317918126285
-1082.0916173254698 -990.5386068770613
-1047.2985007186523 -976.6216516094977
-1016.4483511908614 -965.6276452967671
-1002.8479837517464 -971.1394964087585
-992.0823510191307 -979.2898492256287
-981.2527063140424 -987.3232127076561
-971.0584025906854 -995.95510880663
-959.4063923198734 -1003.0370752747702
-947.0237053487413 -1009.2581936786744
-935.9645888637408 -1016.8059246449781
-925.518055475328 -1024.9767455845852
-915.000920259918 -1033.0408103862612
-903.7584212336707 -1040.242623645668
-891.8134183822632 -1046.5628632783328
-881.1129606707776 -1054.2845681019792
-871.6142535811538 -1063.444212431554
-861.3943988822999 -1071.7390958503852
-851.095608895701 -1079.9357687003685
-840.7188273678615 -1088.0334798659494
-829.0573470027949 -1094.4372596822018
-819.1389293396904 -1103.126200595483
-807.3647029667458 -1109.2998856952156
-797.2895259401538 -1117.7917569145538
-785.9799580530743 -1124.5530247786842
-775.7440564872045 -1132.8504573970815
-765.4212718150102 -1141.0548964239592
-753.914247235511 -1147.4939249579113
-742.8952116495827 -1154.6582630839837
-732.3410989874192 -1162.5629078608604
-720.6539272019776 -1168.6688655082614
-709.4337164568594 -1175.5138459219477
-698.1484955902249 -1182.2511061974549
-686.7992987417883 -1188.8800289548933
-675.8790720798045 -1196.270654962556
-664.396692142259 -1202.6857592365614
-653.8037252370094 -1210.7504651521754
-643.5838573371591 -1219.606829504912
-635.5452956981591 -1232.822443466998
-624.6142409428462 -1240.6361473096742
-613.591748191034 -1248.3533820805192
-602.0461598215782 -1255.0714806113995
-590.4281400563739 -1261.6828489876411
-581.1971521964742 -1272.5607530796744
-571.0761842456939 -1282.609836149473
-560.8162763098201 -1292.5811789694246
-550.0287317606818 -1301.551917611332
-537.5991279555546 -1306.734930129836
-525.1206912462901 -1311.7992451686418
-496.6326581391905 -1275.7417461499024
-422.16990505599875 -1115.8053464941854
-403.2377722102383 -1097.251247009054
-384.69840411338726 -1078.4396774380164
-368.51690484233114 -1065.0466144002469
-354.8519471394313 -1058.0813275033986
-339.80896252975043 -1046.1978154175504
-325.62485231991866 -1036.0330378668584
-312.8286755664326 -1029.5213546805874
-300.4680629129183 -1023.8202689775967
-289.33453858108646 -1021.8265629665682
-277.2133913181298 -1015.8551745568369
-266.7568884085138 -1015.5494879554652
-256.08663753015867 -1014.1674585976899
-245.46704976055955 -1012.6746404852089
-235.35186401820184 -1013.019989982013
-225.68644601986608 -1015.2170349648995
-215.3774493110857 -1014.3872802476629
-205.30318621820174 -1014.4336359410872
-195.436649707815 -1015.3622584826486
-185.93036410786587 -1018.162511440446
-179.2828431795338 -1037.625492237668
-171.95922377575008 -1055.07868206994
-162.19873078360035 -1058.6465754595295
-153.09591397234112 -1067.0734000643881
-141.85844436235388 -1060.5546576028473
-128.78922588318122 -1038.0411048202334
-113.54807866399206 -992.5259864767853
-104.18770137089437 -994.5576518649129
-95.84064881177709 -1007.4515224244477
-86.49027441435918 -1011.308277644225
-77.07506780558055 -1015.0780432670018
-67.59584036449571 -1018.7599336278481
-58.450263977842425 -1029.3418123446265
-49.710134166798255 -1046.8203774101453
-40.03429837999299 -1055.2408516320916
-30.174059697199525 -1062.5716569349051
-20.441712308767485 -1083.8072413477803
-10.493849720086041 -1124.9510563211416
0.23279447539678916 -1147.99997639666
11.261559172142137 -1156.945191997016
22.557160116623926 -1170.7827187516361
34.23268510925912 -1188.5070985358946
45.90321253621413 -1197.120250884954
57.4061268066783 -1198.6261037559025
69.51546544132887 -1210.004793405578
82.18119014323213 -1226.2492617680314
92.87152804098382 -1212.448299631507
103.73572679322601 -1203.5376599785654
115.1061341090842 -1201.4988880104972
128.96347176013236 -1223.2205128068993
144.1596616065856 -1252.7326099233926
160.92005959277859 -1290.001835045461
175.8720217461715 -1308.231260888882
185.4787953824286 -1286.700282297118
194.53929291583728 -1264.1184531173517
203.67103649491554 -1244.4432927590901
212.78750874618632 -1226.6810816677626
221.4038631024831 -1207.8759577884216
229.30204958229976 -1187.0558411706488
237.81887462893636 -1171.0965728197766
246.05257736186695 -1155.0840355461514
253.56761868391015 -1137.0701221802335
261.4427989368043 -1121.9410246907319
268.81668154743954 -1105.7945522210816
275.6613716010173 -1088.641266996179
282.71324377719793 -1073.3933211050712
289.4998110916506 -1058.1109863232207
296.29415164297137 -1043.7599224448943
302.5592988220812 -1028.4171676398107
309.72471466158834 -1016.8773776261313
316.09694379294586 -1003.3876230673563
322.85957299183417 -991.7714939075082
328.1553599304986 -976.3268201523939
334.24733424384704 -964.738161135384
340.4727617613485 -953.0069771510595
345.4675037414472 -938.4307134033141
352.3407775007999 -929.4578938876854
357.61998325960155 -916.7136671684361
363.0595351538862 -904.8827404331702
368.68634296403644 -893.9571469101888
374.1370088817824 -883.0076435597787
379.4115994180945 -872.0366037197082
384.1024583232208 -860.1333044999818
388.59995522460895 -848.2211237639816
393.32958090400354 -837.2077644085015
397.8837682837647 -826.182490093025
402.2627314021846 -815.1476522231135
407.368970111441 -805.8905150145049
412.7943954940207 -797.4990827886425
416.2236216570564 -785.543695013004
420.41493847059394 -775.3549377612596
426.3895448798122 -768.6565917346878
430.79399178832097 -759.3059571997866
434.55659992096736 -749.0771398628638
439.1829192396764 -740.5669203037062
444.72271158302686 -733.7477153642387
449.1191211762893 -725.1903301850057
450.71908960527503 -712.3912564492857
456.4571144352904 -706.3482870945523
462.12072778465944 -700.2609748884888
466.0332302209614 -691.6422690450725
469.8230382776083 -683.0134059472018
472.915697422843 -673.5575277072227
477.03526844835295 -665.731441841534
482.2288156816254 -659.5031230603058
486.7488562974983 -652.4350932415249
489.96647357062125 -643.7498386615484
492.44915099356854 -634.2734691642979
494.7953060483592 -624.8092549830793
498.890381911181 -617.6927932528564
502.8945613709804 -610.5555340372317
506.80782486865536 -603.398565337955
508.6787124833414 -593.944414458365
513.5063585804643 -588.4489949837892
514.3659931503214 -578.362883569203
517.7679595428539 -571.276938157694
521.7608098383752 -564.9129643730996
524.9945027298918 -557.7963536124932
528.83285747793 -551.3907950371745
531.8983390988593 -544.2473305987589
534.1707752932662 -536.3865982876446
534.9181027422554 -527.1277106723056
538.4142776350257 -520.6832680610676
542.5620273582168 -514.9081922721191
547.3806306265479 -509.78274315131796
550.6744779801733 -503.26297231294853
554.638720225454 -497.39409930825525
557.0398903440748 -490.17401049572294
560.8683264394615 -484.25997191281226
563.1088200623597 -477.0245871734256
566.8011622863837 -471.06840525639643
569.6563047949963 -464.45311324966934
571.656337005293 -457.2013039807419
574.3573511434216 -450.57034210821314
576.9843430475203 -443.92912483641067
579.5373597484744 -437.2784566563592
583.6242371170275 -431.80869589387345
587.6594918397396 -426.30074085164216
590.827832050091 -420.17552626847436
593.933011315998 -414.02847494962293
596.9748996225347 -407.86023245796423
599.1224131532948 -401.1151132248357
603.7044718221513 -396.0112507264627
607.4021713600633 -390.31602865765103
610.1998207491433 -384.053614431258
613.7847740783891 -378.2978338684229
617.3154370063812 -372.50859216079914
619.0694681208809 -365.6692407634661
620.7496090483219 -358.82993585590884
622.3560166498693 -351.99146089032837
623.8888559738109 -345.15459636471513
624.4687667395071 -337.8442827203666
626.7345306661682 -331.4888053474172
630.6693976795605 -326.12284622592824
631.0488115576745 -318.7889543752208
636.7269378131766 -314.13183006988504
636.9675222151352 -306.792072327678
641.6515073117426 -301.6029561601953
645.3851648512876 -295.9357852471988
650.8947341204281 -291.0413116626183
651.7856305008347 -284.071279563122
655.3644347277626 -278.2830531921773
659.8160866777263 -272.8346234650054
664.2231409118065 -267.32680201815623
666.7225180660441 -261.030810257474
669.1622187606433 -254.71145436225066
673.4178403360904 -249.0630689545838
675.7440179635818 -242.68090610189023
678.0097116423218 -236.27702156302803
682.1094670961446 -230.49224476717998
685.2099229119763 -224.3398349445848
687.3016732526401 -217.8472169758457
691.2440602279974 -211.92132785426008
693.2180525238907 -205.3721783859351
695.1299968192868 -198.8046466308531
696.9797219814226 -192.21932043033271
697.8005796492972 -185.3600578363765
700.4918582349808 -178.99764396914134
703.125122260894 -172.6008761437867
705.6999623838251 -166.17028341875033
708.2159740861683 -159.70639952481483
709.695216107727 -152.99902036878112
713.0699185970124 -146.6809162503772
715.4070669623901 -140.12040729412067
720.633203676401 -134.07753637014216
724.8238676441487 -127.77464886814485
728.9595093370962 -121.40442227126668
734.027152757791 -115.12227853152733
737.0621321211748 -108.46388059159501
739.045970388993 -101.62211202190038
741.9581589290685 -94.87934653330541
742.8225803896645 -87.85564332039478
744.6146589598652 -80.93212997372318
747.3232568619554 -74.22229956852448
752.9658333912547 -67.66427229648828
758.5506892191056 -61.006982266129334
762.0814815404419 -54.109292114433785
765.5493482084273 -47.1507736697083
767.9548182909978 -40.07988352828083
771.2939042061271 -33.01080632867996
773.5682357905661 -25.84926644744779
778.7750369479409 -18.72009152577555
782.9158243615789 -11.480939170178853
787.9889604202815 -4.171121643409136
792.9934106090838 3.2327589723181607
792.9283096353315 10.662822274416278
796.7925520223201 18.183207686165577
804.5830577417577 25.905659515312802
807.3024169847102 33.567953924017544
811.9459702255524 41.385280408455024
814.5171032074458 49.17203049042395
817.0133375534283 57.010580244441705
819.4339284503574 64.9002072755912
821.7781380698192 72.84017978081397
828.0261305373797 81.22023853261025
830.2115591120776 89.29595240935315
833.3113064441922 97.53597568217452
835.3370918994146 105.71633221517372
841.2459474218863 114.48255738868274
846.0736970055503 123.22458859886733
848.8346282889328 131.76028922854292
851.509538014134 140.35849340512362
858.0379706892983 149.70584776618097
863.481839555283 159.00664375498408
866.8626933716973 168.04187228297238
873.0893037094957 177.75282767952808
878.2313666674078 187.3864098634081
882.2929642048242 196.91400487183392
886.2526086404293 206.5340496819688
892.0523944547291 216.71761706788965
896.7689903331859 226.78266683500829
902.3418333657502 237.20922359414425
907.7973394362012 247.75994533530707
913.1589677050583 258.3441497302239
917.3705905407052 269.01152319370584
924.3317836580762 280.6541532197224
929.2453705300613 291.8544865998279
934.028698845727 303.1738605694069
943.4207547803436 316.19974612527227
947.9227469808881 327.79790383131984
954.1724899054036 340.18209757087817
959.3326936135672 352.3702356387915
962.4757353505394 363.9800253605113
968.2797937817155 376.76947986008423
974.8550305531296 390.07392812806233
979.4139395477063 402.77702891257593
985.6608141062613 416.3805465381185
991.7363720025687 430.13947557412416
998.5518088617351 444.4584176488918
1005.1833275886808 458.94605122797054
1011.628334617495 473.60016110537117
1019.6874227804738 489.2837211918207
1028.4356342742083 505.60473312164186
1036.964053036614 522.1365268872488
1043.4917908080092 537.959926496662
1052.4642441854041 555.3548547651728
1062.0784547505214 573.4442919366666
1072.3173459228772 592.2503774865124
1079.6805579935892 609.8277565761103
1087.6708158482847 628.0988746622037
1098.8541877552655 648.6104177799768
1109.7436735438123 669.39149907172
1121.1864764373727 690.9630127973195
1131.470846533432 712.2799473836944
1142.2901996837782 734.395737805166
1150.281129223616 755.135301619546
1160.4710535160502 777.7634177250486
1171.1577331526855 801.2181750788378
1183.9606737309855 826.663851307453
1196.3829050986167 852.4253306816934
1208.4195803936127 878.4976481023297
1220.0659130005329 904.8757748631444
1232.9121477586605 932.761296318156
1245.5907887171988 960.6417579216857
1260.4159243315185 990.4346004111146
1277.923778708875 1023.0737098618213
1294.9411024964688 1056.1100989315603
1311.4621456971258 1089.5375351053724
1329.7713080720252 1125.287637996799
1348.2950394278828 1162.1103590684338
1367.0093937183194 1200.019298797262
1389.617650367962 1242.3601674980669
1412.3070219097085 1285.8805838274911
1434.3185068087334 1329.9121854566058
1455.6447224735339 1374.4462310090375
1480.6034236813307 1423.6325023625732
1506.9301852929493 1475.480401988775
1535.267659938838 1530.7440061440464
1560.6181062923997 1584.5021698667138
1595.5449141126749 1649.624632166111
1628.7261342301704 1714.7816711394034
1664.2631615945972 1784.3284812385737
1698.6684845610198 1854.656404717372
1747.979679636257 1943.5953898841003
1792.5023020109165 2029.827455052662
1838.219889502537 2120.0433103682767
1885.6843902604285 2215.056518540364
1935.418967702583 2315.7023598591136
1990.454724975216 2425.9295100690447
2044.271347553017 2538.1165571292768
2021.168703958634 2556.5519885459353
1985.6390016195337 2558.976114630104
1949.6267314225815 2560.171792697221
1935.9057226663986 2590.564616632345
1910.5579133329347 2605.595797471454
1883.3448916465313 2617.9451902415594
1858.3716943033576 2633.283814140069
1831.5677924196657 2645.9182568195397
1805.8111767940334 2659.93815600396
1779.9510512521217 2673.708707983438
1751.256895413798 2683.0421700498164
545.4351350860251 852.4344628261398
514.8356784294567 820.9173065638713
497.78035115511966 810.3182843820605
498.3837372715899 828.6752382104843
487.0170212059548 827.2934310483062
476.21987565908756 826.6381493901931
464.98738718421214 824.9822602696373
454.794064297037 824.9402154581765
447.9646465151642 830.9414392558263
435.93385815220677 827.1557720989026
425.84586611157624 826.7740309877189
414.4552632045635 823.5962814401458
407.1322879438885 828.355177513592
397.1605993461521 827.6396911259181
385.54201714587134 823.1879208389131
377.7830644054996 826.7774526729609
368.76960464653837 827.5536107641824
358.9782253073927 826.3991975765433
346.1231281550451 817.7669473365662
340.7035025059634 826.5331955706129
334.03223588408116 832.4851142154324
324.73354957730817 831.8636437415221
316.89569287734804 834.8809015876369
307.99163212494256 835.0096733218209
301.4738042153417 841.6350428611738
293.5450783343173 844.4331157561855
285.2709355114678 846.2088946308778
277.92096257528107 850.7555104501112
270.2090749721945 854.2851138833398
275.03682479984576 898.8630290561621
295.21326018563633 998.2635578896827
288.5573043574673 1010.6115386744563
279.3054623400228 1014.2447725805769
270.01078073172215 1017.7932885849885
260.92135431885555 1022.225536200507
252.72517954852898 1030.4615391280568
243.48083914855937 1034.7396198887493
234.178343417498 1038.9347926959788
225.23983863847272 1045.0014426258533
215.60336637749643 1048.0530465614281
206.1216775282223 1051.99707891845
196.5848396638215 1055.8552935011262
187.30832452067656 1060.586909010882
178.03623375688892 1066.238293942617
168.8301948256333 1072.7965162672456
158.93210993561 1075.3183642212268
148.8646525663574 1076.7582436258836
139.1671935158742 1081.0793182042266
129.2834855979458 1084.3199621659862
119.67858965207458 1090.4522159081023
109.87042640574279 1095.5042169710805
99.88769474967249 1099.4718952468027
90.16494104658335 1107.33521726985
79.8727770307579 1109.1277381300113
69.55495812699624 1110.8245171042777
59.10606985215524 1110.4280582309834
43.85181253326498 1000.0390085079418
38.90447504148142 1128.32949169192
28.67270433188509 1141.6399940551732
18.132234917046596 1150.857168399673
7.408997990166551 1157.9762980082028
-3.4310773583041594 1159.994925725178
-14.295962059351185 1160.9119800694614
-25.178305635659303 1161.7271852398553
-35.797965635303214 1153.4446261769021
-44.36744589645353 1098.1040614370868
-53.74427542242809 1079.6631663900173
-62.18941424533606 1051.1619650443133
-71.26883243057124 1039.559884529979
-80.05893870183037 1026.883910836048
-87.4865100911924 1001.1848533373163
-95.59682068179977 987.3830299714148
-104.61907796861212 984.4566260252391
-113.36501446101451 979.4612669709068
-121.52962370317152 970.4197805911447
-129.6686031948525 962.3029945633007
-135.95273388548853 942.24246038324
-141.8730863358552 922.1502195269157
-146.6231248859656 897.0967948045933
-153.64557480976174 887.8029270853852
-161.4057706318727 883.3754452138295
-169.47448675305236 880.8447072780704
-177.4362996714268 878.2552929296309
-185.74647832669297 876.5353648251914
-194.68968193378925 877.6656127184885
-202.76770251883678 874.8081268571026
-211.27911186348118 873.8204259973434
-220.27840229792469 874.6893308375686
-229.31303911914782 875.465893162001
-238.6446132847091 877.1144443857892
-248.29955401739758 879.6268137538564
-258.304136402296 882.9943222453154
-268.6844733200531 887.2077850181014
-279.16761275485584 891.3032278572512
-290.06016411135425 896.2304955733733
-302.02162189520214 903.8760644622644
-314.15361254819715 911.3745156207283
-327.4588885855405 921.5501485466336
-341.3284111052848 932.4933864496529
-357.5498167697103 948.8699218164451
-377.7259911803371 974.3449469191246
-393.6022194275981 987.4443239300476
-408.2436425689219 996.6273768575988
-428.9109028729987 1019.4466329321358
-445.6843483305622 1031.8631021861195
-446.9282858144888 1008.3968005398086
-449.42379495167904 988.6426313543388
-443.13708282841003 950.8051986723289
-452.1224791722582 946.5655095275398
