-750.5451843486179 1542.0463437429821
-763.9187583905488 1533.2309449587308
-779.2667915489785 1527.7330485359544
-793.1907045050393 1519.4224252283495
-811.7383914978622 1519.8058375228277
-829.4047716175648 1518.2186024476237
-851.0147212422393 1523.4168648892507
-879.738764345453 1540.4985253183254
-915.4129194169459 1568.3989246886597
-1086.9143564093308 1822.498609555379
-1098.346579465508 1802.7633764242103
-1097.8802064213414 1764.2967585834965
-1056.562568341736 1662.701277794395
-1041.7318698273675 1605.6745347005963
-1035.3081972497885 1563.2536379958924
-967.6973068018374 1431.623526772479
-971.5156489714188 1408.4311640274236
-985.9186907580819 1400.8330861361997
-1408.5360830521945 1961.6959761237167
-1394.4924632538869 1903.9408525288034
-1438.1375029497287 1925.1414292486459
-1450.1861461885392 1903.525450684291
-1337.4161720433303 1721.5452311098206
-1301.450170902555 1642.998311824364
-1304.9641010056537 1615.8581915151174
-1316.981198182552 1599.607615521272
-1331.3795341728767 1586.3384052545705
-1346.9449086157595 1574.4597210326097
-1366.347885824093 1566.9506868130952
-1389.7145104809374 1563.699964621963
-1407.770143682116 1554.2175595962215
-1427.80517003411 1546.7376624443675
-1444.3979522927264 1535.375704970148
-1459.5191897413738 1522.394408416125
-1478.018129367075 1512.840840690868
-1502.8163158149807 1509.4512648377518
-1550.4718560777217 1528.190440851828
-1656.8349498371922 1602.4740088369574
-1682.7680352355171 1597.088519647423
-85.62025514274313 79.738145885715
-74.55798228254001 68.13301166069537
-1727.0562794628406 1549.088960508069
-1733.3980645857273 1525.389179747403
-1747.0159286933324 1508.243794912405
-1760.464576526625 1490.9773555607514
-1773.7429372302474 1473.5915284181754
-1793.0516047737472 1461.1416572729318
-92.17646801618866 73.67155994045835
-87.36108884372855 68.47656647378113
-93.55588822425932 71.9117221221262
-904.7968150848095 681.932345187105
-920.8683302946026 680.4605192518011
-936.9923143092677 678.7447258913783
-953.1655808364832 676.7838469619749
-1890.3416488615333 1315.453325123875
-1901.8941358700417 1296.9204663136236
-1914.0967030752493 1278.8423715518895
-1928.637595376712 1262.2923693421958
-1940.5108712568483 1243.9624425737247
-1954.750780826288 1227.115880778591
-1968.8454335237059 1210.1110109790961
-1983.6499747449927 1193.4646109936357
-1998.3155160968088 1176.6461227262614
-2008.5077086544252 1157.160656208009
-2023.7371777234928 1140.5335749112132
-2034.4525566055524 1121.3080731543548
-2045.8656194414216 1102.45628810741
-2058.8735618553237 1084.4208852162392
-2072.61231885814 1066.6954465626468
-2091.5603837155836 1051.5018598516697
-2103.224495342576 1032.519114685518
-2115.6182957168617 1013.8418154860658
-2126.0350358558717 994.1750481244848
-2138.998419226527 975.6468431489026
-2154.5423839231594 958.1811498243476
-2172.699407374298 941.7012717392787
-2184.287978360972 922.2402222781974
-2194.777677731379 902.263789216909
-2211.5839546068282 884.7713895270477
-2227.3231060041385 866.67859178595
-2239.1759654509474 846.9515899665206
-2250.686862067353 827.5340771940521
-2266.8234123506245 809.4199263788046
-2280.927656996575 790.420788914433
-2294.8743313349114 771.2281137122425
-2313.415288429691 753.3914674721045
-2326.1002570037167 733.4702409554479
-2336.7015607122416 712.7936701212876
-2353.8335700075877 693.9621925619108
-2370.8169512128934 674.871827713678
-2355.8258992702813 646.7869296200811
-2195.5049404353886 580.688433261591
-2259.969258988914 575.1199426424881
-2134.126132307943 521.8377634862579
-2115.559888933686 496.3218273810755
-2099.6318261039155 471.85823592636046
-2036.504231590761 437.6522760284964
-1816.1887988167682 372.524156334196
-1665.5149220616152 325.3752362889538
-1618.34941433527 300.43497319834137
-1659.5053036546442 292.00538889223884
-1855.5148790697335 308.5863469935636
-1855.3630219853765 290.7095744025151
-1868.8902804833467 274.90019919031965
-1882.2832346505318 258.8625591960563
-1906.4497948103033 243.9942209720404
-1917.5913740532092 227.16584724981323
-1889.8136948318743 205.925226298042
-1867.7794320559517 185.81978686013582
-1877.4074927011932 169.01510686745993
-1877.913009472923 151.32325945587098
-2543.570020714176 180.9738923825398
-2464.309050270018 152.12463560279036
-2441.6599411290867 127.75653363137059
-2399.7901076930025 103.01183921670457
-2368.668505694472 79.4324249353836
-2328.3211448396955 56.228520275475184
-2008.7809236741653 29.668176262915466
-1965.9714289109238 10.599089863782018
-2077.9834944402473 -8.282320562352929
-2309.7937649534024 -30.866865444780927
-2319.4057209516554 -52.50811000913877
-2294.825230616801 -73.43814352600722
-2269.05908463436 -93.87156352315412
-2243.113655940719 -113.82937464582932
-2227.9757548784696 -133.9702790685827
-2222.63447259347 -154.53155418602108
-2301.840258679844 -181.69321264348005
-2294.06290656329 -202.6928235789019
-2268.18008595763 -221.81095028252665
-2239.159537021746 -240.14280702232278
-2206.023832187499 -257.4875760513152
-1772.9343309330686 -223.76965432987694
-1739.0539376987915 -236.0432201405659
-1710.0499135298803 -248.42160380379258
-1683.9335052416632 -260.7373197770624
-1668.5926517754451 -274.3712128503799
-1646.2488940251128 -286.5407107569404
-1652.3478789696514 -303.55639816102484
-1642.5628893040298 -317.6730310888825
-1638.5389156870767 -332.8276157097228
-1621.6601719562577 -345.22787646828397
-1625.1919407710038 -361.90628020659994
-1620.7608608840585 -376.8689849621031
-1606.4736142439285 -389.42460982589296
-1613.4255855237623 -407.12882479297036
-1611.4804912872273 -422.71340906183326
-1614.2091380992747 -439.6110308861653
-2434.7666881704276 -687.6126628964939
-1043.2737861198095 -305.20289512918754
-1035.5871743995174 -313.5015218770451
-1024.0196141864033 -320.4884237558822
-1014.3157492734647 -327.9017547617121
-1029.226889163025 -343.390463792754
-2254.295323930125 -775.6343162256119
-2231.8598199035973 -791.3442640847805
-2223.4191114792357 -811.8475563237758
-2217.5984686790766 -833.3174855433039
-2207.8395133256763 -853.307496391448
-2201.61816884946 -874.6647578312226
-2193.338591757702 -895.2244533670533
-2142.517758912834 -897.7453161911387
-2146.9892192973293 -923.0418691592728
-2176.795102631173 -959.7937701198838
-1344.983937071394 -607.9426033927322
-1330.2327803227843 -616.1466953207774
-1328.9976361041986 -630.5602930961097
-1345.5985862166517 -653.7434089700239
-2141.7640472626204 -1065.134153922988
-2154.9985070565403 -1096.6792760803323
-2179.361817305715 -1134.5620605634278
-2241.161819571526 -1193.1951636236404
-2204.565143283069 -1199.9968870881712
-2060.552135309175 -1146.424396841239
-2029.002812148889 -1153.561263345775
-2001.8229974057338 -1162.7251124223317
-1274.577156221986 -756.1594228977614
-1259.8352232464733 -763.2458386833881
-1243.3709330907661 -769.0726381460973
-1212.5328553578938 -765.5847926112646
-1172.6210587897965 -755.6353965257958
-1158.0659846651427 -761.4979810620338
-1147.6555242604163 -769.9420742072413
-1137.188193761894 -778.2589620226425
-1126.665453557941 -786.448317284155
-1118.5327551996088 -796.2496314257058
-1110.3151970617641 -805.9678425183577
-1102.013620125453 -815.602219870688
-1093.628871623283 -825.1520412336048
-1085.954472453392 -835.2262470483521
-1078.187275626929 -845.2290805906888
-1069.546683597596 -854.5354829411029
-1061.6016940116692 -864.3858185275568
-1054.3355757894556 -874.8008308322055
-1045.4402515685438 -883.8640621726286
-1036.467528047181 -892.8376466658234
-1027.4183019675465 -901.7209284374649
-1017.5480191537758 -909.8467061633114
-1008.3546935734572 -918.540588078926
-999.8206578653937 -927.8225326567637
-989.7478106896698 -935.6512551346285
-980.3096879859254 -944.0942302762672
-971.2406755724148 -953.4214965657316
-962.0829217830276 -962.6616496014749
-954.2374650629433 -973.2419330619946
-944.8910322588912 -982.318653572621
-936.144588634067 -992.0329173828627
-927.2987064385342 -1001.6696606353919
-919.698657814147 -1012.7084372191517
-909.9765580260698 -1021.4532117738074
-901.4873544422258 -1031.6106580395324
-892.2361999634812 -1040.9397501655544
-882.8890078168268 -1050.1861739121398
-873.4465137879231 -1059.3489451317369
-863.2807086388923 -1067.6494827854
-853.0360263178288 -1075.8524702782852
-845.7822790660229 -1087.904562182678
-837.7695892147063 -1099.1206100274082
-830.2181076348292 -1111.0836574062473
-821.9233120280328 -1122.1956465540532
-813.4917264240602 -1133.2502861414164
-804.3483356639606 -1143.42807159638
-795.6520564192195 -1154.357745725244
-787.9393494089163 -1166.8828482984286
-780.6112572344828 -1180.1995869677298
-770.3818713048178 -1189.2858245034652
-752.0156509401388 -1185.6173331817815
-670.4873014830727 -1079.7628343992708
-615.4687124007282 -1012.6318502080554
-594.5150429871672 -999.5603351784057
-574.8744314583533 -987.911123560938
-558.47976566709 -981.1938398402388
-542.7530119905022 -975.1282828301299
-526.2378932009628 -967.096003383021
-512.27430340672 -963.2528422325884
-499.35486470555685 -961.0066176124361
-486.07292876655225 -957.7103465663855
-474.6761563832034 -957.8327341249455
-462.0153011259531 -955.1245267113053
-449.4499082824761 -952.2624532894667
-438.6544136678046 -952.8815799299273
-428.9810597740373 -955.0833735099485
-419.0636915701299 -957.2933836643889
-409.53548617337924 -960.3211366853975
-399.98765573324044 -963.2543149454492
-390.4211366203865 -966.0928195986374
-380.4710277783468 -967.9058823156766
-371.94969322408 -973.35370020898
-365.0992624464523 -983.4142202353272
-362.15993428837925 -1004.7209473262895
-353.5652804232688 -1010.956276245029
-348.41695699116326 -1027.5361911295474
-341.7361410996241 -1040.3083244242246
-321.2072143031995 -1010.1613363614638
-294.817870826794 -958.6925591873319
-284.81979084002114 -958.5810799018759
-278.71013987649434 -971.8238821566514
-270.2417233934632 -977.3256422182583
-262.20835887140277 -984.6866387526368
-254.30728668932005 -992.9515617273161
-247.46677557674226 -1006.0100372191374
-240.8595811617156 -1020.9738792753725
-232.66756618959184 -1030.0494180588676
-224.74645234967696 -1041.01586546807
-219.86476111227216 -1067.5951886464475
-217.76708697286452 -1110.856199438682
-211.2042315846382 -1134.5081632851932
-202.30012698197385 -1147.3010322592224
-193.82838156003325 -1163.9718890513716
-185.986384552302 -1186.5117212910975
-175.69613682815242 -1195.1547462582673
-164.44195074485933 -1197.7645197764148
-155.81202344133771 -1221.0993462249974
-144.52699927503943 -1225.507220085036
-131.7725723188675 -1216.886185797369
-119.29374342752192 -1209.1294400431448
-108.21652066751133 -1215.1910074776797
-99.33176752391539 -1250.0596785596176
-89.7227170378016 -1283.8686981336348
-79.96018493418184 -1325.5905736030606
-66.9264857676109 -1318.3022587793732
-53.871610235742054 -1298.8833086965928
-40.88358230681333 -1280.347426559589
-28.29859679806108 -1263.6831839584083
-16.022142461331047 -1245.8969824792694
-4.100621130105299 -1231.9931756736105
7.542011614182209 -1215.9766108198016
18.91044963767777 -1201.8512365906608
30.01034503326416 -1187.6208903480035
40.805953986977734 -1172.290012803663
51.400732135402166 -1158.860632145188
61.689457795567236 -1144.3384162025188
71.70610887939351 -1129.726619120474
81.59563101707757 -1117.023792494558
91.24961386611731 -1104.2361649435707
100.57549991446265 -1090.3712986028916
110.05084480840202 -1080.4095573239608
119.01308600953004 -1067.385537356811
128.0980295127365 -1057.268128165677
136.61182367440455 -1044.1006702575924
145.30394652918915 -1033.8388477528993
153.5157656832189 -1021.529201582948
161.66432406433526 -1010.1453590077131
170.11228004907323 -1001.6575323814551
177.88277293442218 -990.14833186405
185.8218870692749 -980.5479214633081
193.39874861055418 -969.9061418693417
200.99469079107703 -960.1885930762764
208.63732704819847 -951.3918571031513
216.130679844907 -942.5372826736236
222.54320372762817 -929.7368027967073
229.94181904015926 -921.7520056156659
236.7060200097922 -911.7753342195235
242.25914742704506 -897.8922571711604
250.26626555587734 -893.6166942961144
256.54084813782873 -883.5082304295323
262.35769737887915 -872.404400852066
269.7690466248738 -866.9998047768561
276.1827218065102 -858.6775321245734
282.1471869562 -849.363270275271
287.95939790368715 -840.013919622137
294.07039139224895 -832.5933010218191
300.72234039812525 -825.9582761771167
306.92257980081376 -818.3364405966614
313.0038905933257 -810.6722916650361
318.96603770478805 -802.9674132808303
324.80880554234335 -795.2233898988109
332.08015722071883 -791.1300583218051
338.5109538078056 -785.133959367527
342.833254828792 -774.515564326177
348.22315337910305 -766.6189636649445
353.9151038983093 -759.5973270310059
359.9351860102234 -753.4398860372245
365.4297638467577 -746.3391237868366
369.92419724762436 -737.41513972165
374.28068411472 -728.4744123842767
380.8271187507498 -723.943855298187
386.8469355286981 -718.4743895728332
392.7967460733831 -712.9563214350246
398.1851940099826 -706.5193212299523
401.98803461642217 -697.4457828571524
406.6685229973514 -690.088191757512
411.24463739945077 -682.7055355057511
416.76479790238176 -677.0022918937475
421.14843151312556 -669.5632894910191
427.0492110011455 -664.626941511777
432.89398947586085 -659.6391391326574
438.6823241236534 -654.6005029798479
442.7196984104631 -647.035755302092
447.7974007170387 -641.0939774409551
450.479702798897 -631.8576084579637
455.37915375634475 -625.8640637743594
459.60887080960987 -619.0320556103014
464.95698654849735 -613.7711305199524
470.2464243971205 -608.4647075564228
476.09591541876773 -603.8987326709384
481.27441529997805 -598.4972323893104
485.1247616164637 -591.505676783046
490.16833206330574 -586.0298680462258
493.8535501741849 -578.9902166534024
496.7924685152147 -571.1796943401957
500.7405860913539 -565.0520909092253
504.0375152575969 -558.0772197581153
507.9248272877267 -551.8263946430372
512.4233268196905 -546.2813690132957
516.8624720629562 -540.7006426600303
521.2419903858332 -535.0848413650073
525.5616156755744 -529.4345928709985
529.821088351062 -523.7505268145284
535.4556934268825 -519.42583722485
539.6071801438013 -513.6624291665248
543.6976459139046 -507.86698044633533
548.4640390922474 -502.7158221327609
551.6945832372089 -496.18251362449524
556.3504039896978 -490.9564420399227
560.2007150211107 -485.03212150313954
566.275272625768 -481.0211176368582
570.0192110829639 -475.01799860253226
573.7003525210549 -468.9871059178677
577.3185066414798 -462.9290894826676
582.4455425590772 -458.08098623830926
586.7405930619876 -452.5665436742612
591.7809846229353 -447.61508714375253
596.780100960761 -442.60875623654795
599.3109945257834 -435.78358372076906
604.2092670892471 -430.6914923277158
608.2449911061028 -424.97297654596457
611.4014910232015 -418.6516651998485
616.9841180948468 -413.98019036993065
621.697254833304 -408.6912322679969
627.2061958324914 -403.8915546397752
630.1422710831174 -397.4238520700676
635.564681778346 -392.5131020437277
639.2388836253344 -386.50051702609164
642.8562068018094 -380.4535416793872
646.4163294429114 -374.3727140558635
650.7889735080508 -368.7515585869942
653.363711135908 -362.11166919986687
657.629535890042 -356.40902559425746
660.9621953808836 -350.1899145853328
665.1240593889529 -344.3994564774466
669.1809573758425 -338.6692284302648
672.3341479660321 -332.3654516925453
676.3285283611439 -326.4670300732515
683.8898103915988 -322.2277567847673
690.5221651495046 -317.45730332950325
696.2124697089192 -312.18135277720734
700.0318111359 -306.02526594677045
705.6368459579764 -300.60878501214665
710.2780196897893 -294.73061385874263
713.9436691938765 -288.41712365597266
717.5533031397946 -282.06073309337125
721.1064386348005 -275.66193817688105
727.4147676623539 -270.26608330814224
730.8631701932053 -263.75751449984847
738.9722550932165 -258.86097852408375
743.2660140143944 -252.54827738702593
748.4560384425507 -246.49048362742732
753.5975970127167 -240.35736264291754
756.7786742651338 -233.55949601227195
758.9401974992705 -226.43713613223477
761.034690849051 -219.29477723896974
766.9158176579726 -213.20442918945938
772.749347359815 -207.022815542104
780.470735062175 -201.24967505938565
786.210090153507 -194.86840210976803
790.925246321553 -188.16549824872428
794.6086182502689 -181.16882679533595
797.2531403906961 -173.90638325597166
801.789225804593 -167.018075020853
808.2277135481011 -160.44925382440627
815.5957631836591 -153.9595761129029
820.9440071692991 -146.99298314141996
825.2470377668278 -139.77241021416117
829.4865983749122 -132.48389757407162
833.6617916684642 -125.12800290952623
840.74254694253 -118.12268944020728
846.7732001596618 -110.86544768937428
851.7485522354995 -103.38473661392482
855.6639341738285 -95.70909964139322
860.5048147761871 -88.07078827284273
868.2543434911306 -80.73657788627047
874.9534195438983 -73.07881791900462
879.5901783008381 -65.1545718787229
884.1549165714055 -57.14965881447612
891.6419657171152 -49.230122609218895
900.0565826353536 -41.22072360802051
905.4006830174216 -32.948493009340964
911.6679881225341 -24.6064916762036
918.8577798407683 -16.16726402623598
925.9688512836736 -7.595159800427489
931.9993415098523 1.1078922338136667
940.9473377990287 9.955274427193876
951.8101657817839 19.010742080550163
955.5879461100471 28.065588345546303
963.276245456102 37.34802457956307
970.8737732291119 46.77730706087094
977.3801043770242 56.29504034954818
984.7904427612324 66.00593796118596
993.1009745956707 75.93717309150404
1000.3147089197082 85.94465148500878
1011.4092908627138 96.47407090292423
1017.4205468616082 106.6978482624011
1026.3089333109062 117.38387200220367
1036.0778801009428 128.36910206718855
1043.7476265745597 139.2834951455971
1051.3029673087617 150.35315403340525
1059.7302178799644 161.7277505936539
1072.9711468301823 174.07446128000308
1081.144602755503 185.83688528557957
1090.174809016231 197.94667409791094
1100.0541559562387 210.43016410060412
1114.6960626792977 224.10195859757997
1124.2842873450395 237.03552735625274
1132.750358488742 249.9532463154392
1143.9953436269018 263.7245793625746
1155.0803742282199 277.728876915591
1166.972120828098 292.2072367515412
1179.6602507883317 307.18511147191094
1188.3073461389547 321.3824063513659
1202.5677519397852 337.3896886309523
1213.7919831023878 352.7109606411074
1226.6463316720362 369.18799681942124
1238.3403983957792 385.64498920766835
1251.7343817803612 402.9715095002833
1264.9087899348478 420.58857942835203
1276.913437500655 438.1690006495906
1292.4670536530896 457.3509759706452
1306.829436476095 476.52683445905944
1319.0693546671391 495.31508918870736
1335.7319166351797 516.1823775392853
1352.1142344808254 537.4124085972813
1370.062341773184 559.7581438933954
1387.704822580788 582.4949144722409
1405.9541767921803 606.0147298214977
1423.87865599795 629.9353720767482
1443.2934676598593 655.0793587118883
1462.3555299062446 680.6506476546003
1486.4736660036156 709.2284824214071
1505.6845929297672 736.1317182501523
1529.8796847666545 766.1521716593135
1550.9663281633564 795.3316596888849
1576.945091061969 827.7712122172153
1603.3235340193958 861.2512091483851
1630.079526370946 895.7905657609218
1658.0622804571342 931.8977809423562
1686.3676776942916 969.1176686181931
1714.9721556913091 1007.4678680749597
1745.5664688749478 1047.995087173335
1781.5061380069512 1092.85675193209
1816.7438623472312 1138.498018717496
1853.7948062310702 1186.5267870514804
1895.9490619795893 1239.1941552390872
1937.2614448615668 1292.7718647359534
1979.371360830822 1348.3745829415284
2028.8013018714787 1410.6049331845516
2078.8484468598713 1475.055976899962
2131.893613239625 1543.519880606691
2187.836186407454 1616.0980234645695
2251.3653656687657 1696.5008076234874
2308.001001242242 1773.9933422267422
2382.7652342858264 1866.8580123509153
2457.218315353841 1961.32968944276
2535.580566803813 2061.7117134184537
2519.9026022005173 2087.121193276294
2486.3923773160695 2097.5847887569507
2456.69265876096 2110.8723742543048
2442.007812224236 2136.9658034315385
2417.34631250314 2154.316783907945
2393.311686077745 2172.0688693694083
2370.62287380221 2190.9201697473486
2347.7891054886204 2209.538937459339
0 0
730.7312562667456 713.0728091259851
688.7816875097142 684.4127314356962
687.4814272941087 695.5956347804773
679.0699656442664 699.6348917541883
663.052295736288 695.6167429834034
656.0477061377509 700.8576226819505
648.3258672120661 705.2925420729489
641.2476548778302 710.3875316428936
630.1504781179469 710.9222003339908
615.8139154965083 707.5430880736941
607.4377328896655 710.8054590827672
600.3386119002139 715.506499664206
587.481976443815 713.1906669002818
577.2320926214237 713.811677718915
570.7497681430443 719.0053561446265
563.6060961795054 723.3513450248767
550.3559865545745 719.6834637974816
536.018453131216 714.2361079522782
535.4638071894344 727.1090091521327
530.0342222463547 733.5453109711096
521.6403307467403 735.863686655641
509.8225621318686 733.1643438829366
506.5486380405746 742.7041653977975
501.4756618010206 749.7507323245695
493.02600741539766 751.7488649888553
486.20386753952744 756.17907878333
479.3419215689517 760.5473832882373
469.2876229704021 759.7487261764838
475.68089827609845 786.3133491269521
526.842879124319 889.7148873184028
524.9512579014171 905.8891636550908
517.3756633690692 912.5368063554564
509.72130334196703 919.1219684673881
501.9886840668502 925.6437549450826
495.1151526145757 933.8682913834506
486.29074214164405 938.4936409519934
479.68151379884625 947.4965146741423
472.50232445419056 955.5613812756284
463.4744447228831 959.9726241350922
455.6842011461418 967.0123622921285
447.3845864425981 973.081718980264
439.0109670628004 979.0803699383339
430.56394004709483 985.0074586170003
422.4359821277462 991.7821540054885
414.2184607508805 998.490894687163
404.78852701960494 1002.3508609231093
395.32262909390704 1006.1217714204784
386.89234325652285 1012.6057054596705
378.3748534909571 1019.0198576307023
369.7707286376781 1025.363159199101
361.08054994486645 1031.6345459761963
351.9834649463369 1036.8860305763458
343.13191156351826 1043.0074262759426
335.4103048857397 1052.8651040738575
322.5259118712198 1046.4234497428076
290.66294002509056 975.6223938061132
290.024849059541 1008.1104041363676
303.50674837658426 1093.667524291488
293.95955836404255 1099.3779050201151
284.5808109074672 1105.9736715054516
275.5838633508296 1114.4314847762653
265.99083969924703 1120.8714793392191
257.6310961519676 1133.0799699471947
246.7270021353302 1134.4808444470593
232.56672661982103 1120.1110291704754
211.7136050553927 1070.2608791479063
196.2569972969558 1043.7083840862747
183.4265642713408 1028.7758237437404
171.3840590921851 1015.6414250556574
157.91763382214165 992.5155016059024
146.37924263281198 979.1185409980981
135.7992347538776 970.5455001391027
126.4273043681566 969.7938629988341
116.48165878240617 963.9880824819875
106.65618065347624 958.0816557728328
95.93879606526673 942.1277765831697
85.1624986198929 922.075565682562
74.19281103070628 894.9298446198796
64.91252177449967 883.618902308498
56.36234560709274 880.1972994719233
48.10026508929926 880.6874385946123
39.83394897201245 881.1000263927444
31.528338178163704 880.4356670942649
23.29152189951092 881.6924095213731
15.033893559666865 882.872007736363
6.748533748288611 882.9742110006657
-1.5461259879059466 887.9986539935911
-9.912237781645999 890.9448622345606
-18.354283645726184 894.8117792429043
-26.869767918081735 898.5983616566572
-35.45792299355743 902.3035718077275
-44.166609901056425 906.9251956858669
-53.08115895242841 913.4590251151209
-62.05480816337331 918.907068633062
-71.28881703652982 926.26071090462
-80.7523364425713 934.5175547623842
-90.7587667037593 946.6593084454473
-100.8952983986088 957.6999210405395
-111.5892154880339 971.6130129772681
-123.78715093517236 995.3319754048661
-136.4397891679892 1018.905385171653
-147.69921199557885 1029.4585677801147
-159.16855732408953 1039.8891144537326
-171.32821531191135 1053.155089546661
-188.16609779678137 1091.9054536176345
-194.822739474203 1070.4149196380658
-202.0343864203957 1053.8079078768267
-203.22435253393235 1008.7323046959308
-212.77508874347336 1007.7830925403576
-220.7821571976993 998.8915051511502
-226.8399431618988 982.1444090286858
-232.8353590990345 966.3455363136023
-239.28288864724283 953.4320632329454
-245.25472674828993 939.5164282797941
-252.8171205536454 932.330147294918
-261.8906444796404 930.8610478122063
-266.20038595961944 912.9832169952248
-272.7967261969622 903.7244857677697
-284.9043038839456 912.5598816671727
-297.5100258501728 922.1978011894354
-309.691060319135 929.7803219892373
-323.34160594788966 940.9969212824449
-341.5720749509296 964.2911995936272
-364.0417194125422 997.6560662508698
-611.5270762058085 1627.929861839009
-622.924376322624 1611.815504759484
-632.9641327258632 1592.8441250425592
-646.8599802069186 1584.0117316505914
-660.2587073372702 1574.1370459351108
-674.7151668931818 1566.906328905562
-690.7106006551991 1563.2017995583726
-705.8706058070942 1557.5129816016063
-723.9344198125073 1558.0253386292304
