-960.6646190636816 2026.8627209752592
-982.9094882210952 2025.065415724871
-1004.207425557585 2020.1741129058673
-1025.9539676069678 2015.9519975315686
-1048.1719947115473 2012.3857655783634
-59.728715387969395 112.07801103741514
-1094.591363554254 2008.0435121860378
-1118.8537020421606 2007.2295318240392
-1138.2466843025818 1997.4472422755448
-1159.5677782204916 1990.934094266506
-1180.8671129958914 1984.1960239464115
-1207.3374220969592 1985.777517549302
-1228.1390599074887 1977.6901803694
-65.87227085305096 103.8741735594671
-66.30638627570973 102.40831577101721
-63.41037787542365 95.93812577748214
-1222.509735715917 1812.199201544852
-1168.114196942222 1696.7938068315866
-1154.1900621595573 1643.1400732780262
-1159.7470437522056 1618.3534207669288
-1132.4820034334778 1549.2080273156657
-1072.9363863196863 1439.0387454517172
-953.9170086707863 1254.5191670789966
-945.4956149783926 1219.3797776150918
-942.0793877788901 1191.5735089041514
-1041.1459792797523 1291.6253519614754
-1097.734909052046 1335.821496102116
-1136.6243965110548 1356.8290169567722
-1138.991976485445 1333.871537106096
-1163.349955500867 1336.6379019899632
-1188.5242146613934 1339.810132505169
-1197.0948726405159 1324.0803849833992
-1193.2777827334564 1295.0710919616442
-1195.1818667926132 1272.8143247505207
-1218.2056799430854 1273.0353181881503
-1225.2813646366108 1256.4674995694256
-1654.3842525145237 1664.7587648160802
-1638.7169037186286 1618.1520044380352
-1636.6830249248019 1585.9097313286782
-1635.6373824742743 1555.2296785532048
-1632.6974478066124 1523.3476438179744
-1625.3652518825334 1488.5576233296542
-1464.5780556942545 1316.044117337575
-1390.7007790930338 1226.0780330101459
-1402.9944501737418 1213.5203223603962
-1661.4580569143322 1409.8220189493609
-1688.5559522327933 1405.55604519322
-1693.2574442312937 1382.5611116892112
-1682.8454687781027 1347.7266518893982
-1679.7922257631892 1319.391556083921
-1680.3160176253266 1294.287093697439
-1684.5060437048555 1272.305147644155
-1698.878473009232 1258.0969493428636
-1769.7784814366803 1284.8552940481968
-1776.151691909927 1263.9957149158
-1769.9861653421715 1234.5497051546022
-1763.4240714233893 1205.334619234243
-1756.4692382907392 1176.3553098185726
-1445.6204954105492 948.4842556674085
-1412.4664127159106 907.7332388700148
-1389.6767333476937 874.6213905411204
-1372.3490912862546 845.6961461694094
-1358.8821062097861 819.7611978026624
-1358.8268579248443 802.2926960792397
-1361.1610394661582 786.3997867747729
-1363.3165941254024 770.5347910265394
-1367.0446387724257 755.6672254395901
-1374.1326132451495 742.7001825878709
-1375.7924805749042 726.8638458429142
-1382.6075628941117 713.8153311802747
-1386.620295059106 699.3519552630121
-1394.0716965859624 686.6440888684151
-1405.011583861069 675.5911849752113
-1408.6244254656217 660.9941209887177
-1409.3592792290674 645.1406219196896
-1428.1839542706018 637.4845823735566
-1436.9020290825042 625.1412310978876
-1455.6419425169263 616.9826052536243
-2339.5563379930177 965.6278482711131
-2361.57816708628 948.6693632353728
-940.7277199018997 367.6021722027402
-932.8786854646359 354.6002794778553
-923.9753492423114 341.3129853851867
-915.84700094132 328.5624306989308
-913.2279596089828 317.9680703913742
-938.9144213890316 317.0500107360035
-2163.124473225197 707.8619309824572
-2175.4010080814337 689.3144812335531
-2155.012630366277 660.633455829948
-2135.238468738964 632.6813428711832
-2169.9326845327273 620.8390649730335
-2218.085880245932 612.1241931615102
-2224.706966329185 591.5090142731508
-2218.542051536515 567.6012381629828
-1348.8331992339993 331.61725022105554
-1349.9435372306402 318.4673394387983
-1346.0490272182274 304.2236288075986
-1364.4874392488082 294.94071969165327
-2326.0011192985694 479.94144749313114
-2415.7753444206523 474.8404840462522
-2360.168482551801 440.914656106065
-2252.93945388309 399.0085426866994
-2227.987880788903 373.02949354946713
-2211.639543568804 348.9577758451197
-2209.8753028868546 327.4250230063868
-2203.939972090744 305.40726812020915
-2223.573076130783 286.85671528881215
-2291.704718517538 273.7763377731022
-1394.5968375744233 153.32534241741448
-1384.0362465550436 139.0131944163093
-1374.3267652760703 125.00376892643187
-1349.52673105278 109.9709151275812
-1315.5910757593392 94.76877852111656
-1303.4489888506378 81.5888072240923
-1302.1610031911966 69.229486261972
-1301.7550590210255 56.94529228273503
-1301.2333219261134 44.6748464925382
-1300.5960144908386 32.41923951215402
-1301.843128593854 20.210604468104822
-1301.9755739401926 7.975265707541457
-1300.993033667607 -4.257504944990426
-1302.8974775029524 -16.345125158402446
-1299.688051896322 -28.477495640312895
-1300.3639649130635 -40.67626771936065
-1299.926122187062 -52.84956816954827
-1299.374322141483 -65.01823559096091
-1296.7121356505018 -77.06255417980124
-1296.9314140211204 -89.26873654968566
-1297.0357117435176 -101.4857746779667
-1295.0324871470893 -113.53791099726745
-1295.9033220236367 -125.85142020693556
-1295.6625633777 -138.08519783643564
-1294.312903723129 -150.21021022487764
-1294.8341990571778 -162.57120578982355
-1293.2553174450832 -174.68738906978146
-1293.542470299469 -187.07452400460002
-1293.7108649441536 -199.48232484470947
-1295.7338394915437 -212.23293146093624
-1295.6605306379406 -224.6971057824519
-1295.4672390132218 -237.17848267382882
-1295.1536363494931 -249.67590642808347
-1293.7392999868305 -261.989739626547
-1292.2078320558007 -274.2989587542166
-1289.5829778946254 -286.38565453672817
-1287.8192177828168 -298.6731697177598
-1289.8262776778377 -311.8928877222649
-1292.6680030656291 -325.42039556597996
-1295.3689788607749 -339.0283300923291
-1293.1029383997281 -351.40402772590517
-1292.6436372597939 -364.3095209458169
-1291.095855775573 -376.95688241381225
-1291.3389076038454 -390.1856298077969
-1294.3106090707631 -404.34644458294696
-1297.1297588001428 -418.5969288409597
-1296.9486736319259 -431.98742801658955
-1296.630222087485 -445.41112151512243
-1298.059111420943 -459.5340501606731
-1300.2762181587248 -474.06513950178226
-1297.653149435425 -486.92125006033837
-1299.5678022440848 -501.57006227493247
-1288.3081186999625 -511.13422042724113
-1244.61919064112 -507.2071275996064
-1119.912751012882 -468.60583662472544
-1075.9852969162082 -462.0569670723937
-1051.4986475564729 -463.19714397533653
-1033.4653907062632 -466.80326285529634
-1016.3649206629564 -470.5341093329816
-999.2857929737686 -473.98724029322403
-985.8296125256431 -478.91123923702224
-973.2646077579532 -484.0712791374403
-958.0162267307885 -487.678079598112
-948.1075598672436 -493.81479820129033
-940.815888678827 -501.21997526980994
-931.7124830111708 -507.5754613859488
-919.0781264356517 -511.8587671492325
-911.6600042867333 -518.9191040845515
-905.054768386655 -526.3885126221678
-895.8105363784595 -532.2475767096895
-887.3909909306501 -538.4990521951909
-879.7830646363151 -545.16672603813
-875.5085015490394 -553.8780224159068
-871.9879727947979 -563.0994364241708
-864.1965966929307 -569.5517906778593
-861.3397564011608 -579.2562680220119
-858.3768733060317 -588.9568264086603
-870.873719696659 -609.5473438066193
-878.176453582625 -626.9346986513377
-883.6127297305868 -643.333151530419
-887.2128081755385 -658.6944914065056
-881.831975324101 -667.5390380314802
-866.0717479567154 -668.3978810493041
-800.8595524294628 -630.0674386781786
-797.292372080682 -639.3816336288988
-796.7179919694436 -651.2153570610704
-792.1501496000737 -659.8932796207132
-792.8259499079846 -673.0728141534925
-794.0805542230164 -686.9760355389897
-795.1442023141371 -700.9605534737419
-796.7594327121479 -715.6922567585989
-798.1684100224901 -730.5143319895717
-808.8771939908027 -754.2901862291232
-851.1486193281536 -808.5926216679063
-851.2944471264619 -824.3317076830489
-855.4869665985161 -844.3613266724557
-865.013447471483 -870.2187861069766
-862.9517631390625 -884.8786665386298
-861.3797806809126 -900.300435096031
-864.3821113877235 -920.8759772699586
-851.4889362754357 -924.6705312707479
-842.6245171976011 -932.7555537317962
-831.6936357066995 -938.5103602651235
-845.0040293397738 -972.0659393269299
-870.7241234568853 -1021.1775070134667
-877.6175714848637 -1049.3862007006812
-856.146313814054 -1043.7976285385053
-836.7430518619917 -1040.23365892509
-818.1059845873449 -1037.1806004656908
-798.9924307600494 -1033.0765197158184
-780.6367958553238 -1029.4999722956447
-763.6161451570769 -1027.2732756455052
-746.1208823026051 -1024.0081195928
-729.9205069648614 -1022.1311332271216
-712.1044582412749 -1017.5810732088626
-696.7045228542909 -1016.084055496579
-679.7257258161244 -1011.8962089383193
-664.539985735425 -1009.9839639116857
-649.4531740532077 -1007.8747812661124
-633.9340449077463 -1004.7246521843203
-618.5347505444154 -1001.3709414442571
-603.7751289659446 -998.6714142510323
-590.1422248760073 -997.5034608553476
-574.0822703711293 -991.8394763496408
-560.15543703069 -989.4417043792711
-546.8114118173501 -987.7440356217376
-532.1232980076239 -983.2440163649558
-519.9090995011677 -982.9743273635812
-506.371525085275 -979.8963611437756
-492.94044786734037 -976.6502520638317
-480.9439695686091 -975.9287361972639
-466.83910146972283 -970.5618235532149
-455.00514001060424 -969.5418106321823
-443.081051943886 -967.3547340083159
-430.5524832834258 -964.2409238040436
-418.92217093872324 -962.8105809015536
-407.35876068181244 -961.2465032944348
-396.2451133021848 -960.4742631555199
-383.3210331778192 -954.9376867227983
-371.99386337111457 -952.9688167061043
-361.0942654165433 -951.8061417553929
-349.21377671616176 -947.7076227147458
-337.4448858816409 -943.4696333175362
-326.77243422517597 -941.9282224408361
-315.2043014832261 -937.4258628427485
-303.75233119106963 -932.7891086928443
-293.62015861126434 -931.8348579319706
-283.825494006772 -931.7290855993559
-273.4952694366179 -929.6027848472658
-262.4125696782087 -924.478579132518
-252.50843574379851 -923.0863935072491
-242.90961158921178 -922.5567302868578
-233.5894214205466 -922.8976011456602
-223.5766857415442 -920.2295722225117
-213.63640606104664 -917.4548958969698
-203.98717241088184 -915.550781492656
-194.18580881811766 -912.5682832827654
-184.85773902300818 -911.4426017711161
-175.56898619155464 -910.2222426900311
-166.50050597492023 -909.8915218365844
-157.11324301131899 -907.5000985512157
-147.46464565880166 -903.0388575696641
-137.9157784669481 -898.4766207586348
-129.03675602461323 -897.774200784721
-120.183789134547 -896.9843124766803
-111.48105670257742 -897.0997569927642
-102.55945270090082 -895.1438759560899
-93.58113003705965 -892.1051351163644
-84.67030853579726 -888.9769056912857
-75.91317085016806 -886.7565564975954
-67.20623969233505 -884.4502933158067
-58.550354755406346 -882.058873294757
-50.00303863089914 -880.5814534315816
-41.788767367318 -880.0083516205515
-33.3065744235214 -879.3694741689471
-24.84048937771021 -878.6489344940196
-16.372628618065388 -876.8471571671627
-7.959780827824264 -876.9638771860407
0.45224723423375496 -873.9998829933784
8.80667226145474 -870.9554767746049
17.16183907007498 -870.830908546391
25.515426325377486 -870.6261901754588
33.71113513882703 -866.3443653465126
41.923984772490854 -863.9834370523523
50.15269369563138 -862.5431625809065
58.22238820046517 -859.0291924680059
66.46086529006693 -858.4310999637045
74.6064736945842 -856.7577686154117
82.82240573615583 -856.0025987741367
90.92486524286511 -854.174261424779
99.34603020991486 -855.2493006612344
107.42144350548502 -853.2646913327645
115.46793300082086 -851.203945273116
123.91654694784732 -852.0362019260226
131.93150436674637 -849.8200269207164
140.0782406391157 -848.5152246715729
148.3844239255423 -848.1173637747814
156.69585015639268 -847.6381365557861
164.62930757877837 -845.1143065207996
172.72939446281498 -843.496032171171
181.02358772042282 -842.7778240371696
189.1005049427658 -841.0023775414614
197.16001760090404 -839.1495262821825
205.2013839077886 -837.2194407933491
213.22386374653627 -835.2122987175168
220.9700752133341 -832.1617786585812
228.94330835288693 -830.0035912936974
237.17060976701987 -828.730415673722
245.11017834850566 -826.4169652602516
253.32072232846852 -824.9834008263337
261.22360044412534 -822.5151856172675
269.41425793759254 -820.9214076998701
277.27742642497566 -818.29898496524
285.51209879757323 -817.5810916601513
294.0656312279675 -816.6697034483997
302.62809717577574 -815.66919446536
310.8416923779154 -813.6451574732276
319.4102482658509 -812.4691337538599
327.98498399059156 -811.2033347297652
336.5649631704046 -809.8475322961133
345.5419068610955 -809.3211912478247
353.7368873677181 -806.865053472635
361.91660463747183 -804.3260354406564
369.6611045202662 -800.7962710982468
377.37118335158505 -797.1919404859939
385.9192436670161 -795.312729287969
394.4660947345243 -793.3426120566658
403.9184584273346 -793.0636033394078
411.55232588626563 -789.1290661593989
421.0316822449147 -788.6496830317103
430.53993332948346 -788.060508976718
439.58795083503475 -786.4880377225423
448.1492853463285 -783.9459280100733
456.7023995224163 -781.3116652594323
465.759261262952 -779.443590356473
475.3436637816082 -778.3266674749603
486.0085280146169 -778.7937536325426
497.2639551210041 -779.970229519958
505.3128262319705 -775.9735482897973
513.3308173330298 -771.8940808013775
523.0023717350209 -770.2139437581891
533.2588117450687 -769.240560355626
542.967275852577 -767.3242713176949
553.8591463750325 -766.9133236401102
564.2000471042163 -765.5581668610166
572.7630594452573 -761.6767540990788
581.9122828514255 -758.4946242832856
592.2859021318549 -756.7816132384921
603.9281453200681 -756.501682278541
614.3569205507898 -754.5161192256601
624.1644590708381 -751.6300473190305
632.680763126252 -747.0984218762502
643.7819530532134 -745.4996961253506
655.2905259103983 -744.7538698469942
665.6816774055476 -742.210822048922
675.4086876629909 -738.7990962564561
685.812488685461 -736.0008358439918
697.6011389167654 -734.5213754425611
709.4232368205666 -732.8838046095918
719.8722083136511 -729.663623663416
732.4509304018734 -728.4261352762062
745.7864314253028 -727.7132668173035
756.2846915746629 -724.0458999882653
767.5091986328406 -720.9290048361037
781.6838496986624 -720.3744575706992
793.6913959100875 -717.6029320301699
803.4721166342594 -712.6770361048987
817.0025994066098 -710.9119161772736
831.3321560377852 -709.602597470984
844.1765363313317 -706.8005203079833
859.3606694948778 -705.7217863473646
869.9270209534609 -700.6539646751718
885.1827696038152 -699.167694045226
900.4881422341396 -697.4540169041311
915.0438047904523 -694.9070695529098
931.2359384994328 -693.3401956089671
943.4414486961914 -688.5798667417106
958.8933692995184 -685.9770450338825
972.7426837935251 -681.9938937601787
989.8992098240686 -680.0739330320527
1002.958337242935 -675.0967143712722
1018.5162716061682 -671.5836541142662
1033.2572161916482 -667.2926833016269
1049.698235297487 -663.8505967560334
1066.1663144187933 -660.1555801465644
1083.5133045701455 -656.7251470893159
1100.8904643325122 -653.0238782324471
1120.8888557587368 -650.5568176845661
1138.3297801570116 -646.2865553357041
1155.7898330783032 -641.7428314775538
1177.659637657344 -639.3103924016665
1194.2861863392884 -633.7069552396902
1215.3505312081566 -630.1460832950182
1236.3048712327895 -626.5351270009334
1256.50367382274 -621.9344962855471
1277.6248789682356 -617.4428464573878
1299.676325309942 -613.0338077372613
1322.6653546311293 -608.680835626118
1351.1604580060784 -606.4044992583779
1376.063799203678 -602.040215036454
1401.0034334110385 -597.2590556621823
1425.9737023909393 -592.0599632549704
1451.8960680187424 -586.8166729667072
1477.8446949677407 -581.1360060740558
1503.8136289003608 -575.017016733877
1532.6090267793863 -569.503793696181
1561.4322554964233 -563.4973926251589
1591.2203471616642 -557.3273784578619
1621.9757685244956 -550.9660663955374
1652.7506082309594 -544.0729978524888
1685.4430924708377 -537.2546714941985
1719.1072563294235 -530.1615237222726
1756.6184607112696 -523.6225582309926
1794.1565001528297 -516.4217781613675
1831.7122145461549 -508.558121636476
1871.2084950441106 -500.547468353157
1907.8083727550427 -491.08778527444156
1951.1887380902845 -482.66189858910866
1999.4413939655717 -474.6146985682292
2044.7867901111633 -465.03331384631537
2088.171514999438 -454.2122014487841
2139.3635824306357 -444.2391947696163
2194.473212577124 -434.1155598241522
2250.560585810117 -423.1749633402514
2307.6167939200886 -411.3887849929442
2367.604569928873 -399.06089817459804
2433.4859227464085 -386.5776297136987
2505.2713506119494 -373.77059783104795
2574.054550939221 -359.22718269792256
2647.7389133192155 -344.06198118243134
2727.317074777535 -328.25382499966724
2814.777264145794 -311.8540576101574
2903.1582529121342 -293.9322346190768
2996.3770270721575 -275.32837055817737
3094.520267335866 -254.89079043300052
3205.5018641446195 -233.56754690103912
3318.3430485813797 -210.29601026086146
3333.16275104318 -179.6387348493127
1047.96640502917 -46.555493018951985
1033.3686002357085 -36.12943463289455
1033.6637950476704 -26.365864439604874
1028.8673872164013 -16.51967077443283
1021.97768748579 -6.753242272919328
1017.9958976271342 2.8900543810000174
1005.9240773045183 12.359235374954736
988.7664516540772 21.491953922465708
1006.5105539718112 31.39274985339611
970.198788198827 39.43743624435459
988.7591268881425 49.55188185526452
965.2876321520964 57.52205850105642
964.7011641087809 66.63830705504867
954.0593314504769 74.96527244177206
962.2738675112986 84.7644023446623
938.5389879488797 91.6164182878407
936.6373259871951 100.37190626642862
934.6540890513401 109.09965086841294
931.5975148772679 117.67357509015565
927.4716492284474 126.06482410832862
928.218507267168 135.10885524905677
923.9362501495821 143.4113163579809
917.6068839660218 151.31955094490593
917.121556536328 160.15320957253059
916.5511325317565 168.9911875061966
922.7671575044631 179.1668859782227
1019.015721387116 207.86283834754033
1053.1885931240627 225.21720030529963
1049.0622876687544 234.71965531501542
1048.7456743920973 245.0744997829542
1049.2984422506645 255.6810104218322
1047.805563509849 265.82795390591986
1044.2806765141863 275.45937751159096
1042.59636183185 285.57630555595864
1042.7378823574504 296.23252471107907
1041.865133445964 306.45235145063543
1039.838253644961 316.7102875761973
1035.8028092353984 326.35646213926384
1033.57977691042 336.5736840007056
1032.2038055835126 347.0969659027776
1029.7761463714467 357.29691905245
1026.3061384733167 367.14535286721195
1023.6802412483912 377.3059284952142
1020.0188350488797 387.0950479475631
1014.4008260595556 396.12114824847623
1009.6316333938528 405.4478571289542
1006.6256416090531 415.4826321943701
1002.5993009732156 425.10662390513204
1000.3147087233624 435.4899350291514
997.9230216585474 445.86841427025786
995.424123404882 456.24096105415845
991.9128788628335 466.1811243991394
986.5006289767039 475.22784959276913
890.4379518099208 439.5102433124317
986.1393540380292 498.55207793916423
991.0869608639564 513.0327825835757
993.195852862336 526.2489884617898
993.3836360698687 538.5990638579004
991.6764756687213 550.0306969663274
988.9713293421513 560.9854808631129
985.2820243934665 571.4370765072149
980.6228797142267 581.3594135996916
977.5745138097953 592.2812422739236
973.5563839868729 602.6715251265854
938.1568465776596 593.2636270828184
891.2692295346851 575.6389150193452
859.0006181591394 566.5323803651618
834.4560366654304 561.8888883690635
807.6087307719063 555.1289381585062
792.4302528451027 555.9481040311646
783.0027050431378 560.6030359310669
767.906756948502 560.9992982462941
749.6688232700008 558.767979949614
722.7890335061478 549.5816709491401
692.9952619628344 537.4816898249302
676.9993728291859 535.2016901962185
668.9836036441968 538.8338686972304
661.7311216984526 542.9990078956937
655.9929283466212 548.359624661795
649.4506674958989 553.0125048216645
644.3890622427361 558.9022602047044
636.2762776519064 562.0974101500861
631.1325083594236 567.8668478542678
627.4109529419776 574.9404283301355
622.1506267337642 580.6286228345831
618.2884122971728 587.6465257440404
614.34986207638 594.6421167111633
612.4715920606354 603.7205884502453
609.7728897173873 612.1054018432667
609.0698761266377 622.6354358652277
606.8397865757172 631.760614021433
603.8075953356806 640.1690306590463
601.3518667562523 649.3080411859771
602.8162146593023 662.8941177471934
600.7523022167042 672.8303436835542
598.5571028569715 682.783563524686
599.491792313179 696.5418802549724
600.2249847765335 710.3731186144435
605.2243927489816 729.6625483205414
607.395818114862 745.9988740853282
604.9491028665036 756.9660381688285
601.1183484727114 766.3763638901189
598.3860863616986 777.3641949876067
599.1196423997947 793.1529827786959
622.8370761691414 840.351103140274
615.7487176677823 846.7954396963187
582.4621938048158 816.5456464816166
553.792610346379 791.4984173867587
550.5243731264242 802.2791999009805
538.1730774154153 799.7910594306625
522.6089676307586 792.1368991228176
505.60030173685703 781.7476158477231
489.8957442320126 772.8047358701696
475.45202571861114 765.3406896540057
466.9047557307194 767.0749305485333
457.2124414969471 767.0761261702783
439.86850530554113 754.0853386986577
437.6819953215317 766.8920856100699
430.4178399852349 770.9925311067836
426.4695276807792 781.1681905708483
420.48360900798804 787.8086915968987
417.6477408891002 800.6118688417198
416.4235491312876 816.9947537952138
418.4919592417379 840.5863905929073
428.45776349093677 881.3761653824912
864.6601541699408 1822.2655727941562
827.6608898449475 1787.7017232807798
804.5628993632075 1781.769777768236
725.6464778358745 1648.3440748837572
658.3959986282375 1534.7360388647703
636.5429287233919 1523.3561960002153
617.601988748126 1518.1860174215672
600.2881383035344 1516.5141446791972
583.0612546102817 1514.651304218989
568.0258960665022 1518.2185552145802
552.6336827535953 1520.6972126910073
538.5760614717576 1526.792987280715
525.7475033332419 1536.5433813397078
510.5791601107016 1539.5430884715927
499.9881647496923 1556.6749291712238
489.1187002318142 1573.742957755027
478.25879847984805 1591.7011408165204
468.49640021582064 1614.3952808977167
547.5903821607133 1955.7877628631088
528.3086199950043 1957.9770177504572
505.2638080079001 1945.458425234874
479.3542017697158 1920.0678501672064
431.364786822644 1800.0348387432548
404.044119585905 1759.196790989584
374.9588779563166 1706.2868574309948
331.09511979001024 1577.631142457336
315.00004744550176 1574.8050578117063
299.9223600796133 1576.7281242891163
288.5656232192198 1599.1731867112153
390.05989327677094 2284.945793592687
359.7870109689272 2232.190472772887
341.7272357760248 2255.256858171343
320.73552879298205 2260.3578744459664
291.8089898913697 2205.7816105450192
244.5742780497899 1993.0497792369422
223.75350885963297 1977.3806834479299
203.14696736149202 1960.5030756547742
184.47134126104118 1960.3395941145893
165.90116202647752 1960.99485069142
147.70954450518175 1966.460243804098
129.36410841226635 1970.7587187311135
111.06293040804849 1976.8826534443508
92.7978125793108 1985.8329652769125
74.22475653830386 1990.6166596099886
55.54191161077013 1994.2266912401462
36.83443377065947 1999.660777354198
18.038433961898683 2005.918895394378
-0.8766083713657377 2021.9998099796558
-20.27066392432973 2055.9000705734866
-42.19368390229363 2187.5931278550756
-62.89765299842543 2190.097003615888
-83.46192567793346 2187.408308241086
-103.98110741275606 2184.526706016939
-124.39643228794151 2180.4544314509376
-144.74424219840725 2176.191651567115
-165.0985302024785 2172.7364026326295
-185.40055506826837 2169.090969549313
-205.74309267448726 2166.2515504476246
-107.46401629091211 1028.4004498261495
-116.35959194521843 1020.3869096388596
-125.48170006309836 1015.2750085318139
-132.1416493665012 992.2396809756707
-142.9018599062517 1000.8496682495999
-154.89069974294864 1016.2641738904013
-166.38267843985594 1026.6045023840386
-367.1695961923099 2137.6967716755285
-386.5884447924281 2130.2052423071755
-406.83789770299114 2127.448924179523
-426.87264154690644 2123.5196603513627
-446.86945909190376 2119.4017284438805
-466.71656672366345 2116.143815137732
-486.77313623541096 2111.620447390947
-507.7213469237388 2110.796066387737
-528.2114911166071 2107.8239064619156
-548.6908983407711 2104.6527737558035
-568.6347533119076 2099.352166104083
-588.7980067496247 2094.825268906137
-609.2062329886465 2091.0647444992665
-629.596054525881 2087.1053658417545
-649.9655335009029 2082.947144135176
-670.9265701106189 2080.493580263972
-691.8994485939631 2077.8294330948747
-712.2322097733214 2073.062777477183
-733.5383929036633 2070.9250170241103
-753.4967353483813 2064.811533728764
-774.108488597778 2060.3778895826035
-794.7038459350111 2055.7387473256667
-816.0195745510738 2052.7525554604686
-837.3500117690934 2049.546524914792
-858.3059279905442 2045.198018279964
-879.6502721279294 2041.5544074908364
-900.5981638797326 2036.7748886944905
-922.7735790117072 2034.513436150748
-944.9868937842916 2032.013969089759
-967.6658474734293 2030.1782699146224
