-460.85908229112465 956.793032097215
-477.67178543652125 968.6225608553034
-497.1953834135 984.5840495926708
-516.6041892124395 999.3723588773896
-536.3369519796175 1013.8795164817235
-556.390069843243 1028.100719861547
-577.2441443130789 1042.906130893985
-599.4127870823412 1059.1474452040093
-622.4406648359602 1075.9259355357913
-647.8748686114131 1095.8043413957366
-674.2573319581151 1116.1509979840203
-701.0820744002891 1136.0937131040675
-727.8105928160392 1154.7799534910387
-756.0370782719633 1174.7412209835802
-787.4512461251439 1198.4475520338628
-816.5955673568155 1217.508800532136
-851.2539782931487 1243.5496228297798
-887.622394880813 1270.6795363529116
-922.8379117783026 1294.7857693783408
-963.2925524700569 1324.8061965267684
-1004.9921006742775 1354.9759693744766
-1047.9505149259253 1385.2684643297443
-1094.6246643508862 1418.823753746289
-1146.3539242924614 1457.1165637172867
-1198.9036353987863 1494.5521312512235
-1253.5283462321302 1532.6665277197583
-1316.664102731846 1579.092030433104
-1382.0830554771246 1625.9773761534982
-1453.0879960296481 1677.0498727809324
-1533.7854207662097 1736.6609580010202
-1617.7441897210242 1797.1165061352774
-1709.064666698266 1862.761918507984
-1808.59768903716 1934.1350519571904
-1919.9776826300347 2014.6400914810074
-2041.3978731578443 2101.8074896304443
-2181.516715278864 2203.9024073127457
-2294.624854235133 2274.6555295970406
-2317.5071996178144 2254.207040118453
-2325.739867493761 2219.720493384269
-2330.608604548311 2182.547257771381
-2370.328220800248 2177.9589357189298
-2387.4498232275623 2153.2088476436006
-2406.275630884399 2129.132825403781
-2424.8596330395967 2104.8935270115385
-2439.3936332305434 2077.2517185344414
-2458.99420633779 2054.0115611157557
-2476.0528041525986 2028.6851680455625
-2489.7343692061922 2000.714565047559
-2507.821026797054 1976.3812126091896
-2526.4613907489497 1952.4963101258047
-2542.4832291173097 1926.6237384754756
-2557.439053262539 1900.0267074037695
-2575.352679485753 1875.674432375073
-2590.5927761452185 1849.410194679431
-2609.663346688996 1825.8921701316285
-2625.2216557885417 1799.9167364016776
-2640.522134687025 1773.8105468814529
-2676.4473440944744 1761.3192823249383
-1829.821132169379 1179.442081776961
-1835.0107233962835 1158.2899658637502
-1839.964187959798 1137.145895224285
-1848.1045648233267 1118.082965382794
-1061.8287236561657 628.7096003869498
-895.5572766813781 518.8469564168546
-849.9806890201811 481.7279608791441
-847.5163508595684 469.76274333505927
-863.365105408769 467.89389263219203
-865.9985925081132 458.7444144335349
-867.6482666799996 449.12747113396705
-868.3012525535785 439.06939635311267
-867.0485294646426 428.1539998098825
-875.5761077304139 422.0787599153249
-875.922150704077 412.04900910685865
-876.1570156644859 402.050847408511
-875.3685416297586 391.67705616360723
-877.2123800059569 382.55383982425883
-878.0416853689077 373.03994257254556
-881.5418163807003 364.69168618466716
-888.6731107394752 357.80455873091455
-888.303655722184 347.89742055755994
-888.7610924824425 338.3854614037301
-889.9847483183279 329.43610573336133
-891.1705497050503 320.3498889314595
-879.9897570302674 306.98864396229874
-898.9497743969961 304.12218451074887
-898.927766730071 294.6945371086596
-905.4801015075434 287.41222272876445
-56.40095092555467 17.318566184680947
-60.39650191123687 17.923798617646902
-56.71762303082095 16.251499553385496
-59.760009378852025 16.514880533613265
-65.7111763991641 17.49403601911056
-62.96709613971766 16.12900504468745
-1085.6026929320597 267.19055578118844
-1109.4858674769364 261.9944844246724
-48.76788752016199 11.03146168106603
-62.5533118475284 13.530823216118938
-63.65750803178172 13.142361704946575
-65.74106438596925 12.927198203781206
-67.82605112461388 12.673862427897204
-66.95790783898458 11.859113703226217
-66.08051660403181 11.061886156721934
-67.16971058478396 10.593865203803619
-66.27743605852824 9.813331213594134
-70.3292662967878 9.736236549894908
-69.42617438015176 8.9446246951316
-68.51449436990002 8.170927807595591
-70.57659357587838 7.7423794291730585
-64.67636004941363 6.478306164315827
-65.73050766006952 5.9582180850941375
-61.79688962433229 5.014422475030617
-65.83121043981052 4.71717415720286
-63.87663279740732 3.9718739236269895
-64.90987004281017 3.421808151474046
-66.9373903577497 2.895819762042668
-67.96115667206819 2.2980826344155023
-70.97891964117287 1.730019240333682
-70.99208067166367 1.0604159127422532
-68.99895520030552 0.37971208333581696
-68.99946720917123 -0.27115466159187707
-69.9937504531334 -0.9353595589327554
-68.98232532140699 -1.56166361665111
-70.96371982446696 -2.26946440257494
-71.93858983423846 -2.973094795193007
-71.90770199693453 -3.6445018205587627
-67.87773979268056 -4.075836188704223
-69.83193304152537 -4.847796167736051
-66.79290962396115 -5.263765189040831
-63.75246605706859 -5.62343948507649
-1119.6772435947817 -109.30631352301683
-1117.613781133114 -119.64713210664057
-1108.501946298079 -129.14888715498262
-1105.2637459212422 -139.2409851737048
-1093.0153685958808 -148.07566988945493
-1074.761406086162 -155.8329874824205
-1054.482792139005 -162.9571756098142
-1037.1268643663484 -170.20243009318577
-1029.5813882721989 -178.84955947245655
-1027.8669932956034 -188.4527635601451
-1027.0449069601643 -198.2290571212696
-1027.1098509326 -208.2050770687692
-1029.0342116471134 -218.61516703971873
-1030.8533818453982 -229.07925514525698
-1033.5406411403967 -239.82231570706165
-1037.088703114234 -250.8705281073007
-1039.5503243796168 -261.76157678741447
-1045.7681963245698 -273.73322698579375
-1052.8173923836594 -286.1058166037034
-1058.7633724115028 -298.3623991722505
-1066.4913911974484 -311.315133749921
-1077.8980508863078 -325.59452067794155
-1096.7661204542296 -342.4982876216729
-1118.2657646015339 -360.70303536309063
-1150.9046502052863 -383.12855040553626
-1167.1402457741053 -400.67399053889307
-1181.261340692911 -417.8883164009088
-1207.3758921961557 -439.8504915804196
-1186.3629374085854 -444.78307155654323
-1166.2976120820515 -449.722003077128
-1135.0891743734019 -449.90395221681354
-1130.8399279101152 -460.4802465299088
-1117.295555817115 -467.08847229547865
-1099.1217304933477 -471.5372960406297
-1085.5393731423562 -477.7031184299516
-1073.7611535643857 -484.48011837027894
-1057.4131011715097 -488.9811177037929
-1055.534520009129 -500.070872046251
-1054.44060413373 -511.60435138307275
-1028.1464320718667 -510.70433150492306
-1042.9674637060402 -530.2064405970468
-1049.528550873774 -545.8743636596206
-1062.9503043173718 -565.4667545944736
-1084.0029718628873 -589.6554561711682
-1674.522750512409 -931.1442197728323
-1666.6668235984846 -947.1592786412103
-1657.7929953793223 -962.6065574632529
-1651.356244362776 -979.5011762137237
-1654.1567746523633 -1002.0585635938107
-1654.9787314482085 -1023.6998576018648
-1661.4591227113378 -1049.1799576618264
-1673.4911779256872 -1078.6604087500828
-1939.9313178204152 -1276.0683689127113
-1926.3285409301848 -1292.9262749274556
-1875.4506545577708 -1284.2172099449647
-1751.9409588124315 -1223.712334184541
-1725.8332506909953 -1229.4960718966743
-1699.7706107133934 -1234.901158374636
-1552.4244336725476 -1150.044511197923
-1537.6803155941532 -1161.4078728139677
-1529.9903874877546 -1178.087608879353
-2048.3763423141104 -1607.7843015304836
-2052.087430518093 -1641.743334845509
-2027.4420629640258 -1653.159000617961
-1856.6316395161923 -1542.8269362269432
-1784.978806696957 -1511.5461156189403
-1748.899198890695 -1509.1227889471036
-1733.2975551862658 -1523.9893651811728
-1727.253518023615 -1547.370765031783
-1714.276553000165 -1564.7034542793956
-1706.9848617643352 -1587.3763516278657
-1698.6932514959187 -1609.3605057047423
-1688.735061200721 -1629.902725033429
-1675.9758582092684 -1648.7285776317783
-1666.5417566810875 -1670.999273859302
-1653.337899843131 -1689.6655849434542
-1695.3323848102007 -1765.9422711441496
-1746.3023013945995 -1854.086640948563
-1725.8377077949674 -1867.7080088581868
-1707.2872401864095 -1883.3306346726997
-1687.2667333450345 -1897.2748800706704
-1668.450469925051 -1912.5158899750027
-1650.1471924068844 -1928.3304289959426
-1632.3369289469902 -1944.7357533598
-1613.0926394021303 -1959.432605808801
-1593.7165403590498 -1973.9393579808832
-1573.5897611752996 -1987.470820798198
-1554.576423535582 -2002.3778722776876
-836.4566510190139 -1098.8636271012228
-828.3380996906602 -1109.9914380754772
-821.2640257527705 -1122.6782263873974
-1475.9630458819718 -2058.5485389445676
-1456.8516477881135 -2073.340125579269
-1437.5923202383315 -2087.9543387707913
-1417.6274870328841 -2101.5606838749222
-1397.5338834043146 -2114.9761333728698
-1377.8566534280235 -2129.0389950877197
-1358.0382631705468 -2142.918821552679
-1337.5531964171316 -2155.7644692206786
-1317.4657288336423 -2169.2690135962484
-1296.7313705910408 -2181.726782281659
-1278.895486483515 -2199.173102475586
-1260.8445680021366 -2216.477154256165
-1241.6074267480699 -2231.8886616146506
-1221.2352916511772 -2245.377554538582
-1201.1881332728162 -2259.5636898491193
-1180.0594507426867 -2271.79657819816
-1159.711626152173 -2285.6154410065315
-1139.2074639351529 -2299.252564229175
-1119.4193869617911 -2314.5066938970144
-1099.0170263674036 -2328.68773684978
-1078.4458845083584 -2342.6897946990302
-1058.3171703880978 -2356.2372051348584
-1037.0322549285704 -2368.957598235512
-1016.3854834053884 -2383.3257329040853
-996.709412512648 -2400.2856802907213
-976.4275259431164 -2416.1592014146345
-955.5676197663864 -2430.9328505851418
-934.8716377676253 -2446.46193939282
-913.9663138078015 -2461.816722915128
-892.1748943003051 -2475.113120239202
-871.5334643486738 -2491.993061892508
-849.687804791353 -2505.8624532062513
-828.5931092415543 -2522.391416754627
-805.7452668228373 -2533.980182438804
-785.6910954337192 -2554.9204493596594
-760.7536613336964 -2560.3700644179107
-710.4213951154559 -2477.1415868622066
-647.8872086484309 -2343.0755781386447
-620.3968137771855 -2329.8130383048156
-582.3016603510578 -2273.616893047815
-523.1199213446579 -2126.604229256671
-432.8124980837311 -1834.6384770582242
-413.55778573661354 -1830.873823576226
-389.5605174061067 -1804.4275001446545
-401.0010505423826 -1947.1369128707681
-398.98316111459457 -2035.261269996313
-382.5102634418491 -2054.69849329814
-360.6672650142143 -2045.445703006356
-347.0842120647036 -2084.2988148860577
-328.14750113765854 -2093.4374166659745
-302.0868180397952 -2054.914245015249
-281.00667513554953 -2046.8002463673058
-266.81701495884636 -2091.0458341529607
-273.82830170586885 -2321.90914145771
-252.99472626579953 -2336.341941686125
-232.10733289107966 -2352.57777470123
-211.55442769837256 -2375.5988137985787
-189.79179823548745 -2388.471283755059
-166.26937073438756 -2379.197237800093
-133.36732652802166 -2210.981265459924
-109.05975067131139 -2148.233453510933
-92.57629020511365 -2232.08100894476
-79.96549612002205 -2503.7233312469407
-56.00527970193406 -2499.3726030037033
-32.135196075322334 -2494.7930433551396
-8.270160004677239 -2463.9861209944947
15.011330694309304 -2433.953709492189
37.86126666880495 -2412.702949906232
60.50952299415509 -2399.237086581278
85.44017467443147 -2458.5158076676266
109.86804511017328 -2480.568082650357
131.82054642445362 -2448.4540721729613
153.2347469448724 -2417.147722487962
174.21031380702607 -2387.6529828606285
194.63816913734797 -2357.980488281203
214.79211069300717 -2331.1253396555157
235.66717565653545 -2316.040798932107
259.7062761975926 -2331.5807191910767
284.1827267558521 -2347.863960670126
309.25189985497735 -2365.873889799726
174.3667684363643 -1241.818114727378
183.36450675517258 -1221.311777419031
193.250803219393 -1208.6480575647568
203.74908751048144 -1200.8373367524205
214.2928814951651 -1193.9210865633033
225.281588333025 -1189.861002789044
240.11999919256237 -1205.3146419038324
527.1272269766516 -2520.4685847238616
557.3140226752478 -2543.6621395400634
587.9898413708333 -2566.5067594776956
618.9181617921166 -2588.022663927785
650.7927240787153 -2611.120416657609
682.9116446414068 -2632.8751747117008
716.0238575933322 -2656.1835093526884
747.7550119915594 -2672.3561592799533
759.240658346224 -2617.0935448917357
742.1183736676095 -2469.9192941197375
757.2952206466464 -2436.0018367779912
775.5654128416193 -2413.4463512586744
794.7351004672927 -2394.561571579491
514.8687622784972 -1503.273480651411
525.7898696015799 -1489.9479900400395
544.8763552053035 -1497.9805597998206
870.1059369145561 -2322.351321085172
902.1096547687554 -2339.069723367176
924.925842799886 -2331.217747298806
939.3647827449004 -2302.7728513552147
952.1832033939356 -2271.500857841454
976.7467509938559 -2268.670488286685
1015.492620211996 -2297.5897671897337
1040.840221093713 -2295.0058026405054
1094.911986181839 -2353.8019760624175
674.5416588883743 -1414.3841594220858
674.0571374842408 -1379.083744885187
661.3161622466239 -1320.6778310971215
668.9638036559542 -1304.4705552055048
679.6153633452943 -1294.436926970582
690.6093417701912 -1285.2002711872353
699.5614970541918 -1272.366972158307
708.8212269506823 -1260.3525174426911
719.4105262612406 -1250.8786890440354
730.3901787172324 -1242.1800138600722
741.2691607399761 -1233.3860025701003
752.0466556076842 -1224.4977859470785
762.1903455367545 -1214.6694518141808
770.0561816511982 -1201.3918915577785
779.9283195317653 -1191.4226019311354
789.1243727753434 -1180.54340212121
800.438287957047 -1172.9017636496212
809.3917918226981 -1161.8695827544682
818.7868290166318 -1151.5889581916322
827.4718853308678 -1140.425919990851
836.6132244427104 -1130.0063330298512
846.2335927037702 -1120.314556979275
852.6931737463905 -1106.5818322412074
862.0571196049586 -1096.7600113691244
871.9366319265786 -1087.6408000367283
881.7205378819193 -1078.433073063516
891.4080493646022 -1069.1378253190721
900.9983885552673 -1059.7560586384072
911.1458173264729 -1051.0443851562472
919.5278460149398 -1041.0521314531397
929.3141392111079 -1032.325641773136
938.3415819643981 -1022.7702946197406
948.6374254018936 -1014.5974744335148
956.7930381745595 -1004.1494321567365
966.2293190622639 -995.0728129059067
975.5794985730658 -985.9075220140708
985.5527959525181 -977.3585249999993
995.4515639916706 -968.7090294544265
1004.5515741923867 -959.269062769981
1015.0214807180307 -951.1111363457883
1025.426756060085 -942.8409027805758
1035.7662117539987 -934.4588565521603
1043.7923379489987 -923.977031770251
1052.4679358113215 -914.0827337222031
1058.7662832067278 -902.161270253058
1053.4249013098365 -880.5821808896436
918.6367336989715 -753.2931378280869
881.2914757983953 -708.8627051023961
866.7460955633534 -683.7888605598091
859.7168340513879 -665.173635413084
854.0078594439517 -647.9618630814314
849.6562491030408 -632.1117451528264
846.6982637907702 -617.5808045055281
843.5424472335675 -603.1626146531331
841.8284685143411 -590.0074826633974
843.2390756050802 -579.2036441293251
839.5435639869514 -565.0757508229208
840.6662145965 -554.3729030499159
843.341949292243 -544.7846882612981
847.6019338299328 -536.2648242871782
848.3759892742049 -525.6064885663171
850.7347496073553 -516.018784358196
850.4087252002145 -504.90197078576176
856.866275279183 -497.8565920917181
882.3921805167577 -501.6064590521954
890.583813474597 -495.198415967826
892.5830982574645 -485.3363912845454
883.8798265656064 -469.8483289215291
862.5414309898323 -448.1141370521716
843.4769938379018 -428.3252979525912
855.5276202128061 -424.37894746678074
859.4780635028276 -416.32013926476037
867.8727680331043 -410.3618628802603
874.4149707408624 -403.44449301515664
878.1678423886548 -395.2091099588352
884.5903288558821 -388.14423877553867
895.5546475966127 -382.9593622933208
904.6527611628244 -376.8333606787987
917.42109142459 -372.073300586476
928.3186763610299 -366.37199008563044
934.5215319048021 -358.7067136342751
950.9681146324184 -354.80226176345553
984.3455356329606 -356.7532291086653
1011.2377274991275 -355.7840053774205
1019.2686345118012 -347.8799371916241
1026.290485067882 -339.5421038091327
1040.8637066088947 -333.5442163557821
1069.7407120041648 -331.74509654375044
1067.0639397258476 -319.9539787793748
1068.1026298769464 -309.35541380417294
1067.1103351025054 -298.2273171884474
1086.280798373998 -292.60729157686666
1101.5664893872436 -285.648856918882
1101.2914091153746 -274.55824920892957
1092.1526407077567 -261.40315490650386
1081.8902360308641 -248.2207025634268
1085.1519195951278 -238.25681815849296
1105.9385125618567 -231.9482839610332
1126.7007316611114 -225.2697522401005
1151.3630219189085 -218.96847206335198
1176.0043910149088 -212.2231662982474
1194.7042902616831 -204.02367223027784
1175.836273685039 -189.44671410843236
1158.7790612905235 -175.54226589244215
1139.585849681542 -161.69443776951044
1119.2451805239389 -148.09195073985447
1099.743968396322 -135.0081626269657
1081.0911819718315 -122.41673195584211
1063.2952808371476 -110.2911861820857
1047.347371897731 -98.83057512185377
1031.289608760229 -87.55993868873003
1014.1168762982059 -76.5242524116999
998.8250784574632 -65.95045598358311
982.4271408625066 -55.61396314524516
966.9235488290063 -45.638259387496035
954.318513549606 -36.07179918538239
940.6206308631994 -26.71757463762224
925.8326399114678 -17.604626510163246
911.9577238976165 -8.781219931119464
899.9999730465618 -0.22026390580547225
887.962915135583 8.115500225957561
875.8497234615381 16.225347834399958
864.6631884667128 24.136497479502076
857.4034927810548 31.988287963689142
843.080817561527 39.379373532182605
833.6883073571153 46.78467885994426
823.2339889503819 53.95182514839008
815.7110570758659 61.15121719290204
804.1402911349519 67.87777378048564
792.5160786718693 74.39264107802298
783.8254800435136 81.00380753122357
775.0812935203421 87.45849549834074
764.300493756904 93.51339606148902
754.4665986565827 99.50453010575443
746.5686407440991 105.59954856678334
737.6345545825114 111.40585211675322
728.657935683455 117.05388829733923
720.626776157093 122.71124433170311
713.5384041031534 128.40539657633124
706.4071431736677 133.977416280571
698.2539666440559 139.2314550158892
691.0438090718637 144.54914023766963
683.7958550711063 149.7438766279764
678.4613778097538 155.2615819206106
668.2205802740702 159.53136399524976
662.8123773542027 164.829464678103
657.363925555589 170.04019930047696
651.876387483494 175.1632822296659
644.4243971941628 179.66133780237703
634.0842854229048 183.13142542918212
626.5618532679266 187.44664315335515
620.925827842464 192.2267315389587
615.2559487497516 196.91652426356464
608.6039639893103 201.20192597611566
600.0337611010235 204.73271731445305
594.2820557823692 209.11441407775095
590.3818736694978 214.08699923744348
585.5042534077452 218.65445168447621
577.7931644011254 222.07219360229246
571.9305587384806 226.09828831968036
566.9704546996229 230.4094258004712
561.0575866388185 234.26135932975532
558.7994440673733 239.59795764988186
554.6599818613897 244.10715786621827
550.4854934446755 248.559291733325
540.8320716897979 250.43296554511613
531.1935981698607 252.14551604848447
524.2700518650903 255.00963259723258
518.2356242041873 258.210839829966
515.7511726247161 263.1382297125035
512.3334825953833 267.57877832833833
505.3503279019407 270.09266204286445
498.36619381681464 272.4979575346229
491.38251379600297 274.7948782920106
487.87312367518155 278.96920115923376
485.19221061722953 283.60627418371047
480.75025983230483 287.19190042752143
477.99130269065125 291.76071454548884
474.3403754757616 295.77391398416717
468.12603603268 298.13254500025647
465.26338090742075 302.58054528769077
460.6923068821086 305.8947504937622
458.58377914672633 310.832619754598
450.6662159323327 311.7754990650036
447.674327705489 316.0564764617843
441.39621450755874 317.97072478201073
436.7341377514791 320.9786487018599
432.0549667986956 323.92669798054317
428.1537667853731 327.42228388962224
423.52216264924925 330.14841775314153
419.7368280154492 333.34215936111235
416.70586398294387 337.1234535333137
412.0974004929799 339.60525983401453
402.1166938100359 337.5309831101226
400.56876307922556 342.452428879077
396.70202848529595 345.403388222599
393.56295812813045 348.97592752142015
389.6495265062691 351.84974988400984
385.7163617209741 354.6813898426793
379.57405580804425 355.4202247445012
374.89764019501763 357.45735322721663
371.65047889726554 360.83226232618557
366.9506478058237 362.77158388562674
364.3605236068572 366.7838721058177
360.33115400584825 369.3473425555052
349.3671117797264 364.64725586063605
352.9085825654011 375.0740358271677
349.50304431157053 378.2494177351029
343.3810219660075 378.431597192386
341.94128303325084 383.7605489853982
337.7991787280782 386.0838184263048
333.6430699200805 388.36362071427885
332.69721365475897 394.4218097752198
324.0149766111316 391.252213963944
323.6185260597602 398.04528585439664
320.00649761985585 400.9549120301099
313.90150090382525 400.68297659162636
312.0947016621279 405.8828614199267
309.0146509918452 409.486196925352
305.29978004394 412.2633191361097
298.6207716305146 410.96184099110235
296.0539799324973 415.2734532403058
291.71420267563497 417.11368229454973
287.93107732535486 419.73407618426756
284.6826163407905 423.14986465005785
281.3958810126421 426.5411564540038
278.6141568875214 430.74720147884375
275.24379755640894 434.0931373642373
271.8356672292708 437.41327142876804
267.76831759612526 439.91491005845734
263.62535921775856 442.4100699320798
259.4591519831893 444.86621410505455
254.77439328022092 446.4146150482702
251.05846261789608 449.660592389347
246.82472133554737 451.99840368924913
242.56921282841188 454.29635370295966
238.29231238551978 456.5542397765701
234.44875523521583 459.662681940418
229.67584624798988 460.9490271714105
225.33704043086465 463.08554092074485
220.97836236599503 465.18121562036765
217.0207793465413 468.14312056444857
213.027017805171 471.0716396526492
208.190416918673 472.1363683335876
204.53721944383102 475.90810653127784
200.83147317914697 479.65270705031315
197.4509023525691 484.2955101589898
194.00074353333062 488.91687586798935
188.68071502368184 488.8512941357036
184.08169236356042 490.60160062577
182.20638130705618 499.82480391732025
176.16997312686854 497.74304673041735
173.43672877470897 505.0501966259671
169.63393330351306 509.5030212589316
165.14878233786933 512.0252725132999
160.63119225255937 514.5081341198809
155.50342843668386 515.0365848601798
150.65996798358466 516.4741755859485
146.07423068333452 518.8287955870144
140.9336157343186 519.2125922548984
136.8102336379475 523.415666532757
132.1326984700696 525.6471725359299
128.12930288269618 530.7531269270058
124.04157921039902 535.8299045657963
119.86972560740818 540.8763711633229
115.40676063578094 544.9130936209513
110.68049864845617 547.9332324461888
105.53008892662375 548.9484496117453
101.08858636952972 553.8502484479087
95.94898098306737 554.7637272283679
91.23809774585023 558.5978960931725
86.61578474748744 563.3806047713898
82.34002351205451 571.0946686216168
77.12678949292031 572.8310905864963
72.01241929767166 575.5121297304656
67.08435276251993 580.1341996593837
61.54820518465782 579.7420274902857
56.314067265535726 582.2832007090817
51.03775043208755 584.7770070982887
46.107797236430315 592.2077937970795
40.974930013322805 598.5992441612362
35.490649918708975 600.9529214242557
30.065129802494134 605.2537385014315
24.521957526633745 608.5060998864859
18.920549270625692 611.7074568903814
13.261376653311713 614.8570044240034
7.581547092568303 620.9537181978084
1.7916451747682067 627.9974442683407
-4.090376829142155 628.9867000321991
-10.038327072378912 632.9203994102164
-16.085448195946164 637.7971921828564
-22.259253973592937 643.6151999545528
-28.543314258834066 649.3729892836024
-34.77726473071925 652.0732641796085
-41.25202008733364 657.7075876396092
-47.835214349218326 663.277311739339
-54.526200610250974 668.7809009287053
-61.14314784445055 672.2250482328606
-67.82928198481407 675.6035734847949
-74.80235210523003 680.9035233566685
-82.23595998651395 689.1104750945935
-89.19068624574068 692.2781388192276
-96.48594625321327 697.3567682152529
-104.03028655056725 703.3482064242482
-111.69509277167458 709.2589134094312
-119.47950901647853 715.0871603694064
-127.20863756528708 719.8464853903112
-135.22041360024483 725.5063333602118
-143.54153252535997 732.0599896458425
-151.93501303351513 738.5335143475247
-160.5877018850109 744.8862933383127
-169.15379155487852 750.1653116497781
-178.29208921462416 757.2951412253246
-187.10323352080616 762.3761407639005
-196.27358659652168 768.3265446439669
-206.08610747884993 776.1040628061522
-215.7970157694695 782.799877353715
-225.6525341173145 789.3807280688035
-235.36743270434837 794.8856343035544
-245.79212352241754 802.1890251146177
-256.37546109361006 809.3655681761109
-267.11597136266766 816.4129211636588
-278.9719159751282 826.171090087983
-290.7067324791773 834.8326752656966
-302.9673983030009 844.2865364113719
-315.0854969951085 852.6441987038588
-328.0990100674588 862.7166624058873
-341.3303882485061 872.6182246882792
-355.15061076667905 883.2734818118648
-368.82018763723346 892.8200654058106
-382.7012378605961 902.1861019434779
-397.19074644491633 912.2853232067971
-412.7202165228973 924.0162460007361
-428.5060173404685 935.5338546001476
