-987.7911832821284 2039.368671483921
-55.97478291977117 112.88411614166316
-52.05551972777497 102.54376073594742
-58.55068043471746 112.69790512973874
-1016.634684424974 1912.592460098108
-1023.6045848017835 1882.7327622296182
-987.3444388243031 1775.9997069602014
-53.363055828798785 93.89560305260574
-59.76931062980534 102.90106659718275
-62.26628290799184 104.91382183879264
-64.28785090273722 106.03335431036514
-62.65058768902435 101.17264384318456
-808.6289112046541 1278.7839082362493
-789.1703810286589 1222.3890991444096
-836.4077107879904 1269.1816817675842
-933.1475059283497 1387.3787270171404
-957.4816182083855 1395.0243549103548
-978.5995736011836 1397.418646844095
-1000.4280098972874 1400.3516690506542
-1022.3975713648756 1402.9965096418466
-1034.3639340177251 1391.7065969533146
-1040.1679891373499 1372.3463682226736
-1038.3616409028816 1343.5062719248747
-1051.5793660451473 1334.4593800142761
-1070.9817747260188 1333.0784066230715
-1270.3972779099597 1551.1659344760524
-1304.1662695501914 1562.1700744053246
-1332.420650490093 1565.819660799914
-1352.9956073352803 1560.00893796524
-1378.8769722742848 1559.9430423357455
-1403.53733793419 1558.0410588378622
-1405.2899630526044 1530.7658605232903
-1256.356427425221 1342.9406268585874
-1237.8894934982059 1298.4858882124038
-1254.2365077662632 1291.0812455404534
-1496.3826900762683 1511.6110097641229
-1519.7756339878244 1506.612764560591
-1522.4198944269895 1481.085299722104
-1521.826074842704 1452.880379772832
-1520.1077128215722 1424.1353662557392
-1519.4567756900897 1396.9062627139576
-1527.146575529327 1378.0683353335746
-1546.0384970448908 1368.9375316847643
-1615.4711281580046 1403.514529346919
-1618.7157160509112 1379.8146363224978
-1614.7542309623598 1350.4050405671471
-1608.837823283272 1319.9249442196108
-1606.3875734174155 1292.8120373705174
-1599.646240912705 1262.7651816287348
-1336.294318207431 1034.6098274840315
-1302.9652341395597 989.3318950805348
-1303.3959029397172 970.4556250545204
-1287.4339560334515 939.8669101804026
-1267.7611435836889 907.3382405803128
-1283.6123264292944 900.5350606382711
-1243.415138121307 854.985259692102
-1267.163607680522 853.8620446946239
-1264.2951015494398 834.7352252050298
-1267.0574402844384 819.5403852281149
-1276.40413067475 808.6491793085775
-1281.4091963544693 795.0185353173806
-1287.9803092637624 782.4038106686489
-1295.287069307304 770.2469786278269
-1302.4790883808455 758.0219154685444
-1303.4728560623873 742.2657970757933
-1335.7355824777442 744.0775858086586
-1347.9483631747453 734.3433871252091
-2149.1454883984247 1144.726460643195
-2192.642888429306 1141.53456532003
-2230.9198867782343 1134.9032816841227
-2218.2188414813386 1102.285884558624
-2079.149001566172 1008.8906924371887
-2090.3598504454317 990.1336756447351
-2066.0000610301445 954.892532080673
-2048.4581858165907 923.4869035135267
-859.625500489904 377.8425583592749
-853.9514369580378 365.79768085282126
-855.510656711153 356.97411146139405
-869.9500970330785 353.423016613431
-2036.6251402131254 805.1447312451766
-2040.3792345581915 784.5053085758751
-2086.9056376454296 780.2620454460937
-2128.934144773991 773.2169211905773
-2135.1740945156466 752.8131149955402
-2114.7254394993147 723.298911608769
-2108.1506418968875 698.9577033481648
-1295.8213358246194 416.1346724579667
-1287.2662182105998 400.0620994967911
-1287.1437117107432 386.7777984883452
-1300.330589934282 377.4339106137159
-2322.619400058149 650.5252665911773
-2273.6090942367114 613.7806502359954
-2179.596675924494 566.4471116520032
-2156.6963690144044 538.8782533003942
-2148.058872076181 515.2902891524395
-2141.1187490274697 492.36115054200064
-2139.7981215828067 470.8980769452048
-2155.878656466899 453.2065959256095
-2215.937331319885 444.0965476818163
-2243.5943416155837 427.7153612749198
-1380.5916382984933 249.75133284986157
-1354.2969500059896 231.8529085529749
-1344.5726576359073 217.18279936015546
-1332.7159161460982 202.41612300127312
-1308.8211726827556 186.20187415097703
-1277.8023658169436 169.5349931802324
-1271.4013393929 156.5235898832517
-1270.8309654091101 144.3248327812963
-1272.1330306616312 132.35766808029322
-1273.3224060082891 120.3787786832114
-1274.3989860901374 108.38922572114737
-1273.3683633030544 96.23934402779763
-1275.215567733016 84.31640297926083
-1275.9526530769283 72.31062927362667
-1276.5767101597264 60.298450044507234
-1277.0876837002943 48.280929371925374
-1277.485528434844 36.25913180907021
-1277.7702091209244 24.234122287989607
-1278.9416549228138 12.216517641869855
-1278.9999874926266 0.17886827772670266
-1279.9449788727384 -11.868068859979237
-1279.7799202211481 -23.73511741601004
-1279.5038419986904 -35.63591321392775
-1280.1164097668307 -47.57076250891987
-1280.6175695951827 -59.52008437600935
-1281.0071053114425 -71.48283809138327
-1281.2848104723587 -83.45798016254594
-1282.4477261306909 -95.51874026713409
-1286.4864714506134 -107.85897632812124
-1288.4148112688197 -120.09693627704199
-1289.2317597664546 -132.27800123032782
-1288.939620460067 -144.37331750797384
-1288.5339304059937 -156.47463114665376
-1288.014552880681 -168.58087545026942
-1287.3813611873293 -180.69098169930766
-1287.623196589982 -192.95207592404108
-1288.735689577642 -205.39065803692242
-1290.7139682685943 -218.03314453618842
-1292.5682208781677 -230.73013322027947
-1294.2976053287978 -243.48040750774936
-1296.8822916941756 -256.4767464899368
-1296.399307671039 -268.9327705394988
-1295.7966420823154 -281.4019587142131
-1298.9748339660116 -294.76835095201875
-1303.962193253724 -308.67879513328614
-1303.9478874406614 -321.51035261564465
-1304.7760983831351 -334.61669577007575
-1311.270784768938 -349.3106482938265
-1314.7125843400618 -363.35495122245976
-1315.1219515974649 -376.6672967307828
-1315.3970888135302 -390.01858768639454
-1321.2736624576753 -405.16651995899315
-1321.2616818768402 -418.64491876049755
-1325.8651578183476 -433.71255836478645
-1323.66935538958 -446.66367392315874
-1276.01146062835 -443.84203535166046
-1150.388261976001 -412.17817349762163
-1112.729365132708 -410.4014619508084
-1082.6856265285294 -410.79901911826136
-1063.9124630426218 -415.03526474575847
-1043.299032940481 -418.2142128926956
-1031.978836309707 -424.82429474885583
-1016.0146733636344 -429.32875923910257
-1002.8093245639803 -434.7671314250118
-989.5913773953685 -439.9976202034933
-976.3635507153741 -445.0204678826212
-969.4708906566992 -452.7981803953128
-960.7140526824376 -459.62322502076273
-950.1183826167226 -465.4450118045989
-940.3918844485661 -471.5581657264296
-935.0827835430177 -479.8137012648157
-928.8160989890179 -487.5465662465719
-923.3676619521685 -495.6774766528996
-916.9717408622647 -503.26814568381695
-911.386760845386 -511.27211165460136
-907.4673975862655 -520.2104596391836
-903.460546989815 -529.1200620207707
-897.6500572471612 -536.9733463815205
-894.3318072480243 -546.3283065561244
-893.4625531425577 -557.2554765383488
-910.1814895836907 -579.4917221317436
-919.0159466459913 -597.1814546771964
-924.2654392707409 -612.873884065608
-925.1605336955793 -625.9129227712996
-920.9545035890029 -635.612934354811
-914.1948444901009 -643.5617968056529
-834.257793346981 -598.9515291238732
-829.4668867944529 -607.2632738043017
-836.6137976558084 -624.5104911624192
-832.3701066581586 -633.463499770812
-829.6123599637887 -643.6173802775319
-836.1501115617957 -661.2178089973052
-840.874271789656 -677.7392264302073
-839.1809486776999 -689.326726143993
-845.7793226191853 -708.0016507253582
-885.577547596994 -755.4127396278766
-904.9407885333609 -786.5641545663133
-914.0674900274909 -809.5193781960028
-925.8142168473969 -835.3903494075338
-926.114922287944 -851.3960011155771
-924.0079160354599 -865.4278543609552
-923.1789566760285 -880.8612909820475
-913.9876783138614 -888.9609237139939
-906.1462856646318 -898.3734796710061
-897.5050037341259 -907.0064874476956
-922.9118006554585 -950.7148932308252
-955.146913122204 -1002.9553202177676
-943.4542473032201 -1009.860427606466
-924.2849799762781 -1008.5243059987454
-903.8914971198268 -1005.4273526389055
-883.6429846134378 -1002.0334703708534
-867.4684445253934 -1002.883092764403
-848.1245643567396 -999.7028175086286
-830.2011528236162 -997.7825644148822
-811.1285612380066 -994.0620992392585
-796.5775112305971 -995.5346646911236
-778.9867374963344 -992.8865306795218
-763.9592101119221 -993.1642992401449
-747.7940741113658 -991.6491429552718
-731.7285596218652 -989.916317187322
-718.1121165381577 -991.2068341577793
-702.2227395607551 -989.0663395565476
-689.2961423768758 -990.817757261323
-673.0214899018176 -987.454846628613
-658.5407912238942 -986.3670849608717
-643.5957739963374 -984.2563079269828
-628.7520159579879 -981.9505600735539
-616.1364815426768 -982.8406972201603
-601.4697453659212 -980.1704675256512
-586.9110711860229 -977.310285691947
-575.5023693533851 -979.435052909911
-561.1169905069208 -976.2293393278325
-547.8261904722299 -974.5822002441272
-536.0636187314709 -975.399813754606
-522.9161334470643 -973.4391184767396
-509.3908833233971 -970.4313102878582
-498.70917312024585 -972.5935228273529
-487.1373981001349 -972.8520727079892
-473.41079536248276 -968.4865609982729
-461.10442224816273 -966.6559428168783
-450.56426120085325 -968.30565759399
-438.2592157474593 -965.1574274761718
-425.8296059951088 -961.9631732338045
-415.48093932327896 -963.2116013935079
-405.5344366820525 -965.2724074917766
-394.4507021484877 -964.454583469105
-381.5706076527342 -958.8680156181679
-370.27621366363184 -956.8550180643484
-360.1107731379588 -957.5224441599172
-349.62307619503736 -957.144035447079
-337.50440012165814 -951.9405338037244
-326.4920357169429 -949.4308561519404
-315.5580223823542 -946.7983600060456
-305.6251779498746 -946.8992821853375
-296.01709826744093 -947.8517170598597
-285.84053038735635 -946.7925808686266
-274.87119861087945 -942.7458958670775
-264.81708695852336 -941.4647685680021
-255.0738572275505 -941.0432122697974
-246.11991596559864 -943.4246058721844
-236.41407631097263 -942.8108954196646
-226.7421916429096 -942.0981788162899
-216.88051799193607 -940.3126293502335
-207.2888128926319 -939.4015904018704
-197.94025345730392 -939.371947665704
-188.41413341906662 -938.2692120750538
-179.11445354576546 -938.0527770498853
-169.65772339719638 -936.7605120262491
-160.24177600396055 -935.3734939707755
-151.02703512109588 -934.8795829744765
-141.53599787781184 -932.3178434979843
-132.24802914243304 -930.6505567547586
-122.742017204284 -926.90851609672
-113.31912567064725 -923.0702983831947
-104.42996436969914 -923.1117930899504
-95.65322127275128 -924.0624769246645
-86.7743335970602 -923.9340966913095
-77.90653202935943 -923.7205054924127
-69.12520210864608 -924.4191183837767
-60.27254085161584 -924.0363741862602
-51.377798178560404 -922.5704969563699
-42.775238029733025 -922.0082857607624
-33.92146905179173 -922.3764599865764
-24.983106780696225 -919.6607224273441
-16.13513842818903 -918.8583445275465
-7.304881017092764 -917.9709356582736
1.5052059523433066 -915.9987632934015
10.310483120250073 -916.9420341209291
19.071480406985124 -914.801223564489
27.792325914806312 -912.5768935384268
36.432189898422685 -909.2704193688505
45.11039141873734 -907.8799769716526
53.82447035639497 -907.405050895604
62.5335881358433 -906.8464866529819
71.23694201232925 -906.2043357282794
79.84579387603537 -904.4825311747627
88.62314980772251 -904.6695182872904
97.3044011892151 -903.7769932395979
106.09326975134528 -903.7943450329108
114.63919811242052 -901.7421218154008
123.69804732687764 -903.5722401045296
132.36714774352208 -902.3430269017679
141.1786791256339 -902.0186143092288
149.83205824128885 -900.6216488199575
158.64519932786294 -900.1264915167327
167.6456465611163 -900.5281434742088
176.66839501460444 -900.8397627785776
185.7125438192739 -901.0609585750424
194.77718666005273 -901.1913490246092
203.64078263247825 -900.2552036221905
212.50433640573002 -899.2318427462188
221.36698946599137 -898.121181119098
229.97925543799084 -895.9545424117159
239.08615127874668 -895.637656793592
247.9409351401875 -894.2646659025556
256.79136867396403 -892.8041179198001
265.6365860051319 -891.255970064458
274.1809018646233 -888.6646347485095
283.30790254418457 -887.8967464497292
292.75848560043136 -887.9850613095595
302.55900519788736 -888.9201586046211
312.1119145987015 -889.8511969793224
321.65444672081287 -889.6372389377188
331.2215060906071 -889.3218280819773
340.81202191422955 -888.9044750245858
350.0579791890989 -887.4544558488872
358.9315705172335 -884.98199285976
368.17462411709135 -883.3439002768052
377.8127671484523 -882.5290437031687
387.87140929288546 -882.5257899082332
398.78685521055786 -884.2335913723667
407.67130676906976 -881.2747049797805
417.39272018307037 -880.0337022740533
426.25335965002085 -876.8882901413783
436.4293967241174 -876.3391932779356
445.7252497785789 -873.8935871774225
456.8657965206469 -874.8957903485162
467.5949751248198 -874.8822430693283
478.36572620886267 -874.7429519514104
487.2238198430191 -870.9861935631226
496.5503656209288 -868.0079114856742
506.8742283457255 -866.657092879834
519.270139855525 -868.621046172854
531.2286847075018 -869.5729322741926
542.1939779914018 -868.6781280945546
552.1155517878213 -865.9661757101311
563.671840058458 -865.6575863036794
574.7190428117619 -864.3737743763007
585.2315951034434 -862.1299090581879
596.8928922321774 -861.4074966023376
606.8616371212505 -858.0908771164717
619.1624020276935 -857.9055425367625
630.3291447801012 -855.9522003247531
640.9144529120916 -853.0636928438547
653.3270683275492 -852.4316640004229
667.0179507008625 -853.21512729371
678.2897742823328 -850.6861830922271
688.9432787863007 -847.2432700323925
702.1461791089137 -846.753059139885
715.4026131316964 -846.0869347320878
728.7104153393167 -845.2438290670925
741.1358569780358 -843.7100458696889
754.4387793130486 -842.6049657274975
767.1128087186745 -840.5842841141788
779.1348604686514 -837.6663233068971
793.9220736131699 -837.4985021059825
807.3858848691399 -835.6865637989376
820.8862131015218 -833.694083666091
835.129177077523 -832.226085624465
850.8475269442968 -831.9606276097292
867.3568123333796 -832.1635416784843
882.4894090836318 -830.7565484877158
899.1418351890273 -830.4938050418605
912.1628591531429 -826.631670323345
930.4223046350148 -827.2480492800618
945.7601307950534 -824.9622870159117
960.3777902881661 -821.8092843970669
978.083763820343 -821.024452103
993.544347241449 -818.0700642760147
1011.370076538109 -816.7806120882766
1031.6114662172643 -817.0886015415134
1047.999739965689 -814.0181478516608
1067.603880862735 -813.1334168307355
1086.4831501213678 -811.3509502689631
1104.6167131973662 -808.6921026726104
1124.4214787789401 -806.9277155114834
1141.837195178341 -803.1337495755355
1160.104526410548 -799.6489778657622
1183.379652035612 -799.2475205767446
1203.4141803383616 -796.2683659172635
1224.336641840589 -793.5242828335561
1247.846893671284 -792.061948306398
1271.4380459355098 -790.2242057465039
1294.250793735424 -787.489608131577
1317.9837909738385 -784.9042787055175
1342.646646985625 -782.4423182179365
1367.3797550889383 -779.5823275144936
1393.9245486879468 -777.2968239772395
1417.9133128926028 -773.1408908613771
1446.3594097457606 -770.9510087157904
1475.7764366529414 -768.752176595258
1504.2279426155094 -765.9257775102699
1535.5875171636264 -763.6726897901021
1563.4388515661035 -759.1462029238265
1596.7622127681898 -756.7294337315251
1627.4545944593294 -752.489563364981
1664.5889381509564 -750.6128609246387
1700.9154783184963 -747.6968206543086
1739.1718371162267 -744.9465222294612
1774.7570538375178 -740.3826036948561
1810.4091848107357 -735.2105708930792
1847.9799653878404 -730.1637128241554
1887.48165996538 -725.1875504270142
1933.6096368621058 -721.976296171831
1980.7825694313951 -718.2961872631377
2024.2823953306238 -712.4582682196292
2074.4706146303506 -708.121224816186
2124.754263615417 -702.8963787416375
2177.978006859016 -697.696783451398
2233.199923297825 -692.1431229034847
2289.465480453514 -685.8919840702042
2350.611434991339 -680.0256478162842
2408.957033841187 -672.2551666644678
2479.915630747008 -666.815165077003
2544.204556340657 -658.3366733635921
2619.2248996764174 -651.3539167879945
2694.3349066318574 -643.0080955206555
2773.4148305414 -634.1885979210115
2860.3779590374033 -625.6372203226246
2950.357155774875 -616.1076637796269
3041.385538847635 -605.1239576223047
1052.3424143048198 -199.03879786389092
1043.3524478572942 -187.12474328691
1047.0491719186334 -177.5726093306731
1032.8840754383934 -165.12566943323884
1050.2237234535799 -157.71534705062436
1035.8254889424118 -145.53884861855198
1024.2668867916107 -134.03859377888807
1005.6354193565795 -121.9278611947095
998.7941246793833 -111.5136606248061
997.815476024324 -101.84927985190554
1007.6784915544088 -93.42407429903366
971.639498681011 -80.88068127132439
990.3078908647159 -73.07038586922823
970.9921304344792 -62.47625656448429
966.5439109992498 -53.07417554964202
967.000008109432 -43.98845662623857
967.3706994143482 -34.898852625763524
958.6591509661697 -25.56623298068495
957.8572314728656 -16.538564482362432
957.9703582464673 -7.536094554545232
958.9988755443538 1.4685723219838585
958.9427246413065 10.480975980661578
953.802912508616 19.390824894298586
949.5803285605355 28.23472349546792
955.2684597000941 37.3921101598945
1025.7913109437413 49.81150863325283
1093.1638692286028 63.38576348952771
1091.5221738364096 73.58902107949758
1091.7794568272577 83.92030534964852
1089.9462837761382 94.09090541909859
1088.0184627965812 104.2344694127831
1087.9853443512518 114.55954991570275
1087.8541664283032 124.89320471739701
1085.6400483100904 134.98772353538075
1084.3235201781272 145.18437790793698
1082.9112241840821 155.36820954150323
1083.3802563331512 165.84094846423096
1082.7608958743713 176.17560093647785
1082.0428870399735 186.51324512269665
1081.2261190339673 196.85293881155286
1080.3104900647934 207.1937379747906
1079.2959073696736 217.53469685333638
1077.2039004076175 227.6680850418341
1075.0167543909818 237.78136549923232
1070.7860073349416 247.42337499859255
1070.3578262578715 257.9440322405705
1068.8563797392314 268.23504523224364
1067.25595643816 278.52059788688587
1063.6261705559164 288.27655004969887
1062.7953925768736 298.8008592982439
1058.0589954929192 308.08304409122337
1035.9066901751514 312.4441218047841
963.1768188859187 300.61838859391503
1059.2235580675251 341.78129561866325
1059.6906847640687 353.1920902628757
1061.9272440913965 365.29375611479014
1063.0861651453395 377.1363221390587
1062.2367631597078 388.34785823020434
1060.3339655581187 399.22535175486354
1061.1173763186798 411.18598428759844
1056.194871695916 420.97671313654354
1053.0329333461887 431.4691660922267
1048.845143931094 441.5516550214284
1041.80714490202 450.40301156975147
974.369296945191 432.3892611646757
931.95171838386 424.31355693799185
905.185850326009 422.6577532349076
874.0296559700462 418.3696457498831
858.3042737010405 421.0104199975688
848.8645326022704 426.53136495447677
829.6172261599118 426.87733373737933
806.0189868182166 424.56376775289675
769.3395191017295 414.72003128414195
751.3149341624945 414.35476310090434
744.6922625243963 420.06955868795785
734.5644044117281 423.69698579438017
726.1588417207165 428.1849326994441
722.0176023604876 435.13168338057477
717.8099094404387 442.0383851082496
712.6897253791518 448.37189401097515
709.1967180838418 455.7291027124643
704.7920123942092 462.5118585131853
700.3224385656238 469.25204532478926
696.6137797487931 476.5136324011097
692.8301726472872 483.74719830664674
691.4149765303441 492.69293706074546
689.8916046427505 501.65583206362794
686.6533928489089 509.4429488069121
684.126467647384 517.8175125121908
681.5018370471759 526.1903135761097
679.7370360476375 534.9603366841067
678.7545479187432 544.2354855020228
676.1104329878235 552.2713847421554
676.450948229266 562.8624295862417
676.6544651671558 573.5047818190798
677.4770414597726 584.8502870777388
678.8999089637713 596.9178449409793
683.8838325955104 612.3944019294069
688.6418885578703 628.0098321869251
688.0427940585956 638.9977414232706
685.8474836051156 648.6518551831412
684.9738431196023 659.7058694918231
687.5253362138882 674.2980884326902
695.5281208375784 694.6435295344994
739.6749737489456 752.2671953564748
707.8107480837497 733.0518023285412
646.0838875156953 681.3931393055013
645.3243775882927 693.0840120001923
641.0315752109484 701.126607384551
619.2766354211642 689.8010211803419
601.0876665256978 681.8904729871883
582.4398607963923 672.951564791612
556.2344117385372 654.5871058903341
557.3169078478434 668.0552853072254
551.8641829519445 673.85972099153
528.1819910372584 657.0181004690186
531.4888052488293 673.5604277978124
525.9658805436152 679.1471802959794
522.2005735589565 687.0775509174324
515.9430478221386 691.7888199472454
512.5957602114153 700.4781128724018
511.46579844582527 712.4126171118634
512.4642022496967 727.6540671312035
522.3211869598686 756.1359518319665
533.3846195134448 787.3384581401431
1258.825320343877 1894.9891326498778
1232.2965729184518 1892.0912124877698
1190.857558679639 1865.2686870624218
1063.5460943514904 1699.6748822023847
1012.5300764274526 1651.2879350161245
983.7910166159656 1638.3150599398532
852.827932167445 1450.9216099138505
811.2427119909155 1410.3241692042382
790.1156666740696 1403.9366913348301
769.1808230821225 1397.2780186500854
753.1813708017952 1399.1564682611909
739.5432590501789 1405.2828071222675
723.5696656447632 1406.830103089469
710.7755107839452 1414.4564939473473
697.0207021878349 1420.1711659942887
684.5177194607979 1428.4577318717513
674.0387817219389 1441.1636689615807
662.551047179486 1451.978687819269
653.3588724096344 1468.1863586900713
647.9000571596002 1493.5225193925223
645.9156741986139 1528.0948733061539
755.2560192989494 1834.6237612417171
738.7380845101516 1843.4918070049218
719.2142173342313 1844.7576831617505
685.9074250249673 1809.3523715118674
624.6392036462772 1695.6045722007666
591.846065979847 1654.3177549020559
546.1092044384724 1572.8921567696812
499.40363869234557 1483.1793572123518
483.9024133841242 1483.0503883284007
472.36407276826856 1495.1575779019995
464.73278900551736 1520.5668136662568
645.3372902464769 2184.6793315764526
620.6788672187115 2176.2184503831636
582.1794472049651 2116.3865647022335
574.3189131265443 2167.1921433101274
549.2475059359152 2154.0789626249025
504.2464772305078 2058.1293667310183
446.6816864768446 1900.2051128670826
426.18137783496263 1892.6091601772123
405.44233809112546 1882.8416052560558
387.54175811636765 1885.5864832237407
370.3938502415253 1892.086783343528
352.6093165227887 1895.4816458888047
335.8355756078434 1904.6181943256104
319.1487132227193 1913.5684202160849
301.96172146458696 1922.4294834323946
284.19809625993787 1928.1681571072133
266.21642442891545 1932.7518763059793
248.42758125672054 1939.1515507744452
230.6591130612071 1946.3803260313277
213.75059623392127 1962.3931009381486
198.9325576398443 2002.141313072299
190.98483333456113 2126.440639527981
171.65890513848444 2138.1202539349038
150.92891515135537 2132.6660457209973
130.5009952476899 2130.005983615859
110.29206110633918 2130.1466290509006
90.0921511570223 2130.0956326653272
69.87027889959819 2128.8537159998787
49.72666696288234 2129.4194651577604
29.63415080632414 2133.7942302635433
4.337716397693612 979.9904000634154
-4.893614037075306 971.9876812705273
-13.944146975660033 961.898934797789
-22.732375235758077 948.7276949241761
-32.34181148671134 967.4595636148097
-41.921875359952345 977.1010983344071
-51.5302823533571 983.6511729269595
-130.56154718142085 2109.9643794144
-150.4462820610103 2107.637282886697
-170.37931134565602 2106.1196286691265
-190.29709045677134 2104.4134616000933
-210.19783660990183 2102.518934393818
-230.07976854516343 2100.43621662411
-250.05939400645778 2099.158474119837
-270.03542595052625 2097.6906036715036
-289.8690004624234 2095.0419954194035
-309.82304882460846 2093.1950884752773
-329.612311895118 2090.1702619277585
-350.0325109935221 2090.903450962662
-369.79829400942066 2087.498316585602
-390.26594152719457 2087.838234845768
-410.58002215809074 2086.9961776209993
-430.50843643942096 2083.997717406256
-450.2353655846346 2081.871301396143
-470.4875932452857 2080.463992623342
-490.52344622778213 2077.8863656852895
-510.55244490861315 2075.115707857718
-531.3168701874863 2075.0581638725635
-551.8682421068895 2073.826763100971
-572.177215854088 2071.428066252233
-592.4898971435334 2068.830520314036
-613.3730673604438 2067.9512760790185
-633.9987375387489 2065.9057579665323
-654.3378188341967 2062.701631075931
-675.606730424984 2062.1482841455563
-696.9231120255745 2061.376767096347
-717.2971767186816 2057.5533432383736
-739.0132280612802 2057.2932335353767
-760.093983109978 2054.930202425379
-781.1956402485075 2052.352155858425
-802.6805387620357 2050.4896860732288
-824.5727510812575 2049.331788211535
-846.8961416578794 2048.8669857374825
-868.5022915798917 2046.3217658815236
-890.5347727681263 2044.467612482727
-913.8330220861053 2045.1183847750663
-937.2221880401719 2045.5108335682785
-961.124551935585 2046.5484591542465
