-58.05903940667797 118.54597396442367
-56.91494758583125 113.53276505618139
-67.57758329150892 131.67106833499597
-930.9707217516309 1772.3705919590427
-907.4954949942427 1688.5914030828046
-912.8674754512642 1660.6317991244282
-54.881302849492975 97.63218013310076
-60.7871038316333 105.77772926170344
-59.25505609584897 100.88527309314175
-66.89883978642217 111.4654441305942
-772.0473719133412 1259.1552150238283
-847.1135685905415 1352.6324711131986
-903.0035309098913 1411.9350633666795
-920.1777155446644 1409.1706680934722
-938.4896437401544 1407.8711548264912
-963.0470101788987 1415.4449675580765
-984.409316188938 1417.749730453308
-989.1361728813279 1396.112685816471
-994.127815223433 1375.3250114060618
-995.8475534108235 1350.5449457036507
-1010.4114755353521 1343.4394850928243
-1029.190421114433 1341.733236186052
-1229.783949715936 1572.147396722417
-1260.8479739396666 1580.7423530140002
-1284.612702080724 1579.577856787332
-1307.8296322211559 1577.3340334514678
-1327.8910213601496 1570.9724489599105
-1348.6016485879848 1565.1292577374463
-1341.6039611901465 1527.4775976487863
-1201.280934332318 1341.8364717094528
-1197.7728074702163 1312.6573435915848
-1224.4665140986615 1316.6190625427964
-1457.0323374875964 1537.199000622701
-1472.2368713003912 1524.0339874109225
-1473.9929044567568 1497.1793204593544
-1470.4151310740867 1465.4880901284648
-1469.9452648063086 1437.496754247992
-1474.8504794276043 1415.1862292052467
-1483.8340447205505 1397.0256002408298
-1521.9882234953666 1405.9643834540823
-1573.0392391285777 1425.7196611402203
-1570.5007284510084 1397.1154075218167
-1569.3718556706845 1369.6572485949735
-1566.3453428853686 1341.0467056822881
-1561.3870928663744 1311.331897816221
-1546.745599273329 1274.2033005484604
-1524.542069330888 1231.8163332414026
-1289.2786167264487 1021.6582836016819
-1273.6471278337935 989.7433979374292
-1267.0731434042077 965.4919208692427
-1252.9449960329132 936.0688206088712
-1252.0895494057404 917.047305360487
-1220.9306311506618 876.548569058239
-1227.5573088534761 863.7731493166544
-1236.5213688304282 852.6540356004443
-1242.0704714148362 839.2031601700071
-1251.6452396695308 828.4836715425373
-1250.2203002258557 810.5857147169394
-1267.1415920066531 804.5826158989796
-1274.7189796018731 792.5228848700581
-1282.1815950616763 780.391797294856
-1290.387879575264 768.7022311957045
-1297.6237629182524 756.4235387069039
-1315.1668556128484 750.0214276255133
-2122.1963092214423 1183.7156859342913
-2164.937607018084 1180.7629557700454
-2206.046263746478 1176.1632039008039
-2162.1229365915483 1126.5293636052013
-2034.5808380104875 1035.6494646358594
-2045.211649232352 1016.7424992810535
-2034.9751503205543 987.6842296897515
-2013.528272873112 953.7755995728884
-855.1092539597632 395.1609340412805
-838.7629418240849 377.99038006622163
-836.8184763424134 367.60146579136716
-838.4301964505031 358.8576398517535
-868.5652241974436 362.0434384363903
-2021.9127107981658 820.361499531038
-2080.7645578758024 821.332974309394
-2106.2026651793076 808.3602743774468
-2108.1563741047903 786.2421397517073
-2089.9714667737076 757.4617271332977
-2082.8734762146632 732.7360248284808
-2091.5853632012686 713.7020866175308
-1268.4289181089114 419.5045645819086
-1265.663170489426 405.38591350299106
-1276.1170074614215 395.50143269994186
-2289.4462951454097 685.9560201973278
-2194.95272989057 635.1436951949801
-2140.1664424988285 597.471002143123
-2127.359392264393 572.32072838966
-2122.982582250807 549.7217072844188
-2127.103125424138 529.4301595214076
-2123.248814161454 507.25089764531606
-2139.636451870513 489.8784071858663
-2214.494587272379 485.08012012587835
-2226.8022182998825 465.80777212786154
-1341.6003042773825 267.45583478928774
-1336.2034409434752 253.29896251429207
-1326.7227117865573 238.55994221520933
-1321.0272331254926 224.6932338563079
-1298.403459992326 208.2629469683857
-1268.6676577578755 191.2364352291321
-1263.4837636371576 178.28286239928732
-1264.1177846707435 166.2264313493248
-1263.6442159304472 154.0528985301008
-1262.0598957299585 141.79146515247857
-1263.341230834987 129.880462242555
-1265.5058327166687 118.0507829711046
-1266.5630746090424 106.10833160920691
-1267.5076193147295 94.1564388616443
-1268.3393827893326 82.19616819277462
-1271.055235620003 70.33909299229441
-1271.662178208947 58.34641816664192
-1273.1553068749593 46.38496066753016
-1272.5365667543704 34.3465612980346
-1274.8036268725807 22.37661530513402
-1276.957918759963 10.366953082940526
-1276.9988965768007 -1.678732150705038
-1275.9263063942703 -13.713520739571926
-1276.7399814156654 -25.768582706975998
-1277.445742265583 -37.634765410896975
-1277.0377279099855 -49.58469012207129
-1276.5179298854057 -61.530274508394314
-1275.8863936916198 -73.47047293024058
-1277.1387038339844 -85.5378931775277
-1279.2738163243755 -97.71132414857307
-1281.2926742561003 -109.93217407861331
-1282.1990812527133 -122.10452913261584
-1286.967967645237 -134.71989554289547
-1287.638320226069 -146.98148279762052
-1287.1992734462701 -159.14468398094314
-1287.6365096834918 -171.44450685313566
-1286.9661213588652 -183.62516841249953
-1286.180437271679 -195.80828067176466
-1289.2279838880343 -208.63174628995054
-1291.1621140233071 -221.36032912621073
-1292.9705767377116 -234.1433058845583
-1296.6170954568074 -247.35421518371672
-1297.1876099219971 -260.064039545756
-1301.5479723782064 -273.62908397716024
-1301.860898690685 -286.43882498760894
-1304.971566066313 -299.95034882199207
-1307.942854936275 -313.54503380080246
-1308.8330333564818 -326.73703615426047
-1315.3980133199527 -341.4806971908102
-1317.938742777176 -355.33430778200494
-1319.3718372896349 -368.99587391591933
-1321.6247265519978 -382.99357979782997
-1322.7728432715205 -396.77828204600235
-1331.4191484443263 -412.9879552187751
-1328.4493226754134 -425.7316021664767
-1297.825004234783 -429.3474797678282
-1173.5564081470795 -400.45643570421686
-1130.1375905142665 -397.4833663269545
-1098.1630952641415 -397.82133703445345
-1073.779513009239 -400.3917549621137
-1056.915129326079 -405.4064742966464
-1040.98232691739 -410.50797196358593
-1025.047641116582 -415.3472444128295
-1012.8075885154416 -421.461491296104
-998.74013935993 -426.5139318138475
-984.6578910417301 -431.36276799145827
-976.0457984613438 -438.4456628887528
-968.2958384966568 -445.8241459926285
-958.6845097933815 -452.2433091624726
-952.6396284683927 -460.26268398774465
-942.9433122432712 -466.43532230705773
-936.7837067252723 -474.27448467533964
-932.3358685021068 -482.9594478881456
-927.8075137948866 -491.6027027445549
-918.802847797494 -497.82158137149406
-915.886509475891 -507.3075021720738
-912.0028325967877 -516.2894859818817
-907.1656229783501 -524.7423486686604
-903.1109962170033 -533.6586254450796
-898.1127607778106 -542.0281071384205
-899.8475417818648 -554.5479253852952
-921.7404436069257 -579.9271976889061
-928.9328039016061 -596.5734203226792
-935.0579254746871 -612.8545308692551
-930.9848234089261 -622.6293107317151
-940.8532428375516 -641.9627523790325
-897.0919060812251 -624.3998014441983
-839.0639992141598 -595.6614854283767
-841.5923653759002 -609.2973744740718
-845.5480948806207 -624.2190474855383
-840.5097392009001 -632.6510715302985
-841.7343445733312 -645.9135338152503
-845.1473730877522 -661.1012916058112
-850.6956688983357 -678.2778773611985
-853.6685111175658 -693.7218989813703
-869.5198339021791 -720.1223912993727
-919.3416132196344 -775.899476867152
-921.1897257554259 -792.233860146512
-931.0858350340702 -815.9186036602598
-936.8901459717782 -836.5242700489806
-936.4730516770084 -851.9238366677805
-944.6511122473798 -875.5445597625447
-930.6573609529598 -878.7928518735641
-923.1713009026826 -888.0967003596222
-913.4688377727059 -895.218231727986
-928.2429209659813 -927.2049825559303
-967.7145986779652 -985.2357360071469
-965.2197551633891 -1001.6146086406325
-943.2637221281652 -997.6886039826853
-923.5114808540196 -995.6357490221089
-905.231046197294 -994.7772378781858
-887.0516579346289 -993.6615903593266
-870.9529925556258 -994.5475779259633
-851.0089242571778 -990.6663468770105
-833.7963203176496 -989.5553022569014
-816.6828982066262 -988.2069842785091
-799.671609172038 -986.6231892086277
-784.6320692621987 -987.1542513129953
-770.2702944702022 -988.2776297462106
-752.9228463303479 -985.2447348115124
-739.3014677414977 -986.773702423847
-723.3519540221223 -984.9091077923777
-708.6741931733031 -984.4541065637178
-694.0712886424242 -983.8094562882818
-678.9768584457811 -982.1539724987613
-665.6599220485759 -982.7847517021639
-651.8401183244571 -982.4181696929052
-636.9983516748784 -980.2010507867699
-622.7954437455192 -978.6346791575608
-609.7383490508471 -978.5847667405965
-595.6976842112655 -976.6679420485426
-583.7995859155044 -978.0076909129527
-571.4259456757869 -978.3462519008966
-557.114776110996 -975.0651907635688
-544.8696935609319 -975.092824831983
-532.6749557362944 -974.9760979282194
-519.1189879254629 -972.0696869953528
-507.51775686538565 -972.5403469606428
-495.9549188020882 -972.8785733666942
-484.4319404419948 -973.0851427699447
-471.63895476299547 -970.4626197592926
-460.2258258210013 -970.3958930495211
-448.4371198543673 -969.2926026421123
-436.71147754478585 -968.0532451165328
-425.30050449082665 -966.5689219501361
-414.4931483185812 -966.9019753816572
-403.7182191200134 -967.1171591645785
-392.9769787643034 -967.2151230007108
-381.90311170805546 -966.2665332441688
-370.1658134475921 -963.3282257645534
-358.8692164552338 -961.1913885802383
-348.66965667984306 -961.7476126878405
-338.1603302990141 -961.2536559160967
-326.7236629998229 -957.8077302026634
-315.3836015869807 -954.2317243992806
-304.44633204027684 -951.4796008886483
-295.06863527999786 -953.3826621425416
-285.10926108260173 -953.2773516899124
-274.90137697033146 -952.1083094584437
-265.0100037842568 -951.7949873235665
-254.89061154986788 -950.4140024977191
-244.82170899881152 -948.9269364934802
-235.04497390276953 -948.3052568888598
-225.53370941946156 -948.5565591547495
-216.26108112923436 -949.6879196814156
-206.98739421875007 -950.7287829000086
-197.3067125927158 -949.7210438680694
-187.66409692628298 -948.6154050640558
-177.8758213279286 -946.42970800103
-168.32165658386114 -945.1284674185117
-158.97444440636428 -944.7174847676356
-149.65038575643482 -944.214362336726
-140.49750397710088 -944.6086233865349
-131.35071395804255 -944.9142765048649
-122.08263435814861 -944.1397303303016
-112.8412731603308 -943.2745343067179
-103.40889123234454 -940.3311125417988
-94.24257082745167 -939.2839495295514
-85.1056219902141 -938.1476606087439
-75.91805932329528 -935.9259843965144
-66.99463763982861 -936.6070245986349
-58.06513048756823 -937.2029879494952
-49.02570499895801 -935.7165597815159
-40.01989659491384 -934.1431409995646
-31.323330883170787 -933.4746107647403
-22.383792969997366 -931.7311660625485
-13.494803362099697 -930.9021915766544
-4.623635044216618 -929.9885063800401
4.238009796034671 -930.9903540171449
13.076090995645192 -928.907969523501
21.92209037871546 -928.7413105668486
30.766101385983927 -928.4904129852432
39.56468748710549 -927.1562087933444
48.3406550180799 -925.7387218175672
57.216528061538554 -926.2344567746242
65.96390556514591 -924.6500760626111
74.76695575696533 -923.9799252834641
83.65336815763843 -924.2218965139717
92.35191378159804 -922.3882718361483
101.35041913106343 -923.4549759148833
110.14048279746426 -922.4478706404723
119.04856572047655 -922.3488705473095
127.82729260087464 -921.1732645199438
136.7413010258604 -920.9032612569873
145.50545804985686 -919.5592214086602
154.58779535940815 -920.104131892645
163.34353240104522 -918.59016455803
172.63778008804366 -919.9414094855564
181.97253072188474 -921.1986745879917
191.34683470250258 -922.3613114443456
200.334845432235 -921.4743348057191
209.32329791284283 -920.499732184041
219.00438935802669 -922.3562638383922
228.25919923931218 -922.1701241976059
237.03127099505974 -919.9544426603236
246.0405612882376 -918.6212724518026
255.04593402064248 -917.199853652157
263.49238710957496 -913.7684399974087
273.0414672909031 -914.0920944519926
282.6205336025701 -914.3164845862719
292.22855896816935 -914.4410693551483
301.55104610704296 -913.5157177584565
311.84983284357895 -915.3352837924647
321.5474978679547 -915.1541982719949
330.6993720138163 -914.0141822475555
340.14489291634214 -912.6759840287955
349.2368932478466 -910.306867157769
359.41607523418213 -910.6377352511023
369.633562513772 -910.8567557324135
379.88814285654627 -910.9632258862068
390.17859409230147 -910.9564559912593
400.5036842487225 -910.8357694465011
409.6283513555155 -907.8659668507033
419.1528411285466 -905.7123692287014
428.6736091636439 -903.4594273162551
438.6269394604301 -902.0063236915671
450.37535042467647 -904.0254663060382
462.20249967601103 -905.9016774977554
472.7177364596602 -904.9745530325454
483.2575056635773 -903.9287489729584
494.3003984074536 -903.6410327858251
503.4288007507634 -899.7335397631058
515.0108444035767 -900.0737915008497
526.6454053100396 -900.2741899365016
536.2781226826754 -896.9006495325697
547.9800221359523 -896.8382771380141
560.2592702452098 -897.4817826030257
572.6008775848557 -897.9717339588441
583.9115997902849 -896.6310521225273
593.5878307970585 -892.6575419104701
606.6115033556779 -893.5448975829722
619.1367467732691 -893.4420455715148
629.9830929913239 -890.7313301692519
640.8341554693625 -887.8944673686558
655.2464085762178 -889.7624087631306
667.9508010860488 -889.0364038263594
678.8761715582355 -885.7669804697132
692.8794853602822 -886.3086475753639
705.7082326956588 -885.0988025670185
717.9461770565879 -882.9480657716117
730.2073949395791 -880.6436057654388
744.4269902136053 -880.4756988364375
758.0570070026797 -879.3580466079441
771.0733655083787 -877.3083066992938
785.1784744436166 -876.8259595098647
796.82765029703 -873.0347620353465
811.8807603812347 -872.7620700527655
827.6877451280532 -873.00744359074
842.1819551506435 -871.5925392169438
858.8281554110883 -872.1182256283762
872.0173769895856 -868.8766852829018
888.7971043237742 -868.9584036912665
904.9343699708056 -868.1070130148363
921.1346836092799 -867.0270437835441
937.3951549694518 -865.7172306473964
952.9718398739842 -863.5048768867454
970.0849188560604 -862.4031830924737
989.522881485888 -863.0257626605738
1005.2596817061981 -860.1057913628728
1023.3272794611704 -858.8930545246012
1041.46136181314 -857.4142708459661
1064.3266000103786 -859.4375419484232
1081.8349408683598 -856.7573522978092
1098.5975085747891 -853.2083650277145
1119.367106695069 -852.4472303017413
1139.4186167211524 -850.7697784179077
1160.344787904604 -849.3785806003234
1180.5333755043875 -847.083200943223
1204.0535441543643 -846.7815909721434
1223.5557872356999 -843.2717447667906
1246.4136150929824 -841.706065150325
1271.0184176471432 -840.885356039545
1294.0398239553178 -838.5850785803966
1316.2862070599276 -835.3871085333966
1341.135067149055 -833.4253005897409
1366.0635376148657 -831.0664300759347
1393.643953765997 -829.8436781294895
1421.3222210456386 -828.1715667432038
1448.2235273653796 -825.552914588385
1477.821491056414 -823.9585187203282
1506.6394633608877 -821.39730182392
1536.422328896073 -818.8329666480018
1567.1769501401288 -816.2385723239769
1603.3659550934703 -815.854529954454
1636.8287752139784 -813.8645837186355
1673.1967840216846 -812.4115471480521
1707.8724237917922 -809.4885941454326
1746.2691808648406 -807.6632639668825
1781.133810626178 -803.5411306487492
1818.8190248586475 -800.041470682763
1862.1079182771177 -798.2669357361982
1903.6755997632208 -794.9768618432496
1951.8275602770696 -793.6108460340388
1994.5394736150545 -789.2004106634653
2041.071043436718 -785.4921996074486
2091.452260873436 -782.3787065656845
2143.8313699119535 -779.0687115918828
2196.329221854381 -774.8412413059399
2250.825423957601 -770.3414248669783
2308.2744495871425 -765.828352428385
2370.593454352715 -761.831132325309
2436.8560837677983 -757.9158442755161
2503.2495151377448 -752.8199419267837
2571.6779835470247 -747.0986206248198
2644.0663341794234 -741.2349293300913
2719.462195456239 -734.8566986047908
2802.7081827433713 -729.1384247064125
2890.930945964692 -723.1308772716662
2976.3643557221235 -714.8260081913851
1031.0248037615715 -237.38545454263365
1044.9306118344034 -230.26075751499567
1046.0713993586048 -220.21722785452167
1040.252666659986 -208.79508975736928
1037.25906800425 -198.06470115332232
1050.8836305614243 -190.4405288220963
1036.858494703344 -177.8439258493682
1024.6650762417264 -165.8477661306811
1014.316174264714 -154.39785822670734
1005.8235550331033 -143.4397997090407
997.2154133344361 -132.65526528649312
988.4942630285971 -122.04545038448009
980.6562028123947 -111.72471474823864
975.6960190628095 -101.8738356251783
971.6333392629109 -92.22068115561304
972.4466369446749 -83.20780188775481
967.202449344918 -73.61672351572896
966.8533360250501 -64.46414986045752
962.4242458046359 -55.09601698287855
962.8992036571075 -46.05565759500388
962.2899816922513 -36.972843205879826
961.5951752492247 -27.90553596354676
959.8152143632124 -18.834921738643423
965.9494527458517 -9.882041286581405
991.9996507714696 -0.8323876994253108
1099.9597766229595 9.406902336539178
1103.822292276503 19.80775286210394
1103.5876092152573 30.172649644209333
1102.2562761425304 40.49816914876292
1102.8262995167086 50.893546686030206
1101.3012801091074 61.19224158372929
1100.6780749109319 71.53163922604566
1097.9633182413309 81.71628844046934
1096.1510221583105 91.9398532807776
1096.2349715933497 102.32246603619217
1095.2257442357457 112.61247339108222
1095.113681089251 123.00416859257429
1096.8882627042904 133.64557284685387
1095.5848576275264 143.9403339487328
1094.184834020253 154.2224010968296
1095.6548899609566 164.9374490667424
1095.045100318626 175.3773881324793
1095.3216577039896 185.9878118710595
1090.5739688011586 195.7355833089368
1087.7051973280181 205.78241835885032
1086.7055559464093 216.18287322358702
1085.6064145976745 226.5826837699248
1083.4307535196428 236.7674013200695
1080.1846498759712 246.70857741944315
1076.8474677620359 256.6096864393298
1061.7731668421122 263.578721019114
961.4592106873016 248.2844863952455
1076.9184568707444 288.91458469785607
1078.0113137192611 300.08766634647424
1084.7538112196257 312.9699171557813
1084.679941496813 323.8725436255292
1082.4947148915267 334.50589267143295
1080.205235035713 345.1270058999149
1080.6603777503847 356.6751294390959
1077.2068224760726 366.9733799759908
1073.655131580959 377.238198529621
1070.9458796227068 387.80913207291366
1066.2586461027784 397.6638022388636
1013.8683431759611 389.1875932061961
957.0908185167023 377.9129067801589
935.8353617106552 379.88442422911623
898.941129198547 374.9411236917623
880.6139691617843 377.20423820143907
871.4810558983745 383.17720340627545
854.1110081677886 385.3094674759546
823.1673243003582 380.8471559617964
789.6785471193391 374.54477999231244
768.9792592615736 373.7591454740894
759.1105977049152 377.9617711516423
751.0141029112939 382.91881284202327
743.7790507776423 388.2186544002097
740.0397696742085 395.3000623583868
736.2330695192986 402.34545771785673
732.3592971106447 409.35419862950295
728.4188053563904 416.3256465834997
724.4119532429407 423.25916646748175
721.1976744623316 430.6668252258639
716.2006340786039 437.0098989100883
714.5427920259514 445.4128403669543
710.2589456381503 452.2125939654743
711.7790070103607 462.78682476853726
713.1613855783235 473.43092222625864
710.2658113083407 481.33821506972043
706.461688918786 488.6643859439896
705.0332157450276 497.6918370801608
703.4964776284571 506.7363278514318
701.8510211779767 515.7966111476804
701.6966273314705 526.0711389076952
701.4096031010844 536.3893815854108
701.7776172624745 547.3647558159038
702.9345472685858 558.8264688222171
705.6125705071918 571.4673221998204
711.2040607422775 586.747632277877
712.7478053878251 598.9587347345715
709.5698091559478 607.3439601530519
709.3133302340904 618.3490919797848
708.1674295685659 628.7351522686243
709.1164328522867 641.1629158481082
735.6453895790547 677.3668583500973
753.5495073533134 706.5777663977113
692.8718236521877 661.5834308603047
663.9052656891232 645.5275348040971
670.108558871496 663.4783488005971
657.0264104156348 662.4238039324566
632.855059438254 649.7256911523539
613.8078765865533 641.7038963885965
588.1126545398987 626.1026318184853
585.804735251003 635.0817365957727
578.011489609109 638.1408291904372
560.2423492071198 629.9027783355839
550.5643651328897 630.4346753199875
552.6398198102825 644.5077420481917
551.9286864224179 655.609430304373
545.3277187352699 659.8133669296086
541.216151615357 667.0577765311359
540.1328670832025 678.1928087914819
540.1235580962614 690.9381607563984
546.6229270523976 712.465701364402
556.3844114047071 738.9596651684298
566.3035003584051 766.4915821336969
1344.0453953079877 1854.0879092835364
1308.0627410470777 1839.2990147021787
1275.3208217756317 1828.1131807263816
1189.2444959852498 1738.083291666078
1075.9363929514504 1603.4718202458757
1054.7655703733235 1603.131495403617
940.4571760932689 1458.000445793716
868.9549446827544 1374.3337673619867
845.4034737113037 1364.3012741461694
825.2201440622969 1359.0848810261273
808.4948639150514 1359.8014763276963
792.121250370048 1361.3114723354797
777.7703756220662 1366.1102601198447
764.8592007907819 1373.3806475138952
750.4451849810953 1377.8944169778356
738.3641419697943 1386.6720570680038
727.107529490621 1397.1183344863975
716.6259738618689 1409.2580365520462
706.4247779382425 1422.2194040002776
698.2245857506449 1439.6119018170627
691.4703773492755 1460.5905371624349
687.3175792158651 1487.9232323278118
813.7477142173453 1806.1494006881173
796.6872390585004 1813.7393536893176
771.2921364118536 1801.8624920645968
734.2626048185494 1761.0571902028278
665.7265824592788 1640.0329622928584
638.8500989792387 1617.402717641533
574.0919692450796 1494.5298293604937
542.4909651336602 1453.0328808214733
526.3844726044645 1451.501080606184
518.6564266815278 1473.37690733293
522.195288239365 1529.3031357257485
710.1060557902256 2145.5417473286434
686.4934722879842 2141.664705901927
646.1308646327925 2083.0928701737903
638.8186944216728 2130.278544148016
618.7108276083454 2136.2052597538927
568.1361544366204 2033.1114848974632
505.78043573886555 1878.0870988385507
483.7897929005998 1866.3149349145751
462.7917681375528 1857.2075218844332
444.567713696288 1858.5694896717894
427.47645711359684 1864.6267397561387
410.09620959489826 1869.5499722863512
394.0964273689036 1881.1624081761431
377.3265920413724 1889.6967066009413
360.24424112873686 1897.0991241191327
342.87851160292456 1903.362899260402
325.09064874260434 1907.4960209919477
308.9790887843604 1920.3012583170346
291.53062510280665 1927.0731420024429
274.9641854009224 1940.6170917382974
261.44353584358913 1978.8034964507217
258.42298018398054 2108.220473127237
238.8383996792234 2112.5416490187044
218.98942011584845 2114.6913802910635
198.8401481400238 2113.6678063233244
178.89805042720016 2114.4454326260934
158.65910957341768 2111.0462540999356
138.56539815831664 2108.4517140388175
118.7592478285876 2109.6599823325055
45.13993836591968 962.9425662854046
35.83304882876736 956.3289144492261
26.710492645521263 951.6252148732891
17.47409394128746 935.8368746960824
8.685070057004811 935.959705093176
-0.10695735650152206 955.9999940168011
-9.198585813102003 967.9562934446158
-39.63672615478873 2097.6255456920167
-59.30507149896882 2096.1612315121424
-78.98707941281084 2095.5118804926483
-98.61507235954318 2093.6788358063714
-118.32846274415219 2093.658848739356
-137.91856784105155 2091.4574986465
-157.55293753541739 2090.070111712514
-177.2579420941316 2089.494824584295
-197.15379434400148 2090.724845926829
-216.77867189835925 2088.7812253584584
-236.60955998935358 2088.6406862171493
-256.33501600693273 2087.319180089314
-276.05650764562245 2085.811306083679
-295.77227336658245 2084.1170222200967
-315.4805504939248 2082.2363031750383
-335.0204963141956 2079.181874451918
-354.69924026862384 2076.929813198525
-374.5428098100434 2075.475531925057
-394.39031488039416 2073.8315456006894
-414.63202789663484 2073.9588427551603
-435.11608692443 2074.867222474627
-454.54971365097276 2071.7204342815703
-475.2560925426069 2072.1987468631314
-495.5466283509504 2070.5251843747287
-515.606043942695 2067.682617678488
-536.4093858346203 2067.5495086668484
-557.2562885520277 2067.2073986103132
-577.8752496278607 2065.692425282026
-598.7938687597658 2064.9324208641096
-619.174574123343 2062.045549147539
-639.8508383242902 2059.9125963728907
-660.847755850854 2058.5247736150495
-682.5049157003813 2058.8220030019147
-703.9030765076853 2057.9469038055904
-724.6804935118299 2054.9645209403134
-746.1473693289165 2053.6526247745837
-768.7052522867099 2054.9277931613133
-789.9169733734846 2052.2261510799617
-810.7782255235913 2048.376837648975
-833.1445180424937 2048.021291895116
-855.9620159627059 2048.3478774927516
-876.8886044325473 2043.8303196244885
-901.8358698855322 2048.2519532000465
-924.4752347893597 2046.915127762057
-49.58564137543723 107.07597381946394
-51.45447837242476 108.40865581410772
