-687.2435620484056 1414.929428071598
-719.0324413050309 1446.1041969204457
-58.516546268314514 114.96440237233527
-51.740851231980066 99.33219172951993
-58.31550525847559 109.4317223041322
-59.81990544915765 109.75690826573897
-61.335525878433344 110.0634056588112
-792.4590396003415 1391.1181368078358
-803.9881139339632 1381.016695283916
-819.4872172077995 1377.6972457085835
-831.8790603778341 1369.0804318610692
-1005.0029288048286 1619.5076761453515
-1028.2070239106797 1622.6617996307002
-1049.3858142902977 1622.1631893142837
-1070.094489911198 1620.5745224029943
-1091.983191165329 1620.3977012487967
-1112.829260470973 1618.3037530203121
-1092.3799927286695 1557.0195732508028
-996.3842641908244 1392.179010785937
-998.2209515010737 1367.4077416719167
-1040.8865298361409 1398.0716119017925
-1232.9683792363899 1623.9796722259764
-1242.6663900711276 1605.2041125625087
-1242.8275595364412 1574.6160348658634
-1246.2863019369263 1548.8429402635957
-1249.3713877889545 1523.1451458657189
-1257.8574802887783 1504.4319723010294
-1270.64303003205 1491.0222299586856
-1304.271499596529 1501.6646947105805
-1351.4666578733509 1526.7805581211187
-1353.6986449411993 1500.6468534216706
-1348.792213018976 1467.2452303890352
-1354.3176678005032 1445.7470922272007
-1356.7969753929426 1421.3820624886762
-1358.2416684660518 1396.3823151424383
-1355.8175809192303 1367.9308050008692
-1357.9542504569276 1344.574748262797
-1365.5100543646774 1326.8753865487804
-1392.3933910774513 1327.7863700474697
-1421.603626698585 1330.3578949130306
-1450.2471491728636 1331.819885088063
-1482.588402615539 1336.393515559659
-1516.8604952166497 1341.5510568185991
-1546.8284144135648 1342.246570628071
-1575.4202042491827 1341.1980390842596
-1079.141066537844 901.2716341434277
-1093.0155538458637 895.4808758711824
-1132.5995789673534 910.1797590163021
-1174.1264701082173 925.4469364535266
-1160.6571706421182 897.1978222426942
-1139.588905936166 863.8501753586744
-1826.677258397398 1357.7283210030516
-1862.8496282974977 1357.5036877857365
-1899.9921463709568 1357.2968885725352
-1942.2094970091991 1359.949730588331
-1982.9945538275251 1360.7930039099901
-2029.7749455478513 1364.891816381876
-1961.5674393720326 1292.3057613411181
-1862.7699045823508 1202.155265588543
-1873.1896410636743 1183.9833481142136
-1871.5280562593282 1158.3538900673582
-1868.6954201801298 1132.3437758021228
-1864.679627068855 1105.980962039743
-1870.712373395897 1085.8196056544064
-1880.8788796169154 1068.1121852179278
-1890.8777793928314 1050.3095845504006
-1868.194911847107 1014.7530592950089
-765.7374505686417 406.6142604442655
-758.0029793647908 393.3795664165852
-756.3312076668919 383.4932910875244
-768.8788789205122 380.7745652613057
-1952.7042731462766 944.1964952467637
-1947.0606768412038 918.8926600526709
-1952.0146889454763 898.7990065309903
-1999.6386343985625 897.9472878853483
-2037.3401772914847 891.8637799540363
-2064.064664740576 880.4391289404241
-1182.0513753770288 491.07488835133324
-1184.7802125606509 479.1449132827549
-1196.6948755431931 470.8687448203175
-2022.9807306447947 774.0187100063231
-2011.3255394554087 748.2550195851741
-2007.9183148759905 725.595645511715
-2010.8691894610513 705.3836565134284
-2019.2980230961225 687.1131594723616
-2052.252485137993 676.8904913240627
-2108.052527986428 673.411864500493
-2122.8819799211183 656.2439327919097
-2131.825396860335 637.1385071562344
-2138.675403585427 617.3682192166295
-1268.709218376688 353.36372084017466
-1271.0058320659268 341.1746984382064
-1264.4716708454034 326.72219641376324
-1260.690536689365 313.1459255712597
-1246.0665055168306 297.11826572776397
-1222.4803898153525 279.3880751157854
-1205.5118815413466 263.6230328758141
-1204.9977239424222 251.67734362389848
-1206.3272869236346 240.15510992577967
-1208.5293422217376 228.8161466966308
-1211.6090663483792 217.63379871336406
-1213.5993957051649 206.24622843596094
-1215.4826989476119 194.8404695103894
-1218.2476473652032 183.56652660315675
-1219.9177651873852 172.11811694361498
-1222.471760966768 160.78492976274032
-1222.935113058366 149.17677181425228
-1224.2820770102805 137.68585951866405
-1226.5158138833806 126.28522595295316
-1228.6433091876704 114.85477259727014
-1231.6606890006544 103.47921129595596
-1233.5753632228648 91.98273343175272
-1233.3868746187109 80.32943120854506
-1240.0775592068544 69.0771101854316
-1244.6672893076416 57.61370433818069
-1246.1527654651875 45.959603169148735
-1248.5286595019932 34.31015013310546
-1250.795478911995 22.620122309864033
-1252.9526711260662 10.890542596939994
-1253.9996934275698 -0.8768600575497177
-1255.9360627144524 -12.673056983973035
-1257.7641974148205 -24.356184049484767
-1259.4834834273727 -36.07429796477505
-1264.0912740836545 -47.940074943238464
-1267.5879890525257 -59.84722223941732
-1269.9738235574093 -71.76689681861713
-1272.247339001223 -83.73594451791489
-1272.4134466302658 -95.60345618484615
-1273.4652265023205 -107.56540749419989
-1274.4044043564843 -119.55506746597807
-1280.204155046821 -132.08452369924134
-1283.8930732896154 -144.50804946073578
-1287.4612440903575 -157.01128929255037
-1289.9160264250029 -169.4628123569631
-1294.230712394982 -182.25219640261471
-1300.3964070175698 -195.43332524366284
-1303.4658358597228 -208.2710127370449
-1305.4226069925564 -221.01542288437156
-1312.1766611184198 -234.69429054861092
-1318.788522471543 -248.51726901228494
-1323.2942115070018 -262.0943146885533
-1332.5564211921478 -276.79303520785135
-1336.7729480532594 -290.62361458250064
-1339.8718136839227 -304.3345575109
-1338.9385822640452 -317.2057265005606
-1351.4741038382763 -333.4392698146513
-1350.2616328904894 -346.4527713035488
-1286.115802330234 -342.7347998036651
-1186.4978291958344 -327.99984956333805
-1156.488204831364 -331.2763681368301
-1124.6046546113846 -333.4567000772491
-1104.2553520944678 -338.5928489657202
-1087.722192044135 -344.5887881732394
-1072.124389819775 -350.61844325930093
-1060.2995168861003 -357.66735172657604
-1047.492296537191 -364.1989685532369
-1038.4217299623888 -371.8727077131635
-1022.7314019037586 -376.9886995122965
-1007.9715644696017 -382.2006347727638
-999.7259442900596 -389.7140442854844
-992.3563562639279 -397.47938585866314
-985.8538510223426 -405.5221133605622
-978.346284540363 -413.13744386834156
-968.9475986606093 -419.8530112430287
-960.4230187562066 -426.8355948643637
-956.4028168092075 -435.76903515441944
-952.2995220276861 -444.6646155765497
-948.113490908286 -453.52156327753966
-942.9470423336106 -461.8992047560766
-939.4946815517357 -471.1164859522565
-935.0626521217689 -479.85293226884
-932.3201724549052 -489.47737029780643
-932.1224306509736 -500.5115126321482
-937.0590631212159 -514.4718769985286
-961.8727795805166 -539.8238193170536
-969.8111430384496 -556.2286821429258
-975.800575142399 -571.8166118186524
-973.0024358852233 -582.4279009125695
-1008.4851425432082 -616.5076781919306
-982.3356549469679 -613.1726192679445
-888.8712190914873 -566.4132377256144
-881.8765683003164 -573.5832269887756
-889.8226384447645 -590.6265081345383
-885.9347817615297 -600.0163018328341
-889.3534703180932 -614.5009396519786
-897.4826006809997 -632.557492624085
-898.8553923690863 -646.1485770386063
-908.1171449142569 -665.7321166300892
-961.1429741237539 -718.4735091097965
-982.2412161865752 -748.6168534199038
-998.1207050537564 -775.5327576208449
-1008.8783867945442 -799.082849683835
-1009.9452682984166 -815.3616099876417
-1010.0234044448196 -831.0936905510091
-1001.4667757942799 -839.8293261015654
-996.6361709000057 -851.7260961446318
-995.441143631339 -866.88922566031
-1046.407206505852 -928.5649994333295
-1054.0251885351097 -953.0330014923546
-1034.0643199879519 -952.6526030657002
-1014.203075520596 -951.9837822171995
-996.659861700073 -953.0530520784199
-978.9512770730117 -954.1191734354359
-962.0229016264904 -955.6400665240799
-944.4522303442485 -956.2144030486963
-928.3503501238439 -957.9778846220494
-910.9229748851385 -958.0727184438608
-894.942865257625 -959.385880615549
-877.6706182926051 -959.0069268706437
-863.1596927408788 -961.3632741203877
-846.7009854292759 -961.2795853824699
-833.5916918381917 -964.7537982813757
-815.9673445949032 -962.7259696064829
-802.2935185216277 -965.0648217286684
-789.9133441603168 -968.7811459341398
-773.1636998649635 -966.8825643329807
-761.4589368200014 -971.0490654631993
-748.5260217516084 -973.4951436759767
-732.6059605620246 -971.7908759342172
-721.541534226923 -976.3062093346831
-708.1109978463602 -977.4598788334139
-692.9874138328466 -976.00073989176
-678.5274101731754 -975.1638598941634
-666.9631309718962 -978.2720388134198
-654.8459254385609 -980.417163220083
-641.1060906855233 -979.9101900102506
-628.5146056240658 -980.9150781373611
-617.0252719491835 -983.4636819812087
-602.9276726641175 -981.6222397316754
-588.9214319651476 -979.6022391624675
-578.0510388654236 -982.5767127642525
-568.1751810703281 -987.1666341685682
-555.8115293227982 -987.3006350002275
-543.497052611947 -987.2891946142865
-530.2856100604644 -985.3720981247648
-519.4876771812137 -987.7188634712141
-508.69323138712906 -989.9495928283019
-496.55781583963727 -989.383310718636
-484.91952986935104 -989.574175871262
-473.32278300925253 -989.6335397935824
-461.76902021884825 -989.562212276785
-452.15957551336237 -992.891090841073
-441.0531412859432 -993.4994346056781
-429.18228388388457 -992.1509800429634
-417.76566732293037 -991.5885473351468
-407.15784753613474 -992.7494584182565
-396.9365728981836 -994.7272777479488
-386.35289642399806 -995.6683380648334
-375.7874365134733 -996.4982702236026
-364.2095923965981 -994.4005092548493
-353.0410099611709 -993.1153232558627
-342.5820763969326 -993.5987726097321
-331.8291517448063 -993.0248808828117
-322.0420385909592 -995.1908989637009
-312.2438080809864 -997.2606501387108
-302.43540534639396 -999.2341195100187
-291.2150050166667 -996.3121101608384
-280.34931993948555 -994.229982855812
-270.5987309872967 -995.8917244299525
-261.09495549513986 -998.4254725391329
-250.8361626345792 -997.9590269719288
-240.6100438541538 -997.3879921056309
-231.0933699869988 -999.635860875375
-221.55570471603278 -1001.7929275592746
-211.99791439663122 -1003.8589962198271
-202.4208672122298 -1005.8338791853497
-192.82543309546384 -1007.7173970670283
-182.85534430480868 -1007.5415242356862
-173.07533975113762 -1008.2529081386417
-163.29840037241178 -1008.8694823592452
-153.67581186228384 -1010.3800002219303
-143.89832557015373 -1010.8087217164809
-134.1266392670547 -1011.1429397661467
-124.48370816354799 -1012.3753288192343
-114.60431373951215 -1011.5284727936705
-105.06169766179558 -1013.5694547905542
-95.11610573345217 -1011.537901628062
-85.38705697539584 -1011.4020221954672
-75.74387028445086 -1012.1698800667466
-66.09380338674076 -1012.845797322512
-56.437732847661046 -1013.4297125657093
-47.08520242492823 -1014.9083622241978
-37.403238078562104 -1015.311281224255
-27.772433954439467 -1017.6210944709461
-18.065474992316208 -1017.8396920013004
-8.356872641075903 -1017.9656981842074
1.3524899223112092 -1017.9991015570741
11.061729451723147 -1017.9398990812458
20.76996271222744 -1017.7880961422828
30.446369127660716 -1016.5441547748638
40.258816881449164 -1019.2051940916048
50.026787886229414 -1019.7736614042285
59.75073860096723 -1019.2501406605932
69.53729428615983 -1019.6315828294846
79.18144964697036 -1017.9249962702578
88.97350061542731 -1018.1196963953878
98.87301631820733 -1019.2154466275222
108.80150996507513 -1020.2147967116139
118.7580415154387 -1021.1172937402526
128.7416649272135 -1021.9224939846315
139.02032636330546 -1024.6118039813127
149.36194961213187 -1027.1976479763098
159.76549262997307 -1029.679070081888
170.06715718052067 -1031.0684565287293
180.23766708920974 -1031.3696637783366
190.24782785285493 -1030.5870967546946
200.45034547035203 -1030.6889244582073
210.67207730457233 -1030.6897088087067
220.91202233277943 -1030.5890928924298
231.6069948814139 -1032.3382197332426
242.35534886614394 -1033.9767332372473
252.91846170753655 -1034.5323831217142
263.2674195084332 -1034.0112503379114
273.8853669183089 -1034.3533273442026
284.26854284464326 -1033.6224627730296
294.38828402724045 -1031.825827466776
306.20070345953707 -1035.683894439266
318.1133160603599 -1039.4098893819903
329.219393370967 -1040.1421013632958
340.05742770742677 -1039.8062059157985
350.2791392635866 -1037.463023243123
361.526668745867 -1038.8929048682141
373.8625235824449 -1041.957683142922
386.2905129013217 -1044.8806820122736
397.03023561460685 -1042.9875320481112
407.7691983247147 -1040.9842846544896
420.74827299960003 -1044.436159259078
433.8311426039361 -1047.7340023627005
445.4503080436885 -1047.195312758696
456.6988124067612 -1045.6133103333439
469.59418010698295 -1047.5616001026624
482.9867735691284 -1050.2665264385435
495.19490797550503 -1050.0966637006
506.57382525848584 -1047.9880531585202
519.7332000593069 -1049.3418893554724
533.8700136416287 -1052.3225781737685
546.267869564529 -1051.5780592430744
559.6395403276497 -1052.4578779703525
574.0342504399227 -1054.9339691762116
586.0959763683845 -1052.8611050299037
598.6654926861958 -1051.5225284637484
613.7787068816396 -1054.3603269180335
628.4899826881303 -1056.1445647545954
641.733015394651 -1055.1794809189992
657.6543633020267 -1058.303708029886
671.5507561429607 -1057.8414729645542
684.9546618629937 -1056.3702528906008
700.6004091750949 -1058.0737529414903
715.2215621535842 -1057.9164036116401
730.4720586061546 -1058.3981158315082
746.3733669975977 -1059.5012019986902
762.3628803909703 -1060.3956047636104
779.6210852436067 -1062.6923183328188
793.9970564078237 -1060.7514668458919
810.8350382580473 -1061.8109722229615
827.1516489363112 -1061.855051154319
844.1655762751653 -1062.4657546631884
861.8966587678965 -1063.623593948882
879.7273431123026 -1064.5378348281329
897.0101721090396 -1064.4419904968572
915.0235524510248 -1064.8698974334407
932.762383760671 -1065.3686382849417
953.4528966944388 -1068.4341691395798
972.2654051923341 -1068.9831532190701
991.1728592262851 -1069.2709493543678
1011.5454418352176 -1070.7496528612064
1032.7273698359522 -1072.6579974958079
1054.034953775387 -1074.2603577437444
1075.4642902083417 -1075.5545362679977
1097.7251809380073 -1077.2387976370974
1119.3927860853387 -1077.9034235311174
1141.1701896110073 -1078.253494472973
1164.5200196370401 -1079.6467588357534
1188.736897950006 -1081.3665370503181
1213.8353492253848 -1083.3894705833577
1237.5724948489453 -1083.7155161726519
1263.698812714822 -1085.6432704821364
1292.264913725862 -1089.1057766594988
1319.4665649464391 -1090.8492031387495
1346.8153536396749 -1092.1741634008915
1375.0884190383802 -1093.7005256588882
1402.7208155071019 -1094.1733472092487
1430.4836860818255 -1094.2200070615386
1465.5712880283736 -1099.2382815872334
1497.6571611623544 -1101.3192214880835
1529.1004470163377 -1102.3052312923296
1560.694552877511 -1102.793504069763
1595.7213144178443 -1105.0585897193812
1627.6185708054002 -1104.5120135016127
1665.475552492009 -1107.3351724078113
1702.691237676156 -1108.993484715235
1744.3002946233923 -1112.7342369931587
1786.1297430539194 -1115.7851679324924
1828.1702381413957 -1118.1424687283961
1877.2762816225518 -1123.9118125802422
1921.4748161642847 -1125.816828283548
1971.079730379532 -1129.9684493325253
2020.0594715762484 -1132.7911243009848
2071.019227498161 -1135.7479294865213
2125.7373994824648 -1139.7300155920823
2178.0551002193624 -1141.3838006597184
2238.38508654471 -1146.6722305585988
2295.596044160281 -1148.7940642411368
2360.229347143088 -1153.4497946961162
2432.369978008146 -1160.4315102946193
2493.061091246087 -1160.6663583109791
2563.0733665393964 -1163.9930917906706
1025.9149580735502 -454.2934060724915
1034.742135445988 -446.5844971924984
1040.7492312779154 -437.586605821554
1038.3494666127722 -425.10514603445085
1043.2392527378668 -415.6691731977938
1034.0569847051122 -400.7582218527419
1030.302196871626 -388.1731354969082
1017.9510756430523 -372.60113740721846
1016.7065654172566 -361.315319129214
1005.8863417807621 -346.8265667720913
993.9361619641251 -332.25728876884637
982.7534058373498 -318.25264070403153
981.8926396595091 -307.7788884613134
991.449049749654 -300.54081544859764
976.9634284588135 -286.1231543479151
973.8431819581051 -275.2697893952642
972.5352797098915 -265.0266585074097
985.6299267797228 -258.6399958169623
970.5711909028445 -244.93379389017403
972.8367612631181 -235.77454471398534
975.9899399765114 -226.82071568674178
976.1322755891492 -217.17684165939335
1047.5836223866986 -222.73202308416043
1121.180354373819 -227.355697017245
1120.3278998704698 -216.2091505274989
1122.3160660096307 -205.63960702322407
1123.2192378438046 -194.88084497349283
1124.0193925314506 -184.12334239098678
1126.6932890918408 -173.67277367339338
1127.2905153945196 -162.90209913183597
1128.775912907712 -152.26929578664652
1131.153261915358 -141.74730353077553
1131.4457202445249 -130.96404903769653
1133.6243001449438 -120.39911179442447
1134.6919030063277 -109.88305261448876
1133.6820411554243 -99.0405450392452
1134.5627396283928 -88.38206745101603
1135.343233092478 -77.71578392526938
1136.023452614203 -67.04263651218837
1135.604565411476 -56.31403924966382
1138.082032441466 -45.71966134937965
1136.462383902364 -34.960691854652005
1132.7416627405585 -24.193501023103526
1132.919006058559 -13.547166171807087
1131.996292817741 -2.8970755756461215
1134.9734596004862 7.76182984247525
1131.850790356012 18.379019845218654
1119.6320280290329 28.707521864400224
1009.3802907393648 35.37553769082959
1131.8818798770114 50.32305640640851
1136.3517283571443 61.227032099643864
1137.7221519337277 72.02988962429163
1141.9818083715538 83.08158248634622
1142.1472331815721 93.8919471290239
1143.2060672934583 104.80404430853179
1141.1757346908744 115.44237762946078
1144.0161666280565 126.60177918831522
1141.7830151304724 137.2280815269506
1134.492816156486 147.1803318698725
1121.1743071190815 156.17993807159567
1110.7551828355236 165.38417035503326
1030.1383947883799 163.29080679211603
982.209106334965 165.17043147206894
960.9224609935236 170.8918487176909
937.6510410599512 175.8593904208408
906.5243365440232 178.85644314203088
865.6344687642105 179.25670555742985
844.3661137029766 183.14438574559694
836.7562319701871 189.74458690316976
832.0167441817936 196.90895713788112
824.304023322211 203.28275169038727
816.5455018577971 209.52909916237923
812.6078528856713 216.67828093405936
808.608119202374 223.77200352143979
805.5373011963112 230.9841041746453
801.3654574042279 238.13736304770143
799.9980650080082 246.11398981659406
796.6454381733768 253.47987264780727
796.0751150092672 261.741114964734
792.5786370706863 269.05037457541914
791.8466715112638 277.30821988634347
791.0290263380201 285.57674886223475
790.1254295381683 293.85507584032814
792.8711714456434 303.57257038542383
791.7809884549182 311.9036170379444
791.5306005540203 320.617074384057
791.1856289482483 329.35436925257983
791.665065480647 338.50764259839525
792.0413357608026 347.70033426248483
791.4019750835103 356.5205657937829
792.4815448739554 366.199400646955
796.1588948836092 377.2161371120146
802.3957304813663 389.647394069657
808.4663442073405 402.2327314926248
811.6953752276913 413.60804856044246
812.1200671911618 423.6944612163615
811.5433840498334 433.3558997001709
810.8557206767293 443.0451447040379
811.8023030876406 453.73673060663987
828.2451175876357 473.4195023361876
846.9730380009437 494.9723960984612
881.6726856696608 526.6709364907537
772.4450073945794 471.5439646005323
767.0338323686001 478.4089255040485
777.5861282427231 495.42286298120234
745.9724720502086 485.41226904900213
715.4580715780337 475.39535947865676
690.9999593983625 468.76865948083736
682.357086270195 472.534450402137
673.7059760878889 476.1777585980522
657.7488721732309 474.43379006437004
650.7475858633401 478.9484100537706
656.5149070956254 492.97989488540225
652.5456177707232 499.86819935681564
647.0946469583296 505.2816223432975
646.412763836785 514.224210582202
646.3986757021568 523.8251159027199
648.5770324671748 535.3772809487467
655.1912329051518 550.8724428796808
664.6155658723701 569.1319263581593
670.747507242679 584.9767358859087
1690.4943406876928 1501.4492612482393
1700.5828773513542 1538.137470208495
1711.6153449819733 1576.4840344330294
1688.5394140487622 1583.6854634692659
1660.4116645033534 1585.7645173168692
1633.1023749335056 1588.1626594862832
1598.7808134863765 1583.1613658840465
1558.3472039127653 1571.280685319229
1518.2612469225535 1558.800431772192
1385.2150728372217 1448.1696040121028
1289.9056874402331 1373.1712629928359
1078.0924694189605 1168.6815765563038
1055.3974345104245 1165.0408813551626
1033.5219925919473 1161.8335899898793
1015.7389148450458 1162.8458439833753
998.02260964632 1163.632188724061
984.240520950804 1168.783383231679
972.3587161071355 1176.0929075589577
954.7534954170147 1176.2953553376772
943.4562128248044 1184.097282524657
939.4886474279132 1201.243556217502
928.5895821243665 1209.6885499871835
920.0214675257146 1221.2295031204537
914.8871873096058 1237.5388618127183
910.7070643970251 1255.4734735777386
906.2768523782761 1273.4328670343498
909.0375114934491 1302.0732708637397
908.5281722597512 1326.7405775849156
1074.9028410419146 1600.5523678780462
1788.029792339255 2715.13359923729
1014.8685474467669 1571.8405871472112
982.4324743568096 1552.2227395993002
894.5586177183214 1442.0727719036533
841.6871696332747 1385.3532793026936
762.6430558666831 1282.3570366081076
749.0038994734424 1286.9009901983825
735.3470124232148 1291.3019675197015
733.3530219285702 1316.526621541788
797.919322481152 1464.7691814109207
1038.371734853462 1949.734633291775
1014.8552865898826 1949.6852944207606
991.4326140510324 1949.3666591475132
940.5227745421959 1893.2545815519502
940.95258037129 1939.8309827128267
923.0407064921903 1949.5242635469808
881.1247897092504 1907.3070295471123
782.5773002697048 1736.8355619063598
752.8872976109142 1713.9266953683098
729.20970535658 1703.4853112409776
711.9541929525121 1707.5190268741771
696.9442696593467 1716.9384627845575
681.0851726860411 1724.3662567874685
666.9407787658752 1736.3150628901335
650.8826310219367 1743.4657440379956
637.1351685813532 1757.0485983480396
621.8610773205663 1766.7534634220206
604.8449675348791 1771.5943568570463
589.677851546976 1781.9677414013258
574.3687150613457 1792.2122026029112
559.2148390209242 1803.2811105922453
566.8768223890704 1890.8534232557715
568.484296225146 1963.3546813923867
553.1677777732655 1980.187215803947
531.605068591779 1974.6951792738873
512.4529459890459 1977.685763246312
493.2917507150606 1980.4909110310177
474.35580271157363 1984.0833078361045
196.09498973309715 855.8216841150828
187.5852373341009 855.6797173792944
178.4809048083651 852.5171943244237
170.04003681063335 852.2014937099315
161.8074546082279 852.7850535939324
154.28756347109595 857.2259607350635
148.01284834224003 868.4775165343183
140.62597987451394 874.768731599577
301.5307142212217 1995.3453907484889
282.17719008388934 1994.1344070539378
263.26556931423016 1995.7104599649856
244.59218138680325 1999.0924602940318
225.76634394814388 2001.3059631001674
206.71502522018298 2001.3527670923531
187.86959193167544 2003.2096785976812
169.00751651053133 2004.8891389208889
150.20508735379886 2007.3882115159086
131.17489537590777 2006.7172563226538
112.33815260733984 2008.8614037480959
93.42622985012362 2009.82972900094
74.54306190767537 2011.6193307684803
55.6068561773245 2012.2318150615934
36.6839390692408 2013.665883063614
17.730148499133893 2013.9219552490604
-1.2252126683213878 2013.9996273221893
-20.190485394244906 2014.8988422001598
-39.19222312684376 2016.6191930174562
-58.19928897765363 2017.1605892349016
-77.29650838003332 2019.5212922354285
-96.49095976815572 2022.6998034021312
-115.7520723119335 2025.6955491276308
-134.87877445958026 2025.5141856329424
-154.16397208936615 2027.1463858610778
-173.49182138683318 2028.5947322991547
-192.5768098492627 2026.8720167559375
-212.16449543330148 2029.9426659089493
-231.60037974103707 2030.8365921717598
-251.19450862621184 2032.5366709695636
-270.973100363387 2035.0387168010966
-290.8209826851089 2037.3480694348887
-310.5856528500959 2038.4750555853461
-330.39724543912126 2039.4101255525434
-350.59230499772457 2042.1236582725303
-370.86762065165044 2044.6371824732582
-390.8457593344091 2044.984985864275
-411.25715559650763 2047.0983249396377
-431.456291958409 2049.0684391033647
-452.07675479532037 2050.762445475763
-472.76756205429473 2052.2492130024657
-493.76031106686315 2054.499879585091
-514.8375695201488 2056.5364759737636
-535.9971607514868 2058.3576083048215
-556.9757661329951 2058.996599302817
-578.0140886184493 2059.4224222724642
-598.8306628285196 2058.673805452519
-621.4146678096876 2063.4603971559463
-640.8709085120898 2057.500784598365
-629.9374192824902 1957.119017277109
-612.4376266971417 1842.9010156287757
-625.5956246948011 1824.7386427548252
-626.1361614519121 1771.6078875762166
-628.1254158422498 1725.2114252963318
-48.43435364193882 129.22118010329268
-631.8081358538437 1638.3999754238557
-637.2983113020731 1607.262225777588
-45.2825625134817 111.12825712757589
-540.5150009803448 1291.4501669500135
-45.79392045475795 106.57821939488059
-40.74673409785366 92.41592752528544
-55.21535328083647 122.09531015592867
-669.2382410940736 1443.3991743995527
