-676.4194920085735 1420.1357930954573
-708.4077732111492 1452.4511788194538
-54.96236669309543 110.03698581610509
-58.27659975115783 113.96419578728818
-57.96033378282408 110.75016798083703
-58.532707456936535 109.31569950268208
-757.0332833280697 1382.2722625928375
-773.9760465311768 1382.0336752033106
-791.4784568329814 1382.4654977138787
-948.4460424772681 1620.9053348389004
-972.9642560981489 1627.3157518918617
-995.0813266265206 1629.139083503678
-1017.8485270935004 1631.537120599342
-1034.3017460676353 1623.5285331898053
-1062.6898905271719 1633.796559113572
-1071.450075683859 1613.6801837157984
-1011.4834519472101 1492.55158250459
-960.1362957976135 1388.3379608337582
-970.9121517228277 1375.9308099017728
-1030.0321605187964 1430.8049302043169
-1196.2217250969259 1628.9550590504746
-1203.1751128934927 1606.36815447572
-1204.3458398447083 1576.6442522169496
-1209.364948025336 1552.565754642191
-1213.4153649097398 1527.7513384713375
-1224.0281605919336 1511.5488950338085
-1240.8097876744353 1502.9943681901548
-1297.4607082322034 1541.6941040925042
-1313.930797922313 1531.6363335567728
-1314.528468009861 1503.3375890968894
-1318.0364435859965 1478.8985541203217
-1319.8560429942531 1453.0481842566517
-1321.9850934437686 1428.0306063640478
-1323.0738778109187 1402.3763809528375
-1319.6383382868905 1372.5052481223577
-1326.9556863449793 1354.2542621224145
-1333.3398053846781 1335.280481163695
-1365.8746101302575 1342.2412411342148
-1400.09809691593 1350.0927075621107
-1429.5055563708372 1352.6041047937504
-1458.3513006170356 1353.99833234336
-1491.5380645671853 1359.2785593641852
-1521.5526625180528 1360.352342293799
-1558.4874582829632 1366.9110586920822
-1065.8099270798223 916.9979276629274
-1076.7810655903606 908.7483352315357
-1136.221653717902 940.5452427302771
-1136.58116006375 922.7563419387266
-1109.3246895375464 883.2455678815639
-1136.5970082316744 887.4183009600416
-1808.0055718439476 1384.1404741503804
-1845.8892252103642 1385.4807715202264
-1888.7926239191881 1389.7796313906993
-1935.9976195482582 1396.3102152113183
-1979.411948850014 1399.1798800546665
-1956.4678319908796 1355.2245652971712
-1822.8218476867953 1237.145711545612
-1843.6728650108303 1225.8329277771734
-1833.468107124561 1194.0430059914424
-1838.0034091411267 1172.238656582181
-1833.808368197634 1145.159756858549
-1838.651000152803 1124.0051154852886
-1845.831998089403 1104.4026597347915
-1855.3956558204254 1086.2812528819109
-1855.2364731176067 1062.610760727626
-1836.4746220900126 1028.7788695435695
-753.3825804004504 412.6689805996556
-741.4072845302875 396.983927187771
-743.3796086482866 388.9829783498504
-747.0477622212898 381.89087572258563
-779.278464226414 389.05793295204967
-1919.1608279612772 935.4393173365045
-1934.297407170331 920.1399570794292
-1997.3912998878623 926.9476765882077
-2022.52111091788 915.318718202302
-2115.313676957665 933.1623910530492
-1169.5403780806835 502.69703006770584
-1164.1245249802967 487.29671693886775
-1181.674322142774 481.47876005948115
-1990.3294376682875 788.9675085521827
-1983.7512752691084 764.5958918724226
-1988.8825111550266 745.4678777933196
-1988.338974940561 723.8536597492055
-2009.2510397547574 709.9797597427878
-2070.754657104216 709.7155416652506
-2093.519247411506 695.4230084758199
-2107.629849188789 678.0062085323719
-2115.8687821189005 658.6010149207788
-2117.225920529365 637.0835121383869
-1265.641876834091 367.79700869349074
-1257.5153291596052 352.54956662660913
-1252.1106776540373 338.27185946328353
-1245.5813240899322 323.8767745275527
-1236.9521484474205 309.15106736239903
-1210.6533706359644 290.4193798075089
-1193.8590895091434 274.45486768574375
-1190.5459330103572 261.8422834312636
-1194.9306703054067 250.96153721929485
-1197.2548205581706 239.6286599099163
-1199.4714908477665 228.27427065579693
-1203.5486729772633 217.25467031727644
-1206.5388081855228 206.0099617549067
-1212.3856735913764 195.20496528107205
-1215.1695099754488 183.85881003103273
-1216.8569734083221 172.33718770926342
-1218.435197153506 160.80009433298616
-1220.8966384237206 149.37000463834386
-1222.257073616862 137.7956675427228
-1224.5025061203924 126.31156916481751
-1226.6399569592622 114.79728215850407
-1227.6725680965253 103.17008065947452
-1228.5949686085014 91.53361737566846
-1231.4028663967374 80.01862676839049
-1236.0996061253193 68.56940817033777
-1238.6916871198914 56.946503492986764
-1241.1743087684729 45.28062779052129
-1242.5472536587306 33.545825748462164
-1246.8087037805499 21.841615715529173
-1249.959585339867 10.051617630380699
-1252.9987126569397 -1.7961291858157027
-1254.925333775188 -13.689654825198431
-1255.7442573673266 -25.344823711794717
-1258.4532043805325 -37.101649348379425
-1262.0510769827779 -48.94976084324056
-1263.5393868783704 -60.77185044929717
-1268.9102149859295 -72.85510486137478
-1271.1717278917272 -84.84361030013099
-1272.3226311788637 -96.80455665976143
-1272.3644667096453 -108.70907898919803
-1276.2769821899858 -121.00026748740049
-1284.0489705482319 -133.7880459309653
-1286.7246848677776 -146.16629348765244
-1288.2883685959391 -158.48368793163968
-1289.7339879062263 -170.84273598693608
-1296.0112908789774 -183.94492087091396
-1302.1557764676058 -197.17843140680037
-1305.203662660558 -210.0652255311776
-1310.0956161018453 -223.36176188131725
-1318.7892483669548 -237.47614278432752
-1323.4028315496491 -251.02578641719415
-1331.8007100495827 -265.4634978889328
-1336.128215315121 -279.2604380123147
-1339.3368107378003 -292.94693615516405
-1338.5064044497526 -305.8261029523074
-1351.1708376371041 -321.9601955507026
-1347.1499793186379 -334.26177349764936
-1251.0297737102894 -322.78244266127956
-1188.088766335554 -318.34742547610006
-1152.320808328421 -320.2698154577392
-1124.310144170996 -323.7695163448751
-1103.0444575904046 -328.7764051435113
-1089.429501076403 -335.7727835671313
-1072.9220932681012 -341.6345734512187
-1062.1009797301963 -349.092407331006
-1051.2345701431295 -356.37884131355156
-1039.3810798906518 -363.163834605461
-1024.6702203712184 -368.7437314509883
-1013.6973514725904 -375.4712766876523
-1002.6885840312422 -382.0269669191202
-996.3017780224964 -390.2342464587295
-988.9215726626209 -397.98256635497074
-978.7196514602693 -404.46117717957657
-971.2161917588306 -412.024403240238
-963.6571592639319 -419.48287140164473
-958.7832357843953 -428.05923279238414
-953.8332541834721 -436.5811759727711
-949.7131564609243 -445.4726932652863
-945.5101752950297 -454.3253332289122
-941.2246774887009 -463.13832327533754
-938.6432277746491 -472.8106290607143
-935.9630503367026 -482.47504433329505
-938.4912760206573 -494.9294139906401
-940.8678738593853 -507.4728011818168
-965.8586992022488 -532.6593406440367
-980.8761881155259 -552.953798782462
-986.0656550341981 -568.0832016192504
-984.1628337961278 -579.2991598253662
-1018.1307329648804 -612.1713898839079
-978.2810444302706 -600.7247273988469
-891.2918571864211 -558.8406081461692
-888.5590673947917 -568.7598647500525
-897.4387963443 -586.3340403013403
-895.250258409514 -596.9111950849125
-902.0369119379667 -613.685920892289
-907.7656920875613 -630.0686060015931
-910.0015224966784 -644.2997974962644
-927.4534825408135 -669.7507280495608
-992.0144777373579 -730.5691452282097
-1002.7382207966311 -753.0153122969058
-1020.2735107647679 -781.1958545920064
-1025.5435475411498 -800.5382140139928
-1026.6276850613538 -816.933042706418
-1022.834418729278 -829.6377232640401
-1015.8101553480178 -839.7938605942744
-1007.920600451026 -849.2467622466648
-1041.6706008317176 -894.4559012958039
-1073.1551224289528 -939.0495637635423
-1059.8575618646025 -945.0407126459793
-1036.9204374757871 -942.1236682861876
-1020.002052919751 -944.2964640617339
-1003.1342711565819 -946.236035052118
-986.3862496497499 -947.8745520910988
-969.4358523118271 -949.5489077727599
-951.128700294985 -949.5736914400969
-934.3120493117011 -950.7628487225242
-918.2541198952548 -952.4381194048204
-902.9371275255651 -954.6206281742927
-886.9824895499495 -955.8650863127986
-871.0869747949711 -956.892617978917
-855.2532643235955 -957.7044710472193
-842.7786989684065 -962.0629213129046
-825.7370662075856 -960.96165245596
-810.7273190754926 -961.9174674080227
-798.3235998701055 -965.7579561621203
-783.4017410024677 -966.3424404393623
-768.5419699281053 -966.7306969673754
-757.4354761114901 -971.656060305168
-743.2689152652024 -972.485125644855
-728.5563397408736 -972.3325870417904
-716.2827578331958 -975.2122901352666
-704.0208470931088 -977.9466482678396
-688.8898759651381 -976.4505818487369
-676.6953843785564 -978.8684062532399
-664.5177565639699 -981.1427781985599
-649.5943849658607 -979.107826044111
-636.9503724864664 -980.2322291117302
-625.954891719803 -983.7359775529457
-614.4219387312562 -986.2705922847565
-602.3771830849014 -987.8212031024133
-587.2842529579378 -984.079877971111
-576.3520936031981 -987.0497779743484
-565.9128613511236 -990.7692129640404
-554.4798866256697 -992.6333942234587
-539.7078597063918 -988.2264043078112
-527.4255316997364 -988.0396290186189
-517.5085656421174 -992.1420687013722
-506.65339770933434 -994.3632809942185
-494.9121676150329 -994.6773076463489
-483.2113030041557 -994.8581992671247
-471.5522717740143 -994.9067569298975
-459.516880070489 -993.9161116162087
-449.8703921224065 -997.2224577754114
-439.92928920489453 -1000.5554559841629
-429.965582584521 -1003.7896182929735
-418.0555034181256 -1002.3101296813365
-406.21304769054063 -1000.6952382648589
-394.43971028366394 -998.9461021253045
-384.17044191256235 -1000.7982172050001
-373.9018175708125 -1002.545475685389
-363.2944195977159 -1003.2478082154771
-352.3762785913775 -1002.8957863537428
-341.49807503916935 -1002.4270869966264
-330.0341927059477 -999.9432142101538
-319.8663873023024 -1001.1425943761325
-309.7058088370111 -1002.2391490919783
-299.83959869218637 -1004.1913239299115
-289.6874160414571 -1005.0856684816592
-279.8132913673778 -1006.8413588913374
-270.1906229788297 -1009.4662090700767
-260.29401593294324 -1011.0306747421171
-250.3921820136999 -1012.4982741646616
-240.25527511044783 -1012.8960473718925
-230.35512358903668 -1014.1678939092283
-220.45260137054788 -1015.3431196147234
-210.54865010231566 -1016.4217952897767
-200.45072460698066 -1016.4228977175477
-190.37199470932305 -1016.3240150810142
-180.31344740080152 -1016.1255142384913
-170.60669755031236 -1017.8002528742937
-160.88440510036347 -1019.3822679424545
-150.56161291873963 -1016.9145493675011
-140.8486872490632 -1018.3052819759974
-131.1229299921058 -1019.6032450077262
-121.26714816835704 -1019.8153160132053
-111.5278701616539 -1020.9263118252978
-101.87753441063532 -1022.9393764942329
-91.9301206207342 -1021.8732078504931
-82.17253713926183 -1022.7040990140289
-72.40746758104288 -1023.441819860074
-62.635801562763994 -1024.0863031808356
-52.96146717594157 -1026.6348342982385
-43.398048423199896 -1026.082652320493
-33.617596136795704 -1028.4507072436595
-23.749535517532117 -1028.725891364022
-13.87928902194727 -1028.9063928930782
-4.007765094678007 -1028.9921952177024
5.875525423554181 -1030.9832579634829
15.781356809382029 -1031.8793285928616
25.68003683894191 -1031.6804426313172
35.6452997325009 -1033.3854133898835
45.60157385748842 -1033.9949209071194
55.626461097532356 -1035.5069757494466
65.62132857357308 -1035.9236657380886
75.62930510696648 -1036.2437976697556
85.89652279996423 -1039.4569675416462
95.95658522073008 -1039.580845222139
106.12838301364543 -1040.6021171989364
116.21758857465345 -1040.5298996693427
126.31516618966353 -1040.359783339628
136.5502130029416 -1041.083108752059
146.95029424194533 -1042.6958382108398
157.5428957216572 -1045.1933964619348
168.19688844103754 -1047.58331731598
178.57519515167573 -1047.8930764522404
189.3297773849779 -1050.0682051159126
199.95559023439907 -1051.150684694641
210.42325648634764 -1051.145115162355
220.9091833944052 -1051.0352671019261
231.41233185233995 -1050.820789985934
242.15608411109622 -1051.4758346856954
253.63493648099737 -1054.9380640569761
265.20237776669546 -1058.2762866222085
276.3523268773301 -1059.5538643360635
286.76616114578076 -1057.8190624212216
297.1721205545327 -1055.9818799416598
309.24990433989433 -1059.802102595464
321.13884385953463 -1062.5299256795365
332.80994143841957 -1064.1722336538178
343.3114630139594 -1061.8819328735258
354.74986620500727 -1062.3335316309701
366.5542416071782 -1063.6084749379286
379.41138872455826 -1068.6454033523478
391.0055195251871 -1068.7182433648443
402.2831678509306 -1067.7308897207292
415.38527980590646 -1071.2871087250928
428.22174427056495 -1073.7607451075287
440.76416861317614 -1075.1608938511183
451.81986235934704 -1072.732404645996
464.85426643011624 -1074.779749986814
478.37485095834825 -1077.589208358444
490.33369140884383 -1076.5973579149156
501.4709129962198 -1073.6628537016347
515.1878863559592 -1076.025297914542
529.4362882134798 -1079.1205756182824
541.9947368564922 -1078.4668308389748
555.0466226291676 -1078.5602656819667
570.0141000510203 -1082.0410924465973
582.7261131169633 -1080.9321334346555
594.9860290155755 -1078.8028667352885
610.206306304612 -1081.7634971407022
626.0370886987795 -1085.396961288153
639.4534506701328 -1084.518457392985
656.0069603968002 -1088.621085553165
669.5512928109305 -1087.3960025194187
683.1320670762789 -1086.010855807662
699.9906549438598 -1089.512773211616
714.7841606233416 -1089.4460077130877
731.8664326080357 -1092.5184322571347
746.8146100533024 -1092.0608674478424
764.1102391853973 -1094.696552644629
779.7836825610668 -1094.656753695651
796.701950881695 -1096.0342154610419
813.7175778697116 -1097.1871779536298
830.8278071092577 -1098.1139079958973
848.02985796808 -1098.812704692951
863.465341419182 -1096.9246118890103
881.4461289732193 -1097.9602550721618
901.4257154644687 -1101.0725132793802
921.5449490412002 -1103.9016744695389
940.5038764837885 -1104.9223766034277
957.5998330515708 -1103.4145004211261
977.7256877230931 -1105.7253183166263
999.5084258483422 -1109.0680351800647
1020.0876573717185 -1110.6237757575152
1041.4679535268915 -1112.6187585046857
1062.2857573304789 -1113.5842894782645
1083.9108716496519 -1114.9718482184617
1107.767381445422 -1118.180409686001
1131.0695791031856 -1120.3328109215329
1154.5101620343873 -1122.143611913971
1177.361105872151 -1122.9202226246998
1202.5190371710246 -1125.4141305498488
1228.5644042366125 -1128.2080945653322
1255.5114008888297 -1131.278534331032
1282.6245907074353 -1133.9392220540674
1308.3877841324538 -1134.876824299874
1335.8049615201949 -1136.7238471933415
1363.3723044908913 -1138.1528716948335
1397.273824743839 -1144.2298102591644
1429.0708543519559 -1147.8874044268325
1460.274290584978 -1150.4260064239418
1492.4427284149592 -1153.0874651999786
1526.3839973297095 -1156.4501254683566
1559.7171888504236 -1158.6765255257965
1592.4183234736136 -1159.786136779314
1627.7192471284018 -1162.123079767263
1663.2042566290675 -1163.8950127614394
1702.9892734416212 -1167.9265963847126
1744.6563103692536 -1172.4241377115802
1784.88709973619 -1175.1370308161224
1826.1626219523162 -1177.7347231801573
1871.0256929600587 -1181.7917990421715
1919.5272791483392 -1187.2085008983781
1966.584024680464 -1190.7763324283817
2017.3173296285247 -1195.5985076857694
2068.313714069164 -1199.5663300515819
2123.040512756262 -1204.649318762779
2179.792778529305 -1209.7737154821525
2237.7061808593653 -1214.4081060927554
2297.6642710473047 -1218.991344330491
2362.3431435682282 -1224.8493262586146
2426.2260099229347 -1229.5638856006774
2484.3368322732385 -1229.6562543290586
1011.1222240899117 -488.6316076058429
1029.2597720758445 -485.4568174270301
1015.6311123918621 -467.3515203159917
1037.3352774089965 -465.51532976133035
1024.2793377414482 -448.0801694741026
1037.6656909724288 -442.3052269403019
1015.0139217614338 -421.3641401810004
1003.1874205627134 -405.3874680163775
1002.3189530999267 -394.06308664561175
996.6561052979467 -381.00604689732705
985.212419396955 -366.0020336910691
972.6348858224572 -350.9093599223817
971.1873494749677 -340.0531314659328
976.2501979679738 -331.5064870669832
972.6890483156636 -320.0812635671893
972.8109617116435 -309.9674705088702
969.9619683787298 -298.9962874332391
973.7015933665621 -290.10551024656223
971.5935832842371 -279.51191194812475
972.2635216476743 -269.7862940797073
977.666959408192 -261.3643366673054
978.1554324083778 -251.61865997969952
1060.0927982103553 -262.0443839935117
1123.8202450240292 -266.5577927469589
1125.3130578114856 -255.70788395934173
1127.6784490858029 -245.06594105962276
1127.984896100481 -233.99588494071233
1127.201974583912 -222.7480830313246
1125.324653941215 -211.3514211735625
1124.3174724767418 -200.18546671402214
1125.1722744832362 -189.38942086141256
1126.911179174889 -178.75176712598235
1128.5495151914795 -168.09816108773114
1130.0871363233637 -157.42955350396917
1131.523905348973 -146.74689647078822
1132.8596940470597 -136.05114333809186
1134.0943832081407 -125.34324862451477
1135.2278626451348 -114.62416793224206
1136.2418517086787 -104.09348887242167
1137.1653500495743 -93.466393140152
1137.98945698257 -82.83112818569845
1136.7181073137028 -72.06208784897225
1134.3464949523998 -61.27013456167009
1136.8677373893368 -50.75182443272483
1138.2919038486723 -40.15646439323232
1137.6179111492386 -29.4870858587787
1137.843865804499 -18.850385966165597
1078.9719059382844 -7.786282547276324
1083.9975347306643 2.3118602558188175
1141.9247263083096 13.111805584749428
1142.7520254503029 23.807736751531113
1142.4795108073758 34.49010561507167
1148.102453356507 45.40656997362299
1148.626586518693 56.18687339953455
1152.0443289278246 67.155522373355
1153.3615918353664 78.05791746510758
1152.5814371164638 88.83710269108805
1149.7079820867787 99.43619022241046
1145.741829967553 109.89385361612736
1136.708414666292 119.76218112094246
1107.7218702771313 127.18985065536476
1028.08773197068 127.795208718415
979.2720936062229 131.03498267289123
958.2066152342499 137.34657812017846
931.1793673286616 142.36918859568473
891.3124636218688 144.81399170078444
859.3687166714932 147.88309168525947
847.1258788372107 153.94396839202037
842.7031457708686 161.2929264037396
839.1976739960401 168.76985500863645
830.7338017096987 175.16378249213207
823.2008380865558 181.62978878364692
820.4923781785778 189.0932504106416
816.7440896242639 196.2882881473888
813.9032410861779 203.67256602059825
811.9635695381688 211.2727188797347
808.9875511811467 218.59355441991332
805.9457023861248 225.87723392439523
806.697804561992 234.17654048785948
801.5462406796396 241.0241150846472
801.1119722711451 249.28017948452313
800.5929159781176 257.54996192128397
799.9887699005656 265.832594000397
802.1369897950359 275.10043548231334
803.2378825490325 284.10016550179387
804.239633364659 293.1460593722501
805.1414604943453 302.2370404054284
806.8753976783943 311.73240547195775
808.5008973914283 321.2884979535607
808.1654901567737 330.1477555878002
810.5005179675491 340.1909910246519
813.635140847728 350.7048011899718
820.3001289413629 362.9279521596311
824.9835836964983 374.48376017029483
823.1741626007491 383.20790444164305
823.9806426054281 393.2237284441844
822.873719687451 402.4112839468327
820.7720719391388 411.1656672495081
821.2473376983831 421.2859009310873
849.0494665648782 445.86545428626306
897.593934294237 482.3755063414737
807.0592158111571 443.7301231314821
787.9568177553273 443.10275710369694
788.880482247396 453.61612044670096
784.5020544955803 461.146968430037
744.0493497222543 447.00622498785236
708.2037138997393 434.7510777659052
704.8567535985637 442.0418044783702
697.2247364489376 446.61131522131126
668.648710538206 437.3898740204148
670.2521674605274 447.6583876288539
671.719771075812 457.99732438722685
669.767151180294 466.1201167079503
667.7203474104411 474.2473380569255
663.9596836910727 481.2042585356564
664.1472034044295 491.1053779079143
664.205565292621 501.0538564209539
666.5114505894861 512.8776523042304
676.6772822849099 530.7615807869936
685.9282365713098 548.0752268385913
692.5941740775969 563.7040979394876
1735.2651307883802 1438.5308220090335
1718.4084707626448 1450.8870829982561
1758.3376789261754 1511.9555571737253
1748.4002905951056 1531.0363888056188
1718.8562465050868 1532.7564072123282
1693.8664670095036 1538.1028547989702
1663.0469551745073 1537.693020366809
1625.0929300749317 1529.9990093527751
1588.8584184695048 1523.131618100873
1534.9912012134926 1498.2746784876128
1366.0903180407533 1357.6719938760295
1291.2391608041455 1306.625588914363
1099.721334525797 1133.0728071879585
1072.2147607776362 1124.8428809262903
1053.1483107731258 1124.9709487429939
1034.8441914821437 1125.5836261049947
1019.2958390167998 1128.9273637232106
1002.4448540784272 1130.586270273826
992.2139155976181 1139.5755989377988
981.9023699268859 1148.472348788583
971.5110547734099 1157.2757970566292
961.0408143248203 1165.985228552183
956.78298560802 1182.3735951259243
950.4412471744051 1196.4302886794371
948.2280288437977 1215.9883244978162
941.4841542337916 1230.0441403976859
939.3685457314909 1250.4730046227724
935.1802661839198 1268.5479375018404
1133.5357847162766 1566.9883933098085
1112.9995224054758 1568.1712480227352
1852.5088848182331 2660.596705942016
1054.0958808071825 1543.3868193247374
970.5767617993436 1448.9709277466889
914.1054762661433 1391.630762185231
827.345718284038 1284.6334350456045
792.7775826004963 1255.6785832871856
776.1655373865076 1254.2695318684553
766.0575966176726 1263.9777524404276
784.7599962055431 1322.7228539476725
861.6759794506735 1483.9711946118505
1083.8205044196397 1907.6082182145153
1062.9305439165591 1912.4650738795854
1036.7920697112525 1907.4336696681899
985.0320108541448 1853.51367343018
994.305664187059 1914.159148599074
964.5051157093362 1900.2344281089427
944.3834883063734 1904.735106783693
831.4441940451198 1717.313178249285
797.3223688000663 1687.078255508929
768.8691332970404 1667.2541065665598
756.8586721060618 1682.6140230183062
742.2172967411383 1692.3999185825662
726.2797039572678 1699.3003829869936
710.2779658761438 1706.0507645409755
694.9648090844237 1714.5039848697495
680.289295962889 1724.6803975804667
665.8419333184718 1735.6657281385492
651.5974022725501 1747.4684046790844
637.8707774045284 1761.036590004121
622.6195995177109 1770.7269225649688
610.4708021927098 1789.7503735633607
626.2719069392588 1894.151128758913
622.1677067921927 1942.8091374669164
602.6980399743316 1944.7496169458677
584.1080483363692 1949.3698437876476
565.2064567737617 1952.851930183456
545.7531023538957 1954.224795480576
527.883436805909 1961.1986327616032
217.4668205766248 839.2837314926902
209.56980628216425 841.290375729365
200.49133989658216 838.359840776306
191.7100048357113 836.3081214755072
183.1992876024968 835.1425153959877
177.18841752390009 845.6360119433042
170.99633334109006 856.0895128337356
373.8553245501422 1967.8011068971143
355.5232434147666 1972.2117592672053
337.2217541529978 1975.4233694390614
318.6007473501378 1978.5119569484368
299.35277030901443 1977.4700804078727
280.15273746032716 1976.2414942747976
261.5265563737129 1978.792525837741
242.7554919812305 1980.1754394782677
223.98158906161294 1981.3803894662517
205.41246118314118 1984.3968153549038
186.71278233945634 1986.2435240702632
167.91233046072648 1986.9175748579123
149.26539233517133 1989.408163914843
130.52100332357622 1990.7258142927185
111.76503512792138 1991.8668572278757
93.09238391809367 1994.8290172484574
74.33663438269275 1996.6166544403695
55.55546557769563 1998.2278624432313
36.75053791016981 1999.6623209840488
17.950387402912718 2003.9196050720411
-0.9267026718646735 2007.9997861608845
-19.8296594018631 2006.9020366246095
-38.82780902601972 2011.625313334031
-57.83054133454987 2013.1695478744339
-76.82767484743533 2013.534829194056
-95.83681641795613 2013.7207613318365
-114.85627204832262 2013.72715052739
-134.01703529039872 2015.5494125056753
-153.44951768671274 2020.180498252994
-172.81083034304882 2022.6310629761786
-192.13737938017047 2023.9002513574924
-211.5031425686306 2024.9845482579844
-231.01959397095484 2026.8768949301027
-250.7130138978883 2029.5733504020586
-270.47766893085264 2032.0782048458993
-290.31169273947893 2034.3903561162342
-310.21320455652665 2036.5087202658306
-330.0204157432027 2037.445097467091
-350.21109803015884 2040.1598434476919
-370.48210716548857 2042.6744743767224
-390.83145975708294 2044.9877188052126
-411.454117835778 2048.0787360148
-431.8683801073664 2051.025524527532
-452.39068016199684 2052.741258050455
-473.20749148230317 2055.226427916162
-494.3441768176718 2058.473423400569
-515.098077478476 2059.563781624152
-535.4124204244517 2058.509786242278
-557.3170299849437 2063.047921907962
-578.5442302172355 2064.4666559870484
-592.0386605972343 2038.7788561681311
-561.9219082514949 1869.3709554358113
-574.3958647343175 1847.7809368472538
-573.9769089503055 1787.086877572507
-585.0595130028418 1764.5357367434863
-584.1198327511712 1707.8726594763275
-585.8268634815195 1661.7613805909093
-593.8886713064657 1635.5110045774197
-600.459631152036 1606.4473945189618
-51.32245647478726 133.47286413872135
-508.4499157884312 1286.1445032090046
-506.573569333405 1247.0361738349109
-49.2843154920271 118.13152096913988
-42.12362147780885 98.3595471400427
-47.87239298181464 108.94601410879933
-652.0409935189789 1446.862655116505
-668.108294394631 1446.1259651085368
