-52.62731014068977 108.955799420479
-55.40834540964825 112.04871823883177
-54.20728994817398 107.05872088006001
-721.0513461453178 1391.249063331949
-869.1169727083131 1638.7985500818388
-889.8277892235895 1640.1714866212799
-912.0973809227777 1643.921642814465
-933.0367414855552 1644.7867457631148
-955.5784725008107 1647.997203545266
-979.2833907574967 1652.6478876598305
-994.3569059500097 1642.453756910533
-966.1961712701041 1562.3808622173378
-888.0204321470771 1406.054306237607
-898.0312009309713 1392.5476516638407
-925.4626168411914 1405.7054971897398
-1113.8587074262732 1657.5064946752611
-1123.2685324013798 1637.8228854539952
-1126.6724683248726 1609.9174354974666
-1130.231107086198 1582.9095503454098
-1136.9132182691894 1560.8296941450064
-1146.2613979844143 1542.7795719061153
-1160.8059013635943 1531.8660709603348
-1216.215034853278 1573.8303558506043
-1233.525887053792 1565.3954407650979
-1235.127467266247 1537.2846644666906
-1238.8434560074013 1512.3795461152065
-1243.4816610055407 1489.0780230541654
-1245.8461047837807 1463.5407350651642
-1249.1504472614558 1439.6038205376176
-1251.4518253483127 1414.9873952909886
-1253.4002413264784 1390.4574193562082
-1253.6444505827324 1364.5455622745321
-1291.1033907566855 1378.9028371776562
-1315.1367886407918 1378.201809302101
-1350.4262824516811 1388.6388499763832
-1381.10150007588 1393.557550475815
-1408.4360166312888 1394.5006228237362
-1438.7796763804024 1397.837273374374
-1471.4823903091215 1402.793133362918
-1505.1362022844733 1407.9367928187237
-1043.2017138480298 957.4895217309343
-1053.5205708664291 949.1145382730543
-1105.1947820925288 976.815997839638
-1086.4655311153176 942.0385606217566
-1067.9397113299326 908.3549818020157
-1723.0414921826703 1437.589655018746
-1761.3792579318142 1441.4295368583134
-1803.0625672163544 1447.1728917800974
-1840.2965630486308 1448.541528583629
-1882.466713362658 1452.9979604533492
-1919.3031794588412 1452.557849216059
-1840.6556567454556 1365.7418325917074
-1777.523479401173 1292.9092312214136
-1776.6923990403054 1266.6839065814345
-1773.8852677495236 1239.4462702599096
-1774.848026134804 1215.2018285558127
-1776.3417223063193 1191.608612587967
-1782.5625283980187 1171.3922623746762
-1792.7644427517614 1153.8715928581337
-1801.1024548326443 1135.1964355105342
-1793.9294990675812 1107.0144318730165
-1778.6817192385404 1074.4186063386235
-1805.159623693652 1067.1493489602062
-729.7202351853381 422.08693223204017
-714.5478912892795 404.3047254906181
-715.729897573097 396.0488779431197
-717.6993150132929 388.28300661946315
-741.6862493605954 392.20212583489746
-1898.5348342053117 980.9864847738779
-1951.5081499643156 984.9933708522375
-1976.9187819322883 974.3757640886589
-2094.2171489568136 1007.5864890991718
-1134.2186458011904 532.500763865099
-1135.5871775573773 520.0411158430356
-1138.6479036200985 508.41907082794904
-1153.510693570522 501.97318635406526
-1943.5719650375884 823.9229434358089
-1947.6106371705487 803.9041024774841
-1955.1564445777744 785.3739728473287
-1969.0459754038084 769.32044477322
-2034.222813754784 772.6018017061369
-2056.308431656819 759.249388473297
-2069.9472543247016 742.2394251948831
-2078.7251995286924 723.3965336137551
-2074.066710810302 699.9773418536732
-2072.9544323116397 677.9534803801264
-1231.7177785298534 390.0452717999327
-1224.814065815704 375.2219398969154
-1226.3710742898281 363.11842165499263
-1221.0785732554634 349.0947119857327
-1203.0992487515161 331.74718936795443
-1180.071111518343 313.48552081374106
-1173.2786733955836 299.8969065447315
-1172.1626995384295 287.8951298837505
-1175.7917876610707 277.08784179170334
-1177.3702857684968 265.7973103502144
-1180.795460549698 254.92367552902317
-1184.120161156072 244.00910627211854
-1187.3439204201795 233.05453147544338
-1189.4832357707373 221.87751535560466
-1192.5020641973879 210.85499018275408
-1194.4323696089987 199.6304446476856
-1197.2448510476747 188.5438056257239
-1203.9113406310512 178.00697711029486
-1205.5322131007747 166.67658256740324
-1210.02191774329 155.71434930940313
-1214.4117959625517 144.68237566134215
-1215.7187934747267 133.25470045125917
-1219.9033399879695 122.1140495037169
-1221.9937644139172 110.7259668438429
-1224.9745232150751 99.39022826213568
-1226.852531954587 87.9367092664878
-1227.6252987212908 76.39454129361026
-1230.2866984205132 64.95105610806557
-1232.8412602608737 53.46425907445723
-1237.287253442958 42.0030054589158
-1241.626358965251 30.462841671350766
-1246.8573713436954 18.85989199040607
-1251.9795192748386 7.161237068004413
-1252.991492393636 -4.6173573793984115
-1254.8924811053787 -16.42744244203721
-1257.6854750952077 -28.129090538826333
-1260.366309322692 -39.972069302154125
-1266.932002936314 -52.0317204768392
-1269.3868388509475 -64.01603980252675
-1271.7280696271862 -76.05075227971324
-1273.954968107661 -88.13477879820468
-1276.0668174050265 -100.26703106109544
-1277.0667590919618 -112.35876833764776
-1287.904870491152 -125.44737767354505
-1289.6597825907913 -137.79203593775998
-1294.2761028633747 -150.52697285468494
-1300.7508829690048 -163.60971992933287
-1307.0934903818998 -176.82648953497443
-1311.3226320604838 -189.8893220957022
-1320.3627435480707 -203.80928695771402
-1325.3089627647053 -217.26746929888373
-1329.133088404513 -230.66476390701928
-1336.756579574692 -244.8731242169508
-1340.3021184981692 -258.4864235299789
-1334.8886081356957 -270.4004509418298
-1358.7156372919096 -288.4663186204585
-1348.151825319143 -299.4121839348938
-1276.131551554244 -295.95314346659256
-1204.299597603981 -291.1760278781363
-1171.4645067459473 -294.8472645870641
-1142.538280625233 -298.9436022160975
-1120.3952176975488 -304.3608978835198
-1102.1024753756574 -310.47565729191757
-1088.5944089554669 -317.6762704246223
-1071.2197091514483 -323.49549413475034
-1064.332684871181 -332.296457872941
-1052.6163832315601 -339.4624423297948
-1040.859828541755 -346.43876418211113
-1030.957204205411 -353.87461493721526
-1016.2932757645711 -359.48849444136204
-1010.0718357410676 -367.9400584914204
-1001.9087027012682 -375.6047809219976
-996.4900533003877 -384.22854354328047
-988.2089569863028 -391.67851272701114
-978.0237214357753 -398.25318618802925
-970.598616614042 -405.7614144135785
-966.8063042414739 -414.71625248950943
-962.0160417283088 -423.2329564877915
-957.1510174243118 -431.6965714985524
-955.8427347384635 -441.7846380847747
-952.621871409763 -451.0294559247332
-950.2115141725666 -460.688700028423
-949.4953284754184 -471.23096375700675
-951.3399378361921 -483.1576582005403
-961.9184372831604 -499.7688665920702
-987.28217622404 -524.5930846954843
-1001.7221560245983 -544.1991566783528
-996.6488009094226 -553.4357845728898
-1035.846423626177 -587.7951910834748
-1029.5034815337299 -596.8438501902563
-949.9431029913684 -562.5158674020942
-904.4843222964672 -546.9525671572447
-910.451226334397 -562.1197065271707
-911.1380886216444 -574.2441845268409
-917.5653090574735 -590.2159804802501
-923.7740971897359 -606.3550258398856
-927.2692568806408 -620.9893116986993
-932.2234313732846 -636.8677052564518
-983.7284403653532 -685.4774654329271
-1016.4764838453693 -722.3465634924519
-1037.2871416024 -751.6624148288397
-1047.1845583943634 -773.6979389014824
-1053.5667328324557 -793.5730208800858
-1050.1517905950755 -806.3232705993029
-1041.8657989490546 -815.3800690354457
-1034.2839431441748 -824.9761965985062
-1056.876694103105 -859.1016549056882
-1107.4184084204985 -917.3159045233053
-1094.3063784199928 -923.643627244469
-1076.6232731799564 -925.895419389942
-1055.984323456954 -925.263804875755
-1038.4340855843698 -926.994417403122
-1021.6826675503268 -929.1531234555734
-1004.9807718557122 -931.0819771643617
-990.5129572657158 -934.8412065632998
-972.4315019522377 -934.9748520740625
-956.3080608799877 -937.2277699129268
-940.9385255975573 -939.9652605529075
-924.2032462849676 -941.0682013309809
-907.5335587398187 -941.9378109838464
-892.9931410326861 -944.7556562776309
-877.1223968978987 -945.9155886547621
-861.9845910670634 -947.5988416851023
-848.8926959150386 -951.3181333403131
-834.4915504152843 -953.3692108965417
-820.780651218888 -955.9911728591945
-807.0962907712369 -958.4386143219142
-788.9830168402315 -955.3150261236799
-777.297925768652 -959.7046079892247
-766.2231711847708 -964.7414430507033
-752.6656341060775 -966.4985479739204
-737.9312055163925 -966.4954919321267
-726.2622360872135 -970.3026148751742
-713.9965817017751 -973.1689890857499
-699.4075079373059 -972.6423483690845
-686.046270208762 -973.5612539191595
-675.5726661547498 -978.4286242463284
-662.827623379098 -979.8716965427753
-647.9076230376342 -977.8265244969186
-635.8095748931428 -979.780681823336
-625.3425592342795 -984.1253393802649
-614.8506771584001 -988.3595726241826
-601.7346727006121 -988.2127218721115
-587.6541987999746 -986.187884042772
-575.6824718771401 -987.4404749519972
-565.7222363874713 -992.0294104797287
-555.2398655505581 -995.6448622392415
-543.7827917941621 -997.3947439948472
-530.4621005965234 -995.486795407515
-518.1515340218644 -995.1899254869841
-507.25529755795077 -997.4232116305469
-496.3638341665112 -999.539365973907
-485.91457418666494 -1002.4385400576896
-474.60018661346277 -1003.421478176776
-464.56828397510657 -1007.0041258725928
-453.1590928713187 -1006.7089135137543
-441.140397216601 -1005.4845349101992
-430.3654270736021 -1006.8816212344707
-420.3724708739283 -1010.0113790108251
-409.98352828615106 -1012.115362265606
-399.5927072063403 -1014.1132423686755
-389.20108471117607 -1016.0051750161729
-377.0656751831443 -1013.1053630292752
-366.7203749734046 -1014.7695140175257
-355.05404559161053 -1012.5540107614164
-344.7509430999775 -1013.9959503033905
-334.13977308215146 -1014.383858332046
-324.46398485984076 -1017.5200845825468
-314.1693312359202 -1018.6528512259584
-303.88258444184044 -1019.681996934803
-293.88124679187735 -1021.5687998289942
-283.60425944124324 -1022.3940649410989
-273.85447666609053 -1025.0486454846628
-263.58206050297485 -1025.6731922893402
-253.32263269135524 -1026.1952269263002
-243.30761734824816 -1027.588148695925
-233.73132251898264 -1030.8339676560563
-223.47976454668176 -1031.0585797316076
-213.24516662933092 -1031.181603263571
-203.22170875698777 -1032.1845460429497
-193.19850680558915 -1033.0901882062817
-183.69986553374403 -1036.8526218334428
-173.65184701896948 -1037.5688102612282
-163.9181995666228 -1040.1633640206892
-153.85836292564468 -1040.6880436316353
-143.8034135186916 -1041.1155451055238
-133.75428902480465 -1041.4460092426632
-123.71192488330637 -1041.6795858812186
-113.78572486920791 -1042.8105335179487
-103.84920427079474 -1043.8468962315894
-93.90326434961665 -1044.7885800220474
-84.02883468317434 -1046.6322921359667
-74.12779723509595 -1048.3825969926593
-64.2010363926234 -1050.0391549490491
-54.19792166253943 -1050.6029627254347
-44.53899029995393 -1053.0585350981496
-34.58087197333626 -1055.4336375602038
-24.558341489341107 -1056.7146671941734
-14.528277477265808 -1058.9003395757052
-4.454632133281968 -1059.9906397004443
5.638449804597837 -1060.985017747094
15.735223558069318 -1060.8833124993425
25.87926318521031 -1062.684931546971
36.02515606942984 -1063.3899511139707
46.23017649291462 -1064.997075480226
56.36329344666821 -1064.5088910628435
66.61605481168037 -1065.920400987488
76.82890545773144 -1066.2355833896029
87.05378189460906 -1066.4528302076214
97.4714243845053 -1068.56367214521
107.937102859699 -1070.5725486048364
118.55959492150842 -1073.4726929233216
129.24702229580697 -1076.2672564134184
140.12700901041742 -1079.9469530239874
150.812466703508 -1081.5357598742648
161.2457665378125 -1081.0406110658532
171.84021929856937 -1081.4323552730516
182.62302699556656 -1082.7062528733159
194.14839898546083 -1087.8103691229378
204.8620449417235 -1087.8789190632822
216.5665681925862 -1092.7465037881777
227.36351481664084 -1092.594083880296
237.96409906831687 -1091.3579099244228
248.78405470569058 -1090.993810305171
260.5449743002318 -1094.4136861200573
272.39339167373646 -1097.7079940368833
284.0779084189839 -1099.907151512479
295.31029640820014 -1100.0512846387212
306.30263483519025 -1099.1176897371001
318.1367197663091 -1100.9564149122039
331.4670986943432 -1107.4590567976563
343.4705964577219 -1109.0306350002136
355.2289755859166 -1109.5212367972865
367.02768974170124 -1109.888136238454
379.8344114586345 -1112.969819838738
391.79620881070844 -1114.1170184327837
403.1792147094358 -1112.1760296042542
416.6601213238437 -1115.739818819065
429.8878339654521 -1118.2130611866828
442.8336775911432 -1119.6045435738029
455.46915853845826 -1119.9235891882395
468.5372277055099 -1121.0253637871158
483.64088405952765 -1126.5733421602513
496.07110534512316 -1125.5280798103918
508.52583682790373 -1124.3475767210423
523.5286814978643 -1128.4740668925926
538.2280687653518 -1131.5120617974515
550.4047029439521 -1128.9777070328626
565.2633647704533 -1131.6811955883977
580.6800674198736 -1135.0927976607247
594.3584079814459 -1134.7682947905096
609.0289669967735 -1136.047849942441
623.7788220759126 -1137.1494981441917
638.1165484401577 -1137.19974965123
653.5081143917959 -1138.8134809634453
670.0014800027344 -1141.9606021199443
686.6153898467595 -1144.8948888110133
702.3021742778612 -1145.909095873049
720.1945060086114 -1150.116895587145
736.615619626033 -1151.558261193482
752.5837076975671 -1151.9521530463767
770.2920090687622 -1154.6402992987946
786.9952061481263 -1155.4404119208693
804.9263288426616 -1157.6673119406435
823.5512697269611 -1160.4707260982977
841.717414732014 -1162.2120261539437
859.9926572888743 -1163.7102858569313
878.9760320564806 -1165.7620404997947
898.0777791539703 -1167.5552674669723
916.6773807433173 -1168.301151088011
937.8731190145405 -1171.9193712154167
959.22241991878 -1175.2367204632264
979.441964877575 -1176.7134049702822
1001.072108628952 -1179.4336070017605
1018.9178462051067 -1177.3085503319624
1041.0336614704174 -1180.5612714660328
1064.072391331988 -1184.1511499825622
1087.2685509833477 -1187.4119327523078
1110.617986625912 -1190.340996430437
1134.8055229067772 -1193.6605150461648
1160.542971769089 -1198.0667805583175
1187.1635957374792 -1202.8061344022399
1212.5551576303017 -1205.740432142903
1237.3888276340563 -1207.605022035937
1264.5290453254354 -1211.1842525100558
1291.843368672305 -1214.3597946314724
1319.3266051490189 -1217.1287150281046
1348.4561572741247 -1220.8304517456554
1380.0118313214693 -1226.0845588346524
1411.782334192882 -1230.8532166188209
1441.4817040535038 -1233.1826697124018
1476.7083518257252 -1239.5630051143628
1507.5472791297038 -1241.5756928953735
1543.2186503196951 -1246.88900761273
1578.3358791237592 -1251.020324643301
1614.4531575864157 -1255.2155201236367
1654.7610919525976 -1261.8742919006818
1692.930281369715 -1266.089673925768
1730.5147627517779 -1269.107818862589
1773.9851561923622 -1275.618150391864
1816.9090656864837 -1280.8475502675049
1863.3744193102357 -1287.6570869063867
1909.2955666885066 -1293.1459465287028
1954.6466896146321 -1297.3327710262158
2004.432288485482 -1303.5076527879892
2058.7185192292536 -1311.5483439745979
2111.63056763605 -1317.625647073195
2169.953150597344 -1325.9533642676352
2224.3220064140714 -1330.7349893130793
2291.0477975060794 -1341.6873665435417
2356.433683615133 -1350.5096425883137
1004.8082408827188 -563.4397918626055
1013.5466693289579 -555.9308851756448
1025.7572059563806 -550.1982864645796
1014.0368440724976 -531.7464422668844
1012.6943435210649 -519.1282756703198
1015.7577903383842 -508.65716486341086
1007.0355830648645 -492.463536153905
1006.2214213806938 -480.35762839223895
995.2978544231926 -463.6660231034718
987.7919246896366 -448.8787291885676
985.5822542351194 -436.7054157401994
974.9689414293578 -421.04579709114483
965.9927024892663 -406.4014010033476
962.3802833883049 -394.2387476459486
966.9851232119511 -385.51364630421034
960.3226829474642 -372.39809964147804
959.1140914151719 -361.5593445740953
962.481919716208 -352.49617617699477
964.821898703168 -343.0666171209517
968.0150358040643 -333.9504311380003
966.3802333099852 -323.2185710440207
991.2662362842262 -321.1779083357143
1088.7151819401772 -341.43850487747676
1111.0265809876225 -336.9583599481604
1116.0748992273209 -327.0257165953857
1119.1099973830414 -316.4835126153159
1122.0455185411165 -305.9131483310205
1123.9139777695523 -295.0616386015347
1124.7080661945122 -283.9573310147154
1127.3365269787575 -273.3356086196476
1129.8646787791185 -262.68956516648944
1131.3161825950026 -251.80288917856114
1132.6629246276148 -240.91222296516688
1132.9249200726326 -229.81976737961168
1133.078608135874 -218.74384056441554
1135.0915540084725 -208.0460622521626
1135.0329575355972 -196.98777959049923
1136.8405969897935 -186.27253430361083
1137.5587596803118 -175.3883356286574
1141.141975628719 -164.93632546587352
1141.6559891386726 -154.03117367532874
1141.0736591117302 -143.00665887072213
1135.4182717176975 -131.4319148821804
1134.6187074257728 -120.5047250503845
1136.6825905554615 -110.07582989977733
1135.6723709497917 -99.23842935717357
1135.5560068585685 -88.50737419798813
1048.5418236658466 -71.84040662120935
1137.0160812557303 -67.19695652232005
1144.5875600615868 -56.87985014276687
1148.0681588991336 -46.265565185718074
1151.4500774812152 -35.5909970147423
1158.7315647908017 -24.943150511916645
1160.9143628717977 -14.101137470703149
1162.9955413294197 -3.2203800847096358
1163.9745873125828 7.691559692443079
1163.8512928800951 18.60559220586823
1163.6256650390417 29.517988794086182
1161.2989302885294 40.35832641125628
1158.8713892432406 51.15763084273156
1115.4022528241228 59.722813018740844
1017.9848439119943 64.08476859186307
983.4278731861895 71.17315674106507
963.7805188323522 78.84232061045628
922.1685033879467 84.15017147477901
880.5452784568474 88.68490619802833
859.7953244533011 94.74703187035826
851.9187141749153 101.97305741498103
847.9498163627898 109.57239127768968
844.9040802532388 117.24374256832911
837.8325039401695 124.2807118636914
832.6792846057162 131.50744841457708
827.4645528811154 138.6485258675897
827.1127517393253 146.57590494416652
824.7189959432591 154.1414212025523
822.2561708889253 161.67494993066313
821.6833866548617 169.5801052464504
820.0571420353442 177.2774204370743
818.3587926348499 184.95914823882222
817.5617756114611 192.85420155919576
816.6885676027856 200.75055055194798
815.7390744243789 208.64745974312166
817.6125442562172 217.31481190861155
822.2868368726122 226.83332626850523
822.0712819717746 234.997462448604
822.6741480740889 243.66215563885197
824.1423714889897 252.65263013969206
827.4201366484295 262.2973836482057
829.6381237391855 271.71599812768466
832.6986764958054 281.52071711000946
836.5914716791898 291.7373982088129
846.0109743525438 304.0829348632693
851.5189767412986 315.2450352494891
849.4147874797321 323.6904675932881
848.1579086433426 332.48934119118974
847.7378230184776 341.66735785540357
844.4479031266633 349.7195146184748
842.0017230759194 358.1313981448468
867.8819073001241 378.9327050824445
859.6734113643039 385.1306606766855
830.526500721881 381.6041556360036
812.3827695209368 382.6724915453063
813.2070263781669 392.55997280565856
816.60541107364 403.8274416198725
779.7167414111111 394.8642844867569
739.5244808553805 383.3960644236976
726.1253378691089 385.26094235527245
726.8203790913615 394.5391444932804
697.6785396407961 387.36114328193275
689.6124392415089 391.51460208193544
697.9637173115647 405.08721198850776
699.2374589861975 414.7721976585772
695.258550254841 421.4078170816682
691.2166728007297 428.00527011041464
688.802505588948 435.632997251571
691.3457950934475 446.5086691281692
694.5786900670487 458.02231747453396
699.3134827709416 470.75434444599233
710.4616350037899 488.14779031328374
715.6092260404369 501.776280433628
719.7476034356381 514.9644525097392
1772.9009313447057 1294.1589112767704
1810.2318183393363 1348.0021379329705
1793.339710794407 1362.1441486450076
1790.1211949560616 1386.0599219979933
1817.5576295906085 1433.7744812615995
1797.5049064684902 1444.5110284181649
1770.4430350125108 1449.3017145424515
1742.6745752823542 1453.0816648297737
1710.410392497075 1452.5950190049539
1669.2230466487588 1443.7947986250108
1626.836162856353 1433.048533449868
1458.982424287344 1308.804907394767
1373.2585396079087 1254.4963066481919
1148.0628572506168 1067.9773760719606
1120.210276462397 1061.1210753293142
1100.4942302532863 1061.4864338177981
1083.004297157771 1063.6849591574578
1066.2722877279293 1066.3617624537408
1053.7849123896956 1073.104542167184
1042.6513534930882 1081.1485351509436
1032.146234023199 1089.8050979839136
1022.2509173925862 1099.0923809625904
1013.6208340074755 1109.7665542202963
1006.2165798891955 1121.8632690110192
1003.3027892508231 1139.1696594807636
995.57883889473 1151.2196903914653
994.838656474536 1171.6078898607418
997.0121054608662 1195.9163271585894
1001.3597606889687 1223.4539752981848
1206.3476733637094 1501.3997771979202
1182.8155303897713 1499.6824400748192
1990.7148278380837 2571.4895438686094
1128.2814993169516 1484.993554968873
1061.0115142253305 1422.9826304917678
980.7879330070377 1340.5133458745506
874.7393278076655 1218.5364616566028
842.3822920955906 1196.1442529911594
828.6914222002704 1199.5976520365873
822.8599871458732 1214.4918449929144
827.3412632532584 1245.2033705859064
909.3900926362026 1395.9103335870536
1177.1629092150965 1843.1648014131156
1154.6136585143693 1844.4086585060436
1132.2354907288911 1846.509895325207
1084.4779265003647 1806.476301237708
1061.8929447460807 1807.0969464581851
1064.3179148772633 1850.797767469832
1036.5932358583725 1842.408875188314
991.2816699013122 1801.2486366178507
922.6685279604328 1714.4946157720437
859.0359551608008 1632.8142049054359
838.6346720105819 1631.0266358651852
825.5255498755057 1643.2980759748805
811.3787351399675 1653.6712333963685
794.5175547895442 1658.5122414776577
778.9077704703074 1665.9002626510915
764.4743673149484 1675.8708010220864
750.7352067495491 1687.5442658925163
737.6397668295901 1700.9419667912211
727.4725047241658 1721.6110928053258
712.4148186836827 1731.1409896712328
696.1266128704256 1737.75479825364
696.1178100111273 1786.143609731679
712.2695601800069 1879.5669909957928
696.3153520994703 1890.8648630800114
678.1911834168676 1896.3788436743405
659.6970092304791 1900.774541078547
641.499138775189 1905.9380511839022
624.1927380582173 1913.7796178649687
255.9683582633338 810.5431509598817
246.00805720501765 805.2602286157021
237.5856434008022 804.6577297521145
230.01879042477435 806.8533671315524
222.16653712273217 808.013632176397
215.33699568778945 812.964315507241
208.92791686375858 819.7957828355611
472.13006594708577 1928.0348028053852
453.77474858492366 1931.4099713801545
435.6172621822159 1935.586113013025
417.2109652995606 1938.6139405342697
398.7862361986655 1941.466852103971
380.1527397031361 1943.1633730842602
361.522582264437 1944.681316440525
342.9551508921876 1944.995312199111
324.5514276316963 1947.1369676584716
306.13769485590683 1949.1045923162542
287.8614976683777 1951.8874860401454
269.5600275520959 1954.4990129304524
251.23489129280583 1956.9389437070058
233.00573510717328 1960.2000733106725
214.6287855907249 1962.297246697312
196.33240145505152 1965.2171859972354
177.91005237359772 1966.970516623069
159.63357431720817 1970.544625719172
141.23432167082987 1972.951308669877
122.92808458840595 1977.1822591808336
104.55494440610246 1981.243110675779
86.07314402602088 1984.133920348492
67.51236571995479 1985.852733833729
48.926931316365405 1987.3978352086338
30.318467387994314 1988.7689133067329
11.68860417422455 1989.9656721995127
-6.961024561736331 1990.9878312378132
-25.66737923889699 1994.8348767862983
-44.46866712330173 1999.505573296628
-63.35972589391441 2003.9986390051886
-82.25694414213756 2006.314480618728
-101.15278756268994 2007.4531410641437
-120.07718201777068 2008.4136701284103
-139.02844671579206 2009.195632835139
-158.1616461095518 2011.7924579090948
-177.61882661126955 2017.195219217326
-196.99699916402338 2020.4188135929564
-216.45113223700304 2023.4559316558687
-235.86375236437365 2025.3121463914142
-255.45509811902244 2027.9740365312866
-275.3855174389793 2032.4280594365118
-295.1346528525293 2034.7067446405188
-315.1034190461444 2037.7815965665775
-334.99357031258 2039.6735787496073
-355.46068921274787 2044.326954873999
-375.6832409945684 2046.8080277436418
-395.9833999184805 2049.089101769125
-416.15838735345807 2051.209691044621
-437.3754172298619 2055.9928852997045
-457.41587042777684 2054.700883700788
-479.056377425917 2060.0315500612014
-499.188263892424 2058.3330821788945
-509.0469337683701 2015.7163042504321
-494.77897022931353 1884.117239085408
-499.9131208991832 1833.0539739879016
-505.48947693546296 1786.8769931664328
-510.8021835569753 1742.681017648791
-518.5201382707618 1709.0736865939016
-523.85382775257 1669.7536246850852
-525.7172934815733 1621.9267330352532
-522.6007690991864 1561.8890601246105
-451.51954943807783 1308.2760016430918
-453.12438174780937 1273.8062233580372
-454.46366340843235 1240.3643733360723
-474.97408935624105 1259.4108203601434
-44.126787226022586 113.74017165939803
-45.56897846800901 114.24739910117049
-49.30003110857672 120.28926358031032
-45.3900006813428 107.83667204688626
-623.9019293582791 1443.9790104232875
-643.5841149216625 1451.7380917439964
-653.1205586676052 1436.4948784613593
-52.38580372942469 112.3909585670582
-53.01340794870139 110.98909215623203
