-739.8914645069375 1536.0942746946814
-754.544505513616 1530.0648970547663
-780.2659032063572 1545.1686381406942
-794.4009496604082 1536.8237150625446
-790.212296939028 1493.8756727942073
-717.7013352872473 1326.261208558443
-707.4667973330304 1278.2846829526452
-721.0150077141243 1274.1402429289335
-772.6023204014207 1335.6401665532303
-915.4883026691284 1548.6388112390825
-921.8371001664186 1526.206198636596
-928.8941233918617 1505.4955023274115
-934.0428844009207 1482.2509538199017
-940.4589249970098 1461.567997184349
-949.8620506158255 1445.9121981641551
-964.622839071959 1438.5154772684073
-1007.0028354872394 1471.4055488955653
-1034.0576047927836 1480.662307877867
-1038.164565666727 1456.9609928182758
-1043.0922867106012 1434.9336156787356
-1047.6967613099844 1412.9446189927507
-1054.3919644525695 1394.188504219516
-1058.9943523512045 1373.0575230806076
-1063.2918978810953 1351.9653619454969
-1066.0345437920132 1329.3556151166454
-1062.1156228039208 1299.0744412064457
-1049.3968838932385 1259.0024543562895
-862.4839951184942 1015.0592880046177
-869.4368404358596 1003.8244769345433
-839.1923735485574 950.5683353541389
-842.1344429777581 935.8902606345154
-844.8743413445156 921.242284818533
-847.4129079637006 906.626915228367
-848.3715455282949 890.5985182661896
-854.6757786790561 880.3739622111443
-858.752683066412 867.977435954552
-868.351988871398 861.2164788385596
-872.1668987203577 848.7719957541678
-879.4405116944987 839.7859169993972
-886.6222149631228 830.73825476734
-895.1838368406729 822.9835346221765
-905.74565976946 817.3278410826257
-911.2140386208138 806.7081106697428
-922.6025874019045 801.3042279429899
-933.9702879587807 795.7565590117321
-941.4789267701789 786.8585835127378
-948.9027974494597 777.8897614653309
-960.9172278144556 772.610562501822
-976.0574617183887 769.6498109035409
-988.8540698560453 764.6356181405204
-1004.033460539921 761.2600147887914
-1016.8294606212594 755.8748891269498
-1049.0093259865475 764.4497589725888
-1056.215725477278 754.4616234471487
-1080.5303140450576 756.4490996952071
-1640.1474634886986 1125.1832286394906
-1639.1309813958999 1101.7597859007717
-1636.9835086576686 1077.907691958281
-1621.0860741819972 1045.5242417530071
-1639.3885620006467 1035.435243161759
-1700.1703043021887 1051.3904775909868
-1724.6129471916854 1044.0144550621935
-1731.0002813768115 1025.5642475600441
-1725.9463003857743 1000.5670233345985
-1717.9655484384841 974.2788996886152
-1726.2583378382808 957.4487720206318
-1776.581402299421 963.4311189720951
-1820.9848931009044 965.2642224273554
-1885.114816305893 976.4584626823605
-1948.723903534042 986.0685309830376
-1943.6484016267761 960.4451524442602
-1837.3872231866974 886.3454135213185
-1820.3814208552978 856.9454373557554
-1813.8905519597479 832.9568209164033
-648.0039666013055 290.1566116237472
-636.9802249723034 277.99495138263524
-634.0677213413827 269.59066147206704
-636.5972378802645 263.5620547863785
-646.4896916934434 260.4996708906107
-1935.6247252609521 758.6817006877544
-1939.9331077228649 739.2127823304384
-1949.5168030456869 722.2362734192493
-1957.1689259125465 704.1944301415122
-1951.4367702905124 681.4569183434371
-1925.5608731598654 652.1536044183281
-1887.9075460062813 619.6564352385444
-1886.0318117743418 599.4372402305296
-1882.0317308038125 578.7206271143322
-1920.9445909239512 570.9534819930725
-2140.5795018954855 614.3682902501364
-1155.5339546819157 319.9097991265233
-1150.763959719181 306.958155147295
-1145.8532147816863 294.1248207385335
-1143.71621587488 282.12978847481736
-1145.347792465422 271.12254479217506
-1141.0221784212188 258.78251167900936
-1128.7481755805125 244.85211071923462
-1106.52209646752 229.14809628082128
-1094.894540355956 216.01376229009074
-1096.8791180507983 205.69929602238037
-1098.7665304322832 195.36660820570756
-1100.5566103069505 185.01661414498784
-1104.2245560910267 174.96322392312908
-1105.8223622032722 164.56276386587373
-1112.2744568020892 154.8371168215725
-1117.649296076663 144.87598482612555
-1121.941940246771 134.70813900915888
-1126.1419308593313 124.47229234017038
-1130.2483678678648 114.1692906697246
-1133.2645201936848 103.70885820496447
-1135.1870625568977 93.11999250129969
-1138.007962800179 82.57648941064716
-1144.7228377116594 72.24004998175185
-1150.344859140616 61.730908374620626
-1156.8690458123672 51.16650116221773
-1159.2981635196727 40.345607690482254
-1160.6262179609432 29.458142875561506
-1162.8518103432748 18.56521428286122
-1167.9749299010314 7.652654616609959
-1174.9951947082122 -3.3604185171239593
-1179.9111481701905 -14.480415177149844
-1184.7250077042982 -25.52755609239615
-1186.4333697658008 -36.67232070876615
-1190.0351025736218 -47.931770701589706
-1197.524733503145 -59.4601769945384
-1199.910807788707 -70.8382195700366
-1203.1862081992942 -82.33436948810784
-1205.354195152507 -93.82038279741052
-1213.389605681133 -105.8757046020683
-1218.3180913812503 -117.80079886463952
-1220.1458864298668 -129.51067843338043
-1223.847718443735 -141.49474216402731
-1233.3852669398098 -154.30419079148288
-1236.8429412963285 -166.503869520942
-1240.1798681432542 -178.78169551769093
-1244.3832786559296 -191.28841000311346
-1253.3953332101034 -204.69523366979894
-1257.3376271468662 -217.43525786009957
-1262.1344675148248 -230.44649251197015
-1271.7073694905482 -244.51046272793766
-1276.225538979408 -257.7835791060395
-1289.4108408918562 -273.0268913322581
-1299.4922740497334 -287.8903084250186
-1308.4330821618892 -302.74059771418064
-1316.2366326106167 -317.5486214327884
-1323.876696001486 -332.52893676218474
-1287.81092045832 -336.30943065619607
-1306.8064383409098 -354.3627134882361
-1337.1267839958384 -376.0491504058303
-1286.5061275868652 -374.83594235538305
-1220.7106123148722 -368.09047934149265
-1199.0745256355208 -373.839914899347
-1173.6318955848997 -377.99097034955105
-1150.1163497240593 -382.33020034703645
-1127.570034172132 -386.58740025647137
-1104.1035167848256 -390.12360121297473
-1091.0081201660066 -397.0167272695652
-1080.690631382018 -404.7514783705372
-1069.391334876276 -411.96865522941994
-1057.122495961129 -418.6418857841542
-1049.4544380508487 -427.00630259444347
-1032.5319712172125 -431.32207040017994
-1025.737207526416 -439.6807718059892
-1017.0455460483753 -447.14578971870236
-1009.2156400309107 -454.89866115102967
-997.6983723784413 -460.86761412949056
-990.677220868062 -468.80128418460305
-984.4948207829025 -477.08065130713567
-981.827499465518 -487.0634058244246
-974.6011905104751 -494.7742105805077
-970.8662775058442 -504.23672139377675
-967.0396160433336 -513.6724452438168
-961.3638615811432 -522.1259672203563
-958.2374570045084 -531.9746008913704
-952.4016266360761 -540.3296600973855
-952.5494741765488 -552.1326826461012
-948.2575261189419 -561.4371417699263
-951.5764764716567 -575.3661524853425
-951.3144323483558 -587.3030314971356
-964.4486104794761 -607.8148383711998
-999.1498534504265 -642.6846585612506
-1008.2049301495659 -661.7845713086009
-1051.0565687974386 -703.9212237088434
-1042.0175990674168 -711.9292965131978
-1023.8959288321649 -713.5412580369255
-946.3323315024023 -672.5891155476926
-911.7253841792154 -660.7819790545607
-919.2408270514796 -679.2976533756845
-928.0878064014111 -699.2117158693902
-935.8504542777738 -718.7377318800541
-939.3927816785076 -735.3843904587014
-1010.7123869304977 -806.4176776988807
-1076.9112013750453 -875.6747480388806
-1080.3080809717928 -895.1778874542437
-1075.7945697463376 -908.3666901115939
-1070.3710701959806 -920.896178777777
-1067.815454817985 -936.0396115826829
-1132.1969755656928 -1011.1646792288078
-1117.6096052780035 -1016.8922116873277
-1103.0136705655436 -1022.4367181129238
-1082.5948129706544 -1022.3059575924586
-1068.7455419505686 -1028.140052016643
-1049.572672195706 -1029.2216504621174
-1034.0141820643082 -1033.565997549203
-1018.4692163982018 -1037.7073071195139
-1002.2466353883889 -1040.9258772134804
-987.4296728944922 -1045.3834899631217
-971.9399732523932 -1048.9197721437695
-955.1283027026276 -1050.775868287999
-941.6983344826932 -1056.13883880507
-925.6201775450431 -1058.330424263369
-908.9357991724295 -1059.5526003850762
-896.1762681206791 -1065.1441669827109
-883.3932132908672 -1070.5888242979358
-869.9592375811172 -1075.1092618647097
-853.4121193632801 -1075.5541615947914
-840.6210142960381 -1080.5171494816268
-828.4197774390177 -1086.1292153090665
-813.1942072858951 -1087.6024922905724
-798.0167835637125 -1088.884389249211
-785.806646353417 -1094.0369804292704
-773.5711497766612 -1099.0558112458232
-758.4731365917635 -1099.8247592542423
-744.5513314678707 -1102.0632081733881
-731.2083378971631 -1104.9703012251814
-718.965862715613 -1109.4016802987069
-706.1699139305623 -1112.8558094646862
-691.7908697374987 -1113.6186028204786
-677.9817975276814 -1115.0630844132245
-666.765365148726 -1120.642649482022
-655.0012126581978 -1125.2454894005532
-642.2205762302711 -1127.987912819308
-628.474767905871 -1128.841647931924
-615.2497826099652 -1130.4143952544089
-602.0524971233552 -1131.8377934613832
-590.7291424933906 -1136.6618143533385
-578.9160116573455 -1140.4811490974992
-567.5280494906732 -1145.0746320835651
-556.1052348475818 -1149.5546823771003
-543.7950137354532 -1152.1124003483594
-531.9050659537154 -1155.4483981609797
-519.1203464505303 -1155.7694691853912
-506.46941020430575 -1157.0037755026137
-493.4500491103003 -1157.1823750096794
-481.6239079327997 -1159.9889703387432
-470.53845343521374 -1164.5297608214216
-459.0444223134561 -1168.0339114695707
-447.52638604122427 -1171.4248306216157
-435.2895515782143 -1172.8273557036591
-422.04978191331827 -1171.2809148905828
-410.52933118478944 -1174.3090173531707
-398.66855268289567 -1176.276916844722
-386.8076396139805 -1178.1255662858102
-374.9477861010153 -1179.855142675552
-363.09018287326353 -1181.465834927553
-350.95138504312314 -1181.9992069947905
-339.93742457731923 -1186.2539978317204
-328.3416135086418 -1188.4783484937964
-316.9914097296091 -1191.5558930061297
-305.6123697183233 -1194.5250434692239
-294.2055286089537 -1197.385529783923
-283.0012605805688 -1201.1104389313286
-271.5326388404706 -1203.7549692708774
-259.82858740285536 -1205.3124512624254
-248.32094240612824 -1207.7357780419243
-236.98275239622896 -1211.0306251564027
-225.78695975304896 -1215.2021431866697
-214.01324878969578 -1216.3154727875822
-202.56663375870656 -1219.287808061602
-190.9283014654139 -1221.1643557275704
-179.4176432686244 -1223.9192413243336
-167.87179016689532 -1226.565555551827
-156.54405389186232 -1231.086901559391
-145.02863207234662 -1234.5103061049042
-133.35492875958508 -1236.8316227262003
-121.74783995040838 -1240.0376863093354
-110.09170795073696 -1243.134673251651
-98.38755927466735 -1246.1219395307883
-86.49803141100892 -1247.0036449674155
-74.66031545935999 -1248.7701298860045
-62.79676650761153 -1250.424154483665
-51.28201294062532 -1252.9509787492716
-39.42733428722326 -1255.381012008308
-27.552954879348714 -1258.698468529066
-15.631415801920555 -1262.9032658283957
-3.629524681594435 -1265.9947972051805
8.429752423911651 -1268.9720009811374
20.545323900467864 -1271.834065303263
32.69042820617958 -1273.5805180292673
44.83543720908298 -1274.2114359753136
56.995399049717136 -1274.726450846284
69.27753759911809 -1277.122399296247
81.61038520135197 -1279.3997596636036
94.35852527778533 -1286.5443904923768
106.83674387260818 -1288.5786394934144
119.36216348046477 -1290.4916403949553
132.03516946585538 -1293.2775085124317
144.88294006334854 -1296.9325092997708
158.17351860740223 -1303.4378151685464
171.21113245614805 -1306.8323335926011
184.04890268692563 -1308.1158211029092
196.7777937428138 -1308.2841816248147
210.47530386600593 -1314.253075500496
224.30401967252075 -1320.0790532232338
237.7318036021422 -1322.8074650364172
250.67297871555982 -1322.451911315443
264.01999794208837 -1323.9310558660748
278.64707387957674 -1331.1483043667033
293.0067361582381 -1336.252615550629
305.92426521693824 -1334.3805094318025
320.2290135932192 -1338.2187335608157
335.1182067797936 -1343.8455221805427
349.13846589966863 -1345.4375985638374
362.69845395722183 -1344.9530963929712
378.1675255624624 -1351.07302637939
393.785551259368 -1357.0195059833723
408.11158339091594 -1358.0018171939828
424.27319355840365 -1364.5633943601717
439.984273841197 -1369.0353679771881
453.92847238315164 -1367.6366264325836
470.4779375886583 -1373.6646280087155
485.8564617837384 -1376.7873832015555
501.88300020186426 -1379.5424799941375
519.0608683863435 -1384.924840888492
534.949440346575 -1386.371197144865
552.02128793213 -1390.427451422674
568.4653330756878 -1392.4306679656072
585.3863692650855 -1395.1673013221894
604.3921903738498 -1402.2977858554511
621.1621539330706 -1403.7031661007352
640.0829706295866 -1409.4672010054026
657.0614779184787 -1410.4631204804982
675.4118589009055 -1413.9688189122219
693.4513205909085 -1416.3524511825174
711.599637614521 -1418.518577864556
730.3112979893446 -1421.3547790854748
751.4718719852285 -1428.3858111921359
772.8360352951586 -1435.1391788078467
792.9525094594209 -1438.9841269944595
814.1971816153706 -1444.3153912665985
834.1200147815462 -1446.770127193962
856.1972185910787 -1452.4194720799155
878.4609335919386 -1457.7758360436558
899.3343658408521 -1460.2817188534657
921.4029865674346 -1464.2119164740504
944.7125056049101 -1469.5330148566559
967.1125060688897 -1472.8670682058012
990.7784302747332 -1477.5652615374847
1014.624781439549 -1481.9421557161897
1039.220434729996 -1486.8143421556028
1065.1658212806035 -1492.9761462178885
1090.7378516379158 -1497.9652662876747
1117.1013688276848 -1503.400655767887
1144.27506033662 -1509.2616030004954
1170.4417220955868 -1513.1540487266711
1198.0285060882486 -1518.2502094845763
1225.19507944215 -1522.1737802599096
1253.8174518274736 -1527.2582615565912
1283.293405972331 -1532.6966543278986
1315.587829941407 -1540.7480850905054
1346.8429983786723 -1546.8079834673558
1377.7180140196374 -1552.954949071539
1411.062214010726 -1560.6791560699298
1444.6724774490212 -1567.9111686895108
1479.2269838658106 -1575.3756790693633
1516.8138918201294 -1585.2165838084943
1552.6210210120523 -1592.3391488974614
1591.5143625857468 -1601.7634137672405
1630.7208489637717 -1610.5941489881538
1669.5146590602774 -1618.1303418398797
1710.766782200718 -1627.1441291165947
1751.6034466323053 -1634.8398593580441
1796.421817420227 -1645.2855842973306
1842.3335127793248 -1655.6981088622993
1890.84813555646 -1667.3734819357837
1938.2307382401364 -1676.970663232096
990.3112534454207 -840.6453600058469
1002.027295951518 -834.4802563081341
1005.9705259546735 -821.8420170023418
1012.886296548745 -811.7052114307062
1013.4108347602149 -796.567310395427
1005.0288642210317 -774.7760851256209
1004.3047141778228 -759.2450467933273
990.5243471440361 -734.2686958565516
982.0268657205148 -713.7361101998006
982.1904585084624 -699.8127629694507
984.6390163670783 -687.667803119844
990.2471156907108 -677.798384378591
1003.2311292098062 -672.8976901315807
981.1107246815864 -644.7462647544169
977.0499023551575 -628.981309982878
984.6225813329812 -620.8175032400236
983.6191868550908 -607.3131772409769
996.1420330052212 -602.1603192507996
1075.7833474200334 -636.545512444906
1195.9619051467675 -692.5309534148738
1144.1371986815566 -648.209125663254
1131.8236953669389 -627.2249378061483
1136.8019775263576 -616.0602761842082
1138.1358495063134 -602.9848987068764
1139.324657137552 -589.9392558886035
1140.2843513684356 -577.0923652451712
1144.7648996870726 -565.899570988039
1150.0364327043833 -555.1082808358891
1152.492367590099 -542.989265682636
1155.730905499791 -531.2909504900613
1157.9390225549453 -519.1707041470057
1159.105342959524 -506.6555081341603
1160.1390040619901 -494.1644374639411
1162.88788404214 -482.4653035690694
1164.5922651510207 -470.38373265921416
1169.8953200934268 -459.77596720957325
1172.2994661641037 -448.0390179787443
1171.774231869876 -435.2529718747042
1165.4686881373545 -420.4803645491595
1162.765050175715 -407.18722731670584
1087.9529700236317 -369.5393551663459
1170.218031619598 -385.2450628786224
1172.83667178058 -373.91862928537324
1175.3458589228776 -362.57704272725675
1179.6621315011673 -351.7929156508448
1182.9184950378142 -340.68289375528235
1187.033728643506 -329.81044110624435
1191.0490022963113 -318.89069307360063
1193.9954240534817 -307.67503528779605
1195.865564600532 -296.1917476950543
1194.706741834656 -284.00669184866143
1187.574722471015 -270.5370188123828
1047.4148877020405 -228.26750320648378
956.5079450275686 -199.05162923005173
918.1208474833189 -182.07171503699382
905.05232144928 -170.64962771500257
899.7265323768746 -160.89800165659258
895.283978117629 -151.42852612989716
889.7558925242373 -141.89944227655704
887.095243733651 -132.93242097071067
883.3546717380774 -123.88915981034589
878.5313328071097 -114.79850729065804
875.6011534309919 -106.05008302833441
873.5783109797572 -97.47786715841988
875.4512651060868 -89.35928840446347
876.2421665690512 -81.23832547742057
876.9659111513769 -73.01226389063217
877.6124321183534 -64.77977301062786
877.1837388200266 -56.47732597883175
878.6735822867674 -48.298403610670576
879.0881180457446 -40.050976402467356
880.4245901800807 -31.83615878583648
881.6842123292766 -23.59978239948661
886.8660936858718 -15.412068983835226
891.9715101225703 -7.129174542786266
896.9991315714287 1.2481827200626
900.947692803513 9.70849277833278
903.816312930934 18.22285597627163
907.6037737315822 26.821444931077835
916.3053076548842 35.68729694846481
923.9207470991613 44.67049450954913
925.4575609500943 53.45374524111956
925.9129656821316 62.20273291198454
925.2885005370266 70.88857999664597
924.5825565997086 79.56818479484507
920.8087891502579 87.95552184846632
945.8007438066384 99.30736636730201
907.0738719672794 103.85562475998861
886.211413718721 109.90145674496688
824.6779351902542 110.13765573290098
806.779584183153 115.4629921024859
785.8897687193694 120.009463886046
782.7548605412032 127.05836571875739
778.5715052838398 133.8895483600411
779.2486319644158 141.54705783444032
779.8504314575142 149.2290338892833
776.455014540734 156.14611873033653
772.9986249937432 163.01265520744803
771.4349119393987 170.259145543058
770.7777026050549 177.71531494745662
771.9929704723454 185.6417343737245
774.0971410225447 193.8494680434343
781.9212562644581 203.62502056921096
790.5945377347251 213.82534205284554
799.1443027302016 224.2061181454687
803.7530774182742 233.5593940321257
807.2377534566723 242.93252024837003
831.6216464107655 258.9332678916476
863.3868813678372 277.87064091393364
894.8637320064628 297.43554115045737
2275.8526928882934 780.5962594536976
2204.206693428712 779.5619620300005
2172.253995039704 791.6164355507321
2114.995008228572 793.6479793763874
2085.8847862136904 805.4692164460832
2071.613444307875 822.7142501275049
1945.1774864556326 794.0311997561224
1887.7287828489793 791.6369385037
1872.756157466847 806.4151379221558
1862.2472331458257 823.0013624780436
1856.1463404111778 841.5252598574759
1850.7681565028638 860.4290969481394
1862.3500512640303 887.4803020669603
1965.240046723346 959.5835340160965
1956.0121855248822 978.2562701450852
1951.9473956058207 999.5750921204741
1929.9394770127742 1011.6197976847131
2027.7286798995117 1087.6200626657194
1972.5670892789403 1082.34887087926
1942.1119870187722 1089.8302757209474
1911.6951191360904 1096.8307852495977
1881.3228732445295 1103.351823584367
1267.738824937388 759.8172620744878
1254.4754679883742 768.2006900643539
1228.4510724089998 768.4458098637654
1210.121811926013 773.1113763882302
1196.8413275554856 780.7764319286432
1180.1959521152783 786.0416748561821
1169.34852834889 794.9968674455799
1159.2594656083288 804.3870283622754
1150.730072655181 814.8130459725114
1140.4861532180544 823.9783579183888
1135.8070153175086 837.1758620239435
1132.5782107087573 851.5606828804098
1128.3844797447682 865.3510651008229
1127.4030878476694 881.3190554569555
1124.8520071214668 895.8526452909584
1128.342196549473 915.4522857505517
1133.8811801653546 937.0989644999203
1143.7096580151822 962.7840973773897
1419.6296919219624 1217.1900171351858
1398.004334534152 1220.7865827505327
1369.705879852402 1218.1111618804575
1342.3131204461572 1215.695885769998
1302.5812058973854 1201.3601466849618
989.875690408076 929.6828047991072
974.9124363360814 932.3876562231216
959.2654930336241 934.200574756277
963.547851630466 955.5231748201159
1029.4430465732594 1039.5268220983844
1082.7347730380823 1113.3258333723206
1076.0623723780318 1126.7003908547126
1103.4408672260886 1176.5148756115825
1411.8254835004598 1532.9073044834424
1393.1914662729137 1540.4371257225428
1369.8890394577418 1542.5216431459062
1347.9783218273906 1545.8186969639783
1324.169733813562 1546.567333177615
1286.3025130816925 1530.1721618300742
1251.3888063638315 1516.3053964512903
1245.790664068356 1537.6757204690866
1205.6730458958716 1516.0216048593015
1082.982227362465 1387.3534139566004
1030.8442061758171 1345.5055639400935
1010.8057500860257 1344.3941890654792
1005.71489852013 1363.148393570797
990.9845988729758 1368.9592852954274
980.2848773345245 1380.3226286883933
967.1740144973371 1388.3221620650968
955.1270303537315 1397.8488315578554
942.4301120575731 1406.440359164636
929.6559165759016 1414.9165617715485
925.4699260141381 1436.7276763685545
367.3179943351006 581.7400545240451
362.56139339613816 585.8926830219428
354.0036119687892 584.0979735567064
345.95159189562287 583.0964723481736
337.4476715540796 581.1308535628874
326.54138761235134 574.7101201268341
326.4740729642782 587.3658822932391
322.85422397786823 593.9201546164674
321.01719178611177 603.9900351642888
320.40220337310785 616.7393518121393
837.8675392705347 1650.508705410771
820.9982137236 1655.6164812729603
801.4919822505909 1655.1530450046057
785.4860767992196 1661.7026277750692
768.1713295141583 1665.3734741830285
750.4467524671546 1667.9540376495695
732.7416335102217 1670.3489750710094
714.6647871557685 1671.6393875473264
698.1663438857165 1676.4306595458254
680.5137058267547 1678.2795047851646
662.8880797926754 1679.9450567410768
646.7245322691408 1685.1624192822665
630.5214854020189 1690.2244396666472
614.2804305427547 1695.1308364407178
598.3347159265179 1700.8246728328975
581.044307461853 1702.58289453588
564.0878373540748 1705.116099199466
547.135114439137 1707.4812346106976
530.4839918890228 1710.6337230247411
514.1091759560877 1714.5820934553565
497.70701151950243 1718.3738623141141
481.00982323577705 1721.0457721834962
464.0462763626245 1722.590216329462
447.849320805634 1726.8720235888738
431.6128698659129 1731.0015397353377
415.338355419796 1734.978400590964
399.0272127004004 1738.802255440379
382.68088017105515 1742.4727670616567
366.30079939844137 1745.9896117560559
349.69228913234554 1748.3719006325227
333.44517414386354 1752.5610733552678
316.97252716656016 1755.6151107294686
301.18659314336145 1761.435674701377
285.01233679872644 1766.1508904599657
268.3259755689531 1767.751444868585
252.05706858997752 1772.16456182089
235.729047699164 1776.4278246162564
219.34329446529009 1780.5405132074677
203.01417269938713 1785.495518247857
186.40415862995852 1788.3113514277811
169.9479432983348 1792.9636629247861
153.2508775243475 1795.4715727457278
136.52175327390458 1797.8239098652066
119.76202083468743 1800.0202938760417
103.08723246311655 1804.0571006769978
86.34737690902676 1807.939194359404
69.54389196308261 1811.6657106350021
52.707233727403946 1816.235377783619
35.791146654413104 1820.6482345091165
18.81769398670196 1826.9030883965966
1.7256101315632009 1827.9991855221583
-15.418983971794201 1832.935147497935
-32.655783438497906 1837.7098791180338
-49.8747856075209 1838.323558506664
-67.32695769471086 1844.7718234967638
-84.76667149437614 1848.056982726389
-102.27373343662101 1851.1769454725109
-119.97558170984895 1856.1265742921153
-137.77896431407254 1860.9064879763685
-155.59908660437844 1864.5186843386375
-173.49882300889232 1867.9598920786625
-191.37473475310728 1870.2341326417336
-209.86384192500043 1877.3060932763412
-228.02037785588425 1880.2241109193499
-245.99048536287108 1880.9831687473811
-264.55049985576915 1885.531498815669
-283.36527208482534 1890.8855392583373
-294.5882489801816 1847.663054661967
-288.3596425957008 1705.798556841364
-299.9087039063295 1678.4158511290416
-309.30509897585137 1642.1240378691066
-316.300625880626 1596.977743760859
-323.16247828455215 1555.7914425233823
-331.88532030564124 1525.3108319833116
-338.2872665995393 1487.005960060891
-349.078687543149 1470.1241681923173
-341.8068343980993 1381.3388751348273
-307.7062688158921 1195.0200216445755
-302.1745303908899 1129.2703631916695
-307.73964667715035 1108.0597050082738
-304.90771354238314 1058.9784163156282
-326.8947611116016 1096.300969240559
-37.732236142426615 122.31221670664037
-38.277884987545825 120.04500623049762
-38.47136127308862 116.82873945136744
-39.894515622336485 117.40710209888987
-39.67871387704654 113.25016408404659
-38.70897951635227 107.22693180727788
-480.4693600639703 1292.5904974274408
-497.654604016886 1301.0722097949815
-496.37350075686805 1261.8832544044521
-508.26653293709217 1257.1400604133605
-513.5936416086331 1236.5850441029856
-44.7185672577695 104.86300464135265
-48.914218028640484 111.76492864332094
-48.32908834522546 107.64896292914015
-692.8983445639205 1505.1713803087603
