-717.1722736448437 1459.2943260066097
-736.5136993050687 1464.1955370564283
-754.4020465275117 1465.1899372419612
-772.8403386653426 1466.861210521172
-791.3767489572192 1468.314285570328
-813.8705769269191 1476.553650908982
-829.2249266133754 1471.4302637512394
-840.5617044463564 1459.2162351818308
-792.3890407635208 1346.0919760840518
-721.0329353081222 1198.8796879591184
-726.0198988115787 1181.8054436029752
-739.7843289600713 1179.145091422212
-779.9942151902035 1217.5898423811766
-939.7621562550049 1436.988548900423
-944.9372299988553 1415.5909124327163
-949.7931607257693 1394.2244983640735
-954.9017793628798 1373.7145233889048
-963.1797681050889 1358.1272894368285
-970.6630159280014 1341.696429714843
-984.4539203105061 1334.0968775862102
-1021.6390941807846 1357.5177940791295
-1056.9157732124568 1377.1801074422744
-1063.6870574881034 1359.2813703322431
-1064.6023569642196 1334.3428425806571
-1069.560148061379 1314.939576436469
-1073.6091243779476 1294.7924343509335
-1076.7285401565625 1273.9229375485463
-1081.5087967191632 1255.3834962349424
-1084.056449365377 1234.6135486820692
-1085.642609780659 1213.1628595652933
-1028.2965625837455 1127.5114985570892
-891.1480983146423 958.8201431291463
-863.0125102863723 911.1719964360263
-853.5063801170211 884.2894656726037
-850.5839877679533 864.798172843101
-850.2026322949567 848.2667528783186
-850.3004992317315 832.5197060768401
-853.0621495356955 819.6181849065688
-856.384180774357 807.4250026593389
-861.0205976458228 796.6006091069917
-867.0101091475797 787.1051204482803
-870.5378136363692 775.7060751529605
-877.8644214283759 767.4047547352197
-881.3163667700895 755.7793736687772
-886.1575261619297 745.445396274314
-890.1107780536353 734.4513617611121
-900.9314376237605 729.1114761826096
-904.6811329274258 718.0369403625064
-910.6694521308009 708.7997946922579
-922.9234989190364 704.3672445131469
-931.1716612786731 696.769931348588
-936.9396666951758 687.3049257593991
-948.2952314274964 681.8798677566828
-958.8144079075436 675.724745135848
-970.9475031947794 670.5676297285933
-984.7249866447333 666.3615390143175
-999.3429492637767 662.506354502941
-1006.4275312665063 653.5316551696677
-1019.3384692759412 648.2384476827807
-1042.425592215449 649.1015981294997
-1057.934734446388 644.8992926433167
-1113.8192091240333 664.5417739964233
-1652.052150945368 964.5168171456538
-1629.876132942327 930.9311420642052
-1641.2615077288365 916.8754895009826
-1695.529229195265 926.177430595515
-1728.9467086691943 923.2243923239679
-1739.4084990664317 907.6905162969719
-1731.9129844062913 882.9571985350667
-1728.5819111948877 860.6773938531379
-1728.5823960432608 840.2897715010812
-1761.7809524937918 835.8396230318756
-1814.10622388677 839.654457771341
-1865.7473397286637 842.137675380584
-1956.038685158962 860.6286435865353
-1959.52723647076 840.0458377548608
-1857.6021566313066 775.5534976252239
-1832.4581250577858 744.702101453799
-1818.0580427591872 718.8114865238547
-1813.6008501474844 697.2094063796915
-1818.2660254692166 679.2566971509211
-1823.5459144491529 662.0274147615058
-1824.9982756079914 643.1223009878119
-1847.0740688314154 631.3646998768302
-1910.856431754937 633.085063179341
-694.1425199695276 222.72665303091583
-651.3278444975412 202.22769093817695
-629.2632339931052 188.88298585245454
-623.3345724282518 180.70697500563855
-624.0495871942186 174.54544600970084
-625.6694463474503 168.64680224443927
-628.201504666328 162.98426161737675
-1887.1955717102514 470.65685389380786
-1885.7192369651789 451.4243672415834
-1888.9218715565894 433.3799293404701
-2131.254093520867 467.8461166351022
-2145.36271986432 449.7586021593894
-2126.9585435759222 424.9804159127723
-2161.33059440768 410.67025906114037
-1152.4294924675378 207.71919721348198
-1144.4812415405 195.15042342233335
-1135.4119561502375 182.59159299127393
-1130.163598055999 170.819324518973
-1131.7257334968476 160.14326130381588
-1128.229946479883 148.79915277312617
-1120.6508598207913 137.04980986094606
-1102.0205135230758 124.22474702866657
-1083.2496696550022 111.76382774551219
-1079.2782062261178 101.06707458580911
-1081.1806455277526 90.95829668695355
-1085.9800032231294 81.04586725732499
-1089.6903237787171 70.98590186110472
-1090.3118608104423 60.69634400909693
-1091.8351736675002 50.447532570582
-1097.259365584099 40.32225983226043
-1103.5888741384 30.126348566309915
-1107.8234509301894 19.778816170989835
-1111.960656856358 9.354015371868808
-1114.9994109596084 -1.1461063328234888
-1115.9388580328825 -11.681829148995522
-1121.7776746290824 -22.334921172201653
-1129.5189613467523 -32.96840848682506
-1136.1583307143105 -43.740685276653174
-1136.7012724353988 -54.35271146636234
-1138.143383935682 -65.0356640885175
-1140.482732927284 -75.81646189788651
-1147.7054285926004 -87.02441714297917
-1153.8212175791502 -98.2883404283914
-1155.843925909178 -109.2969301437971
-1157.7614123647784 -120.35161834854453
-1163.5475379610025 -131.90195944295004
-1169.2183627462825 -143.5702623000401
-1171.7980869383825 -154.96207099657312
-1173.2766016669007 -166.27391852292777
-1179.589605718842 -178.3742192136155
-1186.7656650113615 -190.7649243182317
-1187.8976706733392 -202.297118142733
-1190.8859739946804 -214.2209068759197
-1197.6848698947617 -226.96244716949857
-1203.3682704063242 -239.65351192772408
-1205.0030032425516 -251.65206571063803
-1210.4260576608003 -264.5557766062445
-1216.6875603086999 -277.8045726586656
-1220.8609737147483 -290.7292260167131
-1227.8104369275072 -304.4774720268871
-1232.6722968590796 -317.880494142313
-1236.4244300203584 -331.1414031027106
-1242.926468627558 -345.302466809937
-1250.2321971787303 -359.8895012884436
-1261.206651145689 -375.78422413118477
-1270.0810223628562 -391.3249246262266
-1278.7743469306893 -407.06285710193356
-1286.3337021533887 -422.68381410264203
-1295.6062871511945 -439.12224800651643
-1284.8580856911226 -448.84373632049716
-1276.8645348381376 -459.41915466443766
-1368.188018596571 -506.6976867608429
-1334.4475159861709 -508.36387271160277
-1231.8928055769911 -482.46151718831334
-1192.099929132423 -479.7111203239633
-1165.4064971590176 -481.61052353488765
-1139.716881764756 -483.4143454847215
-1119.5873152513936 -487.2014404003505
-1098.5739392945525 -490.2492222358432
-1075.7832873000875 -492.11717991329806
-1061.203535159844 -497.42442336926905
-1050.2248305122862 -504.234871241012
-1042.801416475365 -512.6492034490763
-1030.846140702301 -518.7217309879854
-1022.4249361621755 -526.4477656081098
-1010.4103773109559 -532.1981486460955
-1003.66027326267 -540.6163666356232
-995.0892032544696 -547.9903991553001
-983.8537448750577 -553.7804697669691
-971.7302936322486 -558.9107589207634
-964.7700862079597 -566.9035903557907
-957.7453930297976 -574.8154157033356
-951.5097250392939 -583.1682803065057
-946.8970256412151 -592.515841840385
-941.349944977699 -601.2896815100714
-934.8838598230732 -609.4654778101155
-930.8449832740633 -619.2347027690784
-924.2228845950837 -627.2966280721927
-924.108693761017 -639.8430449065669
-924.6574716543132 -653.0180396542297
-922.6063058089323 -664.5047813835464
-920.4211525536788 -676.0095427815776
-922.1036883474331 -690.527905255146
-939.4918317751211 -717.2719833004965
-970.6653471494303 -755.4527012614859
-1009.0412775223649 -800.4871643293437
-1012.4453649444192 -818.6320192873973
-1004.0224463375622 -827.3692810651947
-950.3431371263356 -798.0782679141657
-887.4217745683114 -759.4120054502885
-881.8337198515252 -768.9403686455939
-888.8536693529937 -789.7215676918789
-896.3036714385441 -811.3696620935407
-903.4268070247666 -833.2232620066695
-1004.958572490056 -944.2982937497816
-1041.6488332901677 -997.1618264380323
-1033.0743655463127 -1007.4752380337114
-1029.0994389457946 -1022.915120995604
-1038.2707203822233 -1051.8925378559254
-1082.460514981316 -1117.7724426314974
-1068.314312141556 -1124.4134161746356
-1044.5942615909519 -1120.6457195078444
-1031.8418052159918 -1128.3366027071015
-1015.0311187667011 -1131.4202702511648
-997.5952679908975 -1133.535919714135
-982.8257892310911 -1138.4504679705142
-965.4686829236597 -1140.1343001127777
-950.0861271507476 -1143.8991874268
-936.61461509636 -1149.8008796256408
-919.3722428163946 -1150.8621460186935
-903.428635601607 -1153.2743387308237
-891.177873184104 -1160.2460938727859
-876.4701615124591 -1163.8939195555254
-859.3985260231092 -1164.149119945253
-845.919516751034 -1169.0462656283955
-831.2684883373636 -1172.1611238636583
-816.0645667281634 -1174.2821734705738
-799.7704419329623 -1174.5672565716934
-785.7651461169062 -1177.9767124811412
-772.3147261190443 -1182.0634347697528
-757.780058532737 -1184.3164200880278
-742.2110748169558 -1184.7053306282787
-729.3179396393781 -1189.1679204049242
-716.4073031198895 -1193.4925957191717
-703.4806207142501 -1197.679429680369
-689.5428956110628 -1199.994414617131
-675.1352325045158 -1201.2811568617371
-661.7291598685524 -1204.155521093376
-648.3297991771153 -1206.8837854155477
-636.3331626244241 -1212.1225623444184
-623.3828887737224 -1215.4627818177441
-609.5311611061842 -1216.8782862885453
-595.7092806025169 -1218.1405719390648
-580.6267097645718 -1216.5428985070637
-568.1616842218026 -1220.2083021280607
-555.6796094005522 -1223.7467759697877
-544.3092303982917 -1228.846394673972
-531.7630658863468 -1232.1493585434976
-518.8160447883515 -1234.403058838632
-504.7386069307932 -1233.745491855416
-491.46078851593995 -1234.7903843775634
-478.20914130611726 -1235.69454849136
-465.68912844048276 -1238.330584154467
-453.16242554476077 -1240.8403668781853
-440.63030046469794 -1243.2240097071767
-428.0940182729341 -1245.4816383708483
-415.55484114251277 -1247.6133912406603
-403.01402822095486 -1249.6194192861758
-390.77067901024435 -1252.4545007407944
-378.22123421476 -1254.212381532356
-365.67388536417525 -1255.8449783164592
-353.1298790900333 -1257.3524917436075
-340.59045837992045 -1258.735134832009
-328.3088262511376 -1260.9608695774823
-316.5011891922729 -1265.0071135135474
-304.1793091042444 -1266.9980062781726
-292.07243332990043 -1269.8435705584964
-279.7241073287985 -1271.5968007898994
-267.5744517460885 -1274.208739874586
-255.20425953783243 -1275.7240241971406
-243.203120011379 -1279.0841420394247
-231.16107094283439 -1282.3312985654534
-218.74316520045053 -1283.4934466829538
-206.48273834157888 -1285.5228036744286
-194.65097401015345 -1290.4014872577056
-182.32570992106506 -1292.2005786648526
-170.2443472333221 -1295.8649089450257
-157.86804858157473 -1297.4307994020512
-145.5886741716968 -1299.8722775538092
-133.17524978136214 -1301.2026563320842
-121.11895798451786 -1306.3974119756763
-108.80998467103696 -1309.4870702820585
-96.45305118418979 -1312.460593281665
-83.9854845227389 -1314.319382185883
-71.49121622689084 -1316.0596513845412
-58.97137379743809 -1317.6810604514442
-46.822283077629095 -1320.1699412603662
-34.2103900147737 -1320.5569466005763
-21.62807124819359 -1322.8232030525028
-9.0055778737917 -1324.9693957096365
3.658697756103128 -1327.994960054717
16.416868559686254 -1333.8989790935045
29.20072496187646 -1335.6808442370134
42.051519729628104 -1338.3395195870248
54.87385805775972 -1338.8759687520935
67.8112619064263 -1341.286931554415
80.7396860550614 -1342.5744311194558
93.69888144624083 -1343.7371467722855
107.00398795767943 -1348.762079301295
120.41359229480008 -1353.6548920573005
133.73015010288893 -1356.4236974313958
147.0029356102031 -1358.0670590666657
160.31928611487777 -1359.5803494091904
173.67792518556737 -1360.9628864532774
187.62179299044848 -1366.1768051006609
201.82653519559528 -1372.2372424952405
215.3892813153912 -1373.2106384289482
228.66022278022996 -1372.0770760121661
242.97194372213013 -1376.7238773856907
257.57638251441534 -1382.2049078088196
271.72982183989376 -1384.587990675515
285.3463670746851 -1383.8881641221153
300.03074418863696 -1387.9414802294846
314.81845151326974 -1391.839912700734
330.167707653998 -1397.528276931277
344.4581285878334 -1398.1947638472145
359.0397877242881 -1399.6840467873092
374.4543439684081 -1403.9205619561205
389.44854360015006 -1406.0621721274356
404.51767230505874 -1408.0449043950612
421.0865027644715 -1414.6597319460207
436.6405954182184 -1417.2628515673525
452.58619145675345 -1420.6501114991934
468.6361106648267 -1423.8613681749162
484.466747914793 -1425.9480951860992
500.3797991815919 -1427.8617077893045
517.6707974417856 -1434.448307007257
533.8376652367813 -1435.9809703385843
551.1535543463683 -1440.1367155695202
568.2314912400191 -1443.1611040916896
583.9166945105528 -1442.2819744668063
603.0943213186385 -1449.5438039580627
619.7135612452637 -1450.132442919857
637.6045631901127 -1453.282292260917
654.7914878000399 -1454.3978504881702
674.1543492116215 -1459.8561276506173
692.8256718018229 -1463.268119140287
711.6239382861579 -1466.4553762246223
730.5465470376453 -1469.4157827556412
750.0446150618916 -1473.0383821939804
769.6787799030967 -1476.4212054040947
788.9754777658925 -1478.6797136243135
810.3024809864023 -1484.213896076735
831.3198641825365 -1488.6007804027006
852.4952009529708 -1492.7199778766792
872.816825878001 -1494.8417268942726
894.2818884656573 -1498.4274770446175
916.4159485481838 -1502.5916974502861
938.7113206678391 -1506.468073491782
960.0905820859939 -1508.3666908911034
982.6819283737136 -1511.6696820561428
1007.6362430002421 -1518.009618478209
1032.2404612217774 -1523.180760847724
1057.035504891068 -1528.0183053221858
1082.593994282845 -1533.335985210911
1107.1814334539852 -1536.6799515236667
1131.3392448205523 -1538.8864523183192
1157.440308505334 -1543.1697677984353
1184.3340868073992 -1547.8868727481617
1212.0388121487827 -1553.017037203703
1239.9495572295405 -1557.756751077095
1267.4311183514105 -1561.3261543426768
1296.3692411398697 -1566.0510178874886
1327.4482035935514 -1572.6554825441754
1359.4237694079802 -1579.5641852006515
1392.9713383477024 -1587.5058584275555
1422.2935222192073 -1590.9233597673024
1454.759045314802 -1596.6452705829074
1488.8186708730511 -1603.3598988560868
1525.8823395131683 -1612.4773133169413
1563.2488499456963 -1621.035790210524
1600.210008797367 -1628.3172073477365
1636.0307514794638 -1633.6301234409034
1675.6638876199363 -1641.9094176374167
1714.8761173017945 -1648.890809698423
1754.367351911894 -1655.2761686636004
1799.2663817114271 -1665.8164627722556
1842.297596731514 -1673.6369274957124
1884.1413710663078 -1679.460417466388
1932.2788353253666 -1689.9075426051108
1030.611980544221 -884.3093042362033
1046.5640344546375 -880.9811131834962
1051.7493295785355 -868.515600165651
1052.1304959123947 -852.2543162525719
1042.1205841247365 -827.9768644977454
1039.63566666279 -810.1121407574486
1035.3181204401 -791.1544662633072
1053.9439413531677 -789.7412034869084
1017.8340883698203 -747.7852422670408
1014.2989289895918 -730.5461536758422
1044.023661276942 -737.0879151728707
1012.2856522872111 -700.4561072425992
1032.9229385650444 -700.4100249040938
1025.3289053866336 -681.2206953540444
1011.5991218174142 -658.4194838689361
1019.4558041069471 -649.9160434030366
1056.931013273894 -659.8581917198724
1243.9955699078848 -760.4202930285047
1215.935974870282 -727.5910286804369
1161.4831290111865 -680.2006623213354
1165.2493574486437 -667.7147107601593
1170.6281924789337 -656.1963387382654
1172.3859682770653 -642.7131097052928
1173.1125170836926 -628.7829691249306
1172.7952184254082 -614.4325639470121
1175.8726339745212 -601.9672322226697
1181.403486103922 -591.0387491708985
1186.0396956204788 -579.4047293666853
1189.658979212118 -567.3054848844504
1190.4357007686408 -553.9240402216493
1189.2449420984349 -539.7522280577359
1192.4655325393144 -527.6759931110466
1196.4824964024815 -515.983173952878
1198.5411280158933 -503.4870052487854
1200.4706716604223 -490.9981328713732
1197.625888233769 -476.66889119416606
1193.6855648104588 -462.0765871185596
1106.2786490082674 -416.2589947958394
1200.3300480993607 -438.7388467297905
1204.424125215628 -427.3716492686073
1206.519460674908 -415.3152910894672
1209.4432383939513 -403.5740986524677
1212.2529374551914 -391.8147720942386
1213.9940787040737 -379.7398805385703
1218.4869626553082 -368.5356452760597
1220.9566749573446 -356.71949466927816
1210.7997231447453 -341.36202254001284
1180.1976818379608 -320.7217357528229
1010.0055137445698 -264.2439445012266
958.1503518843363 -241.02261965202052
930.2525245195744 -224.6758567914197
923.5669373270281 -213.8413249967684
917.7367373221845 -203.36981331857424
913.748424252132 -193.4420253635329
908.6747176625813 -183.41008009601867
906.4397868317612 -174.05721142311572
904.1095809124043 -164.76305927724414
902.6704590586892 -155.69856243002175
897.192975724011 -146.03343559436718
894.5794999831221 -136.93983427019066
894.8442432078606 -128.33464223564602
895.0263256292106 -119.73669625755552
896.1182870845038 -111.2700119202603
896.1366584080132 -102.67954741485688
898.0618480277276 -94.3075665947474
899.9087480888917 -85.9083529878419
900.6666014132313 -77.56077035937402
902.348447634712 -69.22628872924922
904.950830696178 -60.93434189599037
908.4751879307158 -52.657695679269175
912.9224413442981 -44.36908935246015
918.2929972248892 -36.041243703980335
923.5871926259747 -27.616980596559966
928.8036953185277 -19.09700402281764
934.9411166237775 -10.493257181833625
949.9983068845135 -1.7935764710834678
940.9739070964238 7.007579017803122
941.8673525911186 15.807913303075544
940.6790911256634 24.57330907704069
936.4112300991393 33.2115664222094
947.0493742221696 42.443878067360835
923.6455804367362 50.038402649212976
841.3032780418531 53.458342249198495
810.847040757478 59.12762886198619
794.3136918881737 65.38164022857976
785.7021925286117 72.06292150428298
792.954656005925 80.19921145824995
792.1714580829835 87.59783672374596
793.3049737789486 95.22719452751751
790.398043512664 102.37154297632155
783.4651358719967 108.91914833064843
782.4142548642536 116.22793891838009
782.2829240821178 123.6827663400665
782.0805084467706 131.14525651978713
785.7454271527986 139.31304213341312
794.2404324114846 148.47941110745938
802.6319186004068 157.81635924019386
812.8761806390789 167.72690586075782
814.2073755478485 175.94132432002627
818.3820660524527 184.8561439707077
828.3007186972893 195.24067046994588
847.8072152461577 208.2112527616007
871.9862402572069 222.80035188953534
907.5627363380909 240.93750146151382
929.3761543355864 256.03898873491175
2480.829438022042 708.4386349171255
2438.672149906752 720.9210395523064
2368.5388830264346 724.9500393764323
2357.666801315162 746.4156040546934
2297.179047832758 751.5699715915899
2245.340650821704 758.515235026672
2174.6985165418128 757.9547230216588
2148.5105740140925 772.0047366108801
2081.9291875290246 770.6950487155971
2073.510755505995 790.2620747580879
1955.984193135526 767.02466466468
1888.2578875020213 761.4316451832066
1876.2525578937523 777.5842970361166
1865.9516840837878 794.3603166478524
1857.3344453558695 811.8114054967473
1852.2038506738293 830.8073757189685
1855.0555421165193 853.5414082883075
1968.8819526820896 928.8879676272927
1948.183118504119 942.0607925052217
1949.8151130739755 966.0212341498088
1928.8718275111576 978.786224378831
2032.9844463244658 1056.245824135085
1980.3851773353877 1053.1493480937474
1944.7251630655132 1058.2249477969287
1917.0159658091977 1067.0922110261274
1265.3384008832018 720.3157163704967
1240.225255339909 721.8492335779385
1218.6382915090599 725.01359605726
1203.0872395479419 731.4677669158862
1190.0735618934223 739.273912215427
1174.488287035867 745.2907242248189
1165.6111834607066 755.4280700313773
1155.8138895281086 764.9119248474985
1145.9421151065883 774.2775140897733
1138.466785021462 785.227597198988
1134.157646965805 798.4080609744543
1128.0758282941706 810.4109609441502
1121.867961162298 822.3705233758984
1121.140018668829 838.477822329999
1120.2056908525503 854.6462485622696
1124.5880356940813 875.1724115702731
1132.8777399909611 898.6122780337314
1144.949269257619 925.1352175906202
1419.9251022380215 1168.6460987118144
1399.3632949760342 1173.055143066095
1368.9514193454002 1168.7480530346195
1339.487355444494 1164.6452784450364
984.5294000688576 871.7378392613546
978.1114517862568 881.9223253124852
963.4870375724498 884.6223648709458
953.2769201700651 891.228429456262
959.684880777786 913.5808281736906
1061.2655158753453 1028.6882447145188
1069.0249815949294 1055.0780012520217
1066.518157827003 1071.7663080286186
1059.60299878301 1084.2036178550838
1426.482258687579 1486.185844923031
1408.902930164872 1494.6265531472527
1383.8149926851966 1494.7993397174314
1362.8756712659906 1499.0816871242462
1341.306300625629 1502.3626086607685
1319.1300471572463 1504.6251754795683
1289.8461242774702 1498.2743325861218
1224.6338273151237 1448.7515276939355
1233.230008549226 1485.9019974458865
1133.8680265235346 1391.534512122364
1056.3050200798511 1320.4925992045944
1013.4712426728536 1290.642103867351
998.7357790372203 1295.7711386162746
985.1971058049007 1302.334696886191
978.7744746928603 1318.394678269643
960.3654394292034 1318.27888656003
373.3264314900872 522.29433804214
364.5810357741526 519.9092885820045
355.9093703719396 517.4094317669998
346.7535108039494 513.9669276764171
338.7926374401441 512.069867123961
329.80600244984015 508.39354908186624
324.1334791733247 509.6601688174149
326.40020292623785 523.5951752353251
324.79199885652633 531.6381828638555
326.0095363479184 544.9245656145584
324.41124823750874 554.0048212939861
904.3730892574314 1578.2491297089223
882.1660173105778 1573.5943307925309
866.3771812418163 1580.0615746936842
850.5447877552847 1586.3711936436307
833.277738823026 1589.865783637721
814.1968233706648 1589.6161589557144
798.3270065482216 1595.4090355190283
782.4202984852402 1601.0441831874184
766.0476549066155 1605.6188808095383
749.6582449969881 1610.0274891156473
730.3587753770737 1607.8967812735061
713.1908889370475 1610.1179323071908
696.8387021183498 1613.99498860127
680.8644741372747 1618.628916045235
665.2438186708061 1624.0306837373128
648.8411153454906 1627.4241017747095
631.3486919153365 1627.8558994016619
614.2584694491784 1629.0388370784635
597.8899504036173 1631.9226719444644
581.8567416414187 1635.585134502766
566.4601637288348 1640.9810732937483
550.6961517190117 1645.2837896490294
534.901325681921 1649.4352281261981
519.0771359007208 1653.4351898351215
502.9344880414625 1656.3266286389505
487.06493075501817 1660.0204074735375
470.8978806465281 1662.6001281133742
455.2523215044989 1666.9521060200752
439.31217551280804 1670.1897534251023
423.1061276795397 1672.3056552915275
406.89915379343785 1674.2646381746777
390.6927703018132 1676.0668719457153
374.9241954235614 1679.664504502609
358.7051654289525 1681.157816593846
343.28910093927936 1686.4144191675725
327.2351223785935 1688.5843700217845
311.35171300378113 1691.5850882558675
295.61257283814143 1695.4215425020454
279.7174116312669 1697.1028753821333
264.1922739509108 1702.6248683678525
248.58793036307452 1708.0046958008643
232.5015678485275 1710.2686984646525
216.39460954787867 1712.3811996628033
200.5005430844771 1716.3285035863123
184.44464572028792 1719.1338437321037
168.45100775744325 1722.7841588502902
152.31703655809613 1725.2894019190403
136.22938563875894 1728.640377432069
120.02295882770078 1730.8435773790316
103.66755110361665 1730.8983329035184
87.42252527291072 1732.7960936229363
71.2329267674458 1736.5396252732453
54.94901512467114 1739.1321415398052
38.689121845346165 1744.5710509609048
22.306184808069414 1747.8576698688335
5.871504581066819 1752.9901669530136
-10.645688034534059 1755.9677301494671
-27.187459625537034 1756.7896408048148
-43.74564415005745 1757.4556377382323
-60.490228816998716 1762.962544190224
-77.29863367021065 1767.31036358437
-94.19421897807416 1771.4975159765565
-111.17544520029337 1775.5227456680234
-127.95322155535698 1775.395159702089
-144.98224244395846 1778.0990268755904
-162.1641105535519 1781.635148185053
-179.42534387971025 1785.0049148317905
-196.65495463739992 1787.2131458828749
-214.06071223348206 1790.2477514238342
-231.54095965027602 1793.112596577312
-249.78100558225273 1800.7591313805183
-266.86498787952144 1799.3176701861355
-285.19205550390603 1805.6160974795991
-303.66119729564144 1811.728146620507
-312.319589444456 1761.5270290430535
-299.47088771045077 1601.2364558096704
-311.4388097088022 1582.6480555724208
-326.9274592509889 1582.5847327671568
-330.5953576405486 1528.6604297575436
-334.3588911767294 1478.6683644046313
-342.7260293471278 1452.1029126091414
-351.10160225231766 1427.4549607241047
-355.32528839944 1388.2481548425897
-355.7593239363206 1337.4944124864119
-344.36101618105465 1247.3377612077459
-309.83877303448 1082.5321864612101
-310.9034862415855 1048.892283431825
-315.17556534260433 1027.759389648652
-35.95675403528084 113.43770025545437
-335.0567891101479 1023.5555422502474
-38.402257324062504 113.68934265099999
-40.126705653997796 115.21218465664741
-41.88310699914352 116.7124901118055
-43.32459178805264 117.25177928883893
-53.66477649379502 141.14209777338237
-473.04854819473167 1209.8041457404815
-488.87087879207155 1216.4399960002415
-46.555430475442314 112.76786729049307
-46.832503234261154 110.48401079257088
-45.8741174315287 105.45409119554496
-48.900558328160365 109.58437568921123
-528.4062993312837 1154.8535763580671
-542.2071909054708 1156.1748838866888
