-603.5025262252391 1247.7101830312017
-717.9965641749553 1449.9672181925214
-744.7963668204025 1468.974939190975
-768.33386040148 1480.5023063003175
-786.0581573163826 1480.2326078412045
-800.0270418874757 1472.729687433772
-817.8093985636932 1472.08824043292
-825.2793251143592 1452.9814298671502
-827.440620317024 1425.2178850440303
-726.591830036862 1224.6796775172209
-705.4889364922684 1163.8755777517665
-708.5720426346533 1144.395762136751
-727.3838586865775 1150.3189653840475
-911.8086735745668 1412.2202175277725
-921.276075385062 1397.686085257737
-927.201117107543 1378.1215796998913
-931.7069943944239 1356.9222809713565
-937.616952595411 1338.2191338512891
-943.8385706709112 1320.340013978934
-953.930855568489 1308.119613336017
-968.6512251765947 1302.2456772682651
-1020.2135273734788 1344.807926272062
-1037.7859345794895 1341.4232568391587
-1042.998027300254 1322.123713972251
-1046.0582270697596 1300.508817955369
-1050.0718419817954 1280.5019042066901
-1053.8012649192842 1260.5363517386224
-1057.896264411574 1241.3768540391097
-1061.7237581513805 1222.2535176373635
-1064.6219017941642 1202.4209771208157
-1065.900675690845 1181.159070388828
-1058.7499335534221 1151.1492423663512
-863.7444205644324 921.4741319992726
-847.5563917439723 887.2300506711538
-834.2877780069766 856.9596860227333
-836.0190810962663 842.6393629797711
-832.5776850461425 823.4411930206105
-833.8722065406265 809.2596265470476
-839.3185407343477 799.2655298332121
-840.9972712154655 785.8273282395699
-846.9199382897207 776.4841390056437
-848.8797479440389 763.9156848307705
-849.3642933408827 749.8461823584508
-852.6822384677273 738.4558214285171
-859.6712550518534 730.3076976436516
-866.582412254171 722.0934307773074
-873.4150841395639 713.8137647856606
-880.1686518812348 705.4694495480081
-887.6287117102088 697.6792028917553
-894.2280887264179 689.2003520985008
-899.1508229560011 679.4533078715167
-905.5762286331725 670.8656304615107
-913.5379308000431 663.3923793574777
-923.0686866061614 656.987975390095
-938.3013426382089 654.466645753116
-946.963988009138 647.2002823035766
-954.7421537955522 639.271788651611
-969.1445513151641 635.6412814285502
-980.198073821997 629.6322228695469
-997.9963569025425 627.7294573375166
-1016.6976316564102 626.0686270563688
-1032.0306977889675 622.043116529085
-1049.1010347430438 618.7980437114153
-1083.5245984031087 625.2802928730298
-1612.803480155185 910.3674721777593
-1624.8960301961065 896.9107486550342
-1661.5193840213253 896.6032213423035
-1710.6648015013702 902.2094750689984
-1726.2847205735927 889.553294364173
-1713.234358737793 862.2946318053381
-1714.1831125037875 842.4228491718555
-1713.1061865976046 821.7464289189293
-1731.7174067268722 810.4929507646298
-1797.5731624069385 820.5526953184166
-1823.5729519271688 811.5403187763577
-1937.636753066516 840.3022153760215
-1952.9153671582847 824.937311992264
-1868.1927836509599 768.2810183223831
-1816.9288387323115 727.0616170469006
-1807.9231299095643 703.5722822411389
-1800.5069897631888 681.0283252654771
-1803.928335651982 663.2695981513629
-1809.1582377315633 645.9005115712672
-1813.2761564860923 628.164453243754
-1821.960380887519 612.0003026765645
-1878.0462115290911 611.2016257841833
-1922.8289731055775 605.7926544501431
-1031.186999203826 314.2250350831531
-1010.1210187148002 297.42986997034126
-739.7003312936428 210.24847177583757
-670.2811567010762 183.7067526561486
-640.0758513788063 168.9582921365395
-625.1628173198915 158.73390261899345
-613.0299345892066 149.51688632911362
-613.4382999713876 143.5041885389198
-613.7878691981048 137.49709678844198
-610.167454583524 130.65862913356796
-2128.044516737031 434.7534183712149
-2145.7903434583905 417.3485377004732
-2150.6122078337335 397.2859568579216
-2165.0967251413595 378.8933501424395
-2174.491569341873 359.4473742582062
-1151.14212129687 179.15584438176217
-1131.9999438468974 165.26381071069676
-1127.5624242262004 153.77574409878207
-1126.977671235377 142.88921770688705
-1125.294848076285 131.9109733607118
-1117.5399458298857 120.33482236882229
-1109.667589560108 108.9166685124901
-1088.7308462846618 96.5098147769652
-1072.645163127886 84.90202599673867
-1070.4050336902728 74.57924544084409
-1070.0622560762517 64.42645513298324
-1070.6219883564615 54.337446090671875
-1075.0831910101194 44.40869743078448
-1081.4509732088168 34.464366318022954
-1087.726274674515 24.40392146155037
-1088.9078949964428 14.163199300149978
-1092.992995208748 3.9131093276010818
-1097.9812392914907 -6.418579587583138
-1104.871146955924 -16.874496268075134
-1110.6653875714828 -27.26530488895532
-1112.3586907570964 -37.77754752705003
-1114.9513872653158 -48.367386069002464
-1115.4458014482457 -58.90385413095541
-1121.8289713580846 -69.82663547430985
-1128.1047338259684 -80.87465313335699
-1133.2745747434108 -91.96596239990937
-1134.3513722783725 -102.80060413330816
-1136.3194648132285 -113.76323609399526
-1144.1456959815487 -125.42578031209383
-1149.8663258445556 -137.00887813839745
-1152.4942113372597 -148.3276536391909
-1156.9917027007007 -159.9818736036472
-1162.3606409397312 -171.88001743709893
-1165.6318586546433 -183.58205274296628
-1167.799025555387 -195.19589112450177
-1174.7741077779046 -207.73732378806693
-1180.6327598073246 -220.24369791151884
-1183.4155679397807 -232.30065337352414
-1189.9932584889414 -245.2367116703191
-1195.4540463421652 -258.10583698193375
-1196.8755422694326 -270.2183123277391
-1199.147937220899 -282.609668374709
-1206.1483613287032 -296.2602411125802
-1212.9972320255506 -310.06727511679276
-1215.826325101905 -323.00208542546073
-1224.3030077047588 -337.6124187956973
-1228.7654938212288 -351.31091812562806
-1234.0367762269384 -365.406944268202
-1241.0631116634736 -380.2188223486268
-1249.8257401462226 -395.7987105435624
-1259.3544520736264 -411.88756237878357
-1270.5848933854002 -428.8298365328739
-1277.8289444714492 -444.7046083311731
-1283.9444729398772 -460.41567133096277
-1288.000409545282 -475.5879992295706
-1275.9923025795777 -484.8387812022338
-1348.6831845133875 -527.027198359656
-1373.361260094557 -551.6147652769007
-1277.5214593233263 -527.1270444289486
-1205.35889287332 -510.48108620320545
-1174.8896404845507 -510.4853892934478
-1150.006873895197 -512.4111532683459
-1128.82970969481 -515.5816972220124
-1109.5055702827124 -519.2517592763969
-1088.4082692522131 -521.7436529785504
-1069.1570441265337 -524.7706308422883
-1057.0931526306988 -531.0772699535256
-1047.6729912816572 -538.5771099285084
-1034.6647067526847 -544.0863392885186
-1025.1679876005317 -551.2953810790331
-1018.2558359121828 -559.8205539552671
-1006.9149543126844 -565.8155837209546
-998.1526295375204 -573.142502478514
-986.7536864490463 -578.8377685320967
-978.7667720394636 -586.4269826256708
-969.8711905229763 -593.3960513801425
-965.1714919807393 -602.899652568878
-957.8493285384428 -610.7541762595278
-952.1409532629438 -619.6156914729751
-946.3505984340362 -628.4238576339551
-939.6508763679077 -636.6170203042195
-936.9938895867838 -647.5827753090952
-930.1273473760082 -655.6730264874943
-925.6272745714859 -665.4428214124509
-921.0258398144632 -675.1854577773893
-921.9300330767518 -689.0907154439824
-921.0640703847745 -701.8582322992523
-919.2503351695007 -714.0551948489422
-918.0731543168956 -726.8993625823492
-958.7598535806017 -773.6947351262664
-994.0189696821083 -817.4932953316008
-1016.2813492652955 -851.7324809677688
-1007.5740066197319 -860.47639199705
-966.3538558122708 -840.9050037648466
-901.6424851665292 -799.4159298780111
-875.6343763247105 -790.9895315353012
-884.4449959732863 -813.9785311037472
-892.9029879425887 -837.1978584081528
-906.7897912525126 -866.1687332617269
-999.7719794160065 -972.8725451849282
-1040.8502642711483 -1032.3694723143844
-1033.0589925002164 -1044.389830482104
-1029.3114232011128 -1060.6611117919333
-1072.925087610876 -1126.9284610724828
-1074.406842370201 -1150.2721143573349
-1057.974265126124 -1154.576309444654
-1038.2152849559634 -1154.9536882852956
-1023.176031953454 -1160.3102204307195
-1006.1668575613083 -1163.2163404737753
-992.4307379884714 -1169.7167307923992
-976.1038357568108 -1172.986488336861
-957.2762633761685 -1172.9527507860496
-942.9129676068611 -1178.1324779152903
-927.9209099007696 -1182.3585686960314
-912.3245753235776 -1185.613709966553
-896.1487763138276 -1187.8810423233588
-882.3916632785443 -1193.1642605176053
-866.8548479315273 -1195.8644039428586
-849.609807365256 -1195.9315094221627
-836.4423684798946 -1201.5241005538523
-822.6822474833626 -1206.1483821137942
-805.5768378784243 -1205.63093783869
-790.7471954163115 -1208.244541862796
-778.0997405545996 -1214.0530440425018
-764.3504682971671 -1218.0362727004074
-749.5493826016101 -1220.1638099212519
-733.7470601099101 -1220.4061831128454
-718.5158401713543 -1221.3205915822646
-706.3272460593734 -1227.2562167184901
-693.1098018091019 -1231.3276585199194
-679.8791186315639 -1235.2588328155227
-664.7414675215744 -1235.5273292636077
-650.5916777849587 -1237.3901845404112
-636.4670987531767 -1239.095893062645
-623.714616207812 -1243.326617397352
-611.3792786006238 -1248.3250288677948
-598.5741373703867 -1252.2990865090085
-585.3262925108694 -1255.2362850457598
-570.8351795700079 -1255.3040260292632
-557.5495900822382 -1256.8864127673305
-543.5439473752131 -1257.5611226782464
-531.1282717619902 -1261.7700895706482
-519.0609567448448 -1266.7820345991358
-506.2057460121825 -1269.8207521946747
-492.61704104913497 -1270.8648436667036
-479.407158452955 -1272.70136969521
-465.5200781529513 -1272.5234995222957
-452.34938056049674 -1274.08164491391
-439.1914403627043 -1275.5045584834784
-426.0476366950756 -1276.7926265711833
-413.534263309921 -1279.8493712420695
-400.7030166148365 -1281.8291978558493
-388.7394265838983 -1286.5526255148764
-376.44205751826314 -1290.204393625838
-364.1103938545635 -1293.7386216261284
-351.2221281397434 -1295.2246973807246
-339.0961879313569 -1299.485581039829
-326.43439525415175 -1301.692969019598
-313.9953553504543 -1304.7493693496624
-301.527709863795 -1307.6869044936923
-289.0325946207468 -1310.5053068365648
-276.5111479504235 -1313.2043196163875
-264.1612054470908 -1316.7641616997098
-251.58115327356953 -1319.2255013141387
-238.9781815713703 -1321.5666569389684
-226.52198163664076 -1324.7731095683553
-213.86720156666954 -1326.874832112676
-201.1929377818181 -1328.8556737985964
-188.36009169914544 -1329.7253385023125
-175.79057933687238 -1332.4540037901522
-163.06479888066525 -1334.0711642809795
-150.32416290652372 -1335.5667883136557
-137.56983211098117 -1336.9407396339436
-124.89582778970505 -1339.1885723081436
-112.19143844873454 -1341.3161749337119
-99.53164195893405 -1344.320442546701
-86.8890182556787 -1348.2029886135708
-74.23611641333795 -1352.964892013043
-61.409701170431546 -1355.609770030505
-48.909923478677214 -1358.1195895006117
-35.940772454913805 -1360.5253620845676
-22.946808545800916 -1363.8069672712345
-9.878750035785519 -1364.9642523882194
3.2070395500262547 -1364.9962325579233
16.316406239481317 -1366.9026208503033
29.46261695497257 -1368.6829268322758
42.67556198679748 -1371.336135456625
56.02344686566731 -1375.8598669200617
69.5122312502476 -1381.2519863177074
82.81035033095019 -1381.5203385683706
96.2587990049162 -1383.655753290583
109.8347428263685 -1386.656889525403
123.47704549524644 -1389.5245299150947
137.1843916545697 -1392.2576782644676
151.27823723880144 -1397.8379358630675
165.02312964224467 -1399.3028145055232
178.80997926216818 -1400.6323540873468
192.90973090071142 -1403.8072644504355
207.66924892221112 -1410.797463512068
222.42529165240208 -1416.6449765672921
236.4895627671088 -1417.4066765407244
250.41481457790485 -1417.0439021568504
265.27207501692743 -1421.459364954276
280.0440222726071 -1424.7383428508476
295.1053767545001 -1428.8435241868106
309.63611378798 -1429.8582017243098
324.8763621064938 -1433.6510556423589
340.2176461992602 -1437.2824890099494
355.1789419570381 -1438.8092018020593
370.2006670458012 -1440.1807060639453
386.5723732594512 -1446.226400060708
402.55881842713035 -1450.1625418230028
418.1026511132088 -1452.0024700847125
434.862227344858 -1457.5101520156452
450.88032975518865 -1459.9626461796386
467.2894551190104 -1463.193960189345
485.0551216650268 -1470.0426963005277
500.41524055693253 -1469.1114957750303
518.1224115130033 -1474.6247545351835
534.8347868371596 -1478.2204675855528
550.3781840206933 -1476.7734608104536
569.1665880726443 -1483.5667814499436
586.2997672614799 -1485.4836191991935
603.5217373698922 -1487.2076225335948
621.6001526984015 -1490.5831912930335
639.4046789161429 -1492.828743218774
658.5166104833266 -1497.615395793443
677.3673641390903 -1501.2602885573378
696.3481068047397 -1504.6804691194257
714.5989064757944 -1506.0668653361972
735.5638207103125 -1512.6367262704048
755.3820233855464 -1516.2565741806225
774.882263468632 -1518.7437169455977
795.8881380745895 -1523.654511912777
816.5873168871375 -1527.4191153377208
837.4312574961228 -1530.9258273895775
858.4169075847159 -1534.1722239607564
880.0378170522063 -1538.023875158636
901.3058949936918 -1540.737707609449
924.7590211236183 -1546.6171966102302
947.88551878512 -1551.3339560769834
971.7162201322873 -1556.5964754976865
995.7341082508476 -1561.5433345462716
1019.9353084187312 -1566.1714359037417
1044.3159038090039 -1570.4777276521888
1069.4336133233433 -1575.286560183314
1095.308154595213 -1580.5787061950532
1119.6491451055701 -1583.068789365884
1145.3081664415913 -1586.857965881698
1171.1417709846428 -1590.2993278798035
1198.9476609422243 -1595.7883651415589
1226.9652670546245 -1600.888888537107
1256.421466786645 -1607.1730142699932
1286.1096148861698 -1613.037835420282
1316.024363216206 -1618.479494902972
1347.4368974802899 -1625.0337865129732
1377.8032932487718 -1629.6054998412467
1410.3386176794043 -1636.0149704333842
1444.4422292228876 -1643.4508348099785
1476.9627378234215 -1649.3565627483777
1510.6788156186913 -1655.2735471942117
1548.7232106352349 -1665.0923148101099
1585.022096805537 -1672.160564251585
1620.8961282245082 -1677.9704233110901
1659.825711388589 -1686.100414510762
1699.0514855166425 -1693.6425388976536
1741.4252814367992 -1703.3889717773698
1783.4110442428175 -1711.7911809776165
1825.708645717526 -1719.5499239487865
1869.7784514635985 -1728.0175179790242
1910.4647934434408 -1732.4448831097375
1039.949485875832 -925.2940434405666
1047.1374158317574 -914.1133585968369
1053.4475311508747 -902.229072415718
2139.9254371751354 -1797.9833490137794
1020.918165457483 -841.4600997307759
1031.9322321242844 -834.2930350320518
1038.200435066802 -823.2647548796823
1017.513516766282 -791.3199373186
1020.1726252381934 -778.0339418782529
1017.066070697384 -760.5764970311558
1012.9151954758171 -742.6565873768221
1036.1258946413232 -744.7275545148827
1018.5902591209604 -717.6279565512306
1020.3866934924862 -704.5644014165568
1022.8558778314523 -692.09165085677
1096.0266707938836 -726.60204851657
1258.8330895726442 -817.5207964308865
1227.6863678294678 -780.9040800544514
1164.5579184562669 -725.3887609832448
1169.6509890783773 -713.3137905213764
1173.7613620436434 -700.6948444033616
1176.8744879047997 -687.5575901106872
1177.2399502540263 -672.935434886511
1177.4347192733521 -658.3680443715979
1180.9694325847317 -645.7764313603408
1187.0172141120524 -634.5913121069829
1189.4138651256499 -621.4971097654937
1190.7787355339156 -607.9597050794149
1193.6800707621292 -595.553430571362
1195.6609543558475 -582.4902421748056
1195.6956660007697 -568.5840960728464
1200.110358726106 -556.8340209418759
1204.4098337622404 -545.0513300018744
1204.9342361269196 -531.6225038589288
1201.6380523974972 -516.6526793024011
1152.04842523527 -482.47842015258516
1201.9315405240088 -490.06588525787333
1208.369808304438 -479.41882146855215
1211.915143397761 -467.6138205861587
1215.3453573565687 -455.7846666484451
1218.660310672641 -443.9324804418598
1219.0314953928896 -431.0582480827564
1223.9980291641177 -419.83904606688884
1226.0145197883724 -407.6179550364374
1220.2945624150793 -392.94424660527847
1107.4786182610897 -345.0957984306788
994.8349484010572 -299.7072328787977
940.0132253301066 -273.525384936189
933.8920745418707 -262.1938082943245
928.6067482426323 -251.26381975573895
923.1989204309715 -240.45738357365718
917.6704565260926 -229.77583253943993
912.9955423583799 -219.45418572842857
908.2080971826609 -209.24161204657696
907.2159712259385 -200.00045388092838
906.1305513895492 -190.79681296728103
904.9524588919428 -181.6316248493819
903.6823242787335 -172.50581667348496
902.3207873194016 -163.4203070958297
904.8110286181915 -155.0516123453422
904.2620390944337 -146.17169579907312
905.6034970704658 -137.61651824451488
905.8739905768073 -128.9081579902936
907.0521717633013 -120.33851295191663
910.1343109841655 -112.0023926948812
913.1397257262433 -103.61873045256381
917.0624370849337 -95.29158665822526
920.9090484842214 -86.89950759288473
921.6751890202041 -78.3571690694038
926.3555856803063 -70.04519169005721
936.9476582471766 -62.04905885774532
942.4783671163741 -53.577304128271024
951.9276249128993 -45.19731106699204
952.3083130979786 -36.3025729733084
952.6058913549915 -27.404666678543105
953.8201451866065 -18.523785687621327
952.9516214591666 -9.602455849678647
945.9997450204839 -0.694565460836708
920.965880030678 7.9276616551650685
827.8666153077795 14.861603508401275
810.6979863462341 22.130859318185294
807.45788033046 29.593436641264887
806.1472452927364 37.089336835976546
808.76099626456 44.78449420453775
807.3094247829882 52.27324991389603
801.7995524690015 59.443062341276594
795.2300833318533 66.43127700122676
791.5876682838278 73.57963998941887
790.8657565122829 80.97132317218484
792.0624338612486 88.57821891297614
793.1858332772017 96.21452015341154
796.2186198694671 104.13889462233115
805.1140275930351 112.96195188169187
814.9021702919613 122.10836520669329
819.651081598144 130.66026341238123
822.3387774568072 138.978182067704
827.895506139586 147.88519504628823
841.2188430262551 158.388314397145
859.3217127483633 170.12405473424178
881.1934333678838 183.0249518216601
915.6001586927888 199.1113994771269
961.48168049686 218.51539549636743
0 0
0 0
2574.3802988164334 661.4605635000557
2501.4227377403595 667.6865185965074
2459.4184451397277 681.149698455842
2403.9274159088877 690.0246220546178
2337.0352388768733 694.3416250288578
2282.4955754127727 701.9671988213669
2232.793060469921 710.1296706358379
2181.2471252986256 716.7823786732499
2116.5244371714434 718.0176229425743
2096.3450912142443 733.6063375829993
2025.26612092726 730.551941633344
1901.949819361726 706.7021187387923
1889.4987224042793 722.7195708105576
1877.8462870953667 738.929849202308
1862.3490378466252 753.4832853034958
1862.443296126841 774.3345328165262
1860.469062312231 794.470810149151
1951.6972096502293 855.5927780454376
1963.4871585635722 883.2480841507385
1962.212618661478 905.3411727993289
1950.7508251103222 922.7866591641845
1970.6291476970732 955.3642039801927
2031.2584507411837 1008.8672391809172
1972.4924639494245 1003.3157427563509
1945.9529842254847 1013.3622171681411
1269.8948954483644 676.8219518560162
1246.6816357791888 679.8418191100969
1227.894952741509 684.9160423233839
1207.3891368013929 688.70274598987
1196.4268110226078 697.7018603001377
1187.9801595671836 708.0904889028866
1176.0281908858951 716.3007009920127
1164.8773593727415 724.8756704572095
1156.2023065916424 734.9123935763813
1149.958303376447 746.4830209023935
1143.5986591690585 758.0013896733512
1138.7802104534999 770.5871996597675
1138.762225671328 786.5599744355694
1133.6382000576862 799.1454381837949
1135.6834155380707 816.9603293133528
1139.9091281017852 836.66192674833
1151.064898564037 861.9127561962192
1157.071983555039 883.8101746823281
1436.494937512125 1119.1618714475737
1415.8758767754755 1124.348478704569
1390.9201091486082 1125.1054394882394
1349.0873912446455 1111.515726737466
1005.7986489880025 844.0012308604229
984.4728003932169 841.331269647062
969.3123678891081 843.59856179181
966.1657306447694 856.2737768539096
972.520003915283 877.6701213922106
1086.804790246798 998.7148481406559
1083.6076129894432 1013.9282721530756
1081.6721072228004 1030.5442506055656
1071.6291558798057 1039.547955732844
1167.5207108652608 1153.1593080319285
1437.7220708417417 1445.8479335720383
1414.8603791958885 1448.7218875207438
1394.141007819811 1453.4671824004704
1370.7087553932881 1455.045878276071
1350.7575545727252 1459.9914481820472
1325.4492021106273 1458.7753125907711
1290.286563945459 1446.0306300012533
1242.941106941668 1418.4827826500473
1228.1588169718784 1427.345410296413
1077.1422984819333 1274.8825313812476
1041.3546398070846 1255.285431347093
1018.0081674940037 1249.8813427343814
399.6864190766031 499.85074412840675
380.96707508290046 485.3381168863411
368.64612367817097 478.45170654629146
361.30621730465623 477.76439521693175
351.62494008614516 473.771993166982
343.22275432732175 471.26122364561985
332.56899227065503 465.38356801683597
334.1047874143167 476.547994463133
332.63266650488487 483.65742956544153
332.7370235836552 493.2657226451987
334.35012861709976 505.41665138153974
334.138265529138 515.1190343106914
868.7897738397538 1366.1498193358843
856.9796860049861 1374.7675504516374
887.8343082707293 1453.2581467369916
908.7194950170325 1518.9235923429426
900.4686049209355 1537.7517002272325
881.9999232230255 1539.205033591879
866.5178396199245 1545.6813493150582
849.549655524023 1549.3722544304885
831.6437924718339 1551.11850045155
815.6373187253797 1556.2084578559754
799.6087503875398 1561.134794405556
783.112254181271 1565.0032579362664
767.0528964386726 1569.598309780258
749.2540300941603 1570.4198159688572
732.7740502898487 1573.7656087301598
717.5382079723798 1579.6720925875045
701.4461213168463 1583.6026455173508
684.5508751754211 1585.5343261174023
667.2937129785021 1586.3669501787297
650.8396790072787 1588.866486596562
635.5087636603092 1593.983880505366
620.1391790577331 1598.9535323447021
604.0267086140112 1601.9037846515391
587.2256302295597 1602.814730154891
571.8016136176615 1607.320414436474
555.6921997869848 1609.7873086516436
539.587007448023 1612.0936267454467
523.4876295745212 1614.2396667417293
507.99470426290975 1618.1339191923637
491.6032084148784 1619.0090442848668
476.36639470375184 1623.5575314712287
461.3600184806551 1628.924778296263
445.76789813982185 1632.223937144657
430.4089177577714 1636.3410902115072
415.257202412441 1641.2831735701775
399.3421178553125 1643.1697638731166
384.10933605500753 1647.824025178472
368.38861967532966 1650.3850535234815
353.07105288294804 1654.7521964379218
337.30497948188344 1657.0173055272314
321.7177860129079 1660.114052155138
306.10217830778714 1663.0641768841117
290.45953554288036 1665.8674191580237
274.83861956793083 1667.5022438347705
259.14397182355145 1670.013293919397
243.57044160570908 1673.366200201259
227.8220275024177 1675.5829205935133
212.05346211840032 1677.6514325698292
196.26614021250117 1679.5715531664873
180.7816145447827 1684.325980278931
165.127628986108 1687.9421986979964
149.33359860596767 1690.4166576105997
133.82212839041543 1696.7308678612112
118.06657020065295 1700.9071947055354
102.24427557575397 1704.93698068638
86.30613834122586 1707.8206142580154
70.32279599171818 1710.5550866206872
54.20061286882021 1710.1413080692028
38.20381711355259 1714.5744277685803
22.102676892825958 1716.857731926024
5.961965644016939 1718.9896610991177
-10.240638255392225 1724.969602435974
-26.53985077559615 1729.7964147034209
-42.90600858570993 1733.4690866661692
-59.20700746299153 1732.9889007917152
-75.63339699936016 1735.3525835571102
-92.21534474275994 1739.5575098840434
-108.88305180778387 1743.6035905643873
-125.63499292905973 1747.4895846761763
-142.30745335201067 1749.2208518996295
-159.1140263758382 1751.788722023997
-176.08127458027766 1755.1898429349985
-193.5632170061637 1762.4024174467716
-210.48521390454312 1763.4829102453925
-227.57247367907627 1765.3925255374754
-244.71422505255745 1767.1363694002018
-261.4694136460911 1765.7459459751194
-280.0894213084846 1776.0500882776582
-296.4502727091902 1771.364794674052
-290.25924528269513 1639.5043673403009
-288.0416253820166 1542.3336286443623
-304.84803292405246 1551.331259538831
-313.7673743140008 1520.973055256436
-315.8228823290119 1462.2831145155835
-323.1452941728058 1430.966847573336
-332.6613079370353 1411.3243617969688
-337.06648617587945 1372.208141608643
-340.7674915900133 1333.1367209237956
-337.8607221971774 1271.8907706231703
-300.87737499941517 1091.2821840447416
-295.9908144716245 1035.528096069066
-298.6007547906804 1008.7326649010806
-31.625430137280908 103.26583253250789
-34.70576911029155 109.63808458041909
-38.840493952184225 118.81252471667429
-39.31464187879258 116.54766807595203
-40.735284822569135 117.1180454516902
-34.41077604968561 96.02030249722391
-45.349713524680446 122.89997348750494
-447.6184231432657 1178.8802938647912
-459.0268797397729 1175.5587282974714
-474.5094057720682 1182.3353263071517
-43.832274880829715 106.31900901894913
-45.997638354308584 108.66562136124855
-45.82018992023196 105.47753408036175
-48.43624574573927 108.69650453468297
-514.075256872134 1125.1202736915948
-526.7329923831127 1124.773912719855
